4.489361702127659393e-01 0.000000000000000000e+00
3.723404255319149314e-01 0.000000000000000000e+00
3.680851063829787551e-01 4.255319148936176354e-03
3.468085106382978733e-01 4.255319148936176354e-03
3.425531914893616969e-01 8.510638297872352709e-03
3.255319148936169915e-01 8.510638297872352709e-03
3.212765957446808152e-01 1.276595744680852906e-02
3.127659574468085180e-01 1.276595744680852906e-02
3.085106382978723416e-01 1.702127659574470542e-02
2.957446808510638681e-01 1.702127659574470542e-02
2.829787234042553390e-01 2.553191489361700262e-02
2.744680851063829863e-01 2.553191489361700262e-02
2.234042553191489255e-01 5.106382978723406074e-02
1.851063829787233939e-01 8.085106382978723971e-02
1.808510638297872175e-01 8.085106382978723971e-02
1.234042553191489477e-01 1.382978723404255095e-01
1.234042553191489477e-01 1.425531914893616858e-01
9.361702127659576878e-02 1.808510638297872175e-01
8.936170212765959242e-02 1.936170212765957466e-01
7.234042553191488700e-02 2.191489361702127492e-01
7.234042553191488700e-02 2.276595744680851019e-01
5.957446808510635794e-02 2.489361702127659837e-01
5.957446808510635794e-02 2.574468085106382809e-01
5.531914893617023710e-02 2.617021276595744572e-01
5.531914893617023710e-02 2.702127659574468099e-01
5.106382978723406074e-02 2.744680851063829863e-01
5.106382978723406074e-02 2.829787234042553390e-01
4.680851063829788439e-02 2.872340425531915153e-01
4.680851063829788439e-02 2.999999999999999889e-01
4.255319148936170803e-02 3.042553191489361653e-01
4.255319148936170803e-02 3.212765957446808152e-01
3.829787234042553168e-02 3.255319148936169915e-01
3.829787234042553168e-02 3.553191489361702260e-01
3.404255319148935532e-02 3.595744680851064023e-01
3.404255319148935532e-02 4.361702127659574657e-01
3.829787234042553168e-02 4.404255319148936421e-01
3.829787234042553168e-02 4.702127659574468210e-01
4.255319148936170803e-02 4.744680851063829974e-01
4.255319148936170803e-02 4.914893617021276473e-01
4.680851063829788439e-02 4.957446808510638236e-01
4.680851063829788439e-02 5.085106382978723527e-01
5.106382978723406074e-02 5.127659574468085291e-01
5.106382978723406074e-02 5.212765957446808818e-01
5.531914893617023710e-02 5.255319148936170581e-01
5.531914893617023710e-02 5.340425531914894108e-01
5.957446808510635794e-02 5.382978723404254762e-01
5.957446808510635794e-02 5.468085106382978289e-01
7.234042553191488700e-02 5.680851063829787106e-01
7.234042553191488700e-02 5.765957446808510634e-01
8.936170212765959242e-02 6.021276595744681215e-01
9.361702127659576878e-02 6.148936170212766505e-01
1.234042553191489477e-01 6.531914893617021267e-01
1.234042553191489477e-01 6.574468085106383031e-01
1.808510638297872175e-01 7.148936170212766283e-01
1.851063829787233939e-01 7.148936170212766283e-01
2.106382978723404520e-01 7.361702127659575101e-01
2.148936170212765728e-01 7.361702127659575101e-01
2.234042553191489255e-01 7.446808510638297518e-01
2.744680851063829863e-01 7.702127659574468099e-01
2.829787234042553390e-01 7.702127659574468099e-01
2.957446808510638681e-01 7.787234042553191626e-01
3.085106382978723416e-01 7.787234042553191626e-01
3.127659574468085180e-01 7.829787234042553390e-01
3.212765957446808152e-01 7.829787234042553390e-01
3.255319148936169915e-01 7.872340425531915153e-01
3.425531914893616969e-01 7.872340425531915153e-01
3.468085106382978733e-01 7.914893617021276917e-01
3.680851063829787551e-01 7.914893617021276917e-01
3.723404255319149314e-01 7.957446808510637570e-01
4.489361702127659393e-01 7.957446808510637570e-01
4.531914893617021156e-01 7.914893617021276917e-01
4.553191489361702038e-01 7.978723404255319007e-01
4.404255319148936421e-01 8.085106382978723971e-01
4.319148936170212894e-01 8.085106382978723971e-01
4.276595744680851130e-01 8.127659574468084624e-01
4.148936170212765839e-01 8.127659574468084624e-01
4.106382978723404076e-01 8.170212765957447498e-01
4.021276595744680549e-01 8.170212765957447498e-01
3.893617021276595813e-01 8.255319148936171025e-01
3.680851063829787551e-01 8.255319148936171025e-01
3.638297872340425787e-01 8.297872340425531679e-01
3.553191489361702260e-01 8.297872340425531679e-01
3.510638297872340496e-01 8.340425531914893442e-01
3.170212765957446943e-01 8.340425531914893442e-01
3.127659574468085180e-01 8.382978723404255206e-01
2.702127659574468099e-01 8.382978723404255206e-01
2.659574468085106336e-01 8.425531914893616969e-01
2.531914893617021045e-01 8.425531914893616969e-01
2.489361702127659837e-01 8.468085106382978733e-01
2.404255319148936310e-01 8.468085106382978733e-01
2.063829787234042756e-01 8.680851063829786440e-01
1.872340425531914820e-01 8.872340425531914931e-01
1.872340425531914820e-01 8.914893617021276695e-01
1.787234042553191293e-01 9.000000000000000222e-01
1.787234042553191293e-01 9.042553191489361986e-01
1.702127659574468321e-01 9.127659574468085513e-01
1.702127659574468321e-01 9.170212765957446166e-01
1.617021276595744794e-01 9.255319148936169693e-01
1.531914893617021267e-01 9.425531914893616747e-01
1.531914893617021267e-01 9.595744680851063801e-01
1.723404255319149203e-01 9.787234042553192293e-01
1.765957446808510412e-01 9.787234042553192293e-01
1.851063829787233939e-01 9.872340425531914709e-01
2.021276595744680993e-01 9.957446808510638236e-01
2.148936170212765728e-01 9.957446808510638236e-01
2.191489361702127492e-01 1.000000000000000000e+00
2.914893617021276917e-01 1.000000000000000000e+00
2.957446808510638681e-01 9.957446808510638236e-01
3.085106382978723416e-01 9.957446808510638236e-01
3.127659574468085180e-01 9.914893617021276473e-01
3.212765957446808152e-01 9.914893617021276473e-01
3.382978723404255206e-01 9.787234042553192293e-01
3.468085106382978733e-01 9.787234042553192293e-01
3.638297872340425787e-01 9.702127659574468765e-01
3.723404255319149314e-01 9.617021276595745238e-01
3.765957446808510523e-01 9.617021276595745238e-01
4.127659574468084958e-01 9.297872340425532567e-01
4.170212765957446721e-01 9.170212765957446166e-01
4.297872340425532012e-01 9.042553191489361986e-01
4.297872340425532012e-01 9.000000000000000222e-01
4.382978723404255539e-01 8.914893617021276695e-01
4.468085106382978511e-01 8.744680851063829641e-01
4.468085106382978511e-01 8.574468085106383697e-01
4.510638297872340274e-01 8.531914893617020823e-01
4.531914893617021156e-01 8.297872340425531679e-01
4.595744680851063801e-01 8.404255319148936643e-01
4.595744680851063801e-01 8.489361702127660170e-01
4.680851063829787329e-01 8.659574468085106114e-01
4.957446808510638236e-01 8.936170212765957022e-01
5.127659574468085291e-01 8.978723404255319895e-01
5.170212765957447054e-01 9.021276595744680549e-01
5.297872340425532345e-01 9.021276595744680549e-01
5.340425531914894108e-01 9.063829787234042312e-01
6.319148936170212449e-01 9.063829787234042312e-01
6.361702127659574213e-01 9.021276595744680549e-01
6.574468085106383031e-01 9.021276595744680549e-01
6.617021276595744794e-01 8.978723404255319895e-01
6.702127659574468321e-01 8.978723404255319895e-01
6.808510638297872175e-01 8.914893617021276695e-01
6.744680851063830085e-01 8.765957446808509967e-01
6.702127659574468321e-01 8.808510638297872841e-01
6.489361702127659504e-01 8.808510638297872841e-01
6.446808510638297740e-01 8.851063829787233495e-01
6.191489361702127159e-01 8.851063829787233495e-01
6.148936170212766505e-01 8.893617021276596368e-01
5.595744680851063579e-01 8.893617021276596368e-01
5.553191489361701816e-01 8.851063829787233495e-01
5.382978723404254762e-01 8.851063829787233495e-01
5.340425531914894108e-01 8.808510638297872841e-01
5.170212765957447054e-01 8.808510638297872841e-01
5.000000000000000000e-01 8.723404255319149314e-01
4.851063829787233828e-01 8.531914893617020823e-01
4.851063829787233828e-01 8.446808510638297296e-01
4.808510638297872619e-01 8.404255319148936643e-01
4.808510638297872619e-01 7.936170212765957244e-01
4.957446808510638236e-01 7.914893617021276917e-01
5.000000000000000000e-01 7.957446808510637570e-01
5.127659574468085291e-01 7.957446808510637570e-01
5.170212765957447054e-01 8.000000000000000444e-01
5.425531914893616525e-01 8.000000000000000444e-01
5.468085106382978289e-01 8.042553191489361097e-01
6.234042553191488922e-01 8.042553191489361097e-01
6.276595744680850686e-01 8.000000000000000444e-01
6.531914893617021267e-01 8.000000000000000444e-01
6.574468085106383031e-01 7.957446808510637570e-01
6.702127659574468321e-01 7.957446808510637570e-01
6.744680851063830085e-01 7.914893617021276917e-01
6.872340425531915376e-01 7.914893617021276917e-01
6.914893617021276029e-01 7.872340425531915153e-01
6.999999999999999556e-01 7.872340425531915153e-01
7.042553191489361319e-01 7.829787234042553390e-01
7.127659574468084847e-01 7.829787234042553390e-01
7.255319148936170137e-01 7.744680851063829863e-01
7.340425531914893664e-01 7.744680851063829863e-01
7.680851063829787773e-01 7.574468085106382809e-01
7.765957446808511300e-01 7.489361702127659282e-01
7.893617021276595480e-01 7.446808510638297518e-01
7.978723404255319007e-01 7.361702127659575101e-01
8.021276595744680771e-01 7.361702127659575101e-01
8.191489361702127825e-01 7.191489361702128047e-01
8.234042553191489588e-01 7.191489361702128047e-01
8.765957446808509967e-01 6.659574468085106558e-01
8.765957446808509967e-01 6.617021276595744794e-01
8.893617021276596368e-01 6.489361702127659504e-01
8.893617021276596368e-01 6.446808510638297740e-01
9.021276595744680549e-01 6.319148936170212449e-01
9.063829787234042312e-01 6.191489361702127159e-01
9.148936170212765839e-01 6.106382978723403632e-01
9.361702127659574657e-01 5.680851063829787106e-01
9.361702127659574657e-01 5.595744680851063579e-01
9.404255319148936421e-01 5.553191489361701816e-01
9.404255319148936421e-01 5.468085106382978289e-01
9.446808510638298184e-01 5.425531914893616525e-01
9.446808510638298184e-01 5.340425531914894108e-01
9.489361702127658837e-01 5.297872340425532345e-01
9.489361702127658837e-01 5.212765957446808818e-01
9.531914893617021711e-01 5.170212765957447054e-01
9.531914893617021711e-01 5.042553191489361764e-01
9.574468085106382365e-01 5.000000000000000000e-01
9.574468085106382365e-01 4.829787234042552946e-01
9.617021276595745238e-01 4.787234042553191737e-01
9.617021276595745238e-01 4.531914893617021156e-01
9.659574468085105892e-01 4.489361702127659393e-01
9.659574468085105892e-01 3.723404255319149314e-01
9.617021276595745238e-01 3.680851063829787551e-01
9.617021276595745238e-01 3.425531914893616969e-01
9.574468085106382365e-01 3.382978723404255206e-01
9.574468085106382365e-01 3.212765957446808152e-01
9.531914893617021711e-01 3.170212765957446943e-01
9.531914893617021711e-01 3.042553191489361653e-01
9.489361702127658837e-01 2.999999999999999889e-01
9.489361702127658837e-01 2.914893617021276917e-01
9.446808510638298184e-01 2.872340425531915153e-01
9.446808510638298184e-01 2.787234042553191626e-01
9.404255319148936421e-01 2.744680851063829863e-01
9.404255319148936421e-01 2.659574468085106336e-01
9.361702127659574657e-01 2.617021276595744572e-01
9.361702127659574657e-01 2.531914893617021045e-01
9.148936170212765839e-01 2.106382978723404520e-01
9.063829787234042312e-01 2.021276595744680993e-01
9.021276595744680549e-01 1.893617021276595702e-01
8.893617021276596368e-01 1.765957446808510412e-01
8.893617021276596368e-01 1.723404255319149203e-01
8.765957446808509967e-01 1.595744680851063912e-01
8.765957446808509967e-01 1.553191489361702149e-01
8.234042553191489588e-01 1.021276595744680660e-01
8.191489361702127825e-01 1.021276595744680660e-01
8.021276595744680771e-01 8.510638297872341607e-02
7.978723404255319007e-01 8.510638297872341607e-02
7.893617021276595480e-01 7.659574468085106336e-02
7.765957446808511300e-01 7.234042553191488700e-02
7.680851063829787773e-01 6.382978723404253429e-02
7.340425531914893664e-01 4.680851063829788439e-02
7.255319148936170137e-01 4.680851063829788439e-02
7.127659574468084847e-01 3.829787234042553168e-02
7.042553191489361319e-01 3.829787234042553168e-02
6.999999999999999556e-01 3.404255319148935532e-02
6.914893617021276029e-01 3.404255319148935532e-02
6.872340425531915376e-01 2.978723404255317897e-02
6.744680851063830085e-01 2.978723404255317897e-02
6.702127659574468321e-01 2.553191489361700262e-02
6.574468085106383031e-01 2.553191489361700262e-02
6.531914893617021267e-01 2.127659574468082626e-02
6.276595744680850686e-01 2.127659574468082626e-02
6.234042553191488922e-01 1.702127659574470542e-02
5.468085106382978289e-01 1.702127659574470542e-02
5.425531914893616525e-01 2.127659574468082626e-02
5.297872340425532345e-01 2.127659574468082626e-02
5.255319148936170581e-01 1.702127659574470542e-02
5.127659574468085291e-01 1.702127659574470542e-02
5.085106382978723527e-01 1.276595744680852906e-02
5.000000000000000000e-01 1.276595744680852906e-02
4.957446808510638236e-01 8.510638297872352709e-03
4.787234042553191737e-01 8.510638297872352709e-03
4.744680851063829974e-01 4.255319148936176354e-03
4.531914893617021156e-01 4.255319148936176354e-03
