6.342954001181848600e-01 1.453108415133735898e-02
6.294332306990534365e-01 1.400076716532416832e-02
5.516385199929503269e-01 1.400076716532416832e-02
5.467763505738189034e-01 1.448291580627603103e-02
5.370520117355559453e-01 1.672388636455596211e-02
5.321898423164245218e-01 1.723975665826932291e-02
5.273276728972930982e-01 1.672388636455596211e-02
5.176033340590302512e-01 1.448291580627603103e-02
5.127411646398987166e-01 1.400076716532416832e-02
4.349464539337956626e-01 1.400076716532416832e-02
4.300842845146641835e-01 1.453108415133735898e-02
4.154977762572699129e-01 1.797200404795340489e-02
4.106356068381384339e-01 1.850008812034126260e-02
3.960490985807441078e-01 1.886293658445564736e-02
3.911869291616126842e-01 1.939325357046878251e-02
3.766004209042183026e-01 2.288120843932123227e-02
3.668760820659554556e-01 2.420725464453893361e-02
3.231165572937724217e-01 3.499623273000168622e-02
2.939435407789837695e-01 4.470964390034737335e-02
2.793570325215894434e-01 5.100655183659957848e-02
2.696326936833265409e-01 5.443398273861022041e-02
2.599083548450636938e-01 5.879864329231415665e-02
2.210109994920120835e-01 7.822740530314009622e-02
2.112866606537492364e-01 8.354650680600045343e-02
2.015623218154863339e-01 8.997151639556705272e-02
1.869758135580920078e-01 9.821983951730778317e-02
1.723893053006976261e-01 1.094507434169881277e-01
1.675271358815662026e-01 1.126921896964090397e-01
1.529406276241718765e-01 1.240372516743824538e-01
1.432162887859089739e-01 1.309893920653413812e-01
1.383541193667775504e-01 1.354365215124708755e-01
9.712490725148947845e-02 1.766657336277589474e-01
9.267777780435998425e-02 1.815279030468903709e-01
8.572563741340105681e-02 1.912522418851532735e-01
7.439449073511206212e-02 2.058387501425475996e-01
5.495923138328201452e-02 2.350117666573362518e-01
4.964012988042165730e-02 2.447361054955991544e-01
3.021136786959571774e-02 2.836334608486507092e-01
2.584670731589172599e-02 2.933577996869136117e-01
1.128170748423906744e-02 3.371173244590965901e-01
1.020648747921465427e-02 3.419794938782280136e-01
8.880441273997063956e-03 3.517038327164909717e-01
5.344318060083230737e-03 3.662903409738852423e-01
4.018271854865584913e-03 3.808768492312796239e-01
5.303169860131906610e-04 3.954633574886739500e-01
-1.110223024625156540e-16 4.003255269078053735e-01
-1.110223024625156540e-16 4.586715599373827335e-01
5.303169860131906610e-04 4.635337293565141570e-01
4.018271854865584913e-03 4.781202376139084831e-01
5.344318060083230737e-03 4.927067458713028092e-01
8.880441273997063956e-03 5.072932541286971908e-01
1.020648747921465427e-02 5.170175929669600379e-01
1.128170748423906744e-02 5.218797623860914614e-01
2.584670731589172599e-02 5.656392871582744952e-01
3.021136786959571774e-02 5.753636259965373423e-01
4.964012988042165730e-02 6.142609813495889526e-01
5.495923138328201452e-02 6.239853201878517996e-01
7.439449073511206212e-02 6.531583367026405629e-01
8.572563741340105681e-02 6.677448449600348335e-01
9.267777780435998425e-02 6.774691837982977916e-01
9.712490725148947845e-02 6.823313532174291041e-01
1.383541193667775504e-01 7.235605653327172870e-01
1.432162887859089739e-01 7.280076947798467257e-01
1.529406276241718765e-01 7.349598351708056532e-01
1.675271358815662026e-01 7.463048971487790118e-01
1.723893053006976261e-01 7.495463434281999238e-01
1.869758135580920078e-01 7.607772473278802128e-01
2.015623218154863339e-01 7.690255704496210543e-01
2.112866606537492364e-01 7.754505800391875425e-01
2.210109994920120835e-01 7.807696815420479552e-01
2.599083548450636938e-01 8.001984435528739503e-01
2.696326936833265409e-01 8.045631041065779421e-01
2.793570325215894434e-01 8.079905350085885285e-01
2.939435407789837695e-01 8.142874429448407891e-01
3.231165572937724217e-01 8.240008541151865318e-01
3.668760820659554556e-01 8.347898322006492844e-01
3.766004209042183026e-01 8.361158784058668747e-01
3.911869291616126842e-01 8.396038332747193245e-01
3.960490985807441078e-01 8.401341502607325706e-01
4.106356068381384339e-01 8.405360324232591385e-01
4.154977762572699129e-01 8.410735876123534016e-01
4.203599456764013365e-01 8.421851363332999441e-01
4.300842845146641835e-01 8.455543806176717414e-01
4.395047377642313791e-01 8.476451134678982813e-01
4.416994670159226644e-01 8.525072828870297048e-01
4.349464539337956626e-01 8.547357772041316304e-01
4.304315823303164201e-01 8.573694523061612394e-01
4.203599456764013365e-01 8.614212601554374071e-01
4.106356068381384339e-01 8.663557832861630281e-01
4.009112679998755313e-01 8.727807928757296274e-01
3.863247597424812052e-01 8.810291159974704689e-01
3.814625903233497817e-01 8.846256520307153037e-01
3.694063947228503064e-01 8.962668076592127386e-01
3.649592652757208677e-01 9.011289770783441622e-01
3.613627292424760329e-01 9.059911464974756967e-01
3.585349465969281946e-01 9.108533159166070092e-01
3.462523801131395795e-01 9.351641630122642379e-01
3.420554914021634030e-01 9.448885018505271960e-01
3.409076772137761280e-01 9.497506712696586195e-01
3.404244290320239119e-01 9.594750101079214666e-01
3.410317815381105899e-01 9.643371795270530011e-01
3.426978395908200081e-01 9.691993489461843136e-01
3.460173752578815098e-01 9.740615183653158482e-01
3.522895738085610740e-01 9.789663383933870922e-01
3.571517432276925530e-01 9.811587172754996367e-01
3.668760820659554556e-01 9.844418641886996113e-01
3.717382514850868791e-01 9.854689158486626965e-01
3.766004209042183026e-01 9.859992328346758317e-01
3.960490985807441078e-01 9.859992328346758317e-01
4.009112679998755313e-01 9.854689158486626965e-01
4.057734374190070104e-01 9.844418641886996113e-01
4.349464539337956626e-01 9.747390337761784318e-01
4.446707927720585651e-01 9.698505323505324238e-01
4.495329621911899887e-01 9.662539963172874780e-01
4.761756660490837345e-01 9.400263324313957725e-01
4.806227954962131732e-01 9.351641630122642379e-01
4.842193315294580636e-01 9.303019935931328144e-01
4.924676546511989050e-01 9.157154853357385438e-01
4.989199978651454592e-01 9.059911464974756967e-01
5.078789952207672931e-01 8.906753128272115738e-01
5.127411646398987166e-01 8.855520269022378876e-01
5.176033340590302512e-01 8.873528303908050363e-01
5.188188764138130793e-01 8.914046382400813151e-01
5.198750033778047897e-01 9.011289770783441622e-01
5.199572414762287931e-01 9.108533159166070092e-01
5.195561725962223321e-01 9.157154853357385438e-01
5.160211995655032968e-01 9.303019935931328144e-01
5.147409278687350431e-01 9.448885018505271960e-01
5.113133847311062130e-01 9.594750101079214666e-01
5.112419957356665323e-01 9.643371795270530011e-01
5.127411646398987166e-01 9.694203566470540601e-01
5.176033340590302512e-01 9.726802202348807658e-01
5.224655034781616747e-01 9.712912125334851599e-01
5.245098247112055523e-01 9.691993489461843136e-01
5.275372491653590457e-01 9.643371795270530011e-01
5.337719768099514761e-01 9.400263324313957725e-01
5.350522485067197298e-01 9.254398241740013908e-01
5.386094253776215757e-01 9.108533159166070092e-01
5.391515848938173150e-01 9.059911464974756967e-01
5.394830964451217126e-01 8.622316217252925519e-01
5.398571094773626511e-01 8.573694523061612394e-01
5.411038195848322241e-01 8.525072828870297048e-01
5.419141811546874798e-01 8.511487355493312368e-01
5.454178032361203243e-01 8.476451134678982813e-01
5.467763505738189034e-01 8.468347518980430255e-01
5.516385199929503269e-01 8.455880417905734525e-01
5.565006894120817504e-01 8.452497800040614795e-01
6.294332306990534365e-01 8.449963196798639942e-01
6.342954001181848600e-01 8.444660026938507480e-01
6.488819083755792416e-01 8.410250827972347576e-01
6.537440777947106652e-01 8.404969987248467334e-01
6.683305860521049357e-01 8.401341502607325706e-01
6.731927554712364703e-01 8.396038332747193245e-01
6.877792637286307409e-01 8.361158784058668747e-01
6.975036025668936990e-01 8.347898322006492844e-01
7.412631273390766218e-01 8.240008541151865318e-01
7.704361438538653850e-01 8.142874429448407891e-01
7.850226521112596556e-01 8.079905350085885285e-01
7.947469909495226137e-01 8.045631041065779421e-01
8.044713297877854608e-01 8.001984435528739503e-01
8.433686851408370710e-01 7.807696815420479552e-01
8.530930239790999181e-01 7.754505800391875425e-01
8.628173628173627652e-01 7.690255704496210543e-01
8.774038710747571468e-01 7.607772473278802128e-01
8.919903793321514174e-01 7.495463434281999238e-01
8.968525487512828409e-01 7.463048971487790118e-01
9.114390570086772225e-01 7.349598351708056532e-01
9.211633958469400696e-01 7.280076947798467257e-01
9.260255652660716041e-01 7.235605653327172870e-01
9.526155542769466633e-01 6.969178614748234857e-01
9.569975844659388553e-01 6.920556920556920621e-01
9.597203993406524525e-01 6.871935226365606386e-01
9.596908035267968096e-01 6.823313532174291041e-01
9.558842723399685326e-01 6.774691837982977916e-01
9.400911267999875198e-01 6.677448449600348335e-01
9.357499041043344512e-01 6.634036222643817649e-01
9.322709380544387248e-01 6.580205061217719864e-01
9.247695048327959633e-01 6.434339978643776048e-01
9.205752301913999736e-01 6.337096590261147577e-01
9.194055345954079694e-01 6.288474896069833342e-01
9.178346798599962275e-01 6.142609813495889526e-01
9.161709897469390018e-01 6.093988119304575291e-01
9.131362293530911334e-01 6.045366425113261055e-01
9.045665675412509765e-01 5.948123036730631474e-01
9.009767103121533172e-01 5.899501342539317239e-01
8.960953256450246984e-01 5.802257954156688768e-01
8.912571950546633870e-01 5.656392871582744952e-01
8.897044340082314040e-01 5.559149483200116482e-01
8.897044340082314040e-01 5.461906094817486901e-01
8.902325180806193172e-01 5.413284400626172665e-01
8.936479370886735163e-01 5.267419318052229960e-01
8.939426140231663265e-01 5.218797623860914614e-01
8.934718215770430794e-01 5.170175929669600379e-01
8.920315841577373117e-01 5.121554235478286143e-01
8.868348031377275564e-01 5.024310847095657673e-01
8.815328562164004289e-01 4.878445764521713857e-01
8.799800951699685569e-01 4.781202376139084831e-01
8.799800951699685569e-01 4.586715599373827335e-01
8.815328562164004289e-01 4.489472210991198309e-01
8.868348031377275564e-01 4.343607128417255048e-01
8.952455605534344052e-01 4.197742045843311787e-01
8.970518179897718491e-01 4.149120351651996996e-01
8.978021912159570572e-01 4.100498657460682761e-01
8.972838702320122817e-01 4.051876963269368526e-01
8.950476525275143924e-01 3.954633574886739500e-01
8.945666034273629386e-01 3.906011880695424709e-01
8.945666034273629386e-01 3.711525103930167213e-01
8.951213217611376782e-01 3.662903409738852423e-01
8.962643830957428559e-01 3.614281715547538187e-01
9.004586577371387346e-01 3.517038327164909717e-01
9.107010491504161642e-01 3.322551550399651665e-01
9.163012264278086461e-01 3.256564965425724489e-01
9.211633958469400696e-01 3.217928083434412057e-01
9.357499041043344512e-01 3.134576607677874160e-01
9.406120735234658747e-01 3.098033727222111455e-01
9.471714152870112091e-01 3.030821385251765143e-01
9.502061756808590776e-01 2.982199691060450908e-01
9.518698657939163033e-01 2.933577996869136117e-01
9.534407205293280452e-01 2.787712914295192856e-01
9.544653975033721149e-01 2.739091220103878621e-01
9.597673444246992425e-01 2.593226137529934805e-01
9.626220725904270914e-01 2.544604443338620570e-01
9.697850900382545269e-01 2.441142001047800214e-01
9.746472594573860615e-01 2.394611103710697630e-01
9.795094288765173740e-01 2.365363452040131209e-01
9.843715982956489086e-01 2.344139589418693381e-01
9.940959371339117556e-01 2.316966511442920540e-01
9.973685511660195235e-01 2.301495972382048283e-01
9.989581065530432902e-01 2.279744161822775950e-01
1.000000000000000000e+00 2.252874278190734048e-01
9.989104382254047065e-01 2.204252583999419257e-01
9.963099607086948195e-01 2.155630889808105022e-01
9.899851938977370924e-01 2.058387501425475996e-01
9.786540472194480422e-01 1.912522418851532735e-01
9.717019068284891148e-01 1.815279030468903709e-01
9.672547773813595651e-01 1.766657336277589474e-01
9.260255652660716041e-01 1.354365215124708755e-01
9.211633958469400696e-01 1.309893920653413812e-01
9.114390570086772225e-01 1.240372516743824538e-01
8.968525487512828409e-01 1.126921896964090397e-01
8.919903793321514174e-01 1.094507434169881277e-01
8.774038710747571468e-01 9.821983951730778317e-02
8.628173628173627652e-01 8.997151639556705272e-02
8.530930239790999181e-01 8.354650680600045343e-02
8.433686851408370710e-01 7.822740530314009622e-02
8.044713297877854608e-01 5.879864329231415665e-02
7.947469909495226137e-01 5.443398273861022041e-02
7.850226521112596556e-01 5.100655183659957848e-02
7.704361438538653850e-01 4.470964390034737335e-02
7.412631273390766218e-01 3.499623273000168622e-02
6.975036025668936990e-01 2.420725464453893361e-02
6.877792637286307409e-01 2.288120843932123227e-02
6.731927554712364703e-01 1.939325357046878251e-02
6.683305860521049357e-01 1.886293658445564736e-02
6.537440777947106652e-01 1.850008812034126260e-02
6.488819083755792416e-01 1.797200404795340489e-02
