5.902042076160805006e-01 5.178197911370752138e-04
5.854566177415500006e-01 0.000000000000000000e+00
5.284855392471833335e-01 0.000000000000000000e+00
5.237379493726528334e-01 5.178197911370752138e-04
5.094951797490611112e-01 3.877652625420169308e-03
5.047475898745306111e-01 4.393292122699843372e-03
4.952524101254694444e-01 4.709554968819251730e-03
4.810096405018777777e-01 5.758999237959527839e-03
4.667668708782861109e-01 4.747589874530555587e-03
4.097957923839194438e-01 4.747589874530555587e-03
4.050482025093888883e-01 5.265409665667630801e-03
3.908054328857972215e-01 8.625242499950724895e-03
3.860578430112666659e-01 9.140881997230398959e-03
3.765626632622055547e-01 9.495179749061111174e-03
3.718150733876749992e-01 1.001299954019818639e-02
3.480771240150222212e-01 1.575310665276646871e-02
2.911060455206555542e-01 3.473279599913464688e-02
2.816108657715944430e-01 3.899460106273305859e-02
2.721156860225333318e-01 4.372274459455716134e-02
2.626205062734722206e-01 4.891649871123110449e-02
2.531253265244111095e-01 5.519009961686083265e-02
2.388825569008194427e-01 6.315926833482277125e-02
2.246397872772277760e-01 7.264134596897042773e-02
2.103970176536361092e-01 8.370546829777963938e-02
2.056494277791055536e-01 8.687052821413326908e-02
2.009018379045749980e-01 9.049377789401896743e-02
1.961542480300444424e-01 9.483610842878881231e-02
1.464014439367496978e-01 1.445889125220835014e-01
1.420591134019799084e-01 1.493365023966140570e-01
1.384358637220942656e-01 1.540840922711446126e-01
1.352708038057405249e-01 1.588316821456751682e-01
1.242066814769313687e-01 1.730744517692668349e-01
1.147246038427837123e-01 1.873172213928585017e-01
1.067554351248217737e-01 2.015599910164501685e-01
1.004818342191920455e-01 2.110551707655112796e-01
9.528808010251810234e-02 2.205503505145723908e-01
9.055993657069394409e-02 2.300455302636335020e-01
8.629813150709558789e-02 2.395407100126946132e-01
8.295146979226258876e-02 2.490358897617557243e-01
7.680295175803447671e-02 2.632786593853473911e-01
6.257085228619679862e-02 3.060069682561223914e-01
5.678371194060577443e-02 3.297449176287751693e-01
5.548891470209749155e-02 3.392400973778362805e-01
5.208315529909801622e-02 3.534828670014279473e-01
5.156533550796088550e-02 3.582304568759585028e-01
5.121103775613022879e-02 3.677256366250196140e-01
5.069539825885055473e-02 3.724732264995501696e-01
4.733556542456746064e-02 3.867159961231418364e-01
4.681774563343032991e-02 3.914635859976723919e-01
4.681774563343032991e-02 4.579298442411001702e-01
4.733556542456746064e-02 4.626774341156307258e-01
5.069539825885055473e-02 4.769202037392223925e-01
5.121103775613022879e-02 4.816677936137529481e-01
5.156533550796088550e-02 4.911629733628140593e-01
5.208315529909801622e-02 4.959105632373446149e-01
5.548891470209749155e-02 5.101533328609363371e-01
5.678371194060577443e-02 5.196485126099974483e-01
6.257085228619679862e-02 5.433864619826501707e-01
7.680295175803447671e-02 5.861147708534252265e-01
8.295146979226258876e-02 6.003575404770168378e-01
8.629813150709558789e-02 6.098527202260779490e-01
9.055993657069394409e-02 6.193478999751390601e-01
9.528808010251810234e-02 6.288430797242001713e-01
1.004818342191920455e-01 6.383382594732612825e-01
1.067554351248217737e-01 6.478334392223223936e-01
1.147246038427837123e-01 6.620762088459140049e-01
1.242066814769313687e-01 6.763189784695057272e-01
1.352708038057405249e-01 6.905617480930974494e-01
1.384358637220942656e-01 6.953093379676279495e-01
1.420591134019799084e-01 7.000569278421584496e-01
1.464014439367496978e-01 7.048045177166890607e-01
1.961542480300444424e-01 7.545573218099836943e-01
2.009018379045749980e-01 7.588996523447535392e-01
2.056494277791055536e-01 7.625229020246392375e-01
2.103970176536361092e-01 7.656879619409929782e-01
2.246397872772277760e-01 7.767520842698021344e-01
2.388825569008194427e-01 7.862341619039497909e-01
2.531253265244111095e-01 7.942033306219118405e-01
2.626205062734722206e-01 8.004769315275415131e-01
2.721156860225333318e-01 8.056706856442154008e-01
2.816108657715944430e-01 8.103988291760395590e-01
2.911060455206555542e-01 8.146606342396378597e-01
3.480771240150222212e-01 8.336403235860061489e-01
3.718150733876749992e-01 8.393804306985743757e-01
3.765626632622055547e-01 8.398982504897115620e-01
3.860578430112666659e-01 8.402525482415421632e-01
3.908054328857972215e-01 8.407681877388217817e-01
4.050482025093888883e-01 8.441280205731049868e-01
4.097957923839194438e-01 8.446458403642420620e-01
4.667668708782861109e-01 8.446458403642420620e-01
4.715144607528166665e-01 8.441280205731049868e-01
4.857572303764083332e-01 8.408412275830454696e-01
4.905048202509388888e-01 8.407890562657428513e-01
4.952524101254694444e-01 8.419235452747215742e-01
4.961600376014826397e-01 8.424846240780752282e-01
4.998516378164209462e-01 8.472322139526057283e-01
4.999576108046916989e-01 8.519798038271362284e-01
4.985361597886863727e-01 8.567273937016668395e-01
4.945908607167233684e-01 8.662225734507279507e-01
4.912441990018904248e-01 8.757177531997890618e-01
4.890966368135781228e-01 8.804653430743196729e-01
4.864778466966495629e-01 8.852129329488501730e-01
4.830110754489838065e-01 8.899605228233806731e-01
4.696992058007903315e-01 9.042032924469723953e-01
4.592731260763310286e-01 9.184460620705641176e-01
4.507088463026681091e-01 9.279412418196251178e-01
4.471406734505392611e-01 9.326888316941557289e-01
4.391323147218205158e-01 9.469316013177473401e-01
4.282250730786880122e-01 9.611743709413390624e-01
4.254128643396120069e-01 9.659219608158695625e-01
4.182046591955879689e-01 9.801647304394612847e-01
4.161125009457948831e-01 9.849123203139917848e-01
4.146752597549647201e-01 9.896599101885223959e-01
4.148131316831392690e-01 9.944075000630530070e-01
4.192909721329805550e-01 9.993708894773349893e-01
4.240385620075111106e-01 1.000000000000000000e+00
4.287861518820416662e-01 9.985379032538945765e-01
4.335337417565722218e-01 9.946772494877422766e-01
4.367977097953119614e-01 9.896599101885223959e-01
4.516731181639767057e-01 9.611743709413390624e-01
4.552302274831768192e-01 9.564267810668085623e-01
4.638345359557818903e-01 9.469316013177473401e-01
4.675141766918696207e-01 9.421840114432168400e-01
4.706634776620989280e-01 9.374364215686863400e-01
4.817569463154612874e-01 9.231936519450946177e-01
4.849062472856905948e-01 9.184460620705641176e-01
4.905048202509388888e-01 9.115826984476014250e-01
4.952524101254694444e-01 9.074444355343922464e-01
5.000000000000000000e-01 9.053277216277821893e-01
5.047475898745306111e-01 9.053277216277821893e-01
5.094951797490611112e-01 9.074728590586774724e-01
5.142427696235916112e-01 9.114215668480443178e-01
5.261117443099180280e-01 9.231936519450946177e-01
5.303218711797847984e-01 9.279412418196251178e-01
5.334413567477898077e-01 9.326888316941557289e-01
5.378557824205989490e-01 9.421840114432168400e-01
5.410392624731055200e-01 9.469316013177473401e-01
5.452504659916193042e-01 9.516791911922779512e-01
5.522234886198360559e-01 9.582984270750369848e-01
5.569710784943666670e-01 9.619080893764937468e-01
5.712138481179582783e-01 9.713775246190583523e-01
5.807090278670195005e-01 9.760786899736768607e-01
5.949517974906111117e-01 9.808052782796756741e-01
5.996993873651417228e-01 9.818081269344911544e-01
6.044469772396722229e-01 9.823259467256282296e-01
6.566704658595083899e-01 9.823259467256282296e-01
6.614180557340388900e-01 9.818081269344911544e-01
6.661656456085693900e-01 9.808052782796756741e-01
6.709132354831000011e-01 9.793734654603728496e-01
6.804084152321611123e-01 9.770862151301953347e-01
6.851560051066916124e-01 9.753739806569804438e-01
6.899035949812222235e-01 9.723267282881137286e-01
6.963083624534662786e-01 9.659219608158695625e-01
6.992716071443583203e-01 9.611743709413390624e-01
7.006421911259936852e-01 9.564267810668085623e-01
7.006421911259936852e-01 9.516791911922779512e-01
6.991829751905320744e-01 9.469316013177473401e-01
6.959591943109805223e-01 9.421840114432168400e-01
6.946511848557528346e-01 9.408760019879891523e-01
6.899035949812222235e-01 9.375659012925371405e-01
6.851560051066916124e-01 9.357673470034215679e-01
6.614180557340388900e-01 9.297121682013944621e-01
6.566704658595083899e-01 9.280619432571133309e-01
6.471752861104471677e-01 9.231527244461762427e-01
6.424276962359166676e-01 9.214503962880404853e-01
6.376801063613861675e-01 9.202169884523334620e-01
6.329325164868555564e-01 9.184869895694824926e-01
6.281849266123249453e-01 9.155348041286349714e-01
6.186897468632639452e-01 9.082171638863482110e-01
6.044469772396722229e-01 8.987350862522005546e-01
5.902042076160805006e-01 8.906811391436220138e-01
5.854566177415500006e-01 8.871758787623580389e-01
5.807090278670195005e-01 8.828391380115849785e-01
5.692509023044505234e-01 8.709701633252584507e-01
5.656462199923724121e-01 8.662225734507279507e-01
5.595175130634330030e-01 8.567273937016668395e-01
5.570167283970064442e-01 8.519798038271362284e-01
5.561950301494915649e-01 8.472322139526057283e-01
5.569710784943666670e-01 8.453979178647189618e-01
5.593448734316319726e-01 8.424846240780752282e-01
5.617186683688972781e-01 8.413401158047508765e-01
5.664662582434277782e-01 8.404122634185579033e-01
5.854566177415500006e-01 8.398982504897115620e-01
5.902042076160805006e-01 8.393804306985743757e-01
6.044469772396722229e-01 8.360205978642912816e-01
6.091945671142027230e-01 8.355049583670116631e-01
6.186897468632639452e-01 8.351506606151810619e-01
6.234373367377944453e-01 8.346328408240438756e-01
6.424276962359166676e-01 8.301043704821839953e-01
6.566704658595083899e-01 8.263062985825595508e-01
6.661656456085693900e-01 8.241451438369451488e-01
6.804084152321611123e-01 8.194082241141684708e-01
6.946511848557528346e-01 8.132597060799403588e-01
7.041463646048138347e-01 8.099130443651073596e-01
7.136415443538750569e-01 8.056512393015089479e-01
7.421270836010582794e-01 7.914279160206236785e-01
7.516222633501195016e-01 7.862341619039497909e-01
7.801078025973027241e-01 7.672569045207410232e-01
7.943505722208944464e-01 7.561927821919318671e-01
7.990981620954249465e-01 7.530277222755781263e-01
8.038457519699555576e-01 7.494044725956924280e-01
8.085933418444861687e-01 7.450621420609226941e-01
8.488509661887198021e-01 7.048045177166890607e-01
8.531932967234895360e-01 7.000569278421584496e-01
8.568165464033752343e-01 6.953093379676279495e-01
8.599816063197289751e-01 6.905617480930974494e-01
8.710457286485380202e-01 6.763189784695057272e-01
8.900229860317467878e-01 6.478334392223223936e-01
8.952167401484207865e-01 6.383382594732612825e-01
9.189352431783671671e-01 5.908623607279557266e-01
9.231970482419655788e-01 5.813671809788946154e-01
9.374291477138031459e-01 5.386388721081196707e-01
9.432162880593941701e-01 5.149009227354668372e-01
9.445110852979025085e-01 5.054057429864057260e-01
9.479168447009019838e-01 4.911629733628140593e-01
9.484346644920390590e-01 4.864153834882835037e-01
9.487889622438697712e-01 4.769202037392223925e-01
9.493046017411495008e-01 4.721726138646918369e-01
9.526644345754324839e-01 4.579298442411001702e-01
9.531822543665695591e-01 4.531822543665696146e-01
9.531822543665695591e-01 3.867159961231418364e-01
9.526644345754324839e-01 3.819684062486112808e-01
9.493046017411495008e-01 3.677256366250196140e-01
9.487889622438697712e-01 3.629780467504890584e-01
9.484346644920390590e-01 3.534828670014279473e-01
9.479168447009019838e-01 3.487352771268973917e-01
9.445110852979025085e-01 3.344925075033057249e-01
9.432162880593941701e-01 3.249973277542446137e-01
9.374291477138031459e-01 3.012593783815918358e-01
9.231970482419655788e-01 2.585310695108168355e-01
9.189352431783671671e-01 2.490358897617557243e-01
8.952167401484207865e-01 2.015599910164501685e-01
8.900229860317467878e-01 1.920648112673890573e-01
8.710457286485380202e-01 1.635792720202057238e-01
8.599816063197289751e-01 1.493365023966140570e-01
8.568165464033752343e-01 1.445889125220835014e-01
8.531932967234895360e-01 1.398413226475529458e-01
8.488509661887198021e-01 1.350937327730223902e-01
8.085933418444861687e-01 9.483610842878881231e-02
8.038457519699555576e-01 9.049377789401896743e-02
7.990981620954249465e-01 8.687052821413326908e-02
7.943505722208944464e-01 8.370546829777963938e-02
7.801078025973027241e-01 7.264134596897042773e-02
7.516222633501195016e-01 5.366408858576166008e-02
7.421270836010582794e-01 4.847033446908771692e-02
7.136415443538750569e-01 3.424701118820250301e-02
7.041463646048138347e-01 2.998520612460409129e-02
6.946511848557528346e-01 2.663854440977114768e-02
6.804084152321611123e-01 2.049002637554298012e-02
6.661656456085693900e-01 1.575310665276646871e-02
6.566704658595083899e-01 1.359195190715195567e-02
6.424276962359166676e-01 9.793880007527511200e-03
6.234373367377944453e-01 5.265409665667630801e-03
6.186897468632639452e-01 4.747589874530555587e-03
6.091945671142027230e-01 4.393292122699843372e-03
6.044469772396722229e-01 3.877652625420169308e-03
