4.470338983050847759e-01 0.000000000000000000e+00
3.707627118644067910e-01 0.000000000000000000e+00
3.665254237288135819e-01 4.237288135593209049e-03
3.453389830508474256e-01 4.237288135593209049e-03
3.411016949152542166e-01 8.474576271186418097e-03
3.241525423728813804e-01 8.474576271186418097e-03
3.199152542372881713e-01 1.271186440677968266e-02
3.072033898305084332e-01 1.271186440677968266e-02
3.029661016949152241e-01 1.694915254237289171e-02
2.944915254237288060e-01 1.694915254237289171e-02
2.902542372881355970e-01 2.118644067796610075e-02
2.817796610169491789e-01 2.118644067796610075e-02
2.605932203389830226e-01 3.389830508474578341e-02
2.521186440677966045e-01 3.389830508474578341e-02
1.843220338983050932e-01 7.627118644067798492e-02
1.228813559322033955e-01 1.377118644067796827e-01
1.228813559322033955e-01 1.419491525423728917e-01
1.016949152542372947e-01 1.673728813559322015e-01
1.016949152542372947e-01 1.716101694915254106e-01
9.322033898305082111e-02 1.800847457627118842e-01
8.474576271186440302e-02 2.012711864406779849e-01
7.627118644067798492e-02 2.097457627118644030e-01
7.627118644067798492e-02 2.182203389830508211e-01
6.355932203389830226e-02 2.394067796610169219e-01
6.355932203389830226e-02 2.478813559322033955e-01
5.932203389830509321e-02 2.521186440677966045e-01
5.932203389830509321e-02 2.605932203389830226e-01
5.508474576271188416e-02 2.648305084745762317e-01
5.508474576271188416e-02 2.733050847457627053e-01
5.084745762711861961e-02 2.775423728813559698e-01
5.084745762711861961e-02 2.902542372881355970e-01
4.661016949152541056e-02 2.944915254237288060e-01
4.661016949152541056e-02 3.114406779661016977e-01
4.237288135593220151e-02 3.156779661016949068e-01
4.237288135593220151e-02 3.411016949152542166e-01
3.813559322033899246e-02 3.453389830508474256e-01
3.813559322033899246e-02 4.216101694915254106e-01
4.237288135593220151e-02 4.258474576271186196e-01
4.237288135593220151e-02 4.512711864406779849e-01
4.661016949152541056e-02 4.555084745762711940e-01
4.661016949152541056e-02 4.724576271186440857e-01
5.084745762711861961e-02 4.766949152542372947e-01
5.084745762711861961e-02 4.894067796610169774e-01
5.508474576271188416e-02 4.936440677966101864e-01
5.508474576271188416e-02 5.021186440677966045e-01
5.932203389830509321e-02 5.063559322033898136e-01
5.932203389830509321e-02 5.148305084745762317e-01
6.355932203389830226e-02 5.190677966101694407e-01
6.355932203389830226e-02 5.275423728813559698e-01
7.627118644067798492e-02 5.487288135593220151e-01
7.627118644067798492e-02 5.572033898305084332e-01
8.474576271186440302e-02 5.656779661016949623e-01
9.322033898305082111e-02 5.868644067796610075e-01
1.016949152542372947e-01 5.953389830508474256e-01
1.016949152542372947e-01 5.995762711864406347e-01
1.101694915254237128e-01 6.080508474576271638e-01
1.101694915254237128e-01 6.122881355932203729e-01
1.228813559322033955e-01 6.250000000000000000e-01
1.228813559322033955e-01 6.292372881355932090e-01
1.843220338983050932e-01 6.906779661016948513e-01
1.885593220338983023e-01 6.906779661016948513e-01
1.970338983050847204e-01 6.991525423728813804e-01
2.012711864406779849e-01 6.991525423728813804e-01
2.097457627118644030e-01 7.076271186440677985e-01
2.139830508474576121e-01 7.076271186440677985e-01
2.224576271186440857e-01 7.161016949152542166e-01
2.351694915254237128e-01 7.203389830508474256e-01
2.521186440677966045e-01 7.330508474576271638e-01
2.605932203389830226e-01 7.330508474576271638e-01
2.817796610169491789e-01 7.457627118644067910e-01
2.902542372881355970e-01 7.457627118644067910e-01
2.944915254237288060e-01 7.500000000000000000e-01
3.029661016949152241e-01 7.500000000000000000e-01
3.072033898305084332e-01 7.542372881355932090e-01
3.199152542372881713e-01 7.542372881355932090e-01
3.241525423728813804e-01 7.584745762711864181e-01
3.411016949152542166e-01 7.584745762711864181e-01
3.453389830508474256e-01 7.627118644067796271e-01
3.665254237288135819e-01 7.627118644067796271e-01
3.707627118644067910e-01 7.669491525423728362e-01
4.470338983050847759e-01 7.669491525423728362e-01
4.512711864406779849e-01 7.627118644067796271e-01
4.576271186440677985e-01 7.648305084745763427e-01
4.576271186440677985e-01 7.944915254237288060e-01
4.533898305084745894e-01 7.987288135593220151e-01
4.533898305084745894e-01 8.283898305084745894e-01
4.470338983050847759e-01 8.347457627118644030e-01
4.343220338983050932e-01 8.347457627118644030e-01
4.300847457627118842e-01 8.305084745762711940e-01
4.173728813559322015e-01 8.305084745762711940e-01
3.877118644067796271e-01 8.135593220338983578e-01
3.622881355932203729e-01 7.923728813559322015e-01
3.029661016949152241e-01 7.923728813559322015e-01
2.987288135593220151e-01 7.966101694915254106e-01
2.860169491525423879e-01 7.966101694915254106e-01
2.627118644067796271e-01 8.114406779661016422e-01
2.627118644067796271e-01 8.368644067796610075e-01
2.669491525423728917e-01 8.411016949152542166e-01
2.669491525423728917e-01 8.538135593220339548e-01
2.860169491525423879e-01 8.813559322033898136e-01
2.902542372881355970e-01 8.813559322033898136e-01
2.987288135593220151e-01 8.940677966101695517e-01
3.199152542372881713e-01 9.067796610169491789e-01
3.326271186440677985e-01 9.067796610169491789e-01
3.368644067796610075e-01 9.110169491525423879e-01
3.813559322033898136e-01 9.131355932203389925e-01
3.665254237288135819e-01 9.194915254237288060e-01
3.241525423728813804e-01 9.194915254237288060e-01
3.199152542372881713e-01 9.152542372881355970e-01
2.605932203389830226e-01 9.152542372881355970e-01
2.500000000000000000e-01 9.216101694915254106e-01
2.542372881355932090e-01 9.385593220338983578e-01
2.584745762711864181e-01 9.427966101694915668e-01
2.584745762711864181e-01 9.512711864406779849e-01
2.775423728813559698e-01 9.788135593220339548e-01
2.817796610169491789e-01 9.788135593220339548e-01
3.029661016949152241e-01 9.957627118644067910e-01
3.114406779661016977e-01 9.957627118644067910e-01
3.156779661016949068e-01 1.000000000000000000e+00
3.792372881355932090e-01 1.000000000000000000e+00
4.046610169491525744e-01 9.872881355932203729e-01
4.449152542372881158e-01 9.470338983050847759e-01
4.449152542372881158e-01 9.427966101694915668e-01
4.533898305084745894e-01 9.343220338983051487e-01
4.533898305084745894e-01 9.258474576271186196e-01
4.661016949152542166e-01 9.046610169491524633e-01
4.661016949152542166e-01 8.961864406779660452e-01
4.703389830508474811e-01 8.919491525423728362e-01
4.703389830508474811e-01 8.792372881355932090e-01
4.745762711864406902e-01 8.750000000000000000e-01
4.766949152542372947e-01 8.262711864406779849e-01
4.788135593220338992e-01 8.368644067796610075e-01
4.872881355932203173e-01 8.453389830508475367e-01
4.872881355932203173e-01 8.495762711864407457e-01
4.957627118644067910e-01 8.580508474576271638e-01
4.957627118644067910e-01 8.622881355932203729e-01
5.190677966101694407e-01 8.855932203389831336e-01
5.275423728813559698e-01 8.855932203389831336e-01
5.444915254237288060e-01 8.940677966101695517e-01
5.572033898305084332e-01 9.067796610169491789e-01
5.699152542372881713e-01 9.067796610169491789e-01
5.868644067796610075e-01 9.194915254237288060e-01
5.953389830508474256e-01 9.194915254237288060e-01
6.080508474576271638e-01 9.279661016949152241e-01
6.250000000000000000e-01 9.279661016949152241e-01
6.292372881355932090e-01 9.322033898305084332e-01
6.398305084745762317e-01 9.173728813559322015e-01
6.165254237288135819e-01 9.152542372881355970e-01
6.122881355932203729e-01 9.110169491525423879e-01
6.038135593220339548e-01 9.110169491525423879e-01
5.868644067796610075e-01 8.983050847457627608e-01
5.783898305084745894e-01 8.983050847457627608e-01
5.699152542372881713e-01 8.898305084745763427e-01
5.656779661016949623e-01 8.898305084745763427e-01
5.572033898305084332e-01 8.813559322033898136e-01
5.529661016949152241e-01 8.813559322033898136e-01
5.444915254237288060e-01 8.686440677966101864e-01
5.402542372881355970e-01 8.686440677966101864e-01
5.211864406779660452e-01 8.495762711864407457e-01
5.211864406779660452e-01 8.453389830508475367e-01
5.042372881355932090e-01 8.283898305084745894e-01
4.957627118644067910e-01 8.114406779661016422e-01
4.957627118644067910e-01 7.648305084745763427e-01
5.063559322033898136e-01 7.627118644067796271e-01
5.105932203389830226e-01 7.669491525423728362e-01
5.275423728813559698e-01 7.669491525423728362e-01
5.317796610169491789e-01 7.711864406779660452e-01
5.529661016949152241e-01 7.711864406779660452e-01
5.572033898305084332e-01 7.754237288135592543e-01
6.334745762711864181e-01 7.754237288135592543e-01
6.377118644067796271e-01 7.711864406779660452e-01
6.588983050847457834e-01 7.711864406779660452e-01
6.631355932203389925e-01 7.669491525423728362e-01
6.800847457627118287e-01 7.669491525423728362e-01
6.843220338983051487e-01 7.627118644067796271e-01
6.927966101694915668e-01 7.627118644067796271e-01
6.970338983050847759e-01 7.584745762711864181e-01
7.097457627118644030e-01 7.584745762711864181e-01
7.224576271186440302e-01 7.500000000000000000e-01
7.309322033898304483e-01 7.500000000000000000e-01
7.817796610169491789e-01 7.245762711864407457e-01
7.902542372881355970e-01 7.161016949152542166e-01
7.944915254237288060e-01 7.161016949152542166e-01
8.029661016949152241e-01 7.076271186440677985e-01
8.072033898305084332e-01 7.076271186440677985e-01
8.241525423728813804e-01 6.906779661016948513e-01
8.283898305084745894e-01 6.906779661016948513e-01
8.728813559322033955e-01 6.461864406779660452e-01
8.728813559322033955e-01 6.419491525423728362e-01
8.855932203389831336e-01 6.292372881355932090e-01
8.855932203389831336e-01 6.250000000000000000e-01
8.983050847457627608e-01 6.122881355932203729e-01
8.983050847457627608e-01 6.080508474576271638e-01
9.067796610169491789e-01 5.995762711864406347e-01
9.364406779661016422e-01 5.402542372881355970e-01
9.364406779661016422e-01 5.317796610169491789e-01
9.406779661016948513e-01 5.275423728813559698e-01
9.406779661016948513e-01 5.190677966101694407e-01
9.449152542372880603e-01 5.148305084745762317e-01
9.449152542372880603e-01 5.063559322033898136e-01
9.491525423728813804e-01 5.021186440677966045e-01
9.491525423728813804e-01 4.894067796610169774e-01
9.533898305084745894e-01 4.851694915254237128e-01
9.533898305084745894e-01 4.682203389830508211e-01
9.576271186440677985e-01 4.639830508474576121e-01
9.576271186440677985e-01 4.385593220338983023e-01
9.618644067796610075e-01 4.343220338983050932e-01
9.618644067796610075e-01 3.580508474576271083e-01
9.576271186440677985e-01 3.538135593220338992e-01
9.576271186440677985e-01 3.283898305084745894e-01
9.533898305084745894e-01 3.241525423728813804e-01
9.533898305084745894e-01 3.072033898305084332e-01
9.491525423728813804e-01 3.029661016949152241e-01
9.491525423728813804e-01 2.902542372881355970e-01
9.449152542372880603e-01 2.860169491525423879e-01
9.449152542372880603e-01 2.775423728813559698e-01
9.406779661016948513e-01 2.733050847457627053e-01
9.406779661016948513e-01 2.648305084745762317e-01
9.364406779661016422e-01 2.605932203389830226e-01
9.364406779661016422e-01 2.521186440677966045e-01
9.067796610169491789e-01 1.927966101694915113e-01
8.983050847457627608e-01 1.843220338983050932e-01
8.983050847457627608e-01 1.800847457627118842e-01
8.855932203389831336e-01 1.673728813559322015e-01
8.855932203389831336e-01 1.631355932203389925e-01
8.728813559322033955e-01 1.504237288135593098e-01
8.728813559322033955e-01 1.461864406779661008e-01
8.283898305084745894e-01 1.016949152542372947e-01
8.241525423728813804e-01 1.016949152542372947e-01
8.072033898305084332e-01 8.474576271186440302e-02
8.029661016949152241e-01 8.474576271186440302e-02
7.944915254237288060e-01 7.627118644067798492e-02
7.902542372881355970e-01 7.627118644067798492e-02
7.817796610169491789e-01 6.779661016949151131e-02
7.309322033898304483e-01 4.237288135593220151e-02
7.224576271186440302e-01 4.237288135593220151e-02
7.097457627118644030e-01 3.389830508474578341e-02
6.970338983050847759e-01 3.389830508474578341e-02
6.927966101694915668e-01 2.966101694915251885e-02
6.843220338983051487e-01 2.966101694915251885e-02
6.800847457627118287e-01 2.542372881355930980e-02
6.631355932203389925e-01 2.542372881355930980e-02
6.588983050847457834e-01 2.118644067796610075e-02
6.377118644067796271e-01 2.118644067796610075e-02
6.334745762711864181e-01 1.694915254237289171e-02
5.572033898305084332e-01 1.694915254237289171e-02
5.529661016949152241e-01 2.118644067796610075e-02
5.275423728813559698e-01 2.118644067796610075e-02
5.233050847457627608e-01 1.694915254237289171e-02
5.148305084745762317e-01 1.694915254237289171e-02
5.105932203389830226e-01 1.271186440677968266e-02
4.978813559322033955e-01 1.271186440677968266e-02
4.936440677966101864e-01 8.474576271186418097e-03
4.766949152542372947e-01 8.474576271186418097e-03
4.724576271186440857e-01 4.237288135593209049e-03
4.512711864406779849e-01 4.237288135593209049e-03
