5.329113924050632445e-01 2.886075949367088445e-01
5.101265822784810666e-01 2.886075949367088445e-01
5.025316455696202667e-01 2.911392405063291111e-01
5.000000000000000000e-01 2.962025316455696444e-01
4.873417721518987222e-01 3.037974683544303889e-01
4.848101265822784556e-01 3.012658227848101222e-01
4.569620253164556889e-01 3.012658227848101222e-01
4.544303797468354222e-01 3.037974683544303889e-01
4.367088607594936667e-01 3.037974683544303889e-01
4.354430379746835333e-01 3.126582278481012667e-01
4.291139240506329222e-01 3.139240506329114000e-01
4.265822784810126556e-01 3.063291139240506000e-01
3.835443037974683445e-01 3.063291139240506000e-01
3.810126582278481333e-01 3.088607594936708667e-01
3.556962025316455778e-01 3.088607594936708667e-01
3.455696202531645667e-01 3.012658227848101222e-01
3.379746835443038222e-01 3.012658227848101222e-01
3.303797468354430222e-01 2.962025316455696444e-01
3.227848101265822778e-01 2.962025316455696444e-01
3.202531645569620666e-01 2.936708860759493778e-01
3.126582278481012667e-01 2.936708860759493778e-01
3.050632911392404667e-01 2.886075949367088445e-01
2.974683544303797778e-01 2.886075949367088445e-01
2.936708860759493778e-01 2.974683544303797778e-01
2.936708860759493778e-01 3.075949367088607334e-01
2.911392405063291111e-01 3.101265822784810000e-01
2.911392405063291111e-01 3.177215189873418000e-01
2.949367088607595111e-01 3.240506329113924111e-01
3.101265822784810000e-01 3.291139240506328889e-01
3.253164556962025444e-01 3.291139240506328889e-01
3.278481012658227556e-01 3.265822784810126223e-01
3.443037974683544333e-01 3.481012658227847778e-01
3.443037974683544333e-01 3.607594936708861111e-01
3.468354430379746445e-01 3.632911392405063222e-01
3.468354430379746445e-01 3.759493670886076000e-01
3.417721518987341667e-01 3.860759493670886111e-01
3.417721518987341667e-01 3.936708860759493556e-01
3.316455696202531556e-01 4.113924050632911111e-01
3.189873417721519333e-01 4.215189873417721778e-01
3.189873417721519333e-01 4.240506329113923889e-01
3.113924050632911333e-01 4.291139240506329222e-01
3.075949367088607334e-01 4.354430379746835333e-01
2.949367088607595111e-01 4.455696202531645445e-01
2.873417721518987111e-01 4.481012658227848111e-01
2.746835443037974889e-01 4.582278481012658222e-01
2.696202531645569556e-01 4.582278481012658222e-01
2.620253164556962111e-01 4.632911392405063555e-01
2.518987341772152000e-01 4.632911392405063555e-01
2.493670886075949333e-01 4.658227848101265667e-01
2.291139240506329111e-01 4.658227848101265667e-01
2.265822784810126445e-01 4.632911392405063555e-01
2.189873417721519000e-01 4.632911392405063555e-01
2.177215189873417667e-01 4.696202531645569667e-01
2.126582278481012889e-01 4.746835443037974445e-01
2.126582278481012889e-01 4.822784810126582444e-01
2.075949367088607556e-01 4.898734177215189889e-01
2.050632911392404889e-01 5.025316455696202667e-01
1.987341772151898778e-01 5.113924050632910889e-01
1.949367088607594778e-01 5.126582278481012223e-01
1.898734177215190000e-01 5.202531645569620222e-01
1.898734177215190000e-01 5.253164556962025555e-01
1.822784810126582555e-01 5.303797468354430888e-01
1.810126582278481222e-01 5.341772151898733778e-01
1.772151898734177222e-01 5.354430379746835111e-01
1.759493670886075889e-01 5.392405063291139111e-01
1.632911392405063111e-01 5.468354430379747111e-01
1.582278481012658333e-01 5.544303797468354000e-01
1.506329113924050889e-01 5.544303797468354000e-01
1.405063291139240778e-01 5.620253164556962000e-01
1.202531645569620000e-01 5.620253164556962000e-01
1.189873417721519222e-01 5.784810126582278222e-01
9.873417721518989998e-02 6.139240506329113334e-01
8.860759493670883336e-02 6.215189873417721333e-01
8.734177215189875554e-02 6.253164556962025333e-01
5.949367088607593335e-02 6.379746835443038666e-01
5.189873417721518889e-02 6.379746835443038666e-01
4.936708860759492223e-02 6.405063291139240222e-01
4.177215189873417778e-02 6.405063291139240222e-01
3.924050632911391112e-02 6.379746835443038666e-01
2.151898734177215555e-02 6.379746835443038666e-01
8.860759493670877784e-03 6.303797468354430666e-01
0.000000000000000000e+00 6.316455696202532000e-01
0.000000000000000000e+00 6.417721518987341556e-01
6.329113924050611129e-03 6.506329113924050889e-01
8.860759493670877784e-03 6.506329113924050889e-01
1.898734177215188890e-02 6.632911392405063111e-01
4.430379746835444443e-02 6.784810126582279111e-01
5.189873417721518889e-02 6.860759493670886000e-01
5.696202531645572220e-02 6.860759493670886000e-01
6.455696202531646666e-02 6.911392405063291333e-01
7.215189873417721111e-02 6.911392405063291333e-01
8.227848101265822223e-02 6.962025316455695556e-01
8.987341772151896668e-02 6.962025316455695556e-01
9.999999999999997780e-02 7.012658227848100889e-01
1.075949367088607778e-01 7.012658227848100889e-01
1.151898734177215222e-01 7.063291139240506222e-01
1.303797468354430111e-01 7.063291139240506222e-01
1.329113924050632778e-01 7.088607594936708889e-01
1.556962025316455667e-01 7.088607594936708889e-01
1.582278481012658333e-01 7.113924050632911555e-01
2.139240506329113667e-01 7.113924050632911555e-01
2.164556962025316333e-01 7.088607594936708889e-01
2.468354430379746667e-01 7.088607594936708889e-01
2.493670886075949333e-01 7.063291139240506222e-01
2.696202531645569556e-01 7.063291139240506222e-01
2.721518987341772222e-01 7.037974683544303556e-01
3.025316455696202556e-01 7.037974683544303556e-01
3.050632911392404667e-01 7.012658227848100889e-01
3.151898734177215333e-01 7.012658227848100889e-01
3.177215189873418000e-01 6.987341772151898223e-01
3.405063291139240889e-01 6.962025316455695556e-01
3.417721518987341667e-01 7.025316455696202222e-01
3.481012658227847778e-01 7.063291139240506222e-01
3.632911392405063222e-01 7.063291139240506222e-01
3.721518987341772000e-01 6.999999999999999556e-01
3.721518987341772000e-01 6.949367088607595333e-01
3.784810126582278667e-01 6.860759493670886000e-01
3.860759493670886111e-01 6.860759493670886000e-01
3.886075949367088778e-01 6.835443037974683334e-01
3.962025316455696222e-01 6.835443037974683334e-01
4.202531645569620444e-01 6.670886075949367111e-01
4.253164556962025222e-01 6.594936708860759111e-01
4.253164556962025222e-01 6.518987341772152222e-01
4.354430379746835333e-01 6.215189873417721333e-01
4.607594936708860889e-01 5.784810126582278222e-01
4.848101265822784556e-01 5.493670886075949777e-01
4.886075949367088556e-01 5.481012658227848444e-01
4.987341772151898667e-01 5.329113924050632445e-01
5.189873417721518889e-01 5.151898734177214889e-01
5.202531645569620222e-01 5.113924050632910889e-01
5.455696202531645778e-01 4.962025316455696000e-01
5.481012658227848444e-01 4.987341772151898667e-01
5.582278481012658000e-01 4.987341772151898667e-01
5.670886075949367333e-01 5.050632911392405333e-01
5.696202531645570000e-01 5.253164556962025555e-01
5.759493670886075556e-01 5.341772151898733778e-01
5.886075949367088889e-01 5.341772151898733778e-01
5.987341772151898445e-01 5.291139240506329555e-01
6.025316455696202445e-01 5.303797468354430888e-01
6.189873417721518667e-01 5.544303797468354000e-01
6.227848101265822667e-01 5.556962025316455334e-01
6.240506329113924000e-01 5.594936708860759333e-01
6.278481012658228000e-01 5.607594936708860667e-01
6.367088607594937333e-01 5.746835443037974223e-01
6.405063291139240222e-01 5.759493670886075556e-01
6.582278481012657778e-01 6.037974683544303778e-01
6.708860759493671111e-01 6.164556962025316000e-01
6.797468354430379334e-01 6.303797468354430666e-01
6.860759493670886000e-01 6.341772151898734666e-01
7.050632911392404889e-01 6.658227848101265778e-01
7.088607594936708889e-01 6.670886075949367111e-01
7.101265822784810222e-01 6.708860759493671111e-01
7.253164556962025111e-01 6.810126582278480667e-01
7.506329113924050667e-01 6.810126582278480667e-01
7.582278481012658666e-01 6.962025316455695556e-01
7.632911392405063999e-01 6.962025316455695556e-01
7.683544303797468222e-01 7.012658227848100889e-01
7.759493670886076222e-01 7.012658227848100889e-01
7.822784810126581778e-01 6.949367088607595333e-01
7.810126582278480445e-01 6.860759493670886000e-01
7.721518987341772222e-01 6.848101265822784667e-01
7.721518987341772222e-01 6.772151898734177777e-01
7.759493670886076222e-01 6.734177215189873777e-01
7.911392405063291111e-01 6.734177215189873777e-01
7.936708860759493778e-01 6.708860759493671111e-01
8.037974683544304444e-01 6.708860759493671111e-01
8.063291139240507110e-01 6.683544303797468444e-01
8.164556962025316666e-01 6.683544303797468444e-01
8.468354430379747555e-01 6.582278481012657778e-01
8.544303797468354444e-01 6.531645569620253555e-01
8.594936708860758667e-01 6.531645569620253555e-01
8.670886075949366667e-01 6.481012658227848222e-01
8.721518987341772000e-01 6.481012658227848222e-01
8.772151898734177333e-01 6.430379746835442889e-01
8.822784810126582666e-01 6.430379746835442889e-01
8.873417721518987999e-01 6.379746835443038666e-01
8.924050632911392222e-01 6.379746835443038666e-01
9.227848101265823111e-01 6.177215189873417334e-01
9.354430379746835333e-01 6.126582278481013111e-01
9.481012658227847556e-01 6.025316455696202445e-01
9.556962025316455556e-01 5.999999999999999778e-01
9.620253164556962222e-01 5.936708860759494222e-01
9.645569620253164889e-01 5.860759493670886222e-01
9.873417721518986667e-01 5.607594936708860667e-01
9.924050632911392000e-01 5.379746835443037778e-01
9.974683544303797333e-01 5.303797468354430888e-01
9.974683544303797333e-01 5.227848101265822889e-01
1.000000000000000000e+00 5.202531645569620222e-01
1.000000000000000000e+00 5.025316455696202667e-01
9.911392405063290667e-01 5.012658227848101333e-01
9.759493670886075778e-01 5.113924050632910889e-01
9.708860759493671555e-01 5.189873417721518889e-01
9.658227848101266222e-01 5.189873417721518889e-01
9.607594936708860889e-01 5.240506329113924222e-01
9.354430379746835333e-01 5.316455696202531112e-01
9.151898734177215111e-01 5.316455696202531112e-01
9.126582278481012445e-01 5.291139240506329555e-01
9.050632911392404445e-01 5.291139240506329555e-01
9.025316455696201778e-01 5.265822784810126889e-01
8.949367088607594889e-01 5.265822784810126889e-01
8.898734177215190666e-01 5.215189873417721556e-01
8.848101265822785333e-01 5.215189873417721556e-01
8.797468354430380000e-01 5.139240506329113556e-01
8.696202531645569334e-01 5.139240506329113556e-01
8.594936708860758667e-01 5.189873417721518889e-01
8.518987341772151778e-01 5.189873417721518889e-01
8.493670886075949111e-01 5.215189873417721556e-01
8.291139240506328889e-01 5.215189873417721556e-01
8.265822784810126223e-01 5.189873417721518889e-01
8.164556962025316666e-01 5.189873417721518889e-01
7.987341772151899111e-01 5.139240506329113556e-01
7.886075949367088445e-01 5.063291139240506666e-01
7.835443037974683111e-01 5.063291139240506666e-01
7.810126582278480445e-01 5.012658227848101333e-01
7.696202531645569556e-01 4.949367088607594667e-01
7.683544303797468222e-01 4.911392405063291222e-01
7.658227848101265556e-01 4.911392405063291222e-01
7.582278481012658666e-01 4.810126582278481111e-01
7.544303797468354666e-01 4.797468354430379778e-01
7.506329113924050667e-01 4.708860759493671000e-01
7.468354430379746667e-01 4.696202531645569667e-01
7.417721518987341334e-01 4.569620253164556889e-01
7.303797468354430444e-01 4.430379746835443333e-01
7.227848101265822445e-01 4.430379746835443333e-01
7.202531645569620888e-01 4.506329113924050778e-01
7.177215189873418222e-01 4.405063291139240667e-01
7.088607594936708889e-01 4.392405063291139333e-01
7.063291139240506222e-01 4.240506329113923889e-01
7.012658227848100889e-01 4.189873417721519111e-01
7.012658227848100889e-01 4.139240506329113778e-01
6.873417721518987333e-01 4.050632911392405000e-01
6.822784810126582000e-01 4.050632911392405000e-01
6.797468354430379334e-01 4.000000000000000222e-01
6.721518987341772444e-01 4.000000000000000222e-01
6.696202531645569778e-01 4.050632911392405000e-01
6.670886075949367111e-01 4.000000000000000222e-01
6.518987341772152222e-01 4.000000000000000222e-01
6.430379746835442889e-01 3.936708860759493556e-01
6.430379746835442889e-01 3.860759493670886111e-01
6.354430379746836000e-01 3.810126582278481333e-01
6.341772151898734666e-01 3.746835443037974667e-01
6.265822784810126667e-01 3.746835443037974667e-01
6.240506329113924000e-01 3.696202531645569334e-01
6.113924050632911777e-01 3.670886075949367222e-01
6.012658227848101111e-01 3.594936708860759778e-01
5.962025316455695778e-01 3.594936708860759778e-01
5.860759493670886222e-01 3.493670886075949111e-01
5.708860759493671333e-01 3.443037974683544333e-01
5.544303797468354000e-01 3.329113924050632889e-01
5.531645569620252667e-01 3.291139240506328889e-01
5.455696202531645778e-01 3.291139240506328889e-01
5.379746835443037778e-01 3.240506329113924111e-01
5.329113924050632445e-01 3.240506329113924111e-01
5.316455696202531112e-01 3.177215189873418000e-01
5.392405063291139111e-01 3.126582278481012667e-01
5.392405063291139111e-01 2.924050632911392444e-01
