7.585255411060829456e-01 1.723248378950995585e-01
7.568853270876509942e-01 1.734632320490990809e-01
7.506027216063353436e-01 1.856048163074923152e-01
7.404831869033304814e-01 1.993123191758172097e-01
7.273614747558742044e-01 2.096563182323185615e-01
7.076789065346896779e-01 2.203047538613701617e-01
6.765148401844809367e-01 2.290215261834508964e-01
6.699539841107527982e-01 2.286604342913334253e-01
6.650333420554566111e-01 2.262471685838862712e-01
6.617529140185925973e-01 2.262471685838862712e-01
6.338692757052478699e-01 2.414137932905825457e-01
6.256682056130876690e-01 2.428403490313265078e-01
6.158269215024954057e-01 2.465400688494001624e-01
6.043454233734711911e-01 2.468004202808972702e-01
6.012187654008350757e-01 2.446525209710457838e-01
5.996231943042756862e-01 2.249699527498613127e-01
5.974401223558722940e-01 2.200493106945651811e-01
5.945041392628789279e-01 2.171947074509478215e-01
5.912237112260148031e-01 2.160854601500210581e-01
5.797422130969905885e-01 2.160466988734661142e-01
5.682607149679662628e-01 2.205681539044773154e-01
5.643768119620564683e-01 2.249699527498613127e-01
5.628915768920050855e-01 2.282503807867253820e-01
5.662895805773944247e-01 2.397318789157496521e-01
5.734034693382584758e-01 2.446525209710457838e-01
5.734351996689721620e-01 2.479329490079098530e-01
5.682607149679662628e-01 2.513123554769207679e-01
5.600596448758060619e-01 2.544231062015331890e-01
5.452977187099177225e-01 2.627365755301990236e-01
5.403770766546216464e-01 2.641872010430273976e-01
5.174140803965729951e-01 2.774709411157075811e-01
4.862500140463642540e-01 2.891856333286332292e-01
4.796891579726361154e-01 2.900531324343639250e-01
4.747685159173399838e-01 2.922604278619758134e-01
4.534457336777234504e-01 2.974853522053840793e-01
4.304827374196749101e-01 2.958188582748453310e-01
4.255620953643787785e-01 2.920604612406385026e-01
4.190012392906505845e-01 2.931429750873898454e-01
4.140805972353545084e-01 2.928117279583927202e-01
3.927578149957379194e-01 2.842959080058272692e-01
3.740961963166387072e-01 2.692557312475264419e-01
3.596702249330043233e-01 2.528535910632059847e-01
3.560476012442208571e-01 2.462927349894778462e-01
3.568313728551694708e-01 2.397318789157496521e-01
3.501122505165049081e-01 2.329069205848163238e-01
3.451916084612087765e-01 2.337817408276078868e-01
3.351452975983125193e-01 2.462927349894778462e-01
3.237711944347808624e-01 2.561340191000700539e-01
3.107471140741359106e-01 2.654235948590079053e-01
2.910645458529514396e-01 2.775287405510213357e-01
2.763026196870630447e-01 2.842160703995154636e-01
2.533396234290145044e-01 2.895471667937349336e-01
2.352972692262620402e-01 2.913496588838684342e-01
2.238157710972377701e-01 2.913496588838684342e-01
1.992125608207571674e-01 2.878821010477509157e-01
1.713289225074124955e-01 2.793524585249236303e-01
1.664082804521163639e-01 2.764023780421230869e-01
1.565669963415241006e-01 2.661455140993674862e-01
1.516463542862280245e-01 2.661455140993674862e-01
1.434452841940678236e-01 2.744253343591916972e-01
1.270431440097474218e-01 2.809845632364730283e-01
1.106410038254270201e-01 2.831485887917082334e-01
8.931822158581048665e-02 2.829704438478005124e-01
5.979436925403375236e-02 2.760639211811768967e-01
4.503244308814535746e-02 2.702955097770681214e-01
3.027051692225701807e-02 2.621431668221438915e-01
2.206944683009681718e-02 2.550022714273519897e-01
5.667306645776415408e-03 2.478119496131075405e-01
2.386878608912346156e-03 2.477746827429734289e-01
7.466645904802837741e-04 2.491748253361513177e-01
0.000000000000000000e+00 2.594144471369341787e-01
2.214920687625077100e-03 2.708959452659584488e-01
8.989435039041315800e-03 2.872980854502788506e-01
1.041599077978527799e-02 2.954991555424390515e-01
1.888799722537953807e-02 3.119012957267594532e-01
2.205554671129655864e-02 3.217425798373516610e-01
3.454453614336355782e-02 3.397849340401041252e-01
4.243018046274837918e-02 3.479860041322643260e-01
6.687224931183288756e-02 3.840707125377692543e-01
9.751929167797068754e-02 4.079957574027827105e-01
1.122812178438590269e-01 4.208020437774636635e-01
1.319637860650434980e-01 4.351708347301929125e-01
1.467257122309318929e-01 4.445096701633855507e-01
1.582072103599561630e-01 4.531793728322406900e-01
1.795299925995726964e-01 4.646697538533436922e-01
1.913824915184804132e-01 4.693618414962353325e-01
1.922112769087463424e-01 4.710020555146673948e-01
1.916645389026023216e-01 4.775629115883955333e-01
1.859325824083644108e-01 4.824835536436916650e-01
1.859698492784985224e-01 4.857639816805557342e-01
1.893712767101649597e-01 4.906042210878894805e-01
1.975723468023251606e-01 4.928169019598135359e-01
2.054491885420045572e-01 4.890444097174198035e-01
2.123342729682134999e-01 4.770872495230502608e-01
2.156147010050775692e-01 4.756449193894226046e-01
2.402179112815581719e-01 4.814111060162553080e-01
2.467787673552863659e-01 4.815900042157398309e-01
2.549798374474465668e-01 4.794316800192320316e-01
2.664613355764708369e-01 4.740840705654307818e-01
3.074666860372718413e-01 4.630222841392797606e-01
3.320698963137524440e-01 4.543525814704246768e-01
3.386307523874806380e-01 4.531810000286874973e-01
3.747154607929855108e-01 4.412797901967899783e-01
3.812763168667136493e-01 4.400592878812311648e-01
3.976784570510340511e-01 4.346660239934350134e-01
4.091599551800583212e-01 4.323523315696995994e-01
4.113557255595722273e-01 4.332771330907304597e-01
4.111464366023815931e-01 4.349173471091624665e-01
3.982599874757508651e-01 4.545999153303469931e-01
3.811043589454264358e-01 4.890444097174198035e-01
3.708672663651257362e-01 5.251291181229247318e-01
3.643064102913975422e-01 5.562931844731334730e-01
3.641519928981582499e-01 5.661344685837257362e-01
3.650161182801421877e-01 5.694148966205898610e-01
3.714350327561214415e-01 5.743211508336190096e-01
3.763556748114175177e-01 5.751311648788566266e-01
3.927578149957379194e-01 5.749033050668815870e-01
4.009588850878981203e-01 5.728672825787410883e-01
4.124403832169224460e-01 5.678453814822626011e-01
4.302982133426012656e-01 5.579333984915655353e-01
4.400817171866351352e-01 5.497323283994053345e-01
4.596197468225761140e-01 5.267693321413567942e-01
4.670379990271890103e-01 5.120074059754683438e-01
4.731283018989079214e-01 4.854170133305028001e-01
4.747685159173399838e-01 4.842086063182495237e-01
4.764087299357719907e-01 4.855931260536357486e-01
4.754738079452657806e-01 4.923248377542839282e-01
4.762367720144847771e-01 5.103671919570363924e-01
4.828754753690983059e-01 5.267693321413567942e-01
4.826825485562745710e-01 5.333301882150849327e-01
5.040388806280863276e-01 5.677746826021577986e-01
5.223347224518691823e-01 5.896497818071646524e-01
5.338162205808933969e-01 5.973692338140392799e-01
5.469379327283497849e-01 6.011467293617942520e-01
5.567792168389420482e-01 6.006999623656009701e-01
5.600596448758060619e-01 5.986145205998857355e-01
5.635120308339574002e-01 5.923778928786384013e-01
5.655480533220978989e-01 5.841768227864782004e-01
5.658493555528087970e-01 5.284095461597887455e-01
5.673671655400145397e-01 5.202084760676285446e-01
5.673671655400145397e-01 4.874041956989877966e-01
5.649977360164046836e-01 4.726422695330994017e-01
5.663069306224810529e-01 4.710020555146673948e-01
5.715411430048303876e-01 4.709879157386464010e-01
5.764617850601264637e-01 4.740813252285162038e-01
5.816606777078351387e-01 4.808433396252596026e-01
5.995237597503217941e-01 5.120074059754683438e-01
6.193057625254602128e-01 5.546529704547014106e-01
6.275100852895236780e-01 5.776159667127500619e-01
6.362806351204054467e-01 6.104202470813908654e-01
6.361024901764977812e-01 6.432245274500316690e-01
6.349417233326841714e-01 6.481451695053277451e-01
6.353616015744769641e-01 6.612668816527840221e-01
6.437105598158401332e-01 6.770676100303461009e-01
6.519116299080003341e-01 6.813437320899378147e-01
6.610026033505864707e-01 6.891505199661287495e-01
6.626127036250286650e-01 6.924309480029928743e-01
6.619513270046932796e-01 6.973515900582889504e-01
6.549967943712415863e-01 7.121135162241772898e-01
6.546999937393347402e-01 7.153939442610414146e-01
6.569126746112587956e-01 7.219548003347695531e-01
6.650333420554566111e-01 7.270233305392685974e-01
6.703157960265834214e-01 7.268754423900656292e-01
6.719303075591913643e-01 7.235950143532016154e-01
6.690550206583429915e-01 7.170341582794734769e-01
6.748746261660488743e-01 7.067960481966799602e-01
6.765148401844809367e-01 7.060676110632126967e-01
7.011180504609615394e-01 7.253719128731697108e-01
7.454038289586266686e-01 7.566482557782115981e-01
7.618059691429470703e-01 7.659916177760655032e-01
8.110123896959082757e-01 7.991155580811802883e-01
8.208536738065004279e-01 8.023111474619185612e-01
8.290547438986606288e-01 8.073938174424385439e-01
8.454568840829810306e-01 8.082931428588500111e-01
8.848220205253500836e-01 8.148381320603719224e-01
8.963035186543744093e-01 8.176549797948235998e-01
9.028643747281025478e-01 8.181344269694421634e-01
9.225469429492869633e-01 8.225756218501196759e-01
9.405892971520395385e-01 8.250898705098874686e-01
9.487903672441997394e-01 8.276751621049003305e-01
9.701131494838162173e-01 8.276751621049003305e-01
9.947163597602968199e-01 8.236336816352891610e-01
1.000000000000000000e+00 8.187274274222600123e-01
9.998815951341309960e-01 8.138067853669638252e-01
9.985065840461330167e-01 8.121665713485317628e-01
9.947163597602968199e-01 8.105687766581626263e-01
9.865152896681366190e-01 8.045470316810883205e-01
9.783142195759764181e-01 8.002666512760299167e-01
9.635522934100879677e-01 7.857796283270063187e-01
9.481370616605868662e-01 7.613199367771386061e-01
9.436142820220985161e-01 7.514786526665462318e-01
9.367000017901513376e-01 7.285156564084976916e-01
9.318805417684596915e-01 6.924309480029928743e-01
9.324155639601864332e-01 6.891505199661287495e-01
9.340284410783112889e-01 6.879408621275351354e-01
9.392224521366794310e-01 6.875103059476966871e-01
9.406340302616329474e-01 6.858700919292646248e-01
9.406340302616329474e-01 6.842298779108326734e-01
9.392224521366794310e-01 6.825896638924006110e-01
9.340284410783112889e-01 6.818574254913148946e-01
9.331517749650113380e-01 6.809494498739685486e-01
9.327299383137193090e-01 6.743885938002404101e-01
9.317775090742929089e-01 6.727483797818083477e-01
9.225469429492869633e-01 6.664708334021729463e-01
9.121198681178261936e-01 6.563462395974879460e-01
9.043034304235193499e-01 6.465049554868956827e-01
8.929241121853636054e-01 6.284626012841432185e-01
8.832525053870228238e-01 6.071398190445267407e-01
8.782194640952212250e-01 5.989387489523665398e-01
8.697141117149487233e-01 5.661344685837257362e-01
8.705521585649912408e-01 5.595736125099975977e-01
8.678268798882120549e-01 5.382508302703810088e-01
8.670242596411357194e-01 5.152878340123324685e-01
8.651394523041655571e-01 5.133789642495020233e-01
8.602188102488694810e-01 5.120491063318691749e-01
8.520177401567092801e-01 5.073357249765414467e-01
8.405362420276849544e-01 4.979236452210471509e-01
8.274145298802286774e-01 4.844700350660148813e-01
8.124036426579711589e-01 4.644411994409392008e-01
8.022297891790312052e-01 4.463988452381867922e-01
7.984911130373422150e-01 4.414782031828906605e-01
7.948548428301259738e-01 4.332771330907304597e-01
7.845135222341906855e-01 4.152347788879779955e-01
7.763694823227347275e-01 3.939119966483614621e-01
7.726944668191535470e-01 3.693087863718808594e-01
7.728208546632794329e-01 3.594675022612886517e-01
7.738256624967693176e-01 3.578272882428565893e-01
7.765678953088354097e-01 3.569811460904908640e-01
7.814885373641315969e-01 3.576288752567559071e-01
7.864091794194276730e-01 3.596394601825758652e-01
7.913298214747237491e-01 3.600266661312085947e-01
7.995308915668839500e-01 3.566955405701384696e-01
8.049688318895318329e-01 3.479860041322643260e-01
8.046234915434673507e-01 3.381447200216720628e-01
8.004095776481867652e-01 3.299436499295118619e-01
7.946102495115878739e-01 3.263540012170418336e-01
7.847689654009956106e-01 3.290501005015601388e-01
7.749276812904033473e-01 3.291969853390316336e-01
7.683668252166752088e-01 3.303992649346318977e-01
7.650863971798111951e-01 3.290210295441439170e-01
7.632213151104649818e-01 3.250230078742157858e-01
7.628531827085612838e-01 3.102610817083274464e-01
7.665281982121425752e-01 2.938589415240070446e-01
7.718685519703119002e-01 2.823774433949827189e-01
7.723306757612193874e-01 2.725361592843904557e-01
7.712604103246637477e-01 2.692557312475264419e-01
7.664483606058306586e-01 2.626948751737982479e-01
7.632477701752784505e-01 2.561340191000700539e-01
7.612129686901292214e-01 2.479329490079098530e-01
7.607335215155107688e-01 2.380916648973176453e-01
7.579325406532652076e-01 2.216895247129972435e-01
7.577543957093575422e-01 2.134884546208370426e-01
7.595727546716972700e-01 1.987265284549486477e-01
7.639382473669087403e-01 1.774037462153321143e-01
7.632193450524469291e-01 1.741233181784680450e-01
7.618059691429470703e-01 1.727393876004160167e-01
