8.519999999999999796e-01 0.000000000000000000e+00
8.447999999999999954e-01 7.199999999999984190e-03
8.447999999999999954e-01 1.679999999999998161e-02
8.384000000000000341e-01 2.479999999999998872e-02
8.416000000000000147e-01 2.639999999999997904e-02
8.367999999999999883e-01 3.279999999999999583e-02
8.384000000000000341e-01 3.920000000000001261e-02
8.287999999999999812e-01 4.559999999999997389e-02
8.175999999999999934e-01 6.800000000000000488e-02
8.144000000000000128e-01 8.239999999999997327e-02
8.032000000000000250e-01 9.999999999999997780e-02
7.767999999999999350e-01 1.199999999999999956e-01
7.720000000000000195e-01 1.199999999999999956e-01
7.591999999999999860e-01 1.311999999999999833e-01
7.528000000000000247e-01 1.280000000000000027e-01
7.511999999999999789e-01 1.311999999999999833e-01
7.336000000000000298e-01 1.344000000000000195e-01
7.319999999999999840e-01 1.295999999999999930e-01
7.239999999999999769e-01 1.311999999999999833e-01
7.207999999999999963e-01 1.264000000000000123e-01
7.176000000000000156e-01 1.295999999999999930e-01
7.159999999999999698e-01 1.264000000000000123e-01
7.112000000000000544e-01 1.280000000000000027e-01
7.047999999999999821e-01 1.248000000000000220e-01
7.007999999999999785e-01 1.288000000000000256e-01
6.992000000000000437e-01 1.447999999999999843e-01
6.927999999999999714e-01 1.496000000000000107e-01
6.944000000000000172e-01 1.527999999999999914e-01
6.839999999999999414e-01 1.712000000000000188e-01
6.784000000000000030e-01 1.735999999999999766e-01
6.799999999999999378e-01 1.752000000000000224e-01
6.703999999999999959e-01 1.815999999999999837e-01
6.719999999999999307e-01 1.831999999999999740e-01
6.568000000000000504e-01 1.951999999999999846e-01
6.248000000000000220e-01 2.111999999999999988e-01
6.216000000000000414e-01 2.096000000000000085e-01
6.104000000000000536e-01 2.160000000000000253e-01
6.071999999999999620e-01 2.127999999999999892e-01
5.991999999999999549e-01 2.176000000000000156e-01
5.959999999999999742e-01 2.143999999999999795e-01
5.816000000000000059e-01 2.192000000000000060e-01
5.752000000000000446e-01 2.176000000000000156e-01
5.672000000000000375e-01 2.223999999999999866e-01
5.655999999999999917e-01 2.192000000000000060e-01
5.592000000000000304e-01 2.223999999999999866e-01
5.575999999999999845e-01 2.192000000000000060e-01
5.432000000000000162e-01 2.223999999999999866e-01
5.400000000000000355e-01 2.192000000000000060e-01
5.320000000000000284e-01 2.223999999999999866e-01
5.255999999999999561e-01 2.192000000000000060e-01
5.200000000000000178e-01 2.247999999999999998e-01
5.215999999999999526e-01 2.328000000000000069e-01
5.103999999999999648e-01 2.471999999999999753e-01
4.975999999999999868e-01 2.568000000000000282e-01
4.975999999999999868e-01 2.600000000000000089e-01
4.511999999999999900e-01 2.872000000000000108e-01
4.527999999999999803e-01 2.888000000000000012e-01
4.487999999999999767e-01 2.880000000000000338e-01
4.391999999999999793e-01 2.943999999999999950e-01
4.215999999999999748e-01 2.943999999999999950e-01
4.032000000000000028e-01 3.047999999999999599e-01
3.896000000000000019e-01 3.231999999999999873e-01
3.623999999999999999e-01 3.231999999999999873e-01
3.512000000000000122e-01 3.119999999999999996e-01
3.464000000000000412e-01 3.152000000000000357e-01
3.399999999999999689e-01 3.135999999999999899e-01
3.311999999999999944e-01 3.256000000000000005e-01
3.280000000000000138e-01 3.416000000000000147e-01
3.112000000000000322e-01 3.439999999999999725e-01
2.583999999999999631e-01 3.775999999999999912e-01
2.312000000000000166e-01 3.840000000000000080e-01
2.247999999999999998e-01 3.888000000000000345e-01
2.232000000000000095e-01 3.855999999999999983e-01
2.167999999999999927e-01 3.888000000000000345e-01
2.056000000000000050e-01 3.871999999999999886e-01
2.024000000000000243e-01 3.903999999999999693e-01
2.007999999999999785e-01 3.871999999999999886e-01
1.864000000000000101e-01 3.871999999999999886e-01
1.815999999999999837e-01 3.903999999999999693e-01
1.784000000000000030e-01 3.871999999999999886e-01
1.672000000000000153e-01 3.888000000000000345e-01
1.656000000000000250e-01 3.855999999999999983e-01
1.592000000000000082e-01 3.871999999999999886e-01
1.512000000000000011e-01 3.840000000000000080e-01
1.471999999999999975e-01 3.880000000000000115e-01
1.656000000000000250e-01 4.096000000000000196e-01
1.679999999999999827e-01 4.087999999999999967e-01
1.815999999999999837e-01 4.288000000000000145e-01
1.848000000000000198e-01 4.288000000000000145e-01
2.016000000000000014e-01 4.520000000000000129e-01
2.000000000000000111e-01 4.663999999999999813e-01
2.047999999999999821e-01 4.743999999999999884e-01
2.007999999999999785e-01 4.783999999999999919e-01
1.975999999999999979e-01 4.752000000000000113e-01
1.871999999999999775e-01 4.759999999999999787e-01
1.904000000000000137e-01 4.712000000000000077e-01
1.815999999999999837e-01 4.672000000000000042e-01
1.695999999999999730e-01 4.776000000000000245e-01
1.695999999999999730e-01 4.904000000000000026e-01
1.768000000000000127e-01 5.040000000000000036e-01
1.784000000000000030e-01 5.023999999999999577e-01
1.815999999999999837e-01 5.088000000000000300e-01
1.911999999999999811e-01 5.135999999999999455e-01
2.071999999999999953e-01 4.991999999999999771e-01
2.239999999999999769e-01 5.223999999999999755e-01
2.319999999999999840e-01 5.463999999999999968e-01
2.352000000000000202e-01 5.480000000000000426e-01
2.335999999999999743e-01 5.560000000000000497e-01
2.368000000000000105e-01 5.575999999999999845e-01
2.352000000000000202e-01 5.607999999999999652e-01
2.399999999999999911e-01 5.672000000000000375e-01
2.384000000000000008e-01 5.719999999999999529e-01
2.415999999999999814e-01 5.767999999999999794e-01
2.448000000000000176e-01 6.104000000000000536e-01
2.415999999999999814e-01 6.119999999999999885e-01
2.432000000000000273e-01 6.184000000000000608e-01
2.399999999999999911e-01 6.264000000000000679e-01
2.415999999999999814e-01 6.360000000000000098e-01
2.384000000000000008e-01 6.375999999999999446e-01
2.352000000000000202e-01 6.583999999999999853e-01
2.288000000000000034e-01 6.648000000000000576e-01
2.303999999999999937e-01 6.680000000000000382e-01
2.152000000000000024e-01 6.895999999999999908e-01
2.016000000000000014e-01 6.967999999999999750e-01
2.031999999999999917e-01 7.096000000000000085e-01
2.080000000000000182e-01 7.159999999999999698e-01
2.047999999999999821e-01 7.303999999999999382e-01
2.111999999999999988e-01 7.336000000000000298e-01
2.096000000000000085e-01 7.448000000000000176e-01
2.127999999999999892e-01 7.511999999999999789e-01
2.096000000000000085e-01 7.720000000000000195e-01
2.127999999999999892e-01 7.783999999999999808e-01
2.096000000000000085e-01 7.992000000000000215e-01
2.063999999999999724e-01 8.024000000000000021e-01
2.096000000000000085e-01 8.040000000000000480e-01
2.047999999999999821e-01 8.215999999999999970e-01
2.000000000000000111e-01 8.247999999999999776e-01
1.880000000000000004e-01 8.479999999999999760e-01
1.775999999999999801e-01 8.551999999999999602e-01
1.951999999999999846e-01 8.840000000000000080e-01
1.984000000000000208e-01 9.048000000000000487e-01
1.935999999999999943e-01 9.112000000000000099e-01
1.951999999999999846e-01 9.175999999999999712e-01
1.920000000000000040e-01 9.192000000000000171e-01
1.935999999999999943e-01 9.223999999999999977e-01
1.888000000000000234e-01 9.255999999999999783e-01
1.855999999999999872e-01 9.352000000000000313e-01
1.607999999999999985e-01 9.679999999999999716e-01
1.424000000000000266e-01 9.783999999999999364e-01
1.295999999999999930e-01 9.912000000000000810e-01
1.335999999999999965e-01 9.983999999999999542e-01
1.416000000000000036e-01 9.968000000000000194e-01
1.431999999999999940e-01 1.000000000000000000e+00
1.560000000000000275e-01 9.983999999999999542e-01
1.576000000000000179e-01 9.951999999999999735e-01
1.639999999999999791e-01 9.968000000000000194e-01
1.672000000000000153e-01 9.936000000000000387e-01
1.895999999999999908e-01 9.919999999999999929e-01
1.928000000000000269e-01 9.888000000000000123e-01
2.071999999999999953e-01 9.888000000000000123e-01
2.136000000000000121e-01 9.839999999999999858e-01
2.183999999999999830e-01 9.856000000000000316e-01
2.727999999999999869e-01 9.583999999999999186e-01
3.079999999999999960e-01 9.279999999999999361e-01
3.095999999999999863e-01 9.295999999999999819e-01
3.311999999999999944e-01 9.095999999999999641e-01
3.327999999999999847e-01 8.983999999999999764e-01
3.424000000000000377e-01 8.871999999999999886e-01
3.599999999999999867e-01 8.504000000000000448e-01
3.664000000000000035e-01 8.456000000000000183e-01
3.840000000000000080e-01 8.184000000000000163e-01
3.903999999999999693e-01 8.135999999999999899e-01
4.056000000000000161e-01 7.887999999999999456e-01
4.215999999999999748e-01 8.064000000000000057e-01
4.264000000000000012e-01 8.064000000000000057e-01
4.319999999999999951e-01 7.992000000000000215e-01
4.288000000000000145e-01 7.863999999999999879e-01
4.159999999999999809e-01 7.767999999999999350e-01
4.159999999999999809e-01 7.703999999999999737e-01
4.208000000000000074e-01 7.640000000000000124e-01
4.208000000000000074e-01 7.543999999999999595e-01
4.239999999999999880e-01 7.511999999999999789e-01
4.208000000000000074e-01 7.496000000000000441e-01
4.239999999999999880e-01 7.463999999999999524e-01
4.223999999999999977e-01 7.239999999999999769e-01
4.192000000000000171e-01 7.192000000000000615e-01
4.175999999999999712e-01 6.824000000000000066e-01
4.143999999999999906e-01 6.792000000000000259e-01
4.175999999999999712e-01 6.759999999999999343e-01
4.128000000000000003e-01 6.648000000000000576e-01
4.143999999999999906e-01 6.503999999999999782e-01
4.112000000000000099e-01 6.488000000000000433e-01
4.143999999999999906e-01 6.455999999999999517e-01
4.128000000000000003e-01 6.295999999999999375e-01
4.159999999999999809e-01 6.231999999999999762e-01
4.159999999999999809e-01 6.039999999999999813e-01
4.192000000000000171e-01 6.008000000000000007e-01
4.175999999999999712e-01 5.959999999999999742e-01
4.208000000000000074e-01 5.927999999999999936e-01
4.175999999999999712e-01 5.911999999999999478e-01
4.208000000000000074e-01 5.896000000000000130e-01
4.272000000000000242e-01 5.544000000000000039e-01
4.319999999999999951e-01 5.480000000000000426e-01
4.415999999999999925e-01 5.128000000000000336e-01
4.600000000000000200e-01 4.944000000000000061e-01
4.663999999999999813e-01 4.928000000000000158e-01
5.071999999999999842e-01 4.567999999999999838e-01
5.111999999999999877e-01 4.495999999999999996e-01
5.168000000000000371e-01 4.471999999999999864e-01
5.151999999999999913e-01 4.455999999999999961e-01
5.360000000000000320e-01 4.215999999999999748e-01
5.360000000000000320e-01 4.152000000000000135e-01
5.423999999999999932e-01 4.087999999999999967e-01
5.407999999999999474e-01 4.056000000000000161e-01
5.472000000000000197e-01 3.960000000000000187e-01
5.704000000000000181e-01 3.775999999999999912e-01
5.927999999999999936e-01 3.664000000000000035e-01
5.976000000000000201e-01 3.679999999999999938e-01
6.216000000000000414e-01 3.536000000000000254e-01
6.248000000000000220e-01 3.551999999999999602e-01
6.728000000000000647e-01 3.344000000000000306e-01
6.775999999999999801e-01 3.296000000000000041e-01
6.967999999999999750e-01 3.247999999999999776e-01
7.047999999999999821e-01 3.184000000000000163e-01
7.144000000000000350e-01 3.167999999999999705e-01
7.383999999999999453e-01 3.008000000000000118e-01
7.496000000000000441e-01 2.992000000000000215e-01
7.720000000000000195e-01 2.832000000000000073e-01
7.847999999999999421e-01 2.912000000000000144e-01
7.983999999999999986e-01 2.823999999999999844e-01
7.880000000000000338e-01 2.720000000000000195e-01
7.807999999999999385e-01 2.696000000000000063e-01
8.015999999999999792e-01 2.455999999999999850e-01
8.447999999999999954e-01 1.799999999999999933e-01
8.431999999999999496e-01 1.768000000000000127e-01
8.608000000000000096e-01 1.480000000000000204e-01
8.591999999999999638e-01 1.431999999999999940e-01
8.624000000000000554e-01 1.416000000000000036e-01
8.608000000000000096e-01 1.384000000000000230e-01
8.639999999999999902e-01 1.351999999999999869e-01
8.624000000000000554e-01 1.255999999999999894e-01
8.655999999999999250e-01 1.224000000000000088e-01
8.624000000000000554e-01 1.208000000000000185e-01
8.655999999999999250e-01 1.175999999999999823e-01
8.639999999999999902e-01 1.079999999999999849e-01
8.671999999999999709e-01 1.048000000000000043e-01
8.639999999999999902e-01 1.032000000000000139e-01
8.671999999999999709e-01 9.999999999999997780e-02
8.671999999999999709e-01 7.760000000000000231e-02
8.704000000000000625e-01 7.119999999999998552e-02
8.704000000000000625e-01 5.520000000000002682e-02
8.639999999999999902e-01 4.559999999999997389e-02
8.655999999999999250e-01 3.920000000000001261e-02
8.608000000000000096e-01 1.679999999999998161e-02
8.575999999999999179e-01 1.519999999999999130e-02
8.591999999999999638e-01 1.200000000000001066e-02
