3.429530201342281814e-01 2.825503355704698238e-01
3.382550335570470024e-01 2.832214765100671272e-01
3.382550335570470024e-01 3.046979865771811680e-01
3.395973154362416091e-01 3.060402684563758302e-01
3.382550335570470024e-01 3.114093959731543682e-01
3.395973154362416091e-01 3.127516778523490304e-01
3.382550335570470024e-01 3.140939597315436371e-01
3.395973154362416091e-01 3.275167785234899265e-01
3.382550335570470024e-01 3.516778523489932917e-01
3.288590604026845332e-01 3.637583892617449743e-01
3.288590604026845332e-01 3.677852348993288500e-01
3.234899328859060508e-01 3.691275167785235123e-01
3.234899328859060508e-01 3.664429530201341878e-01
3.167785234899328506e-01 3.610738255033557054e-01
3.174496644295302095e-01 3.590604026845637398e-01
3.208053691275167818e-01 3.583892617449664364e-01
3.208053691275167818e-01 3.543624161073825607e-01
3.187919463087248717e-01 3.523489932885905951e-01
3.120805369127516715e-01 3.536912751677852018e-01
3.053691275167785268e-01 3.523489932885905951e-01
2.979865771812080233e-01 3.583892617449664364e-01
2.953020134228188098e-01 3.651006711409395811e-01
2.966442953020134166e-01 3.731543624161073880e-01
2.953020134228188098e-01 3.785234899328859259e-01
2.966442953020134166e-01 3.838926174496644084e-01
2.999999999999999889e-01 3.872483221476510362e-01
3.167785234899328506e-01 3.865771812080536773e-01
3.167785234899328506e-01 3.973154362416107532e-01
3.140939597315436371e-01 4.040268456375838979e-01
3.140939597315436371e-01 4.120805369127517048e-01
3.073825503355704925e-01 4.322147651006711389e-01
3.033557046979865612e-01 4.375838926174496768e-01
3.006711409395973478e-01 4.469798657718120904e-01
2.979865771812080233e-01 4.483221476510066972e-01
2.946308724832215065e-01 4.570469798657718075e-01
2.926174496644295409e-01 4.577181208053691108e-01
2.926174496644295409e-01 4.604026845637583798e-01
2.798657718120804994e-01 4.771812080536912970e-01
2.637583892617449965e-01 4.919463087248321931e-01
2.536912751677852240e-01 4.979865771812080344e-01
2.530201342281879207e-01 5.000000000000000000e-01
2.395973154362416313e-01 5.067114093959731447e-01
2.194630872483221418e-01 5.120805369127516826e-01
2.154362416107382661e-01 5.093959731543624692e-01
2.073825503355704591e-01 5.093959731543624692e-01
1.953020134228187765e-01 5.308724832214765099e-01
1.906040268456375975e-01 5.328859060402684200e-01
1.919463087248322042e-01 5.382550335570469580e-01
1.852348993288590595e-01 5.463087248322147094e-01
1.852348993288590595e-01 5.503355704697986406e-01
1.791946308724832182e-01 5.523489932885905507e-01
1.785234899328859148e-01 5.557046979865771785e-01
1.758389261744966459e-01 5.570469798657717853e-01
1.704697986577181079e-01 5.664429530201342544e-01
1.483221476510067083e-01 5.872483221476509918e-01
1.375838926174496879e-01 5.912751677852349230e-01
1.362416107382550257e-01 5.939597315436241365e-01
1.174496644295301984e-01 5.993288590604026744e-01
1.067114093959731780e-01 5.993288590604026744e-01
1.046979865771812124e-01 6.053691275167785157e-01
1.046979865771812124e-01 6.147651006711409849e-01
9.530201342281879873e-02 6.375838926174496324e-01
7.852348993288588153e-02 6.503355704697986184e-01
7.449664429530200582e-02 6.503355704697986184e-01
7.181208053691273685e-02 6.530201342281879429e-01
5.973154362416105423e-02 6.557046979865771563e-01
5.302013422818790955e-02 6.597315436241610875e-01
4.362416107382549590e-02 6.597315436241610875e-01
3.422818791946308226e-02 6.624161073825503010e-01
2.214765100671139963e-02 6.597315436241610875e-01
8.724832214765110283e-03 6.597315436241610875e-01
7.382550335570448041e-03 6.610738255033556943e-01
2.013422818791965607e-03 6.597315436241610875e-01
0.000000000000000000e+00 6.617449664429529976e-01
0.000000000000000000e+00 6.657718120805369288e-01
6.040268456375841311e-03 6.731543624161073769e-01
2.617449664429527534e-02 6.852348993288590595e-01
2.885906040268454431e-02 6.852348993288590595e-01
3.557046979865774450e-02 6.906040268456375975e-01
6.241610738255032320e-02 7.040268456375838868e-01
6.644295302013425442e-02 7.040268456375838868e-01
7.046979865771813012e-02 7.067114093959732113e-01
9.328859060402683312e-02 7.120805369127516382e-01
1.013422818791946400e-01 7.120805369127516382e-01
1.107382550335570537e-01 7.161073825503355694e-01
1.496644295302013150e-01 7.161073825503355694e-01
1.510067114093959773e-01 7.174496644295301762e-01
1.684563758389261978e-01 7.174496644295301762e-01
1.778523489932886115e-01 7.147651006711409627e-01
1.832214765100670939e-01 7.107382550335570315e-01
1.872483221476510251e-01 7.107382550335570315e-01
2.208053691275168040e-01 6.959731543624161354e-01
2.315436241610738244e-01 6.946308724832215287e-01
2.583892617449664586e-01 6.865771812080536662e-01
2.637583892617449965e-01 6.865771812080536662e-01
2.744966442953020169e-01 6.825503355704698460e-01
2.825503355704698238e-01 6.825503355704698460e-01
2.879194630872483618e-01 6.798657718120805216e-01
2.899328859060402719e-01 6.926174496644295075e-01
2.885906040268456652e-01 6.979865771812080455e-01
2.919463087248321820e-01 7.013422818791945623e-01
2.999999999999999889e-01 6.999999999999999556e-01
3.006711409395973478e-01 6.966442953020134388e-01
3.033557046979865612e-01 6.953020134228188320e-01
3.006711409395973478e-01 6.765100671140940047e-01
3.067114093959731891e-01 6.718120805369127702e-01
3.147651006711409405e-01 6.691275167785235567e-01
3.328859060402684644e-01 6.469798657718121015e-01
3.530201342281878985e-01 6.174496644295301984e-01
3.530201342281878985e-01 6.147651006711409849e-01
3.570469798657718297e-01 6.107382550335570537e-01
3.570469798657718297e-01 6.080536912751677292e-01
3.677852348993288500e-01 5.932885906040268331e-01
3.718120805369127257e-01 5.906040268456376197e-01
3.791946308724832293e-01 5.805369127516778471e-01
4.033557046979865945e-01 5.590604026845638064e-01
4.261744966442952975e-01 5.442953020134227993e-01
4.288590604026845665e-01 5.402684563758388681e-01
4.315436241610738355e-01 5.402684563758388681e-01
4.436241610738255181e-01 5.308724832214765099e-01
4.637583892617449521e-01 5.201342281879194340e-01
4.758389261744966348e-01 5.187919463087248273e-01
4.865771812080537106e-01 5.214765100671140408e-01
5.134228187919462894e-01 5.214765100671140408e-01
5.147651006711408961e-01 5.201342281879194340e-01
5.348993288590604411e-01 5.201342281879194340e-01
5.604026845637584131e-01 5.161073825503356138e-01
5.644295302013422333e-01 5.134228187919462894e-01
5.684563758389261645e-01 5.134228187919462894e-01
5.738255033557047025e-01 5.093959731543624692e-01
5.791946308724832404e-01 5.093959731543624692e-01
5.818791946308724539e-01 5.053691275167785379e-01
5.872483221476509918e-01 5.053691275167785379e-01
5.912751677852349230e-01 5.026845637583892135e-01
6.087248322147651436e-01 5.026845637583892135e-01
6.355704697986577223e-01 5.093959731543624692e-01
6.382550335570469358e-01 5.120805369127516826e-01
6.610738255033556943e-01 5.161073825503356138e-01
6.637583892617449077e-01 5.187919463087248273e-01
6.771812080536913081e-01 5.214765100671140408e-01
6.946308724832215287e-01 5.281879194630872965e-01
7.093959731543624248e-01 5.308724832214765099e-01
7.134228187919462449e-01 5.335570469798657234e-01
7.174496644295301762e-01 5.335570469798657234e-01
7.255033557046979276e-01 5.375838926174496546e-01
7.308724832214765765e-01 5.375838926174496546e-01
7.456375838926174726e-01 5.429530201342281925e-01
7.604026845637583687e-01 5.442953020134227993e-01
7.738255033557046580e-01 5.496644295302013372e-01
7.966442953020134166e-01 5.523489932885905507e-01
8.000000000000000444e-01 5.583892617449663920e-01
8.000000000000000444e-01 5.637583892617449299e-01
8.020134228187919545e-01 5.657718120805369511e-01
8.127516778523489194e-01 5.657718120805369511e-01
8.120805369127517270e-01 5.530201342281879651e-01
8.093959731543624025e-01 5.503355704697986406e-01
8.114093959731543126e-01 5.469798657718121238e-01
8.248322147651006020e-01 5.456375838926174060e-01
8.691275167785235123e-01 5.335570469798657234e-01
8.731543624161073325e-01 5.308724832214765099e-01
8.771812080536912637e-01 5.308724832214765099e-01
8.812080536912751949e-01 5.281879194630872965e-01
8.852348993288590151e-01 5.281879194630872965e-01
8.892617449664429463e-01 5.255033557046979720e-01
8.973154362416106977e-01 5.241610738255033652e-01
9.000000000000000222e-01 5.214765100671140408e-01
9.268456375838926009e-01 5.120805369127516826e-01
9.536912751677852906e-01 4.852348993288590484e-01
9.704697986577180968e-01 4.711409395973154557e-01
9.825503355704697794e-01 4.577181208053691108e-01
9.838926174496644972e-01 4.483221476510066972e-01
9.865771812080537106e-01 4.469798657718120904e-01
1.000000000000000000e+00 4.201342281879194562e-01
1.000000000000000000e+00 4.134228187919463116e-01
9.953020134228187654e-01 4.127516778523490082e-01
9.912751677852349452e-01 4.167785234899328839e-01
9.885906040268456207e-01 4.167785234899328839e-01
9.845637583892616895e-01 4.208053691275167596e-01
9.785234899328858482e-01 4.228187919463087252e-01
9.671140939597315800e-01 4.315436241610738355e-01
9.617449664429530420e-01 4.302013422818792288e-01
9.416107382550336080e-01 4.382550335570469802e-01
9.322147651006711389e-01 4.449664429530201248e-01
9.241610738255032764e-01 4.463087248322147871e-01
9.161073825503356360e-01 4.503355704697986628e-01
8.932885906040268775e-01 4.503355704697986628e-01
8.852348993288590151e-01 4.476510067114093938e-01
8.704697986577181190e-01 4.463087248322147871e-01
8.624161073825502566e-01 4.395973154362415869e-01
8.597315436241610431e-01 4.395973154362415869e-01
8.583892617449664364e-01 4.369127516778523734e-01
8.530201342281878985e-01 4.355704697986577112e-01
8.503355704697986850e-01 4.288590604026845665e-01
8.469798657718120571e-01 4.281879194630872631e-01
8.469798657718120571e-01 4.241610738255033874e-01
8.402684563758389125e-01 4.187919463087248495e-01
8.382550335570470024e-01 4.140939597315436149e-01
8.342281879194630712e-01 4.140939597315436149e-01
8.315436241610738577e-01 4.181208053691275461e-01
8.234899328859059953e-01 4.234899328859060286e-01
8.167785234899329616e-01 4.234899328859060286e-01
8.154362416107382439e-01 4.261744966442952975e-01
8.033557046979865612e-01 4.315436241610738355e-01
7.939597315436242031e-01 4.328859060402684422e-01
7.859060402684563407e-01 4.315436241610738355e-01
7.845637583892617339e-01 4.328859060402684422e-01
7.697986577181208379e-01 4.328859060402684422e-01
7.402684563758389347e-01 4.261744966442952975e-01
7.375838926174496102e-01 4.234899328859060286e-01
7.335570469798657900e-01 4.234899328859060286e-01
7.322147651006711833e-01 4.208053691275167596e-01
7.295302013422818588e-01 4.208053691275167596e-01
7.281879194630872520e-01 4.181208053691275461e-01
7.214765100671141074e-01 4.167785234899328839e-01
7.174496644295301762e-01 4.114093959731543459e-01
7.080536912751678180e-01 4.073825503355704702e-01
7.053691275167784935e-01 4.033557046979865945e-01
6.986577181208053489e-01 4.020134228187919323e-01
6.973154362416107421e-01 3.993288590604027188e-01
6.926174496644295075e-01 3.973154362416107532e-01
6.879194630872482730e-01 3.912751677852349119e-01
6.825503355704698460e-01 3.899328859060402497e-01
6.812080536912751283e-01 3.859060402684563740e-01
6.785234899328859148e-01 3.859060402684563740e-01
6.718120805369127702e-01 3.778523489932885671e-01
6.664429530201342322e-01 3.778523489932885671e-01
6.644295302013423221e-01 3.825503355704698016e-01
6.570469798657718741e-01 3.859060402684563740e-01
6.302013422818791843e-01 3.885906040268456429e-01
5.885906040268455985e-01 3.818791946308724983e-01
5.872483221476509918e-01 3.832214765100671050e-01
5.845637583892617783e-01 3.805369127516778360e-01
5.711409395973154890e-01 3.778523489932885671e-01
5.644295302013422333e-01 3.697986577181208157e-01
5.469798657718121238e-01 3.671140939597315467e-01
5.295302013422819032e-01 3.711409395973154224e-01
5.181208053691275239e-01 3.637583892617449743e-01
5.114093959731543793e-01 3.557046979865771674e-01
5.100671140939597725e-01 3.436241610738255403e-01
5.013422818791946067e-01 3.389261744966443057e-01
4.959731543624161243e-01 3.389261744966443057e-01
4.838926174496644417e-01 3.483221476510067194e-01
4.785234899328859037e-01 3.496644295302013816e-01
4.744966442953020280e-01 3.483221476510067194e-01
4.718120805369127591e-01 3.442953020134228437e-01
4.624161073825503454e-01 3.416107382550335192e-01
4.422818791946308559e-01 3.402684563758389125e-01
4.369127516778523734e-01 3.375838926174496990e-01
4.181208053691275461e-01 3.362416107382550368e-01
4.140939597315436149e-01 3.335570469798657678e-01
4.100671140939597392e-01 3.335570469798657678e-01
3.879194630872483396e-01 3.234899328859060508e-01
3.872483221476510362e-01 3.214765100671140852e-01
3.664429530201341878e-01 3.073825503355704925e-01
3.630872483221476710e-01 3.026845637583892579e-01
3.604026845637584020e-01 3.026845637583892579e-01
