3.333333333333333703e-01 0.000000000000000000e+00
3.166666666666666519e-01 0.000000000000000000e+00
3.020833333333333703e-01 1.458333333333333703e-02
3.104166666666666741e-01 8.541666666666664076e-02
3.187499999999999778e-01 9.375000000000000000e-02
3.229166666666666297e-01 1.520833333333333481e-01
3.145833333333333259e-01 1.687500000000000111e-01
3.145833333333333259e-01 2.895833333333333037e-01
3.229166666666666297e-01 3.187499999999999778e-01
3.187499999999999778e-01 3.354166666666666963e-01
3.312499999999999889e-01 3.729166666666666741e-01
3.520833333333333037e-01 3.937499999999999889e-01
3.562500000000000111e-01 4.687500000000000000e-01
3.604166666666666630e-01 4.729166666666666519e-01
3.458333333333333259e-01 4.749999999999999778e-01
3.354166666666666963e-01 4.645833333333333481e-01
3.354166666666666963e-01 4.562499999999999889e-01
3.229166666666666297e-01 4.395833333333333259e-01
3.062500000000000222e-01 3.979166666666666963e-01
3.062500000000000222e-01 3.854166666666666852e-01
2.979166666666666630e-01 3.812499999999999778e-01
2.979166666666666630e-01 3.687500000000000222e-01
2.770833333333333481e-01 3.562500000000000111e-01
2.770833333333333481e-01 3.395833333333333481e-01
2.520833333333333259e-01 3.187499999999999778e-01
2.500000000000000000e-01 2.999999999999999889e-01
2.312500000000000111e-01 3.020833333333333703e-01
2.312500000000000111e-01 3.354166666666666963e-01
2.437500000000000222e-01 3.520833333333333037e-01
2.437500000000000222e-01 3.604166666666666630e-01
2.562499999999999778e-01 3.729166666666666741e-01
2.562499999999999778e-01 3.812499999999999778e-01
2.687499999999999889e-01 3.895833333333333370e-01
2.687499999999999889e-01 3.979166666666666963e-01
2.770833333333333481e-01 4.020833333333333481e-01
2.895833333333333037e-01 4.479166666666666852e-01
3.166666666666666519e-01 4.874999999999999889e-01
3.312499999999999889e-01 4.979166666666666741e-01
3.354166666666666963e-01 5.104166666666666297e-01
3.541666666666666297e-01 5.250000000000000222e-01
3.666666666666666963e-01 5.250000000000000222e-01
3.729166666666666741e-01 5.312500000000000000e-01
3.729166666666666741e-01 5.437499999999999556e-01
3.958333333333333148e-01 5.749999999999999556e-01
4.187500000000000111e-01 5.812500000000000444e-01
3.750000000000000000e-01 6.041666666666666297e-01
3.479166666666666519e-01 6.354166666666666297e-01
3.354166666666666963e-01 7.354166666666666075e-01
3.104166666666666741e-01 7.604166666666667407e-01
3.104166666666666741e-01 7.687500000000000444e-01
2.895833333333333037e-01 7.895833333333333037e-01
2.833333333333333259e-01 8.125000000000000000e-01
2.687499999999999889e-01 8.187499999999999778e-01
2.708333333333333703e-01 8.333333333333332593e-01
2.833333333333333259e-01 8.333333333333332593e-01
2.874999999999999778e-01 8.416666666666666741e-01
3.104166666666666741e-01 8.395833333333333481e-01
3.104166666666666741e-01 8.145833333333333259e-01
3.395833333333333481e-01 7.770833333333333481e-01
3.520833333333333037e-01 7.687500000000000444e-01
3.562500000000000111e-01 7.520833333333333259e-01
3.729166666666666741e-01 7.437500000000000222e-01
3.729166666666666741e-01 7.187500000000000000e-01
3.812499999999999778e-01 7.145833333333333481e-01
3.770833333333333259e-01 6.479166666666666963e-01
4.000000000000000222e-01 6.374999999999999556e-01
4.020833333333333481e-01 6.645833333333333037e-01
4.104166666666666519e-01 6.812500000000000222e-01
4.395833333333333259e-01 7.104166666666666963e-01
4.312500000000000222e-01 7.312499999999999556e-01
4.312500000000000222e-01 7.520833333333333259e-01
4.187500000000000111e-01 7.687500000000000444e-01
4.187500000000000111e-01 7.854166666666666519e-01
4.104166666666666519e-01 8.020833333333332593e-01
4.062500000000000000e-01 8.354166666666666963e-01
3.937499999999999889e-01 8.520833333333333037e-01
3.854166666666666852e-01 8.812499999999999778e-01
3.583333333333333370e-01 9.250000000000000444e-01
3.020833333333333703e-01 9.687500000000000000e-01
3.020833333333333703e-01 9.895833333333332593e-01
3.333333333333333703e-01 9.875000000000000444e-01
3.812499999999999778e-01 9.395833333333333259e-01
3.875000000000000111e-01 9.250000000000000444e-01
3.979166666666666963e-01 9.187499999999999556e-01
3.979166666666666963e-01 9.062500000000000000e-01
4.104166666666666519e-01 8.895833333333333925e-01
4.104166666666666519e-01 8.729166666666666741e-01
4.187500000000000111e-01 8.687500000000000222e-01
4.229166666666666630e-01 8.479166666666666519e-01
4.312500000000000222e-01 8.395833333333333481e-01
4.354166666666666741e-01 7.979166666666666075e-01
4.458333333333333037e-01 7.791666666666666741e-01
4.520833333333333370e-01 7.854166666666666519e-01
4.395833333333333259e-01 7.979166666666666075e-01
4.395833333333333259e-01 8.312500000000000444e-01
4.541666666666666630e-01 8.499999999999999778e-01
4.729166666666666519e-01 8.479166666666666519e-01
4.729166666666666519e-01 8.312500000000000444e-01
4.645833333333333481e-01 8.229166666666667407e-01
4.666666666666666741e-01 8.083333333333333481e-01
4.749999999999999778e-01 8.249999999999999556e-01
5.041666666666666519e-01 8.208333333333333037e-01
5.124999999999999556e-01 8.041666666666666963e-01
5.187500000000000444e-01 8.104166666666666741e-01
5.104166666666666297e-01 8.395833333333333481e-01
5.166666666666667185e-01 8.458333333333333259e-01
5.291666666666666741e-01 8.458333333333333259e-01
5.395833333333333037e-01 8.312500000000000444e-01
5.416666666666666297e-01 8.000000000000000444e-01
5.520833333333333703e-01 8.104166666666666741e-01
5.520833333333333703e-01 8.270833333333333925e-01
5.604166666666666741e-01 8.312500000000000444e-01
5.604166666666666741e-01 8.520833333333333037e-01
5.687499999999999778e-01 8.562499999999999556e-01
5.687499999999999778e-01 8.729166666666666741e-01
5.812500000000000444e-01 8.770833333333333259e-01
5.812500000000000444e-01 8.937500000000000444e-01
5.937500000000000000e-01 9.104166666666666519e-01
5.937500000000000000e-01 9.229166666666666075e-01
6.020833333333333037e-01 9.270833333333332593e-01
6.062499999999999556e-01 9.437499999999999778e-01
6.229166666666666741e-01 9.562500000000000444e-01
6.291666666666666519e-01 9.708333333333333259e-01
6.583333333333333259e-01 1.000000000000000000e+00
6.791666666666666963e-01 1.000000000000000000e+00
6.812500000000000222e-01 9.812499999999999556e-01
6.520833333333333481e-01 9.562500000000000444e-01
6.520833333333333481e-01 9.479166666666667407e-01
6.395833333333333925e-01 9.395833333333333259e-01
6.395833333333333925e-01 9.312500000000000222e-01
6.187500000000000222e-01 9.104166666666666519e-01
6.187500000000000222e-01 9.020833333333333481e-01
6.062499999999999556e-01 8.854166666666667407e-01
5.979166666666666519e-01 8.562499999999999556e-01
5.854166666666666963e-01 8.395833333333333481e-01
5.854166666666666963e-01 8.270833333333333925e-01
5.625000000000000000e-01 7.750000000000000222e-01
5.562500000000000222e-01 7.729166666666666963e-01
5.562500000000000222e-01 7.645833333333333925e-01
5.437499999999999556e-01 7.562499999999999778e-01
5.437499999999999556e-01 7.145833333333333481e-01
5.812500000000000444e-01 6.645833333333333037e-01
5.812500000000000444e-01 6.395833333333333925e-01
5.875000000000000222e-01 6.374999999999999556e-01
5.979166666666666519e-01 6.520833333333333481e-01
6.020833333333333037e-01 6.895833333333333259e-01
5.979166666666666519e-01 7.145833333333333481e-01
6.104166666666666075e-01 7.187500000000000000e-01
6.166666666666666963e-01 7.375000000000000444e-01
6.270833333333333259e-01 7.395833333333333703e-01
6.270833333333333259e-01 7.645833333333333925e-01
6.395833333333333925e-01 7.687500000000000444e-01
6.395833333333333925e-01 7.895833333333333037e-01
6.479166666666666963e-01 7.937499999999999556e-01
6.541666666666666741e-01 8.083333333333333481e-01
6.624999999999999778e-01 8.083333333333333481e-01
6.687499999999999556e-01 8.354166666666666963e-01
6.750000000000000444e-01 8.416666666666666741e-01
6.875000000000000000e-01 8.416666666666666741e-01
7.062500000000000444e-01 8.312500000000000444e-01
7.062500000000000444e-01 8.145833333333333259e-01
6.937499999999999778e-01 8.062500000000000222e-01
6.937499999999999778e-01 7.979166666666666075e-01
6.812500000000000222e-01 7.895833333333333037e-01
6.812500000000000222e-01 7.770833333333333481e-01
6.729166666666666075e-01 7.729166666666666963e-01
6.666666666666666297e-01 7.541666666666666519e-01
6.604166666666666519e-01 7.520833333333333259e-01
6.604166666666666519e-01 7.437500000000000222e-01
6.520833333333333481e-01 7.354166666666666075e-01
6.520833333333333481e-01 7.187500000000000000e-01
6.437500000000000444e-01 7.062500000000000444e-01
6.312499999999999778e-01 6.479166666666666963e-01
6.187500000000000222e-01 6.270833333333333259e-01
6.187500000000000222e-01 6.145833333333333703e-01
5.875000000000000222e-01 5.875000000000000222e-01
5.687499999999999778e-01 5.812500000000000444e-01
5.958333333333333259e-01 5.708333333333333037e-01
6.145833333333333703e-01 5.520833333333333703e-01
6.187500000000000222e-01 5.354166666666666519e-01
6.291666666666666519e-01 5.250000000000000222e-01
6.374999999999999556e-01 5.250000000000000222e-01
6.645833333333333037e-01 4.979166666666666741e-01
6.645833333333333037e-01 4.895833333333333148e-01
7.062500000000000444e-01 4.187500000000000111e-01
7.062500000000000444e-01 3.979166666666666963e-01
7.229166666666666519e-01 3.854166666666666852e-01
7.229166666666666519e-01 3.770833333333333259e-01
7.354166666666666075e-01 3.687500000000000222e-01
7.437500000000000222e-01 3.479166666666666519e-01
7.687500000000000444e-01 3.187499999999999778e-01
7.687500000000000444e-01 3.062500000000000222e-01
7.416666666666666963e-01 2.999999999999999889e-01
7.187500000000000000e-01 3.312499999999999889e-01
7.187500000000000000e-01 3.395833333333333481e-01
7.104166666666666963e-01 3.437500000000000000e-01
7.041666666666666075e-01 3.583333333333333370e-01
6.958333333333333037e-01 3.583333333333333370e-01
6.937499999999999778e-01 3.687500000000000222e-01
6.812500000000000222e-01 3.770833333333333259e-01
6.604166666666666519e-01 4.395833333333333259e-01
6.520833333333333481e-01 4.479166666666666852e-01
6.520833333333333481e-01 4.562499999999999889e-01
6.437500000000000444e-01 4.645833333333333481e-01
6.437500000000000444e-01 4.729166666666666519e-01
6.333333333333333037e-01 4.749999999999999778e-01
6.312499999999999778e-01 4.604166666666666963e-01
6.354166666666666297e-01 4.562499999999999889e-01
6.354166666666666297e-01 4.062500000000000000e-01
6.312499999999999778e-01 4.020833333333333481e-01
6.520833333333333481e-01 3.854166666666666852e-01
6.687499999999999556e-01 3.520833333333333037e-01
6.687499999999999556e-01 1.895833333333333259e-01
6.729166666666666075e-01 1.729166666666666630e-01
6.604166666666666519e-01 1.562500000000000000e-01
6.687499999999999556e-01 1.395833333333333370e-01
6.770833333333333703e-01 8.541666666666664076e-02
6.854166666666666741e-01 7.708333333333333703e-02
6.854166666666666741e-01 4.791666666666666297e-02
6.979166666666666297e-01 3.541666666666665186e-02
6.979166666666666297e-01 1.874999999999998890e-02
6.875000000000000000e-01 1.666666666666666297e-02
6.791666666666666963e-01 4.166666666666651864e-03
6.604166666666666519e-01 6.249999999999977796e-03
6.645833333333333037e-01 3.958333333333335924e-02
6.562500000000000000e-01 4.791666666666666297e-02
6.562500000000000000e-01 6.458333333333332593e-02
6.437500000000000444e-01 7.291666666666668517e-02
6.354166666666666297e-01 1.395833333333333370e-01
6.229166666666666741e-01 1.479166666666666408e-01
6.270833333333333259e-01 1.812500000000000222e-01
6.354166666666666297e-01 1.979166666666666852e-01
6.437500000000000444e-01 2.645833333333333370e-01
6.437500000000000444e-01 3.229166666666666297e-01
6.354166666666666297e-01 3.270833333333333370e-01
6.250000000000000000e-01 3.458333333333333259e-01
6.229166666666666741e-01 3.270833333333333370e-01
6.145833333333333703e-01 3.145833333333333259e-01
6.104166666666666075e-01 2.895833333333333037e-01
5.895833333333333481e-01 2.562499999999999778e-01
5.583333333333333481e-01 2.249999999999999778e-01
5.208333333333333703e-01 2.041666666666666630e-01
4.666666666666666741e-01 2.041666666666666630e-01
4.208333333333333370e-01 2.291666666666666852e-01
3.854166666666666852e-01 2.687499999999999889e-01
3.791666666666666519e-01 2.833333333333333259e-01
3.729166666666666741e-01 2.854166666666666519e-01
3.645833333333333703e-01 3.145833333333333259e-01
3.437500000000000000e-01 3.104166666666666741e-01
3.437500000000000000e-01 2.312500000000000111e-01
3.604166666666666630e-01 1.437499999999999889e-01
3.520833333333333037e-01 1.354166666666666852e-01
3.479166666666666519e-01 8.541666666666664076e-02
3.395833333333333481e-01 8.124999999999998890e-02
3.395833333333333481e-01 2.708333333333334814e-02
3.312499999999999889e-01 2.291666666666664076e-02
