3.477608361039682405e-01 2.719174058267825878e-03
3.406433801970983888e-01 1.816302671930331014e-02
3.414286090153048625e-01 5.902983683773571633e-02
3.301654039696431120e-01 1.271411870351230600e-01
3.205162960250133031e-01 1.548992650719154818e-01
3.063264314005575972e-01 1.566561054539909459e-01
2.834043423918214399e-01 2.883380491689398473e-01
2.808706742560794778e-01 3.632605343860659808e-01
2.883863882682099478e-01 3.836939394452821839e-01
3.163600389027533266e-01 4.200199928838887486e-01
3.137051610052745687e-01 4.865757134780024362e-01
2.955421342859712031e-01 4.840016031698828325e-01
2.914743730936272814e-01 4.790498297216244650e-01
2.765582784745456157e-01 4.177496145439758557e-01
2.717709342046442655e-01 3.836939394452821839e-01
2.715017571867320845e-01 3.155825892478948402e-01
2.682975942070162656e-01 3.108593914514687917e-01
2.569457025074517453e-01 3.140419753743824427e-01
2.357263972536502994e-01 1.997932939123363005e-01
2.413857819882210265e-01 1.816302671930329904e-01
2.297011624284968079e-01 1.721831844396665145e-01
2.208797965869601643e-01 1.748191321732942560e-01
2.175633705343469892e-01 2.043340505921620864e-01
2.282516131807062476e-01 2.383897256908558138e-01
2.414375536856272486e-01 3.269344809474593605e-01
2.299509040458871945e-01 3.382863726470239363e-01
2.294964561847341322e-01 3.473678860066755636e-01
2.390618206660065637e-01 3.700716694058047151e-01
2.634404733322845971e-01 4.608868030023212103e-01
2.844648851275252133e-01 4.994832347808407236e-01
2.862559146825569556e-01 5.108351264804052994e-01
2.991878379664082988e-01 5.312685315396215024e-01
3.231312853629486614e-01 5.562426932786634914e-01
3.389539652854350882e-01 5.925687467172701117e-01
3.407449948404668305e-01 6.107317734365733664e-01
3.523015927837940264e-01 6.252490964754395808e-01
3.776687046201286924e-01 6.402466918554412523e-01
3.523015927837940264e-01 6.489896400240533492e-01
3.409497010842295062e-01 6.582597879296560039e-01
3.205162960250133031e-01 6.628917585733656859e-01
2.878359462668437230e-01 6.901950153335253413e-01
2.744946104954670840e-01 7.128987987326544928e-01
2.569457025074517453e-01 7.568030069004298976e-01
2.450352256607657431e-01 7.651175005506514193e-01
2.533707037781858240e-01 7.832805272699547849e-01
2.426316765675320397e-01 8.014435539892580396e-01
2.435199075166205596e-01 8.105250673489097224e-01
2.527145428739776545e-01 8.196065807085612942e-01
2.556410821180987725e-01 8.286880940682129770e-01
2.527495568256484249e-01 8.377696074278646599e-01
2.363448105215206207e-01 8.582030124870808629e-01
2.368197445150987401e-01 8.650141475068195973e-01
2.410530541280613281e-01 8.678521204317106719e-01
2.569457025074517453e-01 8.629481032174988187e-01
2.605834678020849116e-01 8.650141475068195973e-01
2.678935438244893774e-01 9.081513359651649520e-01
2.732885121094110747e-01 9.149624709849035753e-01
2.768898018899625946e-01 9.285847410243810440e-01
2.823700254690627021e-01 9.353958760441198894e-01
2.884929757305965126e-01 9.603700377831618784e-01
3.000828909657971000e-01 9.787258324747218907e-01
3.159755393451874617e-01 9.913503822214281280e-01
3.318681877245778233e-01 9.973772047237423610e-01
3.377662358032646472e-01 9.944257128818555502e-01
3.369097631558550243e-01 9.717219294827263987e-01
3.189774840390723343e-01 9.671811728029006128e-01
2.999458853763195543e-01 9.376662543840328379e-01
2.932514847108805278e-01 8.809067958862100145e-01
2.896580704216969449e-01 8.740956608664711691e-01
2.893845930307528680e-01 8.582030124870808629e-01
2.955421342859712031e-01 8.581375208041986946e-01
3.091644043254486718e-01 8.721293510542251770e-01
3.182459176851003546e-01 8.742781019830714317e-01
3.206837829517281691e-01 8.672845258467325458e-01
3.043490051045043554e-01 8.354992290879517114e-01
3.012858526235121515e-01 8.150658240287355083e-01
3.038028185535005532e-01 7.605767438708256334e-01
3.159755393451874617e-01 7.097023450172507131e-01
3.409497010842295062e-01 7.205069814674689432e-01
3.672991881637956979e-01 7.673878788905643678e-01
4.082640035665410227e-01 8.014435539892580396e-01
4.100121557213101120e-01 8.536622558072550770e-01
3.954387812421393811e-01 8.576531552328832131e-01
3.591127278035327608e-01 8.515883525159884115e-01
3.543339475880709633e-01 8.582030124870808629e-01
3.513759769990603132e-01 8.877179309059486378e-01
3.545719711237069749e-01 8.925972527768141207e-01
3.613831061434457093e-01 8.927316830732563435e-01
3.660913497499863611e-01 8.877179309059486378e-01
3.689632402783162290e-01 8.695549041866453832e-01
4.101479345294475332e-01 8.763660392063841176e-01
3.840868895425748053e-01 9.191752841267419871e-01
3.645822756224138539e-01 9.308551193642939925e-01
3.627216127766779152e-01 9.376662543840328379e-01
3.658260016879304466e-01 9.490181460835973581e-01
3.840868895425748053e-01 9.703466041422023070e-01
4.136018079614426912e-01 9.836946277596110288e-01
4.227420380022989810e-01 9.762626861625522956e-01
4.452500991307459244e-01 9.240439843445553691e-01
4.817131581588300349e-01 8.692035361102303792e-01
4.862539148386558763e-01 8.667725777896932993e-01
4.956800391963300245e-01 8.786364175462970660e-01
5.340688655663046180e-01 9.490181460835973581e-01
5.452837516763915371e-01 9.794695955676793186e-01
5.634467783956949027e-01 9.818369732806966343e-01
5.725282917553464745e-01 9.788371330301322004e-01
6.044810754408421749e-01 9.490181460835973581e-01
6.049802869155302965e-01 9.353958760441198894e-01
6.020432101742143605e-01 9.311152668824090872e-01
5.884209401347368917e-01 9.271496905642475639e-01
5.784007126537751287e-01 9.172328493248165238e-01
5.633890569124767600e-01 8.899883092458615863e-01
5.622710467553828639e-01 8.763660392063841176e-01
5.997728318343015230e-01 8.737172644764856777e-01
6.043135885141273089e-01 8.950966605106656093e-01
6.133951018737789918e-01 8.972724397530822404e-01
6.181033454803196436e-01 8.922586875857745348e-01
6.182421794407358950e-01 8.763660392063841176e-01
6.142028326293248464e-01 8.672845258467325458e-01
6.043135885141273089e-01 8.602686845832310247e-01
5.702579134154336371e-01 8.585142740336817457e-01
5.632701934137016586e-01 8.536622558072550770e-01
5.710438136100188800e-01 8.286880940682129770e-01
5.656584400544031332e-01 8.105250673489097224e-01
5.997728318343015230e-01 7.841755802693435307e-01
6.319027395911047673e-01 7.424137171515223788e-01
6.429100202926467666e-01 7.214694769658256401e-01
6.678841820316888667e-01 7.161515523157988561e-01
6.750489005633812933e-01 7.265210687721319616e-01
6.803034904134512839e-01 7.492248521712610021e-01
6.772403379324589690e-01 8.218769590484742427e-01
6.631609842352629292e-01 8.695549041866453832e-01
6.656138036917759182e-01 8.720077236431584833e-01
6.724249387115146526e-01 8.702449211330895995e-01
6.860472087509921213e-01 8.586949277940619796e-01
6.879520176971902767e-01 8.786364175462970660e-01
6.823272811632886681e-01 9.104217143050779004e-01
6.762739394908983126e-01 9.240439843445553691e-01
6.780825750585557365e-01 9.353958760441198894e-01
6.542619119922113979e-01 9.708344179498513693e-01
6.451803986325597151e-01 9.719266357264890743e-01
6.360988852729081433e-01 9.667081773154186930e-01
6.290686786589672064e-01 9.694515511428135612e-01
6.320176099237789780e-01 9.785330645024652441e-01
6.428646127258484944e-01 9.853441995222038674e-01
6.337654408679975759e-01 9.966960912217684987e-01
6.497211553123856120e-01 1.000000000000000000e+00
6.792360737312533869e-01 9.826954247923055386e-01
6.947177053422112225e-01 9.444773894037714612e-01
7.022784223214221244e-01 9.376662543840328379e-01
7.037677040989565036e-01 9.217736060046424207e-01
7.091550425326481610e-01 9.149624709849035753e-01
7.094149707212278333e-01 9.036105792853390550e-01
7.158608611619537987e-01 8.967994442656003207e-01
7.130836308154551162e-01 8.854475525660358004e-01
7.163841607067250594e-01 8.695549041866453832e-01
7.450770455887278931e-01 8.697223911133602492e-01
7.499772788390398626e-01 8.650141475068195973e-01
7.450770455887278931e-01 8.554596386596861057e-01
7.337251538891633729e-01 8.541369712783276613e-01
7.236677761553385047e-01 8.423103641076904458e-01
7.267334205923859924e-01 8.218769590484742427e-01
7.428066672488149447e-01 8.170760548505333620e-01
7.455422870518247924e-01 8.082546890089967739e-01
7.269342901046024208e-01 7.923620406296063567e-01
7.290037989322989409e-01 7.787397705901288880e-01
7.429356660181282157e-01 7.719286355703901537e-01
7.455422870518247924e-01 7.673878788905643678e-01
7.237049264082014988e-01 7.492248521712610021e-01
6.999050840898946024e-01 6.992765286931770241e-01
6.565322903321242354e-01 6.627457690108077282e-01
6.383692636128209807e-01 6.619855644601073674e-01
6.073579594699196615e-01 6.447874485352671492e-01
6.383692636128209807e-01 6.284363583757019978e-01
6.497012397129127148e-01 6.152725301163992633e-01
6.517168911111799190e-01 5.902983683773571633e-01
6.635477594024552506e-01 5.607834499584893884e-01
6.815064520711663354e-01 5.503266112583135028e-01
6.977499771030887254e-01 5.335389098795343399e-01
7.096073629274568528e-01 5.017536131207536165e-01
7.224330089880175443e-01 4.835905864014503064e-01
7.684619424898309070e-01 3.519086426865014050e-01
7.675406928172892052e-01 3.473678860066755636e-01
7.550923435881824464e-01 3.360159943071110433e-01
7.596903537924530880e-01 3.042306975483302089e-01
7.817094199144656308e-01 2.224970773114653966e-01
7.824366294656530663e-01 1.997932939123363005e-01
7.745919640075957791e-01 1.818751119159647822e-01
7.517849815930159885e-01 1.884414022127717248e-01
7.634819978688415221e-01 2.043340505921620864e-01
7.617323991916826742e-01 2.383897256908558138e-01
7.569686173854848210e-01 2.588231307500720169e-01
7.511964247080243906e-01 2.679046441097236442e-01
7.382659105689891588e-01 3.243900914285913761e-01
7.291843972093374759e-01 3.108227609738668518e-01
7.246436405295116900e-01 3.113492796349321967e-01
7.215015990769535481e-01 3.178529675878076777e-01
7.257110572117094760e-01 3.519086426865014050e-01
7.163829562619823399e-01 4.268311279036275385e-01
6.999532760829587641e-01 4.858609647413631993e-01
6.951287221106438041e-01 4.909125565476694653e-01
6.771376937504247628e-01 4.926720997611019337e-01
6.764548602648601250e-01 4.268311279036275385e-01
7.000140897884921110e-01 3.973162094847596526e-01
7.113326320366351041e-01 3.746124260856305010e-01
7.140776490245323016e-01 3.019603192084173715e-01
6.954672873016833901e-01 1.657376188136425732e-01
6.769656953913405495e-01 1.612889044989483378e-01
6.672279007928078043e-01 1.112485386557326983e-01
6.635814488874990369e-01 2.497416173904204451e-02
6.588026686720371838e-01 1.576364961007714616e-02
6.519915336522984495e-01 1.264187939269689753e-02
6.332609123480169577e-01 1.589264837939036168e-02
6.309274679431065014e-01 2.270378339912909604e-02
6.476927025332830379e-01 4.086681011843240618e-02
6.505419844045079447e-01 6.584097185747445069e-02
6.491901797328898382e-01 1.067077819759068569e-01
6.588026686720371838e-01 1.593994792813856476e-01
6.429100202926467666e-01 1.516209922001519050e-01
6.383692636128209807e-01 1.538849083626265823e-01
6.381645573690583051e-01 1.611968621338167873e-01
6.523766871206765350e-01 1.816302671930329904e-01
6.773135759434238956e-01 2.452008607105945481e-01
6.936791728628532994e-01 3.201233459277206261e-01
6.944519747208620641e-01 3.541790210264142980e-01
6.769656953913405495e-01 3.655896294071835362e-01
6.701545603716017041e-01 3.645984359078003889e-01
6.430078814279879262e-01 2.883380491689398473e-01
6.165605332130805749e-01 2.497416173904203340e-01
5.566356433759561684e-01 1.897991774944843835e-01
5.339318599768270168e-01 1.722446853057144622e-01
5.044169415579591309e-01 1.604109619392314889e-01
4.930650498583946106e-01 1.611776216394107952e-01
4.726316447991784075e-01 1.696642567621805542e-01
4.385759697004847357e-01 1.927465535931726648e-01
4.014390668547663799e-01 2.270378339912912380e-01
3.750053761829231780e-01 2.573190050998796496e-01
3.544741099883658708e-01 2.906084275088527402e-01
3.275775574720305450e-01 3.587197777062401394e-01
3.227866743649261960e-01 3.624406755410974901e-01
2.997293074538434077e-01 3.428271293268497777e-01
3.110924240268033714e-01 2.724454007895494856e-01
3.315146042126241310e-01 2.066044289320750349e-01
3.453534521745778019e-01 1.748191321732942560e-01
3.593174340472954365e-01 1.543857271140780529e-01
3.591127278035327608e-01 1.470737733428878480e-01
3.523015927837940264e-01 1.454074127698770091e-01
3.409497010842295062e-01 1.526829433591433416e-01
3.429454368830239241e-01 1.316819437149489014e-01
3.479622406341217888e-01 1.203300520153843256e-01
3.553578713182922177e-01 7.719286355703902647e-02
3.540930631926315630e-01 6.130021517764860928e-02
3.605477782636664075e-01 2.270378339912909604e-02
3.747215788904340594e-01 1.135189169956457578e-02
3.751878172995233296e-01 6.811135019738734364e-03
3.596556443630771760e-01 0.000000000000000000e+00
