2.423982220426306178e-01 0.000000000000000000e+00
2.373472067885645242e-01 5.051015254066093529e-03
2.322961915344984862e-01 0.000000000000000000e+00
2.171431457723002612e-01 0.000000000000000000e+00
2.120921305182341676e-01 5.051015254066093529e-03
2.070411152641681296e-01 5.051015254066093529e-03
1.944640872815436294e-01 1.762804323669059370e-02
1.944640872815436294e-01 2.267905849075668723e-02
1.894130720274775914e-01 2.773007374482272525e-02
1.894130720274775914e-01 6.813819577735130695e-02
1.944640872815436294e-01 7.318921103141734497e-02
1.944640872815436294e-01 7.824022628548343850e-02
1.995151025356097230e-01 8.329124153954947651e-02
1.995151025356097230e-01 8.834225679361557004e-02
1.894130720274775914e-01 9.844428730174770159e-02
1.894130720274775914e-01 1.135973330639458712e-01
1.995151025356097230e-01 1.236993635720780027e-01
1.995151025356097230e-01 1.641074856046065844e-01
2.045661177896757610e-01 1.691585008586726224e-01
2.045661177896757610e-01 2.499747449237296748e-01
1.894130720274775914e-01 2.651277906859278999e-01
1.894130720274775914e-01 2.802808364481260694e-01
1.742600262652793663e-01 2.954338822103242945e-01
1.742600262652793663e-01 3.105869279725225196e-01
1.591069805030811968e-01 3.257399737347206892e-01
1.692090110112133283e-01 3.358420042428528207e-01
1.692090110112133283e-01 3.408930194969188587e-01
1.641579957571472348e-01 3.459440347509849523e-01
1.641579957571472348e-01 3.509950500050510458e-01
1.591069805030811968e-01 3.560460652591170838e-01
1.591069805030811968e-01 3.711991110213153089e-01
1.288008889786848021e-01 4.015052025457117035e-01
1.288008889786848021e-01 4.318112940701080982e-01
1.237498737246187086e-01 4.368623093241741362e-01
1.237498737246187086e-01 4.419133245782402297e-01
1.186988584705526151e-01 4.469643398323063233e-01
1.186988584705526151e-01 4.520153550863723613e-01
1.136478432164865771e-01 4.570663703404384548e-01
1.136478432164865771e-01 4.671684008485705863e-01
1.085968279624204835e-01 4.722194161026366244e-01
1.085968279624204835e-01 4.823214466107687559e-01
8.334175169209012690e-02 5.075765228810991125e-01
8.334175169209012690e-02 5.378826144054954517e-01
7.829073643802403337e-02 5.429336296595616007e-01
7.829073643802403337e-02 5.479846449136276387e-01
7.323972118395799535e-02 5.530356601676936767e-01
7.323972118395799535e-02 5.631376906758258638e-01
6.818870592989190182e-02 5.681887059298919018e-01
6.818870592989190182e-02 5.833417516920901269e-01
3.788261440549550718e-02 6.136478432164864660e-01
5.303566016769367675e-02 6.288008889786846911e-01
5.303566016769367675e-02 6.439539347408829162e-01
3.788261440549550718e-02 6.591069805030811413e-01
3.788261440549550718e-02 6.894130720274774804e-01
5.303566016769367675e-02 7.045661177896757055e-01
3.788261440549550718e-02 7.197191635518739306e-01
3.788261440549550718e-02 7.348722093140720446e-01
5.303566016769367675e-02 7.500252550762702697e-01
5.303566016769367675e-02 7.651783008384684948e-01
9.849479745428829647e-02 8.106374381250631700e-01
9.591877967471462707e-02 8.132134559046368949e-01
8.581674916658249552e-02 8.132134559046368949e-01
8.076573391251645750e-02 8.182644711587028219e-01
7.571471865845036398e-02 8.182644711587028219e-01
6.561268815031823243e-02 8.283665016668350090e-01
6.056167289625219441e-02 8.283665016668350090e-01
4.798464491362763873e-02 8.409435296494595091e-01
4.798464491362763873e-02 8.459945449035255471e-01
4.293362965956154520e-02 8.510455601575916962e-01
4.293362965956154520e-02 8.813516516819880353e-01
3.788261440549550718e-02 8.864026669360540733e-01
4.293362965956154520e-02 8.914536821901202224e-01
4.293362965956154520e-02 9.116577432063843744e-01
4.798464491362763873e-02 9.167087584604505235e-01
4.798464491362763873e-02 9.217597737145165615e-01
5.303566016769367675e-02 9.268107889685825995e-01
5.303566016769367675e-02 9.369128194767147866e-01
5.808667542175977028e-02 9.419638347307808246e-01
5.808667542175977028e-02 9.470148499848469736e-01
8.076573391251645750e-02 9.696939084756035498e-01
8.581674916658249552e-02 9.696939084756035498e-01
9.086776442064858905e-02 9.747449237296696989e-01
9.591877967471462707e-02 9.747449237296696989e-01
1.009697949287807206e-01 9.797959389837357369e-01
1.060208101828468141e-01 9.797959389837357369e-01
1.110718254369128521e-01 9.848469542378017749e-01
1.161228406909789457e-01 9.848469542378017749e-01
1.211738559450449837e-01 9.898979694918679240e-01
1.262248711991110772e-01 9.898979694918679240e-01
1.312758864531771152e-01 9.949489847459338510e-01
1.413779169613092468e-01 9.949489847459338510e-01
1.464289322153753403e-01 1.000000000000000000e+00
1.969390847560359981e-01 1.000000000000000000e+00
2.019901000101020361e-01 9.949489847459338510e-01
2.070411152641681296e-01 9.949489847459338510e-01
2.120921305182341676e-01 1.000000000000000000e+00
2.196181432467926298e-01 9.924739872714415378e-01
2.196181432467926298e-01 9.823719567633093508e-01
2.347711890089907993e-01 9.672189110011111257e-01
2.347711890089907993e-01 9.621678957470450877e-01
2.398222042630568929e-01 9.571168804929790497e-01
2.398222042630568929e-01 9.470148499848469736e-01
2.474492372966966558e-01 9.393878169512072107e-01
2.575512678048287873e-01 9.393878169512072107e-01
2.626022830588948809e-01 9.343368016971411727e-01
2.676532983129609189e-01 9.343368016971411727e-01
2.727043135670269569e-01 9.292857864430750237e-01
2.777553288210930504e-01 9.343368016971411727e-01
3.030104050914234071e-01 9.343368016971411727e-01
3.080614203454894451e-01 9.292857864430750237e-01
3.181634508536216321e-01 9.393878169512072107e-01
3.282654813617537082e-01 9.292857864430750237e-01
3.434185271239519333e-01 9.292857864430750237e-01
3.484695423780179713e-01 9.242347711890089856e-01
4.090817254268108161e-01 9.242347711890089856e-01
4.166077381553692227e-01 9.167087584604505235e-01
4.166077381553692227e-01 9.015557126982522984e-01
4.242347711890089856e-01 8.939286796646125355e-01
4.393878169512072107e-01 9.090817254268108716e-01
4.848469542378017749e-01 8.636225881402161964e-01
5.000000000000000000e-01 8.636225881402161964e-01
5.075260127285584622e-01 8.560965754116577342e-01
5.075260127285584622e-01 8.409435296494595091e-01
5.101020305081321871e-01 8.383675118698857842e-01
5.151530457621982251e-01 8.383675118698857842e-01
5.202040610162642631e-01 8.333164966158197462e-01
5.252550762703303011e-01 8.333164966158197462e-01
5.303060915243964502e-01 8.282654813617535972e-01
5.353571067784624882e-01 8.282654813617535972e-01
5.529851500151531374e-01 8.106374381250631700e-01
5.529851500151531374e-01 8.055864228709970210e-01
5.580361652692191754e-01 8.005354076169309829e-01
5.580361652692191754e-01 7.954843923628649449e-01
5.630871805232852134e-01 7.904333771087987959e-01
5.630871805232852134e-01 7.853823618547327579e-01
5.832912415395494765e-01 7.651783008384684948e-01
5.832912415395494765e-01 7.550762703303364187e-01
5.883422567936155145e-01 7.500252550762702697e-01
5.883422567936155145e-01 7.399232245681381936e-01
5.959692898272552775e-01 7.322961915344983197e-01
6.060713203353873535e-01 7.423982220426305068e-01
6.135973330639459267e-01 7.348722093140720446e-01
6.135973330639459267e-01 7.197191635518739306e-01
6.287503788261441517e-01 7.045661177896757055e-01
6.287503788261441517e-01 6.894130720274774804e-01
6.363774118597838036e-01 6.817860389938377175e-01
6.515304576219820287e-01 6.817860389938377175e-01
6.590564703505404909e-01 6.742600262652793663e-01
6.590564703505404909e-01 6.591069805030811413e-01
6.818365491463783679e-01 6.363269017072431533e-01
7.020406101626426310e-01 6.363269017072431533e-01
7.070916254167087800e-01 6.312758864531771152e-01
7.121426406707748180e-01 6.312758864531771152e-01
7.550257601777957683e-01 5.883927669461561649e-01
7.550257601777957683e-01 5.833417516920901269e-01
7.626527932114355313e-01 5.757147186584503640e-01
7.727548237195676073e-01 5.757147186584503640e-01
7.879078694817658324e-01 5.605616728962521389e-01
8.030609152439640575e-01 5.605616728962521389e-01
8.333670067683603966e-01 5.302555813718557998e-01
8.485200525305586217e-01 5.454086271340540248e-01
8.636730982927567357e-01 5.454086271340540248e-01
8.788261440549549608e-01 5.302555813718557998e-01
8.939791898171531859e-01 5.302555813718557998e-01
9.091322355793514109e-01 5.151025356096575747e-01
9.242852813415496360e-01 5.151025356096575747e-01
9.318112940701080982e-01 5.075765228810991125e-01
9.318112940701080982e-01 4.924234771189008875e-01
9.394383271037478611e-01 4.847964440852611800e-01
9.545913728659460862e-01 4.847964440852611800e-01
9.621173855945044373e-01 4.772704313567027179e-01
9.621173855945044373e-01 4.621173855945044928e-01
9.318112940701080982e-01 4.318112940701080982e-01
9.318112940701080982e-01 4.166582483079098731e-01
9.242852813415496360e-01 4.091322355793514109e-01
9.091322355793514109e-01 4.091322355793514109e-01
9.065562177997776860e-01 4.065562177997777971e-01
9.065562177997776860e-01 4.015052025457117035e-01
8.863521567835135340e-01 3.813011415294474404e-01
8.863521567835135340e-01 3.711991110213153089e-01
8.788261440549549608e-01 3.636730982927568467e-01
8.636730982927567357e-01 3.636730982927568467e-01
8.560460652591170838e-01 3.560460652591170838e-01
8.560460652591170838e-01 3.408930194969188587e-01
8.485200525305586217e-01 3.333670067683603966e-01
8.333670067683603966e-01 3.333670067683603966e-01
8.030609152439640575e-01 3.030609152439640019e-01
7.879078694817658324e-01 3.030609152439640019e-01
7.727548237195676073e-01 2.879078694817658324e-01
7.626527932114355313e-01 2.879078694817658324e-01
7.323467016870390811e-01 2.576017779573693822e-01
7.272956864329730431e-01 2.576017779573693822e-01
6.969895949085765929e-01 2.272956864329729876e-01
6.818365491463783679e-01 2.272956864329729876e-01
6.742095161127387160e-01 2.196686533993332802e-01
6.742095161127387160e-01 2.146176381452672421e-01
6.792605313668047540e-01 2.095666228912011486e-01
6.792605313668047540e-01 1.742095161127387160e-01
6.742095161127387160e-01 1.691585008586726224e-01
6.742095161127387160e-01 1.641074856046065844e-01
6.641074856046065289e-01 1.540054550964743973e-01
6.641074856046065289e-01 1.489544398424083593e-01
6.590564703505404909e-01 1.439034245883422658e-01
6.590564703505404909e-01 1.388524093342762278e-01
6.464794423679158797e-01 1.262753813516516721e-01
6.414284271138498417e-01 1.262753813516516721e-01
6.363774118597838036e-01 1.212243660975855786e-01
6.313263966057177656e-01 1.212243660975855786e-01
6.262753813516517276e-01 1.161733508435195406e-01
6.161733508435195406e-01 1.161733508435195406e-01
6.111223355894535025e-01 1.111223355894534470e-01
5.757652288109910144e-01 1.111223355894534470e-01
5.707142135569249763e-01 1.161733508435195406e-01
5.555611677947267513e-01 1.161733508435195406e-01
5.505101525406607132e-01 1.212243660975855786e-01
5.454591372865945642e-01 1.212243660975855786e-01
5.303060915243964502e-01 1.363774118597838036e-01
5.151530457621982251e-01 1.212243660975855786e-01
5.000000000000000000e-01 1.212243660975855786e-01
4.848469542378017749e-01 1.060713203353874090e-01
4.696939084756036054e-01 1.060713203353874090e-01
4.393878169512072107e-01 7.576522881099101436e-02
4.242347711890089856e-01 7.576522881099101436e-02
4.090817254268108161e-01 6.061218304879278929e-02
3.939286796646125910e-01 7.576522881099101436e-02
3.787756339024144214e-01 6.061218304879278929e-02
3.636225881402161964e-01 6.061218304879278929e-02
3.559955551065764334e-01 5.298515001515308187e-02
3.535205576320840648e-01 5.051015254066065774e-02
3.509445398525103399e-01 4.793413476108704385e-02
3.484695423780179713e-01 4.545913728659461972e-02
3.333164966158198017e-01 4.545913728659461972e-02
3.307404788362460768e-01 4.288311950702095032e-02
3.282654813617537082e-01 4.040812203252852619e-02
3.256894635821799833e-01 3.783210425295491230e-02
3.232144661076876702e-01 3.535710677846248817e-02
3.206384483281139453e-01 3.278108899888881878e-02
3.181634508536216321e-01 3.030609152439639464e-02
3.156884533791292080e-01 3.278108899888881878e-02
3.131124355995555386e-01 3.535710677846248817e-02
3.030104050914234071e-01 3.535710677846248817e-02
3.004343873118496822e-01 3.278108899888881878e-02
2.979593898373573135e-01 3.030609152439639464e-02
2.878573593292251820e-01 3.030609152439639464e-02
2.852813415496514571e-01 2.773007374482272525e-02
2.828063440751591440e-01 2.525507627033035662e-02
2.802303262955854191e-01 2.267905849075668723e-02
2.777553288210930504e-01 2.020406101626426310e-02
2.751793110415193810e-01 1.762804323669059370e-02
2.727043135670269569e-01 1.515304576219822508e-02
2.575512678048287873e-01 1.515304576219822508e-02
2.549752500252550624e-01 1.257702798262455568e-02
2.525002525507626938e-01 1.010203050813213155e-02
2.499242347711890244e-01 7.526012728558462150e-03
2.474492372966966558e-01 5.051015254066093529e-03
2.448732195171229309e-01 2.474997474492424132e-03
