5.371621621621621712e-01 0.000000000000000000e+00
4.560810810810810856e-01 0.000000000000000000e+00
4.527027027027026862e-01 3.378378378378399383e-03
4.527027027027026862e-01 1.013513513513514264e-02
4.459459459459459429e-01 1.689189189189188589e-02
4.459459459459459429e-01 5.067567567567565767e-02
4.425675675675675436e-01 5.405405405405405705e-02
3.614864864864865135e-01 5.405405405405405705e-02
3.547297297297297147e-01 6.081081081081080031e-02
3.412162162162162282e-01 6.081081081081080031e-02
3.344594594594594295e-01 6.756756756756754356e-02
2.939189189189189144e-01 6.756756756756754356e-02
2.871621621621621712e-01 7.432432432432434233e-02
2.601351351351351426e-01 7.432432432432434233e-02
2.533783783783783994e-01 8.108108108108108558e-02
2.466216216216216006e-01 8.108108108108108558e-02
2.398648648648648574e-01 8.783783783783782884e-02
2.263513513513513709e-01 8.783783783783782884e-02
2.195945945945945721e-01 9.459459459459457209e-02
2.060810810810810856e-01 9.459459459459457209e-02
1.925675675675675436e-01 1.081081081081081141e-01
1.790540540540540571e-01 1.081081081081081141e-01
1.722972972972973138e-01 1.148648648648648574e-01
1.655405405405405150e-01 1.148648648648648574e-01
1.587837837837837718e-01 1.216216216216216006e-01
1.452702702702702853e-01 1.216216216216216006e-01
1.385135135135134865e-01 1.283783783783783994e-01
1.317567567567567433e-01 1.283783783783783994e-01
1.283783783783783994e-01 1.317567567567567433e-01
1.283783783783783994e-01 1.587837837837837718e-01
1.351351351351351426e-01 1.655405405405405150e-01
1.351351351351351426e-01 1.722972972972973138e-01
1.486486486486486291e-01 1.858108108108108003e-01
1.486486486486486291e-01 1.925675675675675436e-01
1.554054054054054279e-01 1.993243243243243423e-01
1.554054054054054279e-01 2.060810810810810856e-01
1.689189189189189144e-01 2.195945945945945721e-01
1.689189189189189144e-01 2.263513513513513709e-01
1.824324324324324564e-01 2.398648648648648574e-01
1.824324324324324564e-01 2.601351351351351426e-01
2.094594594594594850e-01 2.871621621621621712e-01
2.094594594594594850e-01 2.939189189189189144e-01
2.162162162162162282e-01 3.006756756756756577e-01
2.162162162162162282e-01 3.141891891891891997e-01
2.229729729729729715e-01 3.209459459459459429e-01
2.229729729729729715e-01 3.479729729729729715e-01
2.432432432432432567e-01 3.682432432432432567e-01
2.432432432432432567e-01 3.885135135135134865e-01
2.500000000000000000e-01 3.952702702702702853e-01
2.500000000000000000e-01 4.087837837837837718e-01
2.567567567567567433e-01 4.155405405405405705e-01
2.567567567567567433e-01 4.358108108108108003e-01
2.635135135135134865e-01 4.425675675675675436e-01
2.635135135135134865e-01 4.763513513513513709e-01
2.702702702702702853e-01 4.831081081081081141e-01
2.702702702702702853e-01 4.966216216216216006e-01
2.770270270270270285e-01 5.033783783783783994e-01
2.770270270270270285e-01 5.304054054054053724e-01
2.837837837837837718e-01 5.371621621621621712e-01
2.837837837837837718e-01 5.641891891891891442e-01
2.905405405405405705e-01 5.709459459459459429e-01
2.905405405405405705e-01 5.912162162162162282e-01
2.972972972972972583e-01 5.979729729729730270e-01
2.972972972972972583e-01 6.250000000000000000e-01
3.040540540540540571e-01 6.317567567567567988e-01
3.040540540540540571e-01 6.790540540540540571e-01
3.108108108108108003e-01 6.858108108108107448e-01
3.108108108108108003e-01 6.993243243243243423e-01
3.209459459459459429e-01 7.094594594594594295e-01
3.277027027027027417e-01 7.094594594594594295e-01
3.310810810810810856e-01 7.128378378378378288e-01
3.310810810810810856e-01 7.195945945945946276e-01
3.378378378378378288e-01 7.263513513513513153e-01
3.378378378378378288e-01 7.398648648648649129e-01
3.445945945945946276e-01 7.466216216216216006e-01
3.445945945945946276e-01 7.533783783783783994e-01
3.648648648648648574e-01 7.736486486486486847e-01
3.648648648648648574e-01 7.871621621621621712e-01
3.716216216216216006e-01 7.939189189189188589e-01
3.716216216216216006e-01 8.006756756756756577e-01
3.783783783783783994e-01 8.074324324324324564e-01
3.783783783783783994e-01 8.209459459459459429e-01
3.817567567567567433e-01 8.243243243243243423e-01
3.885135135135134865e-01 8.243243243243243423e-01
3.918918918918918859e-01 8.277027027027026307e-01
3.918918918918918859e-01 8.344594594594594295e-01
3.851351351351351426e-01 8.412162162162162282e-01
3.851351351351351426e-01 8.479729729729730270e-01
3.783783783783783994e-01 8.547297297297297147e-01
3.783783783783783994e-01 8.682432432432432012e-01
3.648648648648648574e-01 8.817567567567567988e-01
3.648648648648648574e-01 9.222972972972973693e-01
3.817567567567567433e-01 9.391891891891892552e-01
3.952702702702702853e-01 9.391891891891892552e-01
4.020270270270270285e-01 9.459459459459459429e-01
4.628378378378378288e-01 9.459459459459459429e-01
4.662162162162162282e-01 9.493243243243243423e-01
4.662162162162162282e-01 9.560810810810811411e-01
4.729729729729729715e-01 9.628378378378378288e-01
4.729729729729729715e-01 9.831081081081081141e-01
4.898648648648648574e-01 1.000000000000000000e+00
5.439189189189189699e-01 1.000000000000000000e+00
5.540540540540540571e-01 9.898648648648649129e-01
5.540540540540540571e-01 9.695945945945945166e-01
5.608108108108108558e-01 9.628378378378378288e-01
5.608108108108108558e-01 9.560810810810811411e-01
5.675675675675675436e-01 9.493243243243243423e-01
5.675675675675675436e-01 9.358108108108107448e-01
5.709459459459459429e-01 9.324324324324324564e-01
6.250000000000000000e-01 9.324324324324324564e-01
6.317567567567567988e-01 9.256756756756756577e-01
6.385135135135134865e-01 9.256756756756756577e-01
6.554054054054053724e-01 9.087837837837837718e-01
6.554054054054053724e-01 8.479729729729730270e-01
6.486486486486486847e-01 8.412162162162162282e-01
6.486486486486486847e-01 8.074324324324324564e-01
6.621621621621621712e-01 7.939189189189188589e-01
6.621621621621621712e-01 7.804054054054054834e-01
6.722972972972972583e-01 7.702702702702702853e-01
6.790540540540540571e-01 7.702702702702702853e-01
6.824324324324324564e-01 7.668918918918918859e-01
6.824324324324324564e-01 7.601351351351350871e-01
6.959459459459459429e-01 7.466216216216216006e-01
6.959459459459459429e-01 7.331081081081081141e-01
7.094594594594594295e-01 7.195945945945946276e-01
7.094594594594594295e-01 7.060810810810811411e-01
7.229729729729730270e-01 6.925675675675675436e-01
7.229729729729730270e-01 6.655405405405405705e-01
7.162162162162162282e-01 6.587837837837837718e-01
7.229729729729730270e-01 6.520270270270269730e-01
7.229729729729730270e-01 6.385135135135134865e-01
7.364864864864865135e-01 6.250000000000000000e-01
7.364864864864865135e-01 6.182432432432432012e-01
7.432432432432432012e-01 6.114864864864865135e-01
7.432432432432432012e-01 5.912162162162162282e-01
7.364864864864865135e-01 5.844594594594594295e-01
7.364864864864865135e-01 5.506756756756756577e-01
7.432432432432432012e-01 5.439189189189189699e-01
7.432432432432432012e-01 5.101351351351350871e-01
7.500000000000000000e-01 5.033783783783783994e-01
7.500000000000000000e-01 4.831081081081081141e-01
7.567567567567567988e-01 4.763513513513513709e-01
7.567567567567567988e-01 4.425675675675675436e-01
7.635135135135134865e-01 4.358108108108108003e-01
7.635135135135134865e-01 4.087837837837837718e-01
7.702702702702702853e-01 4.020270270270270285e-01
7.702702702702702853e-01 3.817567567567567433e-01
7.770270270270269730e-01 3.750000000000000000e-01
7.770270270270269730e-01 3.614864864864865135e-01
7.905405405405405705e-01 3.479729729729729715e-01
7.905405405405405705e-01 3.074324324324324564e-01
7.972972972972973693e-01 3.006756756756756577e-01
7.972972972972973693e-01 2.939189189189189144e-01
8.040540540540540571e-01 2.871621621621621712e-01
8.040540540540540571e-01 2.804054054054053724e-01
8.175675675675675436e-01 2.668918918918918859e-01
8.175675675675675436e-01 2.533783783783783994e-01
8.243243243243243423e-01 2.466216216216216006e-01
8.243243243243243423e-01 2.398648648648648574e-01
8.310810810810811411e-01 2.331081081081081141e-01
8.310810810810811411e-01 2.263513513513513709e-01
8.378378378378378288e-01 2.195945945945945721e-01
8.378378378378378288e-01 2.128378378378378288e-01
8.513513513513513153e-01 1.993243243243243423e-01
8.513513513513513153e-01 1.925675675675675436e-01
8.581081081081081141e-01 1.858108108108108003e-01
8.581081081081081141e-01 1.790540540540540571e-01
8.648648648648649129e-01 1.722972972972973138e-01
8.648648648648649129e-01 1.655405405405405150e-01
8.716216216216216006e-01 1.587837837837837718e-01
8.716216216216216006e-01 1.250000000000000000e-01
8.682432432432432012e-01 1.216216216216216006e-01
8.614864864864865135e-01 1.216216216216216006e-01
8.547297297297297147e-01 1.148648648648648574e-01
8.412162162162162282e-01 1.148648648648648574e-01
8.344594594594594295e-01 1.081081081081081141e-01
8.277027027027026307e-01 1.081081081081081141e-01
8.209459459459459429e-01 1.013513513513513709e-01
8.141891891891892552e-01 1.013513513513513709e-01
8.074324324324324564e-01 9.459459459459457209e-02
7.871621621621621712e-01 9.459459459459457209e-02
7.804054054054054834e-01 8.783783783783782884e-02
7.601351351351350871e-01 8.783783783783782884e-02
7.533783783783783994e-01 8.108108108108108558e-02
7.398648648648649129e-01 8.108108108108108558e-02
7.331081081081081141e-01 7.432432432432434233e-02
7.195945945945946276e-01 7.432432432432434233e-02
7.128378378378378288e-01 6.756756756756754356e-02
6.925675675675675436e-01 6.756756756756754356e-02
6.858108108108107448e-01 6.081081081081080031e-02
6.452702702702702853e-01 6.081081081081080031e-02
6.385135135135134865e-01 5.405405405405405705e-02
5.979729729729730270e-01 5.405405405405405705e-02
5.912162162162162282e-01 4.729729729729731380e-02
5.574324324324324564e-01 4.729729729729731380e-02
5.472972972972972583e-01 3.716216216216217116e-02
5.472972972972972583e-01 1.013513513513514264e-02
