7.099080694586312745e-01 1.128702757916241195e-01
6.751787538304392378e-01 1.128702757916241195e-01
6.731358529111337585e-01 1.149131767109295432e-01
6.608784473953013272e-01 1.149131767109295432e-01
6.241062308478039222e-01 1.251276813074566063e-01
6.098059244126660117e-01 1.251276813074566063e-01
6.026557711950970564e-01 1.322778345250255616e-01
6.026557711950970564e-01 1.363636363636363535e-01
5.955056179775281011e-01 1.435137895812053088e-01
5.771195097037793431e-01 1.414708886618998851e-01
5.750766087844739749e-01 1.516853932584269482e-01
5.464759959141981538e-01 1.537282941777323719e-01
5.434116445352400460e-01 1.567926455566904798e-01
5.689479060265577592e-01 1.741573033707864981e-01
5.801838610827374509e-01 1.874361593462717246e-01
5.801838610827374509e-01 2.017364657814095796e-01
5.842696629213482984e-01 2.119509703779366427e-01
5.842696629213482984e-01 2.364657814096016164e-01
5.903983656792645140e-01 2.507660878447395270e-01
5.903983656792645140e-01 2.609805924412665901e-01
5.924412665985699933e-01 2.630234933605720138e-01
5.883554647599591458e-01 2.650663942798774375e-01
5.883554647599591458e-01 2.814096016343207163e-01
5.903983656792645140e-01 2.854954034729315637e-01
5.863125638406536666e-01 2.916241062308477794e-01
5.863125638406536666e-01 3.038815117466803217e-01
5.791624106230848223e-01 3.151174668028600689e-01
5.587334014300306961e-01 3.151174668028600689e-01
5.464759959141981538e-01 3.110316649642492215e-01
5.260469867211440276e-01 3.110316649642492215e-01
4.913176710929519908e-01 2.987742594484167347e-01
4.811031664964249277e-01 2.987742594484167347e-01
4.790602655771195040e-01 2.967313585291113665e-01
4.688457609805924409e-01 2.967313585291113665e-01
4.668028600612870171e-01 2.946884576098058872e-01
4.545454545454545303e-01 2.946884576098058872e-01
4.525025536261491066e-01 2.926455566905005190e-01
4.402451481103166753e-01 2.926455566905005190e-01
4.116445352400408542e-01 2.844739530132788241e-01
3.953013278855975754e-01 2.844739530132788241e-01
3.932584269662921517e-01 2.824310520939734559e-01
3.646578140960163306e-01 2.824310520939734559e-01
3.503575076608784755e-01 2.742594484167517610e-01
3.462717058222676281e-01 2.742594484167517610e-01
3.135852911133809595e-01 2.477017364657814191e-01
3.074565883554647439e-01 2.456588355464759954e-01
2.931562819203268333e-01 2.334014300306435086e-01
2.645556690500510677e-01 2.170582226762002298e-01
2.604698672114402758e-01 2.170582226762002298e-01
2.502553626149132127e-01 2.088866189989785349e-01
2.318692543411644547e-01 2.007150153217568955e-01
2.175689479060265441e-01 1.884576098059244087e-01
2.093973442288049047e-01 1.884576098059244087e-01
2.032686414708886891e-01 1.843718079673135612e-01
1.971399387129724179e-01 1.843718079673135612e-01
1.848825331971399311e-01 1.762002042900919219e-01
1.726251276813074442e-01 1.741573033707864981e-01
1.644535240040858048e-01 1.680286006128702825e-01
1.521961184882533180e-01 1.680286006128702825e-01
1.399387129724208312e-01 1.782431052093973456e-01
1.317671092951991918e-01 1.721144024514811299e-01
1.195097037793667050e-01 1.721144024514811299e-01
1.133810010214504338e-01 1.762002042900919219e-01
1.031664964249233707e-01 1.762002042900919219e-01
9.090909090909088386e-02 1.884576098059244087e-01
8.682328907048009192e-02 1.884576098059244087e-01
6.843718079673133392e-02 1.741573033707864981e-01
6.230847803881511826e-02 1.741573033707864981e-01
5.924412665985701043e-02 1.792645556690500297e-01
5.924412665985701043e-02 1.874361593462717246e-01
7.354443309499486547e-02 2.017364657814095796e-01
6.843718079673133392e-02 2.027579162410623193e-01
6.639427987742596571e-02 2.007150153217568955e-01
4.800817160367720771e-02 2.007150153217568955e-01
3.370786516853935266e-02 2.150153217568948061e-01
2.349336057201223404e-02 2.150153217568948061e-01
1.225740551583248683e-02 2.242083758937691296e-01
1.021450459652706311e-02 2.323799795709908245e-01
0.000000000000000000e+00 2.405515832482124639e-01
0.000000000000000000e+00 2.773237997957098688e-01
4.085801838610847447e-03 2.854954034729315637e-01
1.940755873340144211e-02 3.008171603677221584e-01
3.575076608784472088e-02 3.049029622063330058e-01
4.187946884576099205e-02 3.110316649642492215e-01
1.133810010214504338e-01 3.416751787538304663e-01
1.419816138917262549e-01 3.600612870275791688e-01
1.460674157303371024e-01 3.600612870275791688e-01
1.685393258426966523e-01 3.723186925434116556e-01
1.746680286006128680e-01 3.723186925434116556e-01
1.991828396322778416e-01 3.825331971399387188e-01
2.053115423901940573e-01 3.825331971399387188e-01
2.318692543411644547e-01 4.029622063329928450e-01
2.359550561797753021e-01 4.029622063329928450e-01
2.461695607763023652e-01 4.111338100102144844e-01
2.502553626149132127e-01 4.111338100102144844e-01
2.747701736465781308e-01 4.274770173646578186e-01
2.931562819203268333e-01 4.356486210418794580e-01
2.992849846782431045e-01 4.417773237997957292e-01
3.094994892747701676e-01 4.458631256384065211e-01
3.156281920326864388e-01 4.519918283963227923e-01
3.217568947906026544e-01 4.540347293156282160e-01
3.278855975485188701e-01 4.601634320735444317e-01
3.340143003064351412e-01 4.622063329928498554e-01
3.646578140960163306e-01 4.846782431052094053e-01
3.748723186925434492e-01 4.887640449438201973e-01
3.871297242083758805e-01 4.989785495403473159e-01
3.932584269662921517e-01 5.010214504596527396e-01
4.014300306435137911e-01 5.091930541368743235e-01
4.116445352400408542e-01 5.132788559754851709e-01
4.177732379979570698e-01 5.194075587334013866e-01
4.279877425944841329e-01 5.234933605720122340e-01
4.402451481103166753e-01 5.337078651685392972e-01
4.688457609805924409e-01 5.500510725229826869e-01
5.015321756894790539e-01 5.766087844739530288e-01
5.301327885597548750e-01 5.929519918283963076e-01
5.342185903983657225e-01 5.929519918283963076e-01
6.057201225740551642e-01 6.338100102145045600e-01
6.118488253319713799e-01 6.399387129724207757e-01
6.322778345250255061e-01 6.501532175689479498e-01
6.384065372829417218e-01 6.562819203268641655e-01
6.445352400408580484e-01 6.583248212461695337e-01
6.649642492339121747e-01 6.746680286006128124e-01
6.710929519918283903e-01 6.746680286006128124e-01
6.956077630234933640e-01 6.910112359550562022e-01
7.088866189989785349e-01 7.042900919305413732e-01
7.150153217568947506e-01 7.145045965270684363e-01
7.150153217568947506e-01 7.288049029622063468e-01
7.048008171603676875e-01 7.410623084780387781e-01
7.027579162410623193e-01 7.553626149131766887e-01
6.966292134831461036e-01 7.717058222676200785e-01
6.966292134831461036e-01 7.921348314606742047e-01
7.007150153217569510e-01 7.982635342185904204e-01
7.068437180796731667e-01 8.207354443309500258e-01
7.109295199182839031e-01 8.268641470888662415e-01
7.109295199182839031e-01 8.329928498467824571e-01
7.191011235955055980e-01 8.370786516853931936e-01
7.191011235955055980e-01 8.432073544433095202e-01
7.231869254341164455e-01 8.452502553626148885e-01
7.303370786516854007e-01 8.564862104187946912e-01
7.374872318692543560e-01 8.595505617977527990e-01
7.385086823289070956e-01 8.626149131767109068e-01
7.446373850868233113e-01 8.626149131767109068e-01
7.466802860061286795e-01 8.687436159346271225e-01
7.528089887640450062e-01 8.687436159346271225e-01
7.548518896833503744e-01 8.748723186925433382e-01
7.589376915219612219e-01 8.748723186925433382e-01
7.609805924412665901e-01 8.789581205311542966e-01
7.691521961184881739e-01 8.830439223697650331e-01
8.100102145045965374e-01 8.871297242083758805e-01
8.202247191011236005e-01 8.830439223697650331e-01
8.386108273748722475e-01 8.810010214504596648e-01
8.866189989785495662e-01 8.493360572012257359e-01
8.876404494382021948e-01 8.462717058222676281e-01
8.917262512768131533e-01 8.462717058222676281e-01
8.978549540347293689e-01 8.401430030643513014e-01
9.121552604698672795e-01 8.340143003064350857e-01
9.244126659856997108e-01 8.340143003064350857e-01
9.264555669050051900e-01 8.360572012257405650e-01
9.673135852911134425e-01 8.340143003064350857e-01
9.816138917262513530e-01 8.258426966292135019e-01
9.908069458631256765e-01 8.166496424923390673e-01
9.989785495403473714e-01 8.023493360572011568e-01
1.000000000000000000e+00 7.870275791624106176e-01
9.816138917262513530e-01 7.890704800817160969e-01
9.754851889683350263e-01 7.849846782431051384e-01
9.632277834525024840e-01 7.849846782431051384e-01
9.611848825331971158e-01 7.829417773237997702e-01
9.489274770173646845e-01 7.829417773237997702e-01
9.468845760980593163e-01 7.849846782431051384e-01
9.223697650663942316e-01 7.870275791624106176e-01
9.203268641470888634e-01 7.890704800817160969e-01
9.080694586312563210e-01 7.890704800817160969e-01
8.947906026557712611e-01 7.757916241062308149e-01
8.947906026557712611e-01 7.431052093973442574e-01
9.111338100102144288e-01 7.145045965270684363e-01
9.111338100102144288e-01 7.104187946884575888e-01
9.295199182839632979e-01 6.818181818181818787e-01
9.438202247191010974e-01 6.409601634320735153e-01
9.438202247191010974e-01 6.287027579162410840e-01
9.458631256384064656e-01 6.266598569969357158e-01
9.458631256384064656e-01 6.082737487231869578e-01
9.479060265577119448e-01 6.062308478038814785e-01
9.479060265577119448e-01 5.960163432073544154e-01
9.458631256384064656e-01 5.939734422880490472e-01
9.458631256384064656e-01 5.817160367722165049e-01
9.397344228804902500e-01 5.572012257405516422e-01
9.336057201225740343e-01 5.490296220633299473e-01
9.336057201225740343e-01 5.429009193054137317e-01
9.295199182839632979e-01 5.347293156281920368e-01
9.233912155260469712e-01 5.306435137895811893e-01
9.233912155260469712e-01 5.265577119509703419e-01
9.080694586312563210e-01 5.030643513789581078e-01
8.907048008171603026e-01 4.877425944841675132e-01
8.886618998978549344e-01 4.816138917262512975e-01
8.661899897854954400e-01 4.632277834525025395e-01
8.539325842696628976e-01 4.489274770173646845e-01
8.375893769152196189e-01 4.366700715015321421e-01
8.263534218590398162e-01 4.233912155260469712e-01
8.222676200204290797e-01 4.233912155260469712e-01
8.202247191011236005e-01 4.193054136874361792e-01
8.089887640449437978e-01 4.141981613891726477e-01
8.038815117466802107e-01 4.070480081716036924e-01
7.865168539325841923e-01 3.937691521961185215e-01
7.854954034729315637e-01 3.907048008171603581e-01
7.814096016343207163e-01 3.907048008171603581e-01
7.793667007150153481e-01 3.866189989785495662e-01
7.691521961184881739e-01 3.825331971399387188e-01
7.609805924412665901e-01 3.743615934627170239e-01
7.497446373850867873e-01 3.692543411644535478e-01
7.466802860061286795e-01 3.641470888661899608e-01
7.395301327885597242e-01 3.610827374872318529e-01
7.385086823289070956e-01 3.580183861082737451e-01
7.150153217568947506e-01 3.467824310520939424e-01
7.139938712972421220e-01 3.437180796731358345e-01
7.078651685393257953e-01 3.437180796731358345e-01
6.874361593462716691e-01 3.335035750766087714e-01
6.792645556690500852e-01 3.335035750766087714e-01
6.537282941777323719e-01 3.202247191011236005e-01
6.414708886618998296e-01 3.079673135852911137e-01
6.353421859039836139e-01 2.814096016343207163e-01
6.394279877425944614e-01 2.752808988764045006e-01
6.394279877425944614e-01 2.650663942798774375e-01
6.292134831460673983e-01 2.528089887640449507e-01
6.312563840653728775e-01 2.507660878447395270e-01
6.312563840653728775e-01 2.385086823289070401e-01
6.271705822267620301e-01 2.323799795709908245e-01
6.271705822267620301e-01 2.017364657814095796e-01
6.292134831460673983e-01 1.996935648621042114e-01
6.292134831460673983e-01 1.833503575076608771e-01
6.322778345250255061e-01 1.782431052093973456e-01
6.363636363636363535e-01 1.782431052093973456e-01
6.527068437180796323e-01 1.884576098059244087e-01
6.567926455566904798e-01 1.884576098059244087e-01
6.710929519918283903e-01 1.966292134831460481e-01
6.813074565883554534e-01 1.966292134831460481e-01
6.833503575076609327e-01 1.986721144024514718e-01
6.956077630234933640e-01 1.986721144024514718e-01
6.966292134831461036e-01 1.894790602655770928e-01
6.925434116445352561e-01 1.874361593462717246e-01
6.976506639427988432e-01 1.802860061287027693e-01
7.262512768130745533e-01 1.782431052093973456e-01
7.282941777323799215e-01 1.762002042900919219e-01
7.425944841675178321e-01 1.762002042900919219e-01
7.487231869254340477e-01 1.802860061287027693e-01
7.548518896833503744e-01 1.802860061287027693e-01
7.701736465781410246e-01 1.690500510725229666e-01
7.691521961184881739e-01 1.598569969356486431e-01
7.548518896833503744e-01 1.598569969356486431e-01
7.466802860061286795e-01 1.537282941777323719e-01
7.425944841675178321e-01 1.537282941777323719e-01
7.191011235955055980e-01 1.384065372829417773e-01
7.201225740551583376e-01 1.332992849846782457e-01
7.262512768130745533e-01 1.332992849846782457e-01
7.354443309499489878e-01 1.241062308478038667e-01
7.344228804902962482e-01 1.149131767109295432e-01
7.201225740551583376e-01 1.169560776302349114e-01
