6.794871794871795156e-01 0.000000000000000000e+00
6.641025641025640747e-01 0.000000000000000000e+00
6.589743589743589647e-01 5.128205128205109986e-03
6.564102564102564097e-01 2.564102564102554993e-03
6.538461538461538547e-01 7.692307692307664979e-03
6.512820512820512997e-01 5.128205128205109986e-03
6.243589743589743613e-01 1.923076923076921796e-02
6.038461538461538103e-01 3.974358974358976893e-02
6.064102564102563653e-01 4.230769230769232392e-02
6.012820512820512553e-01 5.256410256410254389e-02
6.038461538461538103e-01 5.512820512820515440e-02
5.987179487179487003e-01 6.025641025641026438e-02
6.012820512820512553e-01 7.051282051282053986e-02
5.961538461538461453e-01 7.307692307692309486e-02
6.012820512820512553e-01 8.333333333333331483e-02
6.012820512820512553e-01 1.141025641025640858e-01
5.961538461538461453e-01 1.166666666666666408e-01
6.012820512820512553e-01 1.397435897435897467e-01
5.961538461538461453e-01 1.653846153846154077e-01
5.987179487179487003e-01 1.679487179487179627e-01
5.935897435897435903e-01 1.782051282051281826e-01
5.961538461538461453e-01 1.961538461538461786e-01
5.756410256410255943e-01 2.166666666666666741e-01
5.782051282051281493e-01 2.192307692307692291e-01
5.602564102564102644e-01 2.371794871794871695e-01
5.628205128205128194e-01 2.397435897435897245e-01
5.525641025641025994e-01 2.474358974358974450e-01
5.525641025641025994e-01 2.525641025641025550e-01
5.205128205128205510e-01 2.897435897435897134e-01
5.153846153846153300e-01 2.820512820512820484e-01
4.820512820512820595e-01 2.999999999999999889e-01
4.743589743589743390e-01 2.897435897435897134e-01
4.717948717948717841e-01 2.923076923076922684e-01
4.641025641025641191e-01 2.820512820512820484e-01
4.538461538461538436e-01 2.769230769230769384e-01
4.512820512820512886e-01 2.794871794871794934e-01
4.358974358974359031e-01 2.641025641025641080e-01
4.333333333333333481e-01 2.666666666666666630e-01
4.076923076923076872e-01 2.435897435897436125e-01
3.923076923076923017e-01 2.487179487179487225e-01
3.769230769230769162e-01 2.615384615384614975e-01
3.641025641025641413e-01 2.589743589743589425e-01
3.615384615384615308e-01 2.538461538461538325e-01
3.512820512820512553e-01 2.538461538461538325e-01
3.230769230769230393e-01 2.666666666666666630e-01
3.205128205128204844e-01 2.641025641025641080e-01
3.179487179487179294e-01 2.692307692307692180e-01
2.961538461538461564e-01 2.782051282051282159e-01
2.602564102564102200e-01 3.115384615384615419e-01
2.730769230769231060e-01 3.217948717948717618e-01
2.628205128205128305e-01 3.346153846153846478e-01
2.679487179487179405e-01 3.371794871794872028e-01
2.679487179487179405e-01 3.423076923076923128e-01
2.474358974358974450e-01 3.576923076923076983e-01
2.538461538461538325e-01 3.666666666666666963e-01
2.769230769230769384e-01 3.589743589743589758e-01
2.794871794871794934e-01 3.615384615384615308e-01
2.923076923076922684e-01 3.461538461538461453e-01
2.974358974358974339e-01 3.461538461538461453e-01
3.102564102564102644e-01 3.307692307692307598e-01
3.205128205128204844e-01 3.358974358974359253e-01
3.333333333333333703e-01 3.307692307692307598e-01
3.371794871794872028e-01 3.346153846153846478e-01
3.333333333333333703e-01 3.333333333333333703e-01
3.307692307692307598e-01 3.384615384615384803e-01
3.282051282051282048e-01 3.358974358974359253e-01
3.192307692307692069e-01 3.423076923076923128e-01
3.282051282051282048e-01 3.538461538461538103e-01
3.435897435897435903e-01 3.538461538461538103e-01
3.512820512820512553e-01 3.461538461538461453e-01
3.538461538461538103e-01 3.487179487179487003e-01
3.615384615384615308e-01 3.410256410256410353e-01
3.666666666666666963e-01 3.410256410256410353e-01
3.769230769230769162e-01 3.307692307692307598e-01
3.897435897435897467e-01 3.410256410256410353e-01
3.935897435897435792e-01 3.397435897435897578e-01
3.910256410256410242e-01 3.423076923076923128e-01
3.961538461538461342e-01 3.525641025641025328e-01
3.935897435897435792e-01 3.551282051282050878e-01
4.012820512820512997e-01 3.653846153846154188e-01
3.987179487179487447e-01 3.679487179487179738e-01
4.064102564102564097e-01 3.807692307692307487e-01
3.961538461538461342e-01 4.115384615384615197e-01
3.987179487179487447e-01 4.141025641025640747e-01
3.935897435897435792e-01 4.192307692307692402e-01
3.987179487179487447e-01 4.217948717948717952e-01
3.935897435897435792e-01 4.269230769230769051e-01
3.961538461538461342e-01 4.397435897435897356e-01
3.884615384615384692e-01 4.628205128205128416e-01
3.910256410256410242e-01 4.679487179487179516e-01
3.833333333333333037e-01 4.833333333333333370e-01
3.858974358974359142e-01 4.858974358974358920e-01
3.756410256410256387e-01 5.089743589743589425e-01
3.782051282051281937e-01 5.115384615384614975e-01
3.705128205128205288e-01 5.320512820512820484e-01
3.756410256410256387e-01 5.910256410256410353e-01
3.730769230769230838e-01 5.935897435897435903e-01
3.807692307692307487e-01 6.115384615384615863e-01
3.782051282051281937e-01 6.243589743589743613e-01
3.833333333333333037e-01 6.269230769230769162e-01
3.807692307692307487e-01 6.294871794871794712e-01
3.858974358974359142e-01 6.397435897435896912e-01
3.833333333333333037e-01 6.500000000000000222e-01
3.935897435897435792e-01 6.679487179487179072e-01
3.910256410256410242e-01 6.705128205128205732e-01
4.012820512820512997e-01 6.833333333333333481e-01
3.987179487179487447e-01 6.884615384615384581e-01
4.038461538461538547e-01 6.910256410256410131e-01
4.012820512820512997e-01 6.935897435897435681e-01
4.089743589743589647e-01 7.064102564102563431e-01
4.064102564102564097e-01 7.089743589743590091e-01
4.166666666666666852e-01 7.192307692307692291e-01
4.141025641025640747e-01 7.217948717948717841e-01
4.192307692307692402e-01 7.243589743589743390e-01
4.166666666666666852e-01 7.294871794871794490e-01
4.217948717948717952e-01 7.320512820512821150e-01
4.243589743589743501e-01 7.423076923076923350e-01
4.487179487179487336e-01 7.692307692307691624e-01
4.564102564102563986e-01 7.717948717948717174e-01
4.717948717948717841e-01 7.871794871794871584e-01
4.743589743589743390e-01 7.846153846153846034e-01
4.846153846153846145e-01 7.923076923076923794e-01
4.974358974358974450e-01 7.948717948717949344e-01
5.000000000000000000e-01 8.000000000000000444e-01
5.025641025641025550e-01 7.974358974358974894e-01
5.128205128205127750e-01 8.076923076923077094e-01
5.153846153846153300e-01 8.051282051282051544e-01
5.461538461538462119e-01 8.358974358974358143e-01
5.487179487179487669e-01 8.333333333333332593e-01
5.730769230769230393e-01 8.525641025641026438e-01
5.807692307692308153e-01 8.679487179487179738e-01
5.782051282051281493e-01 8.705128205128205288e-01
5.858974358974359253e-01 8.807692307692307487e-01
5.807692307692308153e-01 8.833333333333333037e-01
5.858974358974359253e-01 9.012820512820512997e-01
5.807692307692308153e-01 9.038461538461538547e-01
5.820512820512820928e-01 9.128205128205127972e-01
5.782051282051281493e-01 9.141025641025641857e-01
5.782051282051281493e-01 9.243589743589744057e-01
5.833333333333333703e-01 9.294871794871795156e-01
5.833333333333333703e-01 9.423076923076922906e-01
5.910256410256410353e-01 9.499999999999999556e-01
5.833333333333333703e-01 9.551282051282050656e-01
5.858974358974359253e-01 9.576923076923076206e-01
5.679487179487179294e-01 9.705128205128205066e-01
5.679487179487179294e-01 9.833333333333333925e-01
5.820512820512820928e-01 9.974358974358974450e-01
5.871794871794872028e-01 9.948717948717948900e-01
5.897435897435897578e-01 1.000000000000000000e+00
6.051282051282050878e-01 9.974358974358974450e-01
6.102564102564103088e-01 9.923076923076923350e-01
6.179487179487179738e-01 9.948717948717948900e-01
6.282051282051281937e-01 9.897435897435897800e-01
6.589743589743589647e-01 9.897435897435897800e-01
6.641025641025640747e-01 9.846153846153846700e-01
6.666666666666666297e-01 9.871794871794872250e-01
6.692307692307692957e-01 9.820512820512821150e-01
6.794871794871795156e-01 9.794871794871795601e-01
6.961538461538461231e-01 9.576923076923076206e-01
6.935897435897435681e-01 9.551282051282050656e-01
7.012820512820512331e-01 9.397435897435897356e-01
7.064102564102563431e-01 9.371794871794871806e-01
7.038461538461537881e-01 9.346153846153846256e-01
7.089743589743590091e-01 9.012820512820512997e-01
7.012820512820512331e-01 8.679487179487179738e-01
7.038461538461537881e-01 8.653846153846154188e-01
6.987179487179486781e-01 8.576923076923077538e-01
7.012820512820512331e-01 8.551282051282051988e-01
6.961538461538461231e-01 8.397435897435897578e-01
6.884615384615384581e-01 8.346153846153845368e-01
6.794871794871795156e-01 8.153846153846153744e-01
6.474358974358974672e-01 7.858974358974358809e-01
6.474358974358974672e-01 7.807692307692307709e-01
6.320512820512820262e-01 7.653846153846153300e-01
6.346153846153845812e-01 7.551282051282051100e-01
6.294871794871794712e-01 7.500000000000000000e-01
6.320512820512820262e-01 7.474358974358974450e-01
6.269230769230769162e-01 7.269230769230768940e-01
6.294871794871794712e-01 7.243589743589743390e-01
6.243589743589743613e-01 7.166666666666666741e-01
6.243589743589743613e-01 7.012820512820512331e-01
6.371794871794871362e-01 6.730769230769231282e-01
6.448717948717949122e-01 6.679487179487179072e-01
6.807692307692307931e-01 6.012820512820512553e-01
6.858974358974359031e-01 5.987179487179487003e-01
6.833333333333333481e-01 5.961538461538461453e-01
6.884615384615384581e-01 5.910256410256410353e-01
6.858974358974359031e-01 5.884615384615384803e-01
6.910256410256410131e-01 5.782051282051281493e-01
6.884615384615384581e-01 5.756410256410255943e-01
6.935897435897435681e-01 5.679487179487179294e-01
6.910256410256410131e-01 5.653846153846153744e-01
6.961538461538461231e-01 5.551282051282051544e-01
6.910256410256410131e-01 5.525641025641025994e-01
6.987179487179486781e-01 5.423076923076922684e-01
6.935897435897435681e-01 5.397435897435897134e-01
7.038461538461537881e-01 5.269230769230769384e-01
7.038461538461537881e-01 5.038461538461538325e-01
7.089743589743590091e-01 4.987179487179487225e-01
7.064102564102563431e-01 4.833333333333333370e-01
7.115384615384615641e-01 4.782051282051282270e-01
7.089743589743590091e-01 4.730769230769230616e-01
7.141025641025641191e-01 4.653846153846153966e-01
7.115384615384615641e-01 4.602564102564102866e-01
7.166666666666666741e-01 4.500000000000000111e-01
7.166666666666666741e-01 4.166666666666666852e-01
7.115384615384615641e-01 4.064102564102564097e-01
7.166666666666666741e-01 4.012820512820512997e-01
7.166666666666666741e-01 3.858974358974359142e-01
7.115384615384615641e-01 3.833333333333333037e-01
7.115384615384615641e-01 3.474358974358974228e-01
7.141025641025641191e-01 3.448717948717948678e-01
7.064102564102563431e-01 3.192307692307692069e-01
7.089743589743590091e-01 3.166666666666666519e-01
7.064102564102563431e-01 3.115384615384615419e-01
7.089743589743590091e-01 3.089743589743589869e-01
7.038461538461537881e-01 3.012820512820513219e-01
7.064102564102563431e-01 2.961538461538461564e-01
7.038461538461537881e-01 2.935897435897436014e-01
7.089743589743590091e-01 2.807692307692307709e-01
7.064102564102563431e-01 2.756410256410256610e-01
7.089743589743590091e-01 2.679487179487179405e-01
7.064102564102563431e-01 2.653846153846153855e-01
7.115384615384615641e-01 2.628205128205128305e-01
7.089743589743590091e-01 2.576923076923076650e-01
7.141025641025641191e-01 2.397435897435897245e-01
7.115384615384615641e-01 2.346153846153846145e-01
7.166666666666666741e-01 2.243589743589743390e-01
7.141025641025641191e-01 2.217948717948717841e-01
7.166666666666666741e-01 2.089743589743589536e-01
7.217948717948717841e-01 2.038461538461538436e-01
7.269230769230768940e-01 1.807692307692307931e-01
7.320512820512821150e-01 1.756410256410256276e-01
7.294871794871794490e-01 1.730769230769230727e-01
7.346153846153846700e-01 1.679487179487179627e-01
7.346153846153846700e-01 1.576923076923076872e-01
7.423076923076923350e-01 1.397435897435897467e-01
7.397435897435897800e-01 1.371794871794871917e-01
7.448717948717948900e-01 1.346153846153846367e-01
7.423076923076923350e-01 1.320512820512820262e-01
7.448717948717948900e-01 1.269230769230769162e-01
7.423076923076923350e-01 1.243589743589743613e-01
7.474358974358974450e-01 1.217948717948718063e-01
7.525641025641025550e-01 9.102564102564103532e-02
7.500000000000000000e-01 8.846153846153848033e-02
7.525641025641025550e-01 8.589743589743586982e-02
7.500000000000000000e-01 7.307692307692309486e-02
7.525641025641025550e-01 7.051282051282053986e-02
7.474358974358974450e-01 5.769230769230770939e-02
7.500000000000000000e-01 5.512820512820515440e-02
7.448717948717948900e-01 4.743589743589743390e-02
7.474358974358974450e-01 4.487179487179487891e-02
7.256410256410256165e-01 1.538461538461538547e-02
7.128205128205128416e-01 7.692307692307664979e-03
6.846153846153846256e-01 2.564102564102554993e-03
6.820512820512820706e-01 5.128205128205109986e-03
