3.074927744162352372e-01 0.000000000000000000e+00
2.976368702305949299e-01 6.213547189819479399e-04
2.844956646497411312e-01 1.228992998250633129e-04
2.804637038465246368e-01 6.341879275569839436e-04
2.774927853599440386e-01 3.919489322770419726e-03
2.767187402532593210e-01 7.204790717983855508e-03
2.769265879058670499e-01 1.706069490362421837e-02
2.747729483585014121e-01 2.034599629883765415e-02
2.647838562784604610e-01 2.400005601392191101e-02
2.618673132031179573e-01 2.691659908926452571e-02
2.582132534880335895e-01 3.459710099969587338e-02
2.549279520928201537e-01 3.732005350744049821e-02
2.516426506976067179e-01 3.811189538218412443e-02
2.450720479071798463e-01 3.796026608702057770e-02
2.352161437215395390e-01 3.568582665956493427e-02
2.286455409311126119e-01 3.634022677553461200e-02
2.249279630365290661e-01 4.005780467011826884e-02
2.242912128914250069e-01 4.334310606533170462e-02
2.247305567684833028e-01 4.662840746054514041e-02
2.264665144955119169e-01 4.991370885575863170e-02
2.352161437215395390e-01 5.697422501213833534e-02
2.417867465119664105e-01 6.011403980057461460e-02
2.582132534880335895e-01 6.419213415034019654e-02
2.680691576736738968e-01 6.422468084248389442e-02
2.746397604641007684e-01 6.308184313657316800e-02
2.877809660449545670e-01 6.450142773748990255e-02
2.943515688353814386e-01 6.415857037406685892e-02
3.042074730210218014e-01 6.214233071571978462e-02
3.074927744162352372e-01 6.262263793724209826e-02
3.107780758114486730e-01 6.485782373886367358e-02
3.172154907074749564e-01 7.619612001746611796e-02
3.163317995985951980e-01 7.948142141267955374e-02
3.097286045324221249e-01 8.276672280789298952e-02
3.070113078324538947e-01 8.605202420310648082e-02
3.063377856444804981e-01 8.933732559831991660e-02
3.075823735451955754e-01 9.590792838874678816e-02
3.097796018580014632e-01 9.919322978396022394e-02
3.140633772066621088e-01 1.029862595766156685e-01
3.239192813923024161e-01 1.090769755068480285e-01
3.403457883683695950e-01 1.135042017706854867e-01
3.567722953444368295e-01 1.167569564737552246e-01
3.699135009252906281e-01 1.175850509875211447e-01
3.731988023205040639e-01 1.196516975632440083e-01
3.770934741357974129e-01 1.287609423408812015e-01
3.786657491734763958e-01 1.353315451313080731e-01
3.783353449780996192e-01 1.419021479217349446e-01
3.662781264305872142e-01 1.714698604786559222e-01
3.636929712343536791e-01 1.813257646642962295e-01
3.600575967396502652e-01 1.873755269896283382e-01
3.502016925540099579e-01 1.969141845497477950e-01
3.403457883683695950e-01 2.030756766789037493e-01
3.211193086122909324e-01 2.174640800116440786e-01
3.140633772066621088e-01 2.252502443182999303e-01
3.074927744162352372e-01 2.302578017910810737e-01
2.941560151809044510e-01 2.437464911733516204e-01
2.713544590688873326e-01 2.623532436207877128e-01
2.549279520928201537e-01 2.729732762269956869e-01
2.483573493023932821e-01 2.789320691160875887e-01
2.385014451167529748e-01 2.838697554352639374e-01
2.052377684902168542e-01 3.061672176824069558e-01
1.912120586875748485e-01 3.225937246584741902e-01
1.799334811529933464e-01 3.390202316345414246e-01
1.641043017033285700e-01 3.587320400058220393e-01
1.496566996272308270e-01 3.817291497723161453e-01
1.467112569970395186e-01 3.882997525627430169e-01
1.391349986801701522e-01 4.014409581435967600e-01
1.256961417556514138e-01 4.277233693053043018e-01
1.182421229919661809e-01 4.375792734909446091e-01
1.166490777942872370e-01 4.408645748861580449e-01
1.140639225980537019e-01 4.507204790717984078e-01
1.100246176039387791e-01 4.605763832574387151e-01
1.042015034043583532e-01 4.835734930239328211e-01
9.688905836339939404e-02 5.000000000000000000e-01
9.277841732149011422e-02 5.164265069760671789e-01
9.185064514426372062e-02 5.262824111617074863e-01
8.295505982799350475e-02 5.591354251138419551e-01
8.259673189166139018e-02 5.985590418564031845e-01
8.374785278254559540e-02 6.051296446468301671e-01
8.854734734280611530e-02 6.182708502276839102e-01
9.031845557297252247e-02 6.346973572037510891e-01
1.003771786990292347e-01 6.576944669702451396e-01
1.061149355045503118e-01 6.675503711558854469e-01
1.137435167103849620e-01 6.839768781319526258e-01
1.215194438979605440e-01 7.135445906888736589e-01
1.225303058657185029e-01 7.201151934793005305e-01
1.224797627673305800e-01 7.332563990601542736e-01
1.313060427744477399e-01 7.693947144075021782e-01
1.345595632820384413e-01 7.858212213835693571e-01
1.349163824691649860e-01 7.956771255692096645e-01
1.337218735694127858e-01 8.022477283596365361e-01
1.267728761157441153e-01 8.153889339404902792e-01
1.244741091912198172e-01 8.219595367309171507e-01
1.225631588796706750e-01 8.252448381261305865e-01
1.166715183775878795e-01 8.318154409165574581e-01
1.107093047344226977e-01 8.416713451021977654e-01
9.723348512257501408e-02 8.539744635924360061e-01
8.642484353232282590e-02 8.613831534734784912e-01
8.418187867068160912e-02 8.646684548686919269e-01
8.089050275825054870e-02 8.745243590543322343e-01
7.530409830952522476e-02 8.843802632399726527e-01
7.171575618216713410e-02 8.942361674256129600e-01
6.918522446094027556e-02 8.975214688208263958e-01
6.109516977522716497e-02 9.012571744395772022e-01
5.452456698480029340e-02 9.023513522152819544e-01
3.809806000873305898e-02 9.030910813423991268e-01
3.481275861351962320e-02 9.043710122957524522e-01
3.152745721830618741e-02 9.069230228135116700e-01
2.495685442787931585e-02 9.157220385503087590e-01
2.495685442787931585e-02 9.251727555638727951e-01
2.821431428584514345e-02 9.369450855633876252e-01
3.481275861351962320e-02 9.472116524234296397e-01
3.809806000873305898e-02 9.504272186475182238e-01
4.795396419437336633e-02 9.567985017534275105e-01
8.080697814650777966e-02 9.728851499644726175e-01
9.723348512257501408e-02 9.824406432774595022e-01
1.103746907034287572e-01 9.932352050045893943e-01
1.169452934938556288e-01 9.964249374364051448e-01
1.285351067491919408e-01 9.993658120724430161e-01
1.465130060507766063e-01 1.000000000000000000e+00
1.544798619341691825e-01 9.993658120724430161e-01
1.629395130268438407e-01 9.965382985765625090e-01
1.760807186076975839e-01 9.893116569405397964e-01
1.957925269789781986e-01 9.804614082813419840e-01
2.023631297694051256e-01 9.766424774222166594e-01
2.169372859588094005e-01 9.632274967250951114e-01
2.225826665381278602e-01 9.566568939346682399e-01
2.357148055404558185e-01 9.369450855633876252e-01
2.554266139117364887e-01 9.040920716112532673e-01
2.619563427825800650e-01 8.909508660303995242e-01
2.652271112286083143e-01 8.810949618447592169e-01
2.662794039285203418e-01 8.745243590543322343e-01
2.668813948615583187e-01 8.580978520782650554e-01
2.695647053237337776e-01 8.449566464974113122e-01
2.695647053237337776e-01 8.153889339404902792e-01
2.665245756744317740e-01 7.989624269644231003e-01
2.664265069760671789e-01 7.661094130122887425e-01
2.669824810583341090e-01 7.595388102218618709e-01
2.680408361099220760e-01 7.562535088266484351e-01
2.736096235859406534e-01 7.463976046410081278e-01
2.777268109130514029e-01 7.365417004553677094e-01
2.872236381296951468e-01 7.201151934793005305e-01
3.028491272518469835e-01 6.971180837128064800e-01
3.173486786018755446e-01 6.803569627057453051e-01
3.304898841827292877e-01 6.736093286470578034e-01
3.502016925540099579e-01 6.670549685645438265e-01
3.633428981348637010e-01 6.647083247108198645e-01
3.830547065061443712e-01 6.581522548695781794e-01
3.929106106917846786e-01 6.540052350756202504e-01
4.027665148774249859e-01 6.514739372793082461e-01
4.126224190630652933e-01 6.473269174853502061e-01
4.389048302247728350e-01 6.384404464982975647e-01
4.553313372008400695e-01 6.314985111084117086e-01
4.651872413864803768e-01 6.243427911991944468e-01
4.750431455721206842e-01 6.187108459502570490e-01
4.953755108736083712e-01 6.018443432516166203e-01
5.013255567338281704e-01 5.961118275518054732e-01
5.078961595242551530e-01 5.919562302287683098e-01
5.177520637098954603e-01 5.832973235568208459e-01
5.276079678955357677e-01 5.776824448086378405e-01
5.407491734763895108e-01 5.670265902297958460e-01
5.506050776620298182e-01 5.577770793446671371e-01
5.604609818476701255e-01 5.505746878243915621e-01
5.703168860333105439e-01 5.413505723685999582e-01
5.768874888237374154e-01 5.364857991487645972e-01
5.839665311158044325e-01 5.295677125569209220e-01
5.929443993928430467e-01 5.229971097664940505e-01
6.064552013806583375e-01 5.114315079159977850e-01
6.176316678918256642e-01 5.000000000000000000e-01
6.294523111471523880e-01 4.857500051982616696e-01
6.401134362629921082e-01 4.704322874430790224e-01
6.495116033198498062e-01 4.605763832574387151e-01
6.740881849109657820e-01 4.277233693053043018e-01
6.833123003667573858e-01 4.178674651196639944e-01
6.985852482653939211e-01 3.948703553531698884e-01
7.015306908955851739e-01 3.882997525627430169e-01
7.208732890630463741e-01 3.587320400058220393e-01
7.317073170731707155e-01 3.455908344249682962e-01
7.472378327596342906e-01 3.324496288441145531e-01
7.871467781173975276e-01 2.949529677275918305e-01
8.068585864886781422e-01 2.793861447017831345e-01
8.397116004408126111e-01 2.596156702341593792e-01
8.561381074168799010e-01 2.508157557826948825e-01
8.955617241594411304e-01 2.245424111995130700e-01
9.054176283450814378e-01 2.168966188615616963e-01
9.185588339259351809e-01 2.081159042234458356e-01
9.251294367163620525e-01 2.026131767659343774e-01
9.461364119838326925e-01 1.813257646642962295e-01
9.551958110921994205e-01 1.681845590834424864e-01
9.686323026913135070e-01 1.451874493169483804e-01
9.714680830085259400e-01 1.386168465265215088e-01
9.744089576445637002e-01 1.270270332711851968e-01
9.750431455721206842e-01 1.024785311791736597e-01
9.744089576445637002e-01 9.435653606322930154e-02
9.714680830085259400e-01 8.276672280789298952e-02
9.682783505767100785e-01 7.619612001746611796e-02
9.487336130450150229e-01 4.991370885575863170e-02
9.251294367163620525e-01 2.976190476190476719e-02
9.185588339259351809e-01 2.645881118993148595e-02
8.889911213690142588e-01 1.661743995347625402e-02
8.824205185785873873e-01 1.556514725356428208e-02
8.495675046264530295e-01 1.556514725356428208e-02
8.429969018360260469e-01 1.676447920405571557e-02
8.364262990455991753e-01 1.985608293288476656e-02
8.171998192895205682e-01 3.348720187969139728e-02
8.101438878838916891e-01 4.129817356422954555e-02
8.040586137086667140e-01 4.662840746054514041e-02
7.707202711413303486e-01 8.564136152870477359e-02
7.638021845494866735e-01 9.262262699353335238e-02
7.490815071440111161e-01 1.123344353648139671e-01
7.378672571891959908e-01 1.238329902480610478e-01
7.280113530035556835e-01 1.325315723512965338e-01
7.214407502131288119e-01 1.398572154206327856e-01
7.153554760379039479e-01 1.451874493169483804e-01
7.017289418418480862e-01 1.596492172233290319e-01
6.984436404466346504e-01 1.621126181119319498e-01
6.918730376562077788e-01 1.652493307877189732e-01
6.787318320753540357e-01 1.670473393697147757e-01
6.623053250992868568e-01 1.719652630699975981e-01
6.163111055662986448e-01 1.808825097141483762e-01
6.031698999854449017e-01 1.851064686508513968e-01
5.965992971950180301e-01 1.861556480587517881e-01
5.834580916141642870e-01 1.864008198046633313e-01
5.768874888237374154e-01 1.875519406955475366e-01
5.637462832428835613e-01 1.923514352558080009e-01
5.571756804524566897e-01 1.925210609572158837e-01
5.538903790572432539e-01 1.917292190824720910e-01
5.506050776620298182e-01 1.890635140030226258e-01
5.473197762668163824e-01 1.835303748110842514e-01
5.440344748716029466e-01 1.808358512983433974e-01
5.407491734763895108e-01 1.799863725570168826e-01
5.210373651051088961e-01 1.795850452683249165e-01
5.144667623146820246e-01 1.783905363685727163e-01
5.076348287314540464e-01 1.747551618738693580e-01
5.048319841844887135e-01 1.714698604786559222e-01
5.035418314845674370e-01 1.681845590834424864e-01
4.983846820977903547e-01 1.419021479217349446e-01
4.910722370568314510e-01 1.254756409456677657e-01
4.836795060580226790e-01 9.590792838874678816e-02
4.819581751217231202e-01 8.276672280789298952e-02
4.779310314759776523e-01 7.291081862225268218e-02
4.757823383860437239e-01 6.305491443661237483e-02
4.739368706125079989e-01 5.976961304139893905e-02
4.651872413864803768e-01 5.305740243221279684e-02
4.553313372008400695e-01 4.947045390561066736e-02
4.356195288295593993e-01 4.771508407588503919e-02
4.323342274343459635e-01 4.659854108422506469e-02
4.290489260391325277e-01 4.440599769319486523e-02
4.252649628250028124e-01 4.005780467011826884e-02
4.179685004243671731e-01 2.691659908926452571e-02
4.152583004150389168e-01 2.363129769405108993e-02
4.093371176678518575e-01 1.959427479315323239e-02
4.027665148774249859e-01 1.660290700429117861e-02
3.830547065061443712e-01 1.089402261260885574e-02
3.731988023205040639e-01 6.860363958808235463e-03
3.567722953444368295e-01 4.316904814126887313e-03
3.478061602866667767e-01 6.341879275569839436e-04
