2.608200455580865773e-01 0.000000000000000000e+00
2.471526195899771960e-01 6.833712984054662876e-03
2.425968109339407541e-01 6.833712984054662876e-03
2.357630979498860913e-01 1.138952164009110479e-02
2.243735763097949865e-01 1.366742596810932575e-02
2.175398633257403236e-01 1.822323462414576767e-02
2.061503416856492188e-01 2.050113895216398863e-02
1.993166287015945559e-01 2.505694760820043054e-02
1.947608200455581140e-01 2.505694760820043054e-02
1.810933940774487327e-01 3.189066059225514893e-02
1.742596810933940699e-01 3.189066059225514893e-02
1.731207289293849594e-01 3.758542141230070133e-02
1.753986332574031803e-01 3.986332574031892229e-02
1.753986332574031803e-01 4.669703872437358516e-02
1.867881548974942851e-01 7.630979498861045762e-02
1.867881548974942851e-01 8.314350797266512050e-02
1.936218678815489480e-01 9.908883826879272272e-02
1.833712984054669537e-01 1.025056947608200542e-01
1.628701594533029651e-01 1.025056947608200542e-01
1.605922551252847441e-01 1.047835990888382751e-01
1.400911161731207555e-01 1.047835990888382751e-01
1.378132118451024790e-01 1.070615034168564961e-01
1.173120728929384904e-01 1.070615034168564961e-01
1.150341685649202694e-01 1.093394077448747170e-01
1.127562642369020485e-01 1.070615034168564961e-01
1.093394077448747170e-01 1.104783599088838275e-01
1.093394077448747170e-01 1.195899772209567113e-01
1.070615034168564961e-01 1.218678815489749323e-01
1.070615034168564961e-01 1.309794988610478161e-01
1.047835990888382751e-01 1.332574031890660371e-01
1.047835990888382751e-01 1.423690205011389764e-01
1.025056947608200542e-01 1.446469248291571974e-01
1.025056947608200542e-01 1.514806378132118603e-01
1.002277904328018332e-01 1.537585421412300812e-01
1.002277904328018332e-01 1.628701594533029651e-01
9.794988610478361224e-02 1.651480637813211860e-01
9.794988610478361224e-02 1.742596810933940699e-01
9.567198177676539128e-02 1.765375854214122908e-01
9.567198177676539128e-02 1.856492027334851747e-01
9.339407744874717032e-02 1.879271070615033956e-01
1.548974943052391917e-01 2.494305239179954170e-01
1.560364464692483022e-01 2.528473804100227484e-01
2.425968109339407541e-01 2.095671981776765502e-01
2.471526195899771960e-01 2.050113895216401083e-01
2.767653758542141240e-01 2.255125284738040969e-01
2.835990888382687869e-01 2.277904328018223179e-01
3.154897494305238803e-01 2.505694760820045275e-01
3.223234624145785987e-01 2.528473804100227484e-01
3.473804100227790848e-01 2.710706150341685716e-01
3.542141230068337476e-01 2.733485193621867926e-01
3.861047835990888411e-01 2.961275626423690577e-01
3.929384965831435039e-01 2.984054669703872786e-01
4.111617312072892716e-01 3.120728929384966044e-01
4.191343963553531005e-01 3.154897494305238803e-01
4.191343963553531005e-01 3.496583143507973057e-01
4.214123006833713214e-01 3.519362186788155267e-01
4.214123006833713214e-01 3.974943052391799458e-01
4.236902050113895424e-01 3.997722095671981668e-01
4.236902050113895424e-01 4.453302961275626415e-01
4.259681093394077633e-01 4.476082004555808624e-01
4.259681093394077633e-01 4.931662870159453371e-01
4.282460136674259843e-01 4.954441913439635581e-01
4.282460136674259843e-01 5.410022779043279773e-01
4.305239179954442053e-01 5.432801822323461982e-01
4.305239179954442053e-01 5.888382687927107284e-01
4.328018223234624262e-01 5.911161731207289494e-01
4.328018223234624262e-01 6.366742596810933685e-01
4.350797266514806472e-01 6.389521640091115895e-01
4.350797266514806472e-01 6.845102505694761197e-01
4.373576309794988681e-01 6.867881548974943406e-01
4.373576309794988681e-01 7.323462414578587598e-01
4.396355353075170891e-01 7.346241457858769808e-01
4.396355353075170891e-01 7.687927107061502952e-01
4.419134396355353100e-01 7.710706150341686271e-01
4.396355353075170891e-01 7.733485193621867371e-01
4.498861047835990834e-01 7.767653758542141240e-01
4.589977220956719672e-01 7.767653758542141240e-01
4.612756264236901882e-01 7.790432801822323450e-01
4.681093394077448511e-01 7.790432801822323450e-01
4.703872437357630720e-01 7.813211845102505659e-01
4.794988610478360114e-01 7.813211845102505659e-01
4.817767653758542323e-01 7.835990888382687869e-01
4.886104783599088952e-01 7.835990888382687869e-01
4.908883826879271162e-01 7.858769931662870079e-01
5.000000000000000000e-01 7.858769931662870079e-01
5.022779043280182210e-01 7.881548974943052288e-01
5.113895216400911048e-01 7.881548974943052288e-01
5.136674259681093258e-01 7.904328018223234498e-01
5.205011389521639886e-01 7.904328018223234498e-01
5.227790432801822096e-01 7.927107061503416707e-01
5.318906605922550934e-01 7.927107061503416707e-01
5.341685649202733144e-01 7.949886104783598917e-01
5.432801822323461982e-01 7.949886104783598917e-01
5.455580865603644192e-01 7.972665148063781126e-01
5.523917995444191931e-01 7.972665148063781126e-01
5.546697038724373030e-01 7.995444191343963336e-01
5.637813211845102979e-01 7.995444191343963336e-01
5.660592255125285188e-01 8.018223234624145546e-01
5.751708428246014027e-01 8.018223234624145546e-01
5.774487471526196236e-01 8.041002277904327755e-01
5.842824601366742865e-01 8.041002277904327755e-01
5.865603644646925074e-01 8.063781321184511075e-01
5.956719817767653913e-01 8.063781321184511075e-01
5.979498861047836122e-01 8.086560364464692174e-01
6.047835990888382751e-01 8.086560364464692174e-01
6.070615034168564961e-01 8.109339407744875494e-01
6.161731207289293799e-01 8.109339407744875494e-01
6.184510250569476009e-01 8.132118451025056594e-01
6.275626423690204847e-01 8.132118451025056594e-01
6.378132118451025345e-01 8.166287015945330463e-01
6.309794988610478716e-01 8.302961275626423721e-01
6.309794988610478716e-01 8.348519362186788140e-01
6.264236902050114297e-01 8.416856492027334768e-01
6.264236902050114297e-01 8.462414578587699188e-01
6.218678815489749878e-01 8.530751708428245816e-01
6.218678815489749878e-01 8.576309794988610236e-01
6.173120728929384349e-01 8.644646924829157975e-01
6.173120728929384349e-01 8.690205011389522394e-01
6.127562642369019930e-01 8.758542141230067912e-01
6.127562642369019930e-01 8.804100227790432331e-01
6.082004555808655510e-01 8.872437357630980070e-01
6.082004555808655510e-01 8.917995444191344490e-01
6.036446469248291091e-01 8.986332574031890008e-01
6.036446469248291091e-01 9.031890660592254427e-01
5.990888382687926672e-01 9.100227790432802166e-01
5.968109339407744462e-01 9.214123006833713214e-01
6.036446469248291091e-01 9.282460136674259843e-01
6.332574031890660926e-01 9.715261958997721825e-01
6.400911161731207555e-01 9.783599088838268454e-01
6.503416856492026943e-01 9.954441913439635581e-01
6.822323462414578987e-01 9.954441913439635581e-01
6.845102505694761197e-01 9.977220956719817790e-01
7.391799544419134227e-01 9.977220956719817790e-01
7.414578587699316436e-01 1.000000000000000000e+00
7.528473804100228595e-01 1.000000000000000000e+00
7.585421412300683564e-01 9.943052391799545031e-01
7.676537585421412402e-01 9.738041002277904035e-01
7.676537585421412402e-01 9.692482915717539615e-01
7.744874715261959031e-01 9.578587699316628568e-01
7.744874715261959031e-01 9.533029612756264148e-01
7.813211845102505659e-01 9.419134396355353100e-01
7.813211845102505659e-01 9.373576309794988681e-01
7.892938496583143948e-01 9.202733485193621554e-01
8.029612756264237206e-01 9.202733485193621554e-01
8.052391799544418305e-01 9.179954441913440455e-01
8.257403189066059301e-01 9.179954441913440455e-01
8.280182232346241511e-01 9.157175398633257135e-01
8.485193621867881397e-01 9.157175398633257135e-01
8.507972665148063607e-01 9.134396355353074926e-01
8.690205011389522394e-01 9.134396355353074926e-01
8.747152619589977363e-01 9.077448747152618846e-01
9.043280182232346087e-01 8.143507972665148253e-01
9.066059225512528297e-01 8.120728929384966044e-01
8.462414578587699188e-01 7.357630979498861468e-01
8.325740318906605930e-01 7.403189066059225887e-01
8.257403189066059301e-01 7.403189066059225887e-01
8.234624145785877092e-01 7.425968109339408096e-01
8.166287015945330463e-01 7.425968109339408096e-01
8.075170842824601625e-01 7.471526195899772516e-01
8.006833712984053886e-01 7.471526195899772516e-01
7.984054669703872786e-01 7.494305239179954725e-01
7.915717539863325047e-01 7.494305239179954725e-01
7.892938496583143948e-01 7.517084282460136935e-01
7.824601366742596209e-01 7.517084282460136935e-01
7.733485193621867371e-01 7.562642369020501354e-01
7.665148063781321852e-01 7.562642369020501354e-01
7.642369020501138532e-01 7.585421412300683564e-01
7.574031890660593014e-01 7.585421412300683564e-01
7.551252847380409694e-01 7.608200455580865773e-01
7.482915717539863065e-01 7.608200455580865773e-01
7.391799544419134227e-01 7.653758542141230192e-01
7.323462414578587598e-01 7.653758542141230192e-01
7.300683371298405389e-01 7.676537585421412402e-01
7.164009111617312131e-01 7.676537585421412402e-01
7.141230068337129921e-01 7.653758542141230192e-01
7.072892938496583293e-01 7.653758542141230192e-01
6.981776765375854454e-01 7.608200455580865773e-01
6.913439635535307826e-01 7.608200455580865773e-01
6.776765375854214568e-01 7.562642369020501354e-01
6.753986332574031248e-01 7.539863325740319144e-01
6.685649202733485730e-01 7.539863325740319144e-01
6.662870159453302410e-01 7.517084282460136935e-01
6.617312072892937991e-01 7.517084282460136935e-01
6.594533029612756891e-01 7.494305239179954725e-01
6.548974943052392472e-01 7.494305239179954725e-01
6.526195899772209152e-01 7.471526195899772516e-01
6.457858769931662524e-01 7.471526195899772516e-01
6.435079726651480314e-01 7.448747152619590306e-01
6.389521640091115895e-01 7.448747152619590306e-01
6.366742596810933685e-01 7.425968109339408096e-01
6.298405466970387057e-01 7.425968109339408096e-01
6.275626423690204847e-01 7.403189066059225887e-01
6.230068337129840428e-01 7.403189066059225887e-01
6.207289293849658218e-01 7.380410022779043677e-01
6.161731207289293799e-01 7.380410022779043677e-01
6.138952164009111589e-01 7.357630979498861468e-01
6.070615034168564961e-01 7.357630979498861468e-01
6.047835990888382751e-01 7.334851936218678148e-01
6.002277904328018332e-01 7.334851936218678148e-01
5.979498861047836122e-01 7.312072892938497048e-01
5.933940774487471703e-01 7.312072892938497048e-01
5.911161731207289494e-01 7.289293849658313729e-01
5.842824601366742865e-01 7.289293849658313729e-01
5.820045558086560655e-01 7.266514806378132629e-01
5.774487471526196236e-01 7.266514806378132629e-01
5.751708428246014027e-01 7.243735763097949309e-01
5.683371298405467398e-01 7.243735763097949309e-01
5.660592255125285188e-01 7.220956719817768210e-01
5.615034168564920769e-01 7.220956719817768210e-01
5.592255125284738559e-01 7.198177676537584890e-01
5.546697038724373030e-01 7.198177676537584890e-01
5.523917995444191931e-01 7.175398633257403791e-01
5.455580865603644192e-01 7.175398633257403791e-01
5.432801822323461982e-01 7.152619589977220471e-01
5.387243735763097563e-01 7.152619589977220471e-01
5.364464692482915353e-01 7.129840546697039372e-01
5.296127562642368725e-01 7.129840546697039372e-01
5.273348519362186515e-01 7.107061503416856052e-01
5.227790432801822096e-01 7.107061503416856052e-01
5.205011389521639886e-01 7.084282460136674953e-01
5.159453302961275467e-01 7.084282460136674953e-01
5.136674259681093258e-01 7.061503416856491633e-01
5.056947608200456079e-01 7.050113895216401083e-01
5.056947608200456079e-01 6.571753986332573572e-01
5.034168564920273869e-01 6.548974943052392472e-01
5.034168564920273869e-01 5.842824601366742865e-01
5.011389521640091660e-01 5.820045558086560655e-01
5.011389521640091660e-01 5.113895216400911048e-01
4.988610478359908895e-01 5.091116173120728838e-01
4.988610478359908895e-01 4.384965831435079786e-01
4.965831435079726686e-01 4.362186788154897576e-01
4.965831435079726686e-01 3.656036446469248524e-01
4.943052391799544476e-01 3.633257403189066315e-01
4.943052391799544476e-01 2.972665148063781126e-01
3.166287015945330463e-01 1.674259681093394070e-01
3.166287015945330463e-01 1.628701594533029651e-01
3.189066059225512673e-01 1.605922551252847441e-01
3.189066059225512673e-01 1.514806378132118603e-01
3.211845102505694882e-01 1.492027334851936393e-01
3.211845102505694882e-01 1.423690205011389764e-01
3.234624145785877092e-01 1.400911161731207555e-01
3.234624145785877092e-01 1.309794988610478161e-01
3.257403189066059301e-01 1.287015945330295952e-01
3.257403189066059301e-01 1.218678815489749323e-01
3.280182232346241511e-01 1.195899772209567113e-01
3.280182232346241511e-01 1.104783599088838275e-01
3.302961275626423721e-01 1.082004555808656066e-01
3.302961275626423721e-01 1.013667425968109437e-01
3.325740318906605930e-01 9.908883826879272272e-02
3.325740318906605930e-01 8.997722095671983888e-02
3.348519362186788140e-01 8.769931662870161793e-02
3.348519362186788140e-01 8.086560364464689954e-02
3.371298405466970349e-01 7.858769931662867858e-02
3.371298405466970349e-01 6.947608200455579475e-02
3.394077448747152559e-01 6.719817767653757379e-02
3.416856492027334768e-01 5.580865603644646900e-02
