2.773972602739726012e-01 0.000000000000000000e+00
2.751141552511415789e-01 2.283105022831077857e-03
2.705479452054794232e-01 2.283105022831077857e-03
2.636986301369863006e-01 6.849315068493178060e-03
2.591324200913242004e-01 6.849315068493178060e-03
2.568493150684931781e-01 9.132420091324200406e-03
2.522831050228310223e-01 9.132420091324200406e-03
2.454337899543378998e-01 1.369863013698630061e-02
2.408675799086757996e-01 1.369863013698630061e-02
2.340182648401826215e-01 1.826484018264840081e-02
2.294520547945205213e-01 1.826484018264840081e-02
2.271689497716894990e-01 2.054794520547947867e-02
2.226027397260273988e-01 2.054794520547947867e-02
2.157534246575342207e-01 2.511415525114157887e-02
2.111872146118721205e-01 2.511415525114157887e-02
2.089041095890410982e-01 2.739726027397260122e-02
2.043378995433789980e-01 2.739726027397260122e-02
1.974885844748858199e-01 3.196347031963470142e-02
1.906392694063926974e-01 3.196347031963470142e-02
1.894977168949771862e-01 3.767123287671231280e-02
1.917808219178082085e-01 3.995433789954339066e-02
1.917808219178082085e-01 4.680365296803651320e-02
1.940639269406392864e-01 4.908675799086759106e-02
1.940639269406392864e-01 5.365296803652969126e-02
1.963470319634703087e-01 5.593607305936071361e-02
1.963470319634703087e-01 6.050228310502281381e-02
1.986301369863013866e-01 6.278538812785389167e-02
1.986301369863013866e-01 6.735159817351599187e-02
2.009132420091324089e-01 6.963470319634701422e-02
2.009132420091324089e-01 7.420091324200911442e-02
2.031963470319634868e-01 7.648401826484019228e-02
2.031963470319634868e-01 8.333333333333331483e-02
2.054794520547945091e-01 8.561643835616439269e-02
2.054794520547945091e-01 9.018264840182649289e-02
2.077625570776255870e-01 9.246575342465751524e-02
2.077625570776255870e-01 9.703196347031961544e-02
2.100456621004566093e-01 9.931506849315069330e-02
1.997716894977168978e-01 1.004566210045662045e-01
1.974885844748858199e-01 1.027397260273972823e-01
1.769406392694063967e-01 1.027397260273972823e-01
1.746575342465753189e-01 1.050228310502283047e-01
1.541095890410958957e-01 1.050228310502283047e-01
1.518264840182648179e-01 1.073059360730593825e-01
1.289954337899543169e-01 1.073059360730593825e-01
1.255707762557077833e-01 1.107305936073059160e-01
1.255707762557077833e-01 1.198630136986301165e-01
1.232876712328767055e-01 1.221461187214611943e-01
1.232876712328767055e-01 1.312785388127853947e-01
1.210045662100456831e-01 1.335616438356164171e-01
1.210045662100456831e-01 1.404109589041095951e-01
1.187214611872146053e-01 1.426940639269406175e-01
1.187214611872146053e-01 1.518264840182648179e-01
1.164383561643835829e-01 1.541095890410958957e-01
1.164383561643835829e-01 1.632420091324200961e-01
1.141552511415525051e-01 1.655251141552511185e-01
1.141552511415525051e-01 1.746575342465753189e-01
1.118721461187214827e-01 1.769406392694063967e-01
1.118721461187214827e-01 1.860730593607305972e-01
1.095890410958904049e-01 1.883561643835616195e-01
1.712328767123287854e-01 2.500000000000000000e-01
1.723744292237442965e-01 2.534246575342465890e-01
2.591324200913242004e-01 2.100456621004566093e-01
2.636986301369863006e-01 2.054794520547945091e-01
2.671232876712328896e-01 2.089041095890410982e-01
2.694063926940639675e-01 2.157534246575342207e-01
2.831050228310502126e-01 2.340182648401826215e-01
2.853881278538812905e-01 2.408675799086757996e-01
3.036529680365296913e-01 2.659817351598173785e-01
3.059360730593607691e-01 2.728310502283105010e-01
3.196347031963470142e-01 2.910958904109589018e-01
3.219178082191780921e-01 2.979452054794520244e-01
3.356164383561643927e-01 3.162100456621004252e-01
3.378995433789954150e-01 3.230593607305936033e-01
3.561643835616438158e-01 3.481735159817351821e-01
3.584474885844748937e-01 3.550228310502283047e-01
3.721461187214611943e-01 3.732876712328767055e-01
3.744292237442922167e-01 3.801369863013698835e-01
3.881278538812785728e-01 3.984018264840182844e-01
3.904109589041095951e-01 4.052511415525114069e-01
4.086757990867579959e-01 4.303652968036529858e-01
4.109589041095890183e-01 4.372146118721461083e-01
4.246575342465753744e-01 4.554794520547945091e-01
4.269406392694063967e-01 4.623287671232876872e-01
4.452054794520547976e-01 4.874429223744292106e-01
4.474885844748858199e-01 4.942922374429223886e-01
4.611872146118721760e-01 5.125570776255707894e-01
4.634703196347031984e-01 5.194063926940639675e-01
4.771689497716894990e-01 5.376712328767123683e-01
4.794520547945205768e-01 5.445205479452054353e-01
4.977168949771689777e-01 5.696347031963470142e-01
5.000000000000000000e-01 5.764840182648401923e-01
5.136986301369863561e-01 5.947488584474885931e-01
5.159817351598173785e-01 6.015981735159817712e-01
5.296803652968036236e-01 6.198630136986301720e-01
5.319634703196347569e-01 6.267123287671232390e-01
5.502283105022831577e-01 6.518264840182648179e-01
5.525114155251141801e-01 6.586757990867579959e-01
5.662100456621004252e-01 6.769406392694063967e-01
5.684931506849315586e-01 6.837899543378995748e-01
5.821917808219178037e-01 7.020547945205479756e-01
5.844748858447488260e-01 7.089041095890411537e-01
6.027397260273972268e-01 7.340182648401826215e-01
6.050228310502283602e-01 7.408675799086757996e-01
6.187214611872146053e-01 7.591324200913242004e-01
6.210045662100456276e-01 7.659817351598173785e-01
6.347031963470319837e-01 7.842465753424657793e-01
6.369863013698630061e-01 7.910958904109588463e-01
6.552511415525114069e-01 8.162100456621004252e-01
6.529680365296803846e-01 8.184931506849315586e-01
6.529680365296803846e-01 8.230593607305936033e-01
6.484018264840182288e-01 8.299086757990867813e-01
6.484018264840182288e-01 8.344748858447488260e-01
6.438356164383561842e-01 8.413242009132420041e-01
6.438356164383561842e-01 8.458904109589040488e-01
6.392694063926940284e-01 8.527397260273972268e-01
6.392694063926940284e-01 8.573059360730593825e-01
6.347031963470319837e-01 8.641552511415524496e-01
6.347031963470319837e-01 8.687214611872146053e-01
6.301369863013698280e-01 8.755707762557077833e-01
6.301369863013698280e-01 8.801369863013699391e-01
6.255707762557077833e-01 8.869863013698630061e-01
6.255707762557077833e-01 8.915525114155251618e-01
6.210045662100456276e-01 8.984018264840183399e-01
6.210045662100456276e-01 9.029680365296803846e-01
6.164383561643835829e-01 9.098173515981735626e-01
6.164383561643835829e-01 9.143835616438356073e-01
6.118721461187214272e-01 9.212328767123287854e-01
6.152968036529680163e-01 9.223744292237443521e-01
6.198630136986301720e-01 9.178082191780821963e-01
6.449771689497716398e-01 9.063926940639268626e-01
6.495433789954337955e-01 9.018264840182648179e-01
6.700913242009132187e-01 8.926940639269406175e-01
6.746575342465753744e-01 8.881278538812784618e-01
6.997716894977168423e-01 8.767123287671232390e-01
7.134703196347031984e-01 8.675799086757991496e-01
7.146118721461187651e-01 8.732876712328767610e-01
7.214611872146118321e-01 8.847031963470319837e-01
7.214611872146118321e-01 8.892694063926940284e-01
7.305936073059360325e-01 9.052511415525114069e-01
7.305936073059360325e-01 9.098173515981735626e-01
7.374429223744292106e-01 9.212328767123287854e-01
7.374429223744292106e-01 9.257990867579908301e-01
7.465753424657534110e-01 9.417808219178082085e-01
7.465753424657534110e-01 9.463470319634703642e-01
7.534246575342465890e-01 9.577625570776255870e-01
7.534246575342465890e-01 9.623287671232876317e-01
7.625570776255707894e-01 9.783105022831050102e-01
7.625570776255707894e-01 9.828767123287671659e-01
7.728310502283104455e-01 1.000000000000000000e+00
7.785388127853880569e-01 9.897260273972603439e-01
7.785388127853880569e-01 9.851598173515981882e-01
7.831050228310502126e-01 9.783105022831050102e-01
7.831050228310502126e-01 9.737442922374428544e-01
7.899543378995433907e-01 9.623287671232876317e-01
7.899543378995433907e-01 9.577625570776255870e-01
7.968036529680364577e-01 9.463470319634703642e-01
7.968036529680364577e-01 9.417808219178082085e-01
8.013698630136986134e-01 9.349315068493151415e-01
8.013698630136986134e-01 9.303652968036529858e-01
8.070776255707763358e-01 9.223744292237443521e-01
8.116438356164383805e-01 9.223744292237443521e-01
8.139269406392694028e-01 9.200913242009132187e-01
8.344748858447488260e-01 9.200913242009132187e-01
8.367579908675799594e-01 9.178082191780821963e-01
8.573059360730593825e-01 9.178082191780821963e-01
8.595890410958904049e-01 9.155251141552511740e-01
8.801369863013699391e-01 9.155251141552511740e-01
8.824200913242008504e-01 9.132420091324200406e-01
8.904109589041095951e-01 9.121004566210045850e-01
8.858447488584475504e-01 9.075342465753424293e-01
8.812785388127853947e-01 8.961187214611872065e-01
8.767123287671232390e-01 8.915525114155251618e-01
8.721461187214611943e-01 8.801369863013699391e-01
8.675799086757991496e-01 8.755707762557077833e-01
8.630136986301369939e-01 8.641552511415524496e-01
8.584474885844748382e-01 8.595890410958904049e-01
8.538812785388127935e-01 8.481735159817351821e-01
8.493150684931507488e-01 8.436073059360731374e-01
8.447488584474885931e-01 8.321917808219178037e-01
8.401826484018264374e-01 8.276255707762556479e-01
8.356164383561643927e-01 8.162100456621004252e-01
8.310502283105023480e-01 8.116438356164383805e-01
8.242009132420091699e-01 7.979452054794520244e-01
8.242009132420091699e-01 7.933789954337899797e-01
8.401826484018264374e-01 7.728310502283104455e-01
8.401826484018264374e-01 7.705479452054795342e-01
8.515981735159816601e-01 7.568493150684931781e-01
8.515981735159816601e-01 7.545662100456620447e-01
8.630136986301369939e-01 7.408675799086757996e-01
8.618721461187215382e-01 7.374429223744292106e-01
8.573059360730593825e-01 7.374429223744292106e-01
8.550228310502283602e-01 7.397260273972602329e-01
8.481735159817351821e-01 7.397260273972602329e-01
8.458904109589040488e-01 7.420091324200912553e-01
8.413242009132420041e-01 7.420091324200912553e-01
8.390410958904109817e-01 7.442922374429223886e-01
8.321917808219178037e-01 7.442922374429223886e-01
8.299086757990867813e-01 7.465753424657534110e-01
8.230593607305936033e-01 7.465753424657534110e-01
8.207762557077625809e-01 7.488584474885844333e-01
8.139269406392694028e-01 7.488584474885844333e-01
8.116438356164383805e-01 7.511415525114155667e-01
8.070776255707763358e-01 7.511415525114155667e-01
8.047945205479452024e-01 7.534246575342465890e-01
7.979452054794520244e-01 7.534246575342465890e-01
7.956621004566210020e-01 7.557077625570776114e-01
7.888127853881279350e-01 7.557077625570776114e-01
7.865296803652968016e-01 7.579908675799087447e-01
7.796803652968036236e-01 7.579908675799087447e-01
7.773972602739726012e-01 7.602739726027396561e-01
7.728310502283104455e-01 7.602739726027396561e-01
7.705479452054795342e-01 7.625570776255707894e-01
7.636986301369863561e-01 7.625570776255707894e-01
7.614155251141552228e-01 7.648401826484018118e-01
7.545662100456620447e-01 7.648401826484018118e-01
7.522831050228311334e-01 7.671232876712328341e-01
7.454337899543379553e-01 7.671232876712328341e-01
7.431506849315068219e-01 7.694063926940639675e-01
7.385844748858447772e-01 7.694063926940639675e-01
6.050228310502283602e-01 5.719178082191780366e-01
6.050228310502283602e-01 5.696347031963470142e-01
5.479452054794520244e-01 4.874429223744292106e-01
5.479452054794520244e-01 4.851598173515981882e-01
4.863013698630136994e-01 3.961187214611872065e-01
4.863013698630136994e-01 3.938356164383561842e-01
4.292237442922374191e-01 3.116438356164383805e-01
4.292237442922374191e-01 3.093607305936073026e-01
3.721461187214611943e-01 2.271689497716894990e-01
3.721461187214611943e-01 2.248858447488584211e-01
3.333333333333333703e-01 1.700913242009132187e-01
3.333333333333333703e-01 1.609589041095890183e-01
3.356164383561643927e-01 1.586757990867579959e-01
3.356164383561643927e-01 1.518264840182648179e-01
3.378995433789954150e-01 1.495433789954337955e-01
3.378995433789954150e-01 1.404109589041095951e-01
3.401826484018264929e-01 1.381278538812785173e-01
3.401826484018264929e-01 1.312785388127853947e-01
3.424657534246575707e-01 1.289954337899543169e-01
3.424657534246575707e-01 1.198630136986301165e-01
3.447488584474885931e-01 1.175799086757990941e-01
3.447488584474885931e-01 1.107305936073059160e-01
3.470319634703196154e-01 1.084474885844748937e-01
3.470319634703196154e-01 9.931506849315069330e-02
3.493150684931506933e-01 9.703196347031961544e-02
3.493150684931506933e-01 9.018264840182649289e-02
3.515981735159817712e-01 8.789954337899541503e-02
3.515981735159817712e-01 7.876712328767121463e-02
3.538812785388127935e-01 7.648401826484019228e-02
3.538812785388127935e-01 6.963470319634701422e-02
3.561643835616438158e-01 6.735159817351599187e-02
3.561643835616438158e-01 5.821917808219179147e-02
3.584474885844748937e-01 5.593607305936071361e-02
2.910958904109589018e-01 9.132420091324200406e-03
2.888127853881278240e-01 9.132420091324200406e-03
2.842465753424657793e-01 4.566210045662100203e-03
2.819634703196347014e-01 4.566210045662100203e-03
