2.624701368706930382e-01 7.184305175516603192e-04
2.601857859436272902e-01 5.117273582133652354e-05
2.579014350165615421e-01 0.000000000000000000e+00
2.533327331624300460e-01 1.115129414305193745e-03
2.464796803812328019e-01 4.036102730881063749e-03
2.419109785271013058e-01 5.646382892583234892e-03
2.350579257459040061e-01 8.604804585012615359e-03
2.236361711105752659e-01 1.249943567378047904e-02
2.167831183293780217e-01 1.545785736620985951e-02
2.053613636940492815e-01 1.935248845497772319e-02
1.985083109128519818e-01 2.231091014740710365e-02
1.939396090587204857e-01 2.392119030910921929e-02
1.870865562775232416e-01 2.687961200153859975e-02
1.751400183211118122e-01 3.109255428506157992e-02
1.734503798251409434e-01 3.337690521212732797e-02
1.733233419419520915e-01 3.566125613919307602e-02
1.753516244989677397e-01 4.479865984745606822e-02
1.851522268634756552e-01 7.449522189931084837e-02
1.867733791342965355e-01 8.134827468050809252e-02
1.897266667751976166e-01 9.048567838877108471e-02
1.902367498946864743e-01 9.277002931583683276e-02
1.901808134423668140e-01 9.505438024290258081e-02
1.887825137839811984e-01 9.733873116996832886e-02
1.870865562775232416e-01 9.833813470055963180e-02
1.825178544233917455e-01 9.996754771302024389e-02
1.779491525692602494e-01 1.006970679806545310e-01
1.665273979339315091e-01 1.008675419304355669e-01
1.642430470068657611e-01 1.011166961647309015e-01
1.573899942256684614e-01 1.027333137438852240e-01
1.551056432986027134e-01 1.029814189077202791e-01
1.436838886632739731e-01 1.031518928575013150e-01
1.413995377362082251e-01 1.034010470917966495e-01
1.345464849550109809e-01 1.050176646709509720e-01
1.322621340279452329e-01 1.052657698347860826e-01
1.208403793926164371e-01 1.054362437845670630e-01
1.162716775384849410e-01 1.059228936380826047e-01
1.139873266114191930e-01 1.064567759720698170e-01
1.117029756843534449e-01 1.073766963014015086e-01
1.100295558191773937e-01 1.087604858052971246e-01
1.088007265557043302e-01 1.110448367323628727e-01
1.079952984104236569e-01 1.156135385864943688e-01
1.063209064546758453e-01 1.224665913676916129e-01
1.056979016563851514e-01 1.270352932218231090e-01
1.040365555276100973e-01 1.338883460030203532e-01
1.034135507293194034e-01 1.384570478571519048e-01
9.946785367347860118e-02 1.544475043466121411e-01
9.884484887518790730e-02 1.590162062007436372e-01
9.718350274641285313e-02 1.658692589819408814e-01
9.656049794812215925e-02 1.704379608360723775e-01
9.489915181934710509e-02 1.772910136172696771e-01
9.423126039062401649e-02 1.841440663984669213e-01
9.442055022794620944e-02 1.864284173255326693e-01
9.527641583608975617e-02 1.887127682525984174e-01
9.701459922332067443e-02 1.909971191796641654e-01
1.528212923715369653e-01 2.469875122149320368e-01
1.551056432986027134e-01 2.485500717032374518e-01
1.573899942256684614e-01 2.488996075089325299e-01
1.596743451527342095e-01 2.484349937610547121e-01
2.441953294541670538e-01 2.064776759086187075e-01
2.464796803812328019e-01 2.062607367377853329e-01
2.487640313082985499e-01 2.073250366015318424e-01
2.510483822353642980e-01 2.099455172541710435e-01
2.537202569804144492e-01 2.138406284503217014e-01
2.575547031794176434e-01 2.206936812315189456e-01
2.697107134698746855e-01 2.389684886480449300e-01
2.735451596688779352e-01 2.458215414292421741e-01
2.902698718134664180e-01 2.709494016269654582e-01
2.941043180124696677e-01 2.778024544081627578e-01
3.062603283029267098e-01 2.960772618246887422e-01
3.100947745019299040e-01 3.029303146058859864e-01
3.268194866465184978e-01 3.280581748036092149e-01
3.306539328455216920e-01 3.349112275848065146e-01
3.428099431359787341e-01 3.531860350013324990e-01
3.466443893349819838e-01 3.600390877825297986e-01
3.588003996254389705e-01 3.783138951990557830e-01
3.626348458244422202e-01 3.851669479802530272e-01
3.793595579690307584e-01 4.102948081779763112e-01
3.831940041680339526e-01 4.171478609591735554e-01
3.953500144584909948e-01 4.354226683756995397e-01
3.991844606574942445e-01 4.422757211568968394e-01
4.159091728020827827e-01 4.674035813546201235e-01
4.197436190010859769e-01 4.742566341358173676e-01
4.318996292915430191e-01 4.925314415523433520e-01
4.357340754905462132e-01 4.993844943335405961e-01
4.478900857810033109e-01 5.176593017500665805e-01
4.517245319800065051e-01 5.245123545312638802e-01
4.684492441245950434e-01 5.496402147289871642e-01
4.722836903235982375e-01 5.564932675101843529e-01
4.844397006140553352e-01 5.747680749267104483e-01
4.882741468130585294e-01 5.816211277079076369e-01
5.049988589576470677e-01 6.067489879056309210e-01
5.088333051566502618e-01 6.136020406868282207e-01
5.209893154471073595e-01 6.318768481033542050e-01
5.248237616461105537e-01 6.387299008845515047e-01
5.415484737906991475e-01 6.638577610822746777e-01
5.453829199897023416e-01 6.707108138634719774e-01
5.575389302801593283e-01 6.889856212799979618e-01
5.613733764791625225e-01 6.958386740611952614e-01
5.735293867696196202e-01 7.141134814777212458e-01
5.773638329686228143e-01 7.209665342589185455e-01
5.940885451132114081e-01 7.460943944566418295e-01
5.979229913122146023e-01 7.529474472378390182e-01
6.100790016026717000e-01 7.712222546543650026e-01
6.139134478016748941e-01 7.780753074355623022e-01
6.306381599462633769e-01 8.032031676332855863e-01
6.331060747871112282e-01 8.077718694874170824e-01
6.340646863368620822e-01 8.100562204144827749e-01
6.345401395357691543e-01 8.123405713415485785e-01
6.333087188209638452e-01 8.146249222686143820e-01
6.325349870553447218e-01 8.150861854365796244e-01
6.233975833470817296e-01 8.177572519489090253e-01
6.165445305658845410e-01 8.183802567471996081e-01
6.096914777846872413e-01 8.200416028759747178e-01
6.028384250034900527e-01 8.206646076742654117e-01
5.959853722222927530e-01 8.223259538030405214e-01
5.891323194410955644e-01 8.229489586013312152e-01
5.822792666598982647e-01 8.246103047301063249e-01
5.754262138787009651e-01 8.252333095283969078e-01
5.685731610975037764e-01 8.268946556571720174e-01
5.617201083163064768e-01 8.275176604554626003e-01
5.548670555351092881e-01 8.291790065842377100e-01
5.480140027539119885e-01 8.298246418987056394e-01
5.457296518268461849e-01 8.303345159391730679e-01
5.434453008997804924e-01 8.312857860953656308e-01
5.413241178960765954e-01 8.328997296851403664e-01
5.410444014560277237e-01 8.351840806122060590e-01
5.418877889040538687e-01 8.374684315392717515e-01
5.431337985006351454e-01 8.397527824663375551e-01
5.484085724594961464e-01 8.466058352475348547e-01
5.636514231910075834e-01 8.694493445181923352e-01
5.689677308030878233e-01 8.763023972993896349e-01
5.842105815345992603e-01 8.991459065700471154e-01
5.895268891466796113e-01 9.059989593512443040e-01
6.047697398781910483e-01 9.288424686219018955e-01
6.100860474902713992e-01 9.356955214030990842e-01
6.207601963676513401e-01 9.516859778925594870e-01
6.260765039797316911e-01 9.585390306737566757e-01
6.413193547112430171e-01 9.813825399444141562e-01
6.465941286701040180e-01 9.882355927256114558e-01
6.494884542297445496e-01 9.928042945797429519e-01
6.508097944718708172e-01 9.942380893105607909e-01
6.530941453989365097e-01 9.955645519499474183e-01
6.553784963260023133e-01 9.960404583930860811e-01
6.782220055966597938e-01 9.962990105502540494e-01
6.805063565237255974e-01 9.965471157140891600e-01
6.873594093049227860e-01 9.981637332932433715e-01
6.896437602319885896e-01 9.984128875275386505e-01
7.353307787733036616e-01 9.985833614773197420e-01
7.376151297003693541e-01 9.988314666411548526e-01
7.411051102833864368e-01 9.996573473609402516e-01
7.444681824815666538e-01 1.000000000000000000e+00
7.513212352627638424e-01 9.999737608339458461e-01
7.534498349902569725e-01 9.996573473609402516e-01
7.558899371168954495e-01 9.980672599509238241e-01
7.584802279002644809e-01 9.950886455068086445e-01
7.610106904450677501e-01 9.905199436526772594e-01
7.630613010928477546e-01 9.859512417985456523e-01
7.646715812545498148e-01 9.813825399444141562e-01
7.676300029469791397e-01 9.745294871632168565e-01
7.692402831086813109e-01 9.699607853090854714e-01
7.744830557281764394e-01 9.585390306737566757e-01
7.760933358898786105e-01 9.539703288196251796e-01
7.813361085093737390e-01 9.425485741842963838e-01
7.829463886710759102e-01 9.379798723301648877e-01
7.859048103635051241e-01 9.311268195489676991e-01
7.875853062299327245e-01 9.265581176948360920e-01
7.888592711700270765e-01 9.242737667677703994e-01
7.901552010228816147e-01 9.228088025862826171e-01
7.924395519499474183e-01 9.214754368821148622e-01
7.947239028770132219e-01 9.210029915767443676e-01
8.015769556582104105e-01 9.204958017730078268e-01
8.084300084394075991e-01 9.188791841938535043e-01
8.107143593664734027e-01 9.186310790300185047e-01
8.221361140018021985e-01 9.184606050802374133e-01
8.244204649288678910e-01 9.182114508459420232e-01
8.312735177100651907e-01 9.165948332667878118e-01
8.335578686371309942e-01 9.163467281029527012e-01
8.449796232724596790e-01 9.161762541531717208e-01
8.472639741995253715e-01 9.159270999188762197e-01
8.541170269807226711e-01 9.143104823397221192e-01
8.678231325431171594e-01 9.135724612709777981e-01
8.701074834701829630e-01 9.127897116526125787e-01
8.723918343972487666e-01 9.112301229742250097e-01
8.746962234903412625e-01 9.082833102783101076e-01
8.757262498633688885e-01 9.059989593512443040e-01
9.053899973983781102e-01 8.169092731956800746e-01
9.057687396093759835e-01 8.146249222686143820e-01
9.057175668735546470e-01 8.123405713415485785e-01
9.050503090918243787e-01 8.100562204144827749e-01
9.024759202670877833e-01 8.054875185603513899e-01
8.978727306473366365e-01 7.986344657791539792e-01
8.925564230352562856e-01 7.917814129979567905e-01
8.864509760120078408e-01 7.826440092896937983e-01
8.742816156187303012e-01 7.666535528002336175e-01
8.681761685954818564e-01 7.575161490919705143e-01
8.628598609834015054e-01 7.506630963107732146e-01
8.567544139601530606e-01 7.415256926025102224e-01
8.445850535668755210e-01 7.255352361130500416e-01
8.384796065436270762e-01 7.163978324047870494e-01
8.331632989315467253e-01 7.095447796235897497e-01
8.270578519082982805e-01 7.004073759153267575e-01
8.148884915150207409e-01 6.844169194258664657e-01
8.087830444917722961e-01 6.752795157176034735e-01
8.015769556582104105e-01 6.659517494320850162e-01
7.992926047311446069e-01 6.641671002703148918e-01
7.970082538040789144e-01 6.639291470487455049e-01
7.947239028770132219e-01 6.652537533154816440e-01
7.924395519499474183e-01 6.679285915805072138e-01
7.814123670202026695e-01 6.844169194258664657e-01
7.760960594081225405e-01 6.912699722070637653e-01
7.608532086766109925e-01 7.141134814777212458e-01
7.555369010645307526e-01 7.209665342589185455e-01
7.402940503330192046e-01 7.438100435295760260e-01
7.349777427209389646e-01 7.506630963107732146e-01
7.288796025440901216e-01 7.598005000190362068e-01
7.261933750650406694e-01 7.630532170999668740e-01
7.239090241379748658e-01 7.643920453824384342e-01
7.216246732109090622e-01 7.642572238865469325e-01
7.193403222838433697e-01 7.628700965772808873e-01
7.170559713567775662e-01 7.603298008436003563e-01
6.648689360866300024e-01 6.821325684988007731e-01
6.595526284745496515e-01 6.752795157176034735e-01
6.123288647641177418e-01 6.044646369785652285e-01
6.070125571520373908e-01 5.976115841973679288e-01
5.552200915874739851e-01 5.199436526771323841e-01
5.499037839753936341e-01 5.130905998959350844e-01
4.981113184108301728e-01 4.354226683756995397e-01
4.927950107987498218e-01 4.285696155945023511e-01
4.410025452341863605e-01 3.509016840742668064e-01
4.356862376221060651e-01 3.440486312930695068e-01
3.884624739116740999e-01 2.732337525540312062e-01
3.831461662995938044e-01 2.663806997728339621e-01
3.313537007350303432e-01 1.887127682525984174e-01
3.260373931229499922e-01 1.818597154714011732e-01
3.184979225550646498e-01 1.704379608360723775e-01
3.172752002141094874e-01 1.681536099090066294e-01
3.166342389304161453e-01 1.658692589819408814e-01
3.165741099817349635e-01 1.635849080548751333e-01
3.181079264958172059e-01 1.567318552736778892e-01
3.187309312941078998e-01 1.521631534195463931e-01
3.226766283499487020e-01 1.361726969300861012e-01
3.232996331482393959e-01 1.316039950759546051e-01
3.272453302040801981e-01 1.156135385864943688e-01
3.278683350023708920e-01 1.110448367323628727e-01
3.318140320582117497e-01 9.505438024290258081e-02
3.324370368565023881e-01 9.048567838877108471e-02
3.363827339123432458e-01 7.449522189931084837e-02
3.370057387106338842e-01 6.992652004517935227e-02
3.387498859044809629e-01 6.307346726398210812e-02
3.399251204231512613e-01 5.622041448278480846e-02
3.394942967660282696e-01 5.393606355571906041e-02
3.379282071680063115e-01 5.165171262865331236e-02
3.310006646826655907e-01 4.668844106893771384e-02
3.081571554120080547e-01 3.148712399064568235e-02
3.013041026308108661e-01 2.617081637856538689e-02
2.670388387248245898e-01 3.292819342288255680e-03
