2.801822323462414555e-01 0.000000000000000000e+00
2.733485193621867926e-01 4.555808656036441917e-03
2.687927107061503507e-01 4.555808656036441917e-03
2.665148063781321297e-01 6.833712984054662876e-03
2.619589977220956323e-01 6.833712984054662876e-03
2.551252847380409694e-01 1.138952164009110479e-02
2.505694760820045275e-01 1.138952164009110479e-02
2.437357630979498646e-01 1.594533029612754671e-02
2.391799544419134227e-01 1.594533029612754671e-02
2.369020501138952017e-01 1.822323462414576767e-02
2.323462414578587598e-01 1.822323462414576767e-02
2.255125284738040969e-01 2.277904328018220959e-02
2.209567198177676550e-01 2.277904328018220959e-02
2.141230068337129921e-01 2.733485193621865150e-02
2.095671981776765502e-01 2.733485193621865150e-02
2.072892938496583293e-01 2.961275626423692797e-02
2.027334851936218874e-01 2.961275626423692797e-02
1.958997722095672245e-01 3.416856492027336989e-02
1.936218678815489480e-01 3.189066059225514893e-02
1.924829157175398375e-01 3.530751708428248037e-02
1.947608200455581140e-01 3.758542141230070133e-02
1.947608200455581140e-01 4.214123006833714324e-02
1.970387243735763350e-01 4.441913439635536420e-02
1.970387243735763350e-01 4.897494305239180612e-02
1.993166287015945559e-01 5.125284738041002708e-02
1.993166287015945559e-01 5.808656036446468995e-02
2.015945330296127769e-01 6.036446469248291091e-02
2.015945330296127769e-01 6.492027334851935283e-02
2.038724373576309978e-01 6.719817767653757379e-02
2.038724373576309978e-01 7.175398633257401571e-02
2.061503416856492188e-01 7.403189066059223666e-02
2.061503416856492188e-01 7.858769931662867858e-02
2.084282460136674398e-01 8.086560364464689954e-02
2.084282460136674398e-01 8.542141230068339697e-02
2.107061503416856607e-01 8.769931662870161793e-02
2.107061503416856607e-01 9.453302961275628080e-02
2.129840546697038817e-01 9.681093394077450176e-02
2.129840546697038817e-01 1.013667425968109437e-01
2.437357630979498646e-01 1.321184510250569266e-01
2.471526195899771960e-01 1.332574031890660371e-01
2.494305239179954170e-01 1.423690205011389764e-01
2.585421412300683564e-01 1.583143507972665232e-01
2.585421412300683564e-01 1.628701594533029651e-01
2.630979498861047983e-01 1.697038724373576279e-01
2.630979498861047983e-01 1.742596810933940699e-01
2.653758542141230192e-01 1.765375854214122908e-01
2.653758542141230192e-01 1.902050113895216166e-01
2.676537585421412402e-01 1.924829157175398375e-01
2.676537585421412402e-01 2.061503416856492188e-01
2.767653758542141240e-01 2.175398633257403236e-01
2.790432801822323450e-01 2.243735763097949865e-01
2.927107061503416707e-01 2.425968109339407541e-01
2.949886104783598917e-01 2.494305239179954170e-01
3.086560364464692174e-01 2.676537585421412402e-01
3.109339407744874384e-01 2.744874715261959031e-01
3.246013667425968197e-01 2.927107061503416707e-01
3.268792710706150406e-01 2.995444191343963336e-01
3.451025056947608083e-01 3.246013667425968197e-01
3.473804100227790848e-01 3.314350797266514825e-01
3.610478359908884105e-01 3.496583143507973057e-01
3.633257403189066315e-01 3.564920273348519686e-01
3.769931662870159572e-01 3.747152619589977363e-01
3.792710706150341782e-01 3.815489749430523991e-01
3.974943052391799458e-01 4.066059225512528297e-01
3.997722095671981668e-01 4.134396355353074926e-01
4.134396355353074926e-01 4.316628701594533157e-01
4.157175398633257135e-01 4.384965831435079786e-01
4.293849658314350948e-01 4.567198177676537463e-01
4.316628701594533157e-01 4.635535307517084092e-01
4.498861047835990834e-01 4.886104783599088952e-01
4.521640091116173044e-01 4.954441913439635581e-01
4.658314350797266301e-01 5.136674259681093258e-01
4.681093394077448511e-01 5.205011389521639886e-01
4.817767653758542323e-01 5.387243735763097563e-01
4.840546697038724533e-01 5.455580865603644192e-01
4.977220956719817790e-01 5.637813211845102979e-01
5.000000000000000000e-01 5.706150341685649607e-01
5.182232346241457677e-01 5.956719817767653913e-01
5.205011389521639886e-01 6.025056947608200542e-01
5.341685649202733144e-01 6.207289293849658218e-01
5.364464692482915353e-01 6.275626423690204847e-01
5.501138952164008611e-01 6.457858769931662524e-01
5.523917995444191931e-01 6.526195899772209152e-01
5.706150341685649607e-01 6.776765375854214568e-01
5.728929384965831817e-01 6.845102505694761197e-01
5.865603644646925074e-01 7.027334851936218874e-01
5.888382687927107284e-01 7.095671981776765502e-01
6.025056947608200542e-01 7.277904328018223179e-01
6.047835990888382751e-01 7.346241457858769808e-01
6.184510250569476009e-01 7.528473804100228595e-01
6.207289293849658218e-01 7.596810933940774113e-01
6.389521640091115895e-01 7.847380410022779529e-01
6.412300683371298105e-01 7.915717539863325047e-01
6.571753986332573572e-01 8.143507972665148253e-01
6.571753986332573572e-01 8.189066059225512673e-01
6.526195899772209152e-01 8.257403189066059301e-01
6.526195899772209152e-01 8.302961275626423721e-01
6.480637813211844733e-01 8.371298405466970349e-01
6.480637813211844733e-01 8.416856492027334768e-01
6.435079726651480314e-01 8.485193621867881397e-01
6.435079726651480314e-01 8.530751708428245816e-01
6.389521640091115895e-01 8.599088838268792445e-01
6.389521640091115895e-01 8.644646924829157975e-01
6.343963553530751476e-01 8.712984054669703493e-01
6.343963553530751476e-01 8.758542141230067912e-01
6.298405466970387057e-01 8.826879271070615651e-01
6.298405466970387057e-01 8.872437357630980070e-01
6.252847380410022637e-01 8.940774487471525589e-01
6.252847380410022637e-01 8.986332574031890008e-01
6.207289293849658218e-01 9.054669703872437747e-01
6.207289293849658218e-01 9.100227790432802166e-01
6.161731207289293799e-01 9.191343963553531005e-01
6.230068337129840428e-01 9.305239179954442053e-01
6.298405466970387057e-01 9.373576309794988681e-01
6.298405466970387057e-01 9.396355353075170891e-01
6.412300683371298105e-01 9.533029612756264148e-01
6.412300683371298105e-01 9.555808656036446358e-01
6.526195899772209152e-01 9.692482915717539615e-01
6.526195899772209152e-01 9.715261958997721825e-01
6.594533029612756891e-01 9.783599088838268454e-01
6.594533029612756891e-01 9.806378132118451774e-01
6.662870159453302410e-01 9.874715261958997292e-01
6.697038724373576279e-01 9.954441913439635581e-01
7.015945330296127214e-01 9.954441913439635581e-01
7.038724373576309423e-01 9.977220956719817790e-01
7.585421412300683564e-01 9.977220956719817790e-01
7.608200455580865773e-01 1.000000000000000000e+00
7.722095671981776821e-01 1.000000000000000000e+00
7.779043280182231790e-01 9.943052391799545031e-01
7.824601366742596209e-01 9.851936218678816193e-01
7.824601366742596209e-01 9.806378132118451774e-01
7.892938496583143948e-01 9.692482915717539615e-01
7.892938496583143948e-01 9.646924829157175196e-01
7.938496583143508367e-01 9.578587699316628568e-01
7.938496583143508367e-01 9.533029612756264148e-01
8.006833712984053886e-01 9.419134396355353100e-01
8.006833712984053886e-01 9.373576309794988681e-01
8.075170842824601625e-01 9.259681093394077633e-01
8.075170842824601625e-01 9.191343963553531005e-01
8.018223234624145546e-01 9.134396355353074926e-01
7.847380410022779529e-01 9.031890660592254427e-01
7.847380410022779529e-01 8.986332574031890008e-01
7.870159453302960628e-01 8.963553530751708909e-01
7.870159453302960628e-01 8.895216400911161170e-01
7.892938496583143948e-01 8.872437357630980070e-01
7.892938496583143948e-01 8.804100227790432331e-01
7.915717539863325047e-01 8.781321184510251232e-01
7.915717539863325047e-01 8.712984054669703493e-01
7.938496583143508367e-01 8.690205011389522394e-01
7.938496583143508367e-01 8.621867881548974655e-01
7.961275626423689467e-01 8.599088838268792445e-01
7.961275626423689467e-01 8.530751708428245816e-01
7.824601366742596209e-01 8.371298405466970349e-01
7.824601366742596209e-01 8.348519362186788140e-01
7.710706150341686271e-01 8.211845102505694882e-01
7.665148063781321852e-01 8.097949886104783834e-01
7.619589977220957433e-01 8.052391799544418305e-01
7.574031890660593014e-01 7.938496583143508367e-01
7.528473804100228595e-01 7.892938496583143948e-01
7.482915717539863065e-01 7.779043280182231790e-01
7.437357630979498646e-01 7.733485193621867371e-01
7.414578587699316436e-01 7.665148063781321852e-01
7.277904328018223179e-01 7.482915717539863065e-01
7.277904328018223179e-01 7.460136674259680856e-01
6.662870159453302410e-01 6.571753986332573572e-01
6.662870159453302410e-01 6.548974943052392472e-01
6.047835990888382751e-01 5.660592255125285188e-01
6.047835990888382751e-01 5.637813211845102979e-01
5.432801822323461982e-01 4.749430523917995695e-01
5.432801822323461982e-01 4.726651480637813485e-01
4.817767653758542323e-01 3.838268792710706201e-01
4.817767653758542323e-01 3.815489749430523991e-01
4.567198177676537463e-01 3.473804100227790848e-01
4.521640091116173044e-01 3.405466970387243664e-01
4.521640091116173044e-01 3.382687927107061454e-01
4.476082004555808624e-01 3.337129840546697035e-01
4.476082004555808624e-01 3.314350797266514825e-01
4.430523917995444205e-01 3.268792710706150406e-01
4.430523917995444205e-01 3.246013667425968197e-01
4.384965831435079786e-01 3.200455580865603777e-01
4.384965831435079786e-01 3.177676537585421013e-01
4.339407744874715367e-01 3.132118451025056594e-01
4.339407744874715367e-01 3.109339407744874384e-01
4.293849658314350948e-01 3.063781321184509965e-01
4.293849658314350948e-01 3.041002277904327755e-01
4.248291571753986529e-01 2.995444191343963336e-01
4.248291571753986529e-01 2.972665148063781126e-01
4.202733485193621554e-01 2.927107061503416707e-01
4.202733485193621554e-01 2.904328018223234498e-01
4.134396355353074926e-01 2.835990888382687869e-01
4.134396355353074926e-01 2.813211845102505659e-01
4.088838268792710506e-01 2.767653758542141240e-01
4.088838268792710506e-01 2.744874715261959031e-01
4.043280182232346087e-01 2.699316628701594611e-01
4.043280182232346087e-01 2.676537585421412402e-01
3.997722095671981668e-01 2.630979498861047983e-01
3.997722095671981668e-01 2.608200455580865773e-01
3.952164009111617249e-01 2.562642369020501354e-01
3.952164009111617249e-01 2.539863325740319144e-01
3.906605922551252830e-01 2.494305239179954170e-01
3.906605922551252830e-01 2.471526195899771960e-01
3.861047835990888411e-01 2.425968109339407541e-01
3.861047835990888411e-01 2.403189066059225332e-01
3.815489749430523991e-01 2.357630979498860913e-01
3.815489749430523991e-01 2.334851936218678703e-01
3.769931662870159572e-01 2.289293849658314284e-01
3.769931662870159572e-01 2.266514806378132074e-01
3.724373576309795153e-01 2.220956719817767655e-01
3.724373576309795153e-01 2.198177676537585445e-01
3.678815489749430734e-01 2.152619589977221026e-01
3.678815489749430734e-01 2.129840546697038817e-01
3.633257403189066315e-01 2.084282460136674398e-01
3.633257403189066315e-01 2.061503416856492188e-01
3.587699316628701895e-01 2.015945330296127769e-01
3.587699316628701895e-01 1.993166287015945559e-01
3.519362186788155267e-01 1.924829157175398375e-01
3.519362186788155267e-01 1.902050113895216166e-01
3.473804100227790848e-01 1.856492027334851747e-01
3.473804100227790848e-01 1.833712984054669537e-01
3.428246013667425873e-01 1.788154897494305118e-01
3.428246013667425873e-01 1.765375854214122908e-01
3.382687927107061454e-01 1.719817767653758489e-01
3.359908883826879245e-01 1.651480637813211860e-01
3.382687927107061454e-01 1.628701594533029651e-01
3.382687927107061454e-01 1.560364464692483022e-01
3.405466970387243664e-01 1.537585421412300812e-01
3.405466970387243664e-01 1.446469248291571974e-01
3.428246013667425873e-01 1.423690205011389764e-01
3.428246013667425873e-01 1.355353075170842581e-01
3.451025056947608083e-01 1.332574031890660371e-01
3.451025056947608083e-01 1.241457858769931533e-01
3.473804100227790848e-01 1.218678815489749323e-01
3.473804100227790848e-01 1.150341685649202694e-01
3.496583143507973057e-01 1.127562642369020485e-01
3.496583143507973057e-01 1.036446469248291646e-01
3.519362186788155267e-01 1.013667425968109437e-01
3.519362186788155267e-01 9.453302961275628080e-02
3.542141230068337476e-01 9.225512528473805984e-02
3.542141230068337476e-01 8.314350797266512050e-02
3.564920273348519686e-01 8.086560364464689954e-02
3.564920273348519686e-01 7.403189066059223666e-02
3.587699316628701895e-01 7.175398633257401571e-02
3.587699316628701895e-01 6.264236902050113187e-02
3.610478359908884105e-01 6.036446469248291091e-02
3.610478359908884105e-01 5.580865603644646900e-02
3.485193621867881397e-01 4.555808656036447468e-02
3.462414578587699188e-01 4.555808656036447468e-02
3.416856492027334768e-01 4.100227790432803276e-02
3.394077448747152559e-01 4.100227790432803276e-02
3.348519362186788140e-01 3.644646924829159085e-02
3.325740318906605930e-01 3.644646924829159085e-02
3.280182232346241511e-01 3.189066059225514893e-02
3.257403189066059301e-01 3.189066059225514893e-02
3.211845102505694882e-01 2.733485193621865150e-02
3.189066059225512673e-01 2.733485193621865150e-02
3.120728929384966044e-01 2.050113895216398863e-02
