2.624701368706930382e-01 7.184305175516603192e-04
2.601857859436272902e-01 5.117273582133652354e-05
2.579014350165615421e-01 0.000000000000000000e+00
2.533327331624300460e-01 1.115129414305193745e-03
2.350579257459040061e-01 8.604804585012615359e-03
2.236361711105752659e-01 1.249943567378047904e-02
2.167831183293780217e-01 1.545785736620985951e-02
2.053613636940492815e-01 1.935248845497772319e-02
1.870865562775232416e-01 2.687961200153859975e-02
1.751400183211118122e-01 3.109255428506157992e-02
1.734503798251409434e-01 3.337690521212732797e-02
1.733233419419520915e-01 3.566125613919307602e-02
1.753516244989677397e-01 4.479865984745606822e-02
1.851522268634756552e-01 7.449522189931084837e-02
1.867733791342965355e-01 8.134827468050809252e-02
1.902367498946864743e-01 9.277002931583683276e-02
1.901808134423668140e-01 9.505438024290258081e-02
1.887825137839811984e-01 9.733873116996832886e-02
1.870865562775232416e-01 9.833813470055963180e-02
1.825178544233917455e-01 9.996754771302024389e-02
1.779491525692602494e-01 1.006970679806545310e-01
1.642430470068657611e-01 1.011166961647309015e-01
1.573899942256684614e-01 1.027333137438852240e-01
1.413995377362082251e-01 1.034010470917966495e-01
1.345464849550109809e-01 1.050176646709509720e-01
1.208403793926164371e-01 1.054362437845670630e-01
1.162716775384849410e-01 1.059228936380826047e-01
1.117029756843534449e-01 1.073766963014015086e-01
1.100295558191773937e-01 1.087604858052971246e-01
1.088007265557043302e-01 1.110448367323628727e-01
1.063209064546758453e-01 1.224665913676916129e-01
1.056979016563851514e-01 1.270352932218231090e-01
1.040365555276100973e-01 1.338883460030203532e-01
1.034135507293194034e-01 1.384570478571519048e-01
9.946785367347860118e-02 1.544475043466121411e-01
9.884484887518790730e-02 1.590162062007436372e-01
9.718350274641285313e-02 1.658692589819408814e-01
9.656049794812215925e-02 1.704379608360723775e-01
9.489915181934710509e-02 1.772910136172696771e-01
9.423126039062401649e-02 1.841440663984669213e-01
9.442055022794620944e-02 1.864284173255326693e-01
9.527641583608975617e-02 1.887127682525984174e-01
9.701459922332067443e-02 1.909971191796641654e-01
1.528212923715369653e-01 2.469875122149320368e-01
1.551056432986027134e-01 2.485500717032374518e-01
1.573899942256684614e-01 2.488996075089325299e-01
1.596743451527342095e-01 2.484349937610547121e-01
2.441953294541670538e-01 2.064776759086187075e-01
2.464796803812328019e-01 2.062607367377853329e-01
2.487640313082985499e-01 2.073250366015318424e-01
2.510483822353642980e-01 2.099455172541710435e-01
2.537202569804144492e-01 2.138406284503217014e-01
2.575547031794176434e-01 2.206936812315189456e-01
2.697107134698746855e-01 2.389684886480449300e-01
2.735451596688779352e-01 2.458215414292421741e-01
2.902698718134664180e-01 2.709494016269654582e-01
2.941043180124696677e-01 2.778024544081627578e-01
3.062603283029267098e-01 2.960772618246887422e-01
3.100947745019299040e-01 3.029303146058859864e-01
3.268194866465184978e-01 3.280581748036092149e-01
3.306539328455216920e-01 3.349112275848065146e-01
3.428099431359787341e-01 3.531860350013324990e-01
3.466443893349819838e-01 3.600390877825297986e-01
3.588003996254389705e-01 3.783138951990557830e-01
3.626348458244422202e-01 3.851669479802530272e-01
3.793595579690307584e-01 4.102948081779763112e-01
3.831940041680339526e-01 4.171478609591735554e-01
3.953500144584909948e-01 4.354226683756995397e-01
3.991844606574942445e-01 4.422757211568968394e-01
4.159091728020827827e-01 4.674035813546201235e-01
4.197436190010859769e-01 4.742566341358173676e-01
4.318996292915430191e-01 4.925314415523433520e-01
4.357340754905462132e-01 4.993844943335405961e-01
4.478900857810033109e-01 5.176593017500665805e-01
4.517245319800065051e-01 5.245123545312638802e-01
4.684492441245950434e-01 5.496402147289871642e-01
4.722836903235982375e-01 5.564932675101843529e-01
4.844397006140553352e-01 5.747680749267104483e-01
4.882741468130585294e-01 5.816211277079076369e-01
5.049988589576470677e-01 6.067489879056309210e-01
5.088333051566502618e-01 6.136020406868282207e-01
5.209893154471073595e-01 6.318768481033542050e-01
5.248237616461105537e-01 6.387299008845515047e-01
5.415484737906991475e-01 6.638577610822746777e-01
5.453829199897023416e-01 6.707108138634719774e-01
5.575389302801593283e-01 6.889856212799979618e-01
5.613733764791625225e-01 6.958386740611952614e-01
5.735293867696196202e-01 7.141134814777212458e-01
5.773638329686228143e-01 7.209665342589185455e-01
5.940885451132114081e-01 7.460943944566418295e-01
5.979229913122146023e-01 7.529474472378390182e-01
6.100790016026717000e-01 7.712222546543650026e-01
6.139134478016748941e-01 7.780753074355623022e-01
6.306381599462633769e-01 8.032031676332855863e-01
6.358012081177282226e-01 8.123405713415485785e-01
6.367358696924063644e-01 8.146249222686143820e-01
6.369704351053974145e-01 8.169092731956800746e-01
6.351750975530191523e-01 8.237623259768773742e-01
6.048044647358007397e-01 8.991459065700471154e-01
6.002357628816692436e-01 9.105676612053759111e-01
5.981039234852972841e-01 9.174207139865730998e-01
5.979197016363403394e-01 9.197050649136389033e-01
5.984500666436005645e-01 9.219894158407047069e-01
5.997291695749839002e-01 9.242737667677703994e-01
6.100860474902713992e-01 9.379798723301648877e-01
6.161914945135198440e-01 9.471172760384278799e-01
6.215078021256001950e-01 9.539703288196251796e-01
6.276132491488486398e-01 9.631077325278881718e-01
6.397826095421261794e-01 9.790981890173484636e-01
6.474467222736906002e-01 9.905199436526772594e-01
6.508097944718708172e-01 9.943194252966742752e-01
6.530941453989365097e-01 9.955941985808314243e-01
6.553784963260023133e-01 9.960404583930860811e-01
6.782220055966597938e-01 9.962990105502540494e-01
6.805063565237255974e-01 9.965471157140891600e-01
6.873594093049227860e-01 9.981637332932433715e-01
6.896437602319885896e-01 9.984128875275386505e-01
7.353307787733036616e-01 9.985833614773197420e-01
7.444681824815666538e-01 1.000000000000000000e+00
7.513212352627638424e-01 9.999737608339458461e-01
7.534498349902569725e-01 9.996573473609402516e-01
7.558899371168954495e-01 9.980672599509238241e-01
7.584802279002644809e-01 9.950886455068086445e-01
7.610106904450677501e-01 9.905199436526772594e-01
7.630613010928477546e-01 9.859512417985456523e-01
7.692402831086813109e-01 9.699607853090854714e-01
7.744830557281764394e-01 9.585390306737566757e-01
7.760933358898786105e-01 9.539703288196251796e-01
7.813361085093737390e-01 9.425485741842963838e-01
7.875853062299327245e-01 9.265581176948360920e-01
7.888592711700270765e-01 9.242737667677703994e-01
7.901552010228816147e-01 9.228088025862826171e-01
7.924395519499474183e-01 9.214754368821148622e-01
7.947239028770132219e-01 9.210029915767443676e-01
8.015769556582104105e-01 9.204958017730078268e-01
8.084300084394075991e-01 9.188791841938535043e-01
8.244204649288678910e-01 9.182114508459420232e-01
8.312735177100651907e-01 9.165948332667878118e-01
8.472639741995253715e-01 9.159270999188762197e-01
8.541170269807226711e-01 9.143104823397221192e-01
8.678231325431171594e-01 9.135724612709777981e-01
8.701074834701829630e-01 9.127897116526125787e-01
8.723918343972487666e-01 9.112301229742250097e-01
8.746962234903412625e-01 9.082833102783101076e-01
8.757262498633688885e-01 9.059989593512443040e-01
9.053899973983781102e-01 8.169092731956800746e-01
9.057687396093759835e-01 8.146249222686143820e-01
9.057175668735546470e-01 8.123405713415485785e-01
9.050503090918243787e-01 8.100562204144827749e-01
9.024414325014681326e-01 8.054875185603513899e-01
8.938515541640106310e-01 7.940657639250225941e-01
8.897221505650840800e-01 7.894970620708909870e-01
8.778610976745503391e-01 7.735066055814308061e-01
8.737316940756237882e-01 7.689379037272993100e-01
8.618706411850900473e-01 7.529474472378390182e-01
8.577412375861634963e-01 7.483787453837075221e-01
8.518326760536569786e-01 7.405779299838340934e-01
8.495483251265911750e-01 7.385732767816799438e-01
8.472639741995253715e-01 7.374099223977107487e-01
8.449796232724596790e-01 7.371283170679087116e-01
8.381265704912623793e-01 7.383451732348264018e-01
8.175674121476705913e-01 7.434968663863492644e-01
8.084300084394075991e-01 7.464444159696599357e-01
7.833021482416844261e-01 7.526342700946122566e-01
7.741647445334214339e-01 7.555818196779229279e-01
7.490368843356981499e-01 7.617716738028752488e-01
7.398994806274350466e-01 7.647192233861859201e-01
7.284777259921063619e-01 7.673740019387695899e-01
7.261933750650406694e-01 7.673138729900884636e-01
7.239090241379748658e-01 7.665923648289728609e-01
7.216246732109090622e-01 7.651082565848654760e-01
7.193403222838433697e-01 7.626141517706660489e-01
7.143840966117275260e-01 7.552317981649048217e-01
7.105496504127242208e-01 7.483787453837075221e-01
7.029623419763988412e-01 7.369569907483788374e-01
6.991278957773955360e-01 7.301039379671815377e-01
6.915405873410700455e-01 7.186821833318527419e-01
6.877061411420667403e-01 7.118291305506554423e-01
6.801188327057412497e-01 7.004073759153267575e-01
6.762843865067380555e-01 6.935543231341294579e-01
6.686970780704124540e-01 6.821325684988007731e-01
6.648626318714092598e-01 6.752795157176034735e-01
6.618440252892151543e-01 6.707108138634719774e-01
6.580095790902119601e-01 6.638577610822746777e-01
6.504222706538864696e-01 6.524360064469459930e-01
6.465878244548832754e-01 6.455829536657486933e-01
6.390005160185576738e-01 6.341611990304198976e-01
6.351660698195544796e-01 6.273081462492227089e-01
6.275787613832288780e-01 6.158863916138939132e-01
6.237443151842256839e-01 6.090333388326967246e-01
6.161570067479001933e-01 5.976115841973679288e-01
6.123225605488969991e-01 5.907585314161706291e-01
6.047352521125713976e-01 5.793367767808419444e-01
6.009008059135682034e-01 5.724837239996446447e-01
5.933134974772426018e-01 5.610619693643159600e-01
5.894790512782394076e-01 5.542089165831186603e-01
5.818917428419139171e-01 5.427871619477898646e-01
5.780572966429107229e-01 5.359341091665926760e-01
5.704699882065851213e-01 5.245123545312638802e-01
5.666355420075819271e-01 5.176593017500665805e-01
5.590482335712563255e-01 5.062375471147378958e-01
5.552137873722531314e-01 4.993844943335405961e-01
5.476264789359276408e-01 4.879627396982118559e-01
5.437920327369244466e-01 4.811096869170146118e-01
5.362047243005988451e-01 4.696879322816858160e-01
5.323702781015956509e-01 4.628348795004885718e-01
5.247829696652700493e-01 4.514131248651598316e-01
5.209485234662668551e-01 4.445600720839625875e-01
5.133612150299413646e-01 4.331383174486338472e-01
5.095267688309381704e-01 4.262852646674365475e-01
5.019394603946125688e-01 4.148635100321078073e-01
4.981050141956093746e-01 4.080104572509105632e-01
4.905177057592838286e-01 3.965887026155817674e-01
4.866832595602806344e-01 3.897356498343845232e-01
4.790959511239550883e-01 3.783138951990557830e-01
4.752615049249518941e-01 3.714608424178585389e-01
4.676741964886262926e-01 3.600390877825297986e-01
4.638397502896230984e-01 3.531860350013324990e-01
4.562524418532975523e-01 3.417642803660037587e-01
4.524179956542943581e-01 3.349112275848065146e-01
4.448306872179688121e-01 3.234894729494777188e-01
4.409962410189656179e-01 3.166364201682805302e-01
4.379776344367715124e-01 3.120677183141489786e-01
4.341431882377683182e-01 3.052146655329517344e-01
4.265558798014427722e-01 2.937929108976229942e-01
4.227214336024395780e-01 2.869398581164257500e-01
4.151341251661140319e-01 2.755181034810969543e-01
4.112996789671108377e-01 2.686650506998997101e-01
4.037123705307852362e-01 2.572432960645709699e-01
3.998779243317820420e-01 2.503902432833736702e-01
3.922906158954564959e-01 2.389684886480449300e-01
3.884561696964533017e-01 2.321154358668476858e-01
3.808688612601277557e-01 2.206936812315189456e-01
3.770344150611245060e-01 2.138406284503217014e-01
3.694471066247989599e-01 2.024188738149929057e-01
3.656126604257957657e-01 1.955658210337956615e-01
3.580253519894702752e-01 1.841440663984669213e-01
3.541909057904669700e-01 1.772910136172696771e-01
3.511722992082729755e-01 1.727223117631381255e-01
3.486853481096996443e-01 1.681536099090066294e-01
3.467147883986904655e-01 1.635849080548751333e-01
3.459171352885053730e-01 1.590162062007436372e-01
3.457466613387243370e-01 1.293196441488888571e-01
3.454975071044290025e-01 1.270352932218231090e-01
3.438808895252747910e-01 1.201822404406258649e-01
3.436327843614396249e-01 1.178978895135601168e-01
3.434623104116586445e-01 8.820132746170533666e-02
3.432131561773632544e-01 8.591697653463958861e-02
3.415965385982090430e-01 7.906392375344234447e-02
3.411438646946366449e-01 5.850476540985055651e-02
3.408340815640189536e-01 5.622041448278480846e-02
3.399403841760863521e-01 5.393606355571906041e-02
3.380313892026346467e-01 5.165171262865331236e-02
3.081571554120080547e-01 3.148712399064568235e-02
3.013041026308108661e-01 2.617081637856538689e-02
2.670388387248245898e-01 3.292819342288255680e-03
