5.906040268456376197e-01 0.000000000000000000e+00
4.161073825503355805e-01 0.000000000000000000e+00
4.093959731543624359e-01 6.711409395973144676e-03
3.825503355704698016e-01 6.711409395973144676e-03
3.758389261744966570e-01 1.342281879194628935e-02
3.624161073825503676e-01 1.342281879194628935e-02
3.456375838926174504e-01 3.020134228187920655e-02
3.456375838926174504e-01 4.362416107382549590e-02
3.389261744966443057e-01 5.033557046979864058e-02
3.389261744966443057e-01 2.449664429530201137e-01
3.456375838926174504e-01 2.516778523489933139e-01
3.456375838926174504e-01 2.919463087248321820e-01
3.523489932885905951e-01 2.986577181208053822e-01
3.523489932885905951e-01 3.255033557046980164e-01
3.590604026845637398e-01 3.322147651006711611e-01
3.590604026845637398e-01 3.523489932885905951e-01
3.657718120805368844e-01 3.590604026845637398e-01
3.657718120805368844e-01 4.127516778523490082e-01
3.724832214765100291e-01 4.194630872483221529e-01
3.724832214765100291e-01 4.664429530201342211e-01
3.791946308724832293e-01 4.731543624161073658e-01
3.791946308724832293e-01 5.201342281879194340e-01
3.859060402684563740e-01 5.268456375838925787e-01
3.859060402684563740e-01 5.469798657718121238e-01
3.926174496644295187e-01 5.536912751677852684e-01
3.926174496644295187e-01 5.671140939597315578e-01
3.993288590604027188e-01 5.738255033557047025e-01
3.993288590604027188e-01 5.805369127516778471e-01
4.060402684563758635e-01 5.872483221476509918e-01
4.060402684563758635e-01 5.939597315436241365e-01
4.463087248322147871e-01 6.342281879194631156e-01
4.463087248322147871e-01 6.409395973154362602e-01
4.530201342281879318e-01 6.476510067114094049e-01
4.530201342281879318e-01 6.610738255033556943e-01
4.597315436241610764e-01 6.677852348993288389e-01
4.597315436241610764e-01 6.812080536912751283e-01
4.664429530201342211e-01 6.879194630872482730e-01
4.664429530201342211e-01 6.946308724832215287e-01
4.731543624161073658e-01 7.013422818791945623e-01
4.731543624161073658e-01 7.281879194630872520e-01
4.798657718120805660e-01 7.348993288590603967e-01
4.798657718120805660e-01 7.617449664429529754e-01
4.865771812080537106e-01 7.684563758389262311e-01
4.865771812080537106e-01 8.020134228187919545e-01
4.932885906040268553e-01 8.087248322147650992e-01
4.932885906040268553e-01 8.355704697986576779e-01
5.000000000000000000e-01 8.422818791946309336e-01
5.000000000000000000e-01 8.825503355704698016e-01
5.067114093959731447e-01 8.892617449664429463e-01
5.067114093959731447e-01 9.295302013422819254e-01
5.134228187919462894e-01 9.362416107382549590e-01
5.134228187919462894e-01 9.563758389261745041e-01
5.201342281879194340e-01 9.630872483221476488e-01
5.201342281879194340e-01 9.832214765100670828e-01
5.369127516778523512e-01 1.000000000000000000e+00
5.436241610738254959e-01 1.000000000000000000e+00
5.503355704697986406e-01 9.932885906040268553e-01
5.973154362416107643e-01 9.932885906040268553e-01
6.040268456375839090e-01 9.865771812080537106e-01
6.375838926174496324e-01 9.865771812080537106e-01
6.442953020134227771e-01 9.798657718120804549e-01
6.510067114093960328e-01 9.798657718120804549e-01
6.543624161073825496e-01 9.765100671140939381e-01
6.543624161073825496e-01 9.697986577181207934e-01
6.610738255033556943e-01 9.630872483221476488e-01
6.610738255033556943e-01 8.825503355704698016e-01
6.543624161073825496e-01 8.758389261744966570e-01
6.543624161073825496e-01 8.691275167785235123e-01
6.476510067114094049e-01 8.624161073825502566e-01
6.476510067114094049e-01 8.489932885906039672e-01
6.409395973154362602e-01 8.422818791946309336e-01
6.409395973154362602e-01 8.355704697986576779e-01
6.342281879194631156e-01 8.288590604026846442e-01
6.342281879194631156e-01 8.154362416107382439e-01
6.275167785234899709e-01 8.087248322147650992e-01
6.275167785234899709e-01 7.751677852348992648e-01
6.208053691275168262e-01 7.684563758389262311e-01
6.208053691275168262e-01 6.342281879194631156e-01
6.275167785234899709e-01 6.275167785234899709e-01
6.275167785234899709e-01 6.073825503355704258e-01
6.342281879194631156e-01 6.006711409395972812e-01
6.342281879194631156e-01 5.872483221476509918e-01
6.409395973154362602e-01 5.805369127516778471e-01
6.409395973154362602e-01 5.671140939597315578e-01
6.476510067114094049e-01 5.604026845637584131e-01
6.476510067114094049e-01 5.201342281879194340e-01
6.543624161073825496e-01 5.134228187919462894e-01
6.543624161073825496e-01 2.583892617449664586e-01
6.476510067114094049e-01 2.516778523489933139e-01
6.476510067114094049e-01 2.181208053691275350e-01
6.409395973154362602e-01 2.114093959731543348e-01
6.409395973154362602e-01 1.845637583892617561e-01
6.342281879194631156e-01 1.778523489932886115e-01
6.342281879194631156e-01 1.308724832214764877e-01
6.275167785234899709e-01 1.241610738255033430e-01
6.275167785234899709e-01 9.060402684563756415e-02
6.208053691275168262e-01 8.389261744966441947e-02
6.208053691275168262e-01 5.704697986577178526e-02
6.140939597315435705e-01 5.033557046979864058e-02
6.140939597315435705e-01 3.020134228187920655e-02
6.073825503355704258e-01 2.348993288590606188e-02
6.073825503355704258e-01 1.677852348993286169e-02
