4.851190476190476164e-01 0.000000000000000000e+00
4.434523809523809312e-01 0.000000000000000000e+00
4.345238095238095344e-01 8.928571428571452362e-03
4.345238095238095344e-01 1.488095238095238360e-02
4.285714285714286031e-01 2.083333333333331483e-02
4.285714285714286031e-01 3.273809523809523281e-02
4.226190476190476164e-01 3.869047619047616404e-02
4.226190476190476164e-01 4.464285714285715079e-02
4.166666666666666852e-01 5.059523809523808202e-02
4.166666666666666852e-01 6.250000000000000000e-02
4.107142857142856984e-01 6.845238095238093123e-02
4.107142857142856984e-01 1.279761904761904656e-01
4.047619047619047672e-01 1.339285714285714524e-01
4.047619047619047672e-01 1.636904761904761640e-01
3.988095238095238360e-01 1.696428571428571508e-01
3.988095238095238360e-01 1.815476190476190688e-01
3.928571428571428492e-01 1.875000000000000000e-01
3.928571428571428492e-01 2.113095238095238360e-01
3.869047619047619180e-01 2.172619047619047672e-01
3.869047619047619180e-01 2.470238095238095344e-01
3.809523809523809312e-01 2.529761904761904656e-01
3.809523809523809312e-01 3.482142857142856984e-01
3.750000000000000000e-01 3.541666666666666297e-01
3.750000000000000000e-01 3.898809523809523836e-01
3.690476190476190688e-01 3.958333333333333148e-01
3.690476190476190688e-01 4.196428571428571508e-01
3.630952380952380820e-01 4.255952380952380820e-01
3.630952380952380820e-01 4.553571428571428492e-01
3.571428571428571508e-01 4.613095238095238360e-01
3.571428571428571508e-01 6.160714285714286031e-01
3.630952380952380820e-01 6.220238095238095344e-01
3.630952380952380820e-01 6.339285714285713969e-01
3.690476190476190688e-01 6.398809523809523281e-01
3.690476190476190688e-01 6.458333333333333703e-01
3.750000000000000000e-01 6.517857142857143016e-01
3.750000000000000000e-01 8.422619047619047672e-01
3.690476190476190688e-01 8.482142857142856984e-01
3.690476190476190688e-01 8.839285714285713969e-01
3.630952380952380820e-01 8.898809523809523281e-01
3.630952380952380820e-01 9.732142857142856984e-01
3.779761904761904656e-01 9.880952380952381375e-01
3.839285714285713969e-01 9.880952380952381375e-01
3.898809523809523836e-01 9.940476190476190688e-01
4.553571428571428492e-01 9.940476190476190688e-01
4.613095238095238360e-01 1.000000000000000000e+00
4.732142857142856984e-01 1.000000000000000000e+00
4.880952380952380820e-01 9.851190476190476719e-01
4.880952380952380820e-01 8.720238095238095344e-01
4.940476190476190688e-01 8.660714285714286031e-01
4.940476190476190688e-01 8.601190476190476719e-01
5.000000000000000000e-01 8.541666666666667407e-01
5.000000000000000000e-01 8.422619047619047672e-01
5.059523809523809312e-01 8.363095238095238360e-01
5.059523809523809312e-01 8.303571428571427937e-01
5.119047619047618625e-01 8.244047619047618625e-01
5.119047619047618625e-01 8.065476190476190688e-01
5.178571428571429047e-01 8.005952380952381375e-01
5.178571428571429047e-01 7.886904761904761640e-01
5.238095238095238360e-01 7.827380952380952328e-01
5.238095238095238360e-01 7.708333333333332593e-01
5.297619047619047672e-01 7.648809523809523281e-01
5.297619047619047672e-01 7.529761904761904656e-01
5.357142857142856984e-01 7.470238095238095344e-01
5.357142857142856984e-01 7.410714285714286031e-01
5.416666666666666297e-01 7.351190476190476719e-01
5.416666666666666297e-01 7.232142857142856984e-01
5.476190476190476719e-01 7.172619047619047672e-01
5.476190476190476719e-01 7.053571428571427937e-01
5.535714285714286031e-01 6.994047619047618625e-01
5.535714285714286031e-01 6.934523809523809312e-01
5.595238095238095344e-01 6.875000000000000000e-01
5.595238095238095344e-01 6.755952380952381375e-01
5.654761904761904656e-01 6.696428571428572063e-01
5.654761904761904656e-01 6.636904761904761640e-01
5.714285714285713969e-01 6.577380952380952328e-01
5.714285714285713969e-01 6.398809523809523281e-01
5.773809523809523281e-01 6.339285714285713969e-01
5.773809523809523281e-01 6.101190476190476719e-01
5.833333333333333703e-01 6.041666666666666297e-01
5.833333333333333703e-01 5.744047619047618625e-01
5.892857142857143016e-01 5.684523809523809312e-01
5.892857142857143016e-01 5.208333333333333703e-01
5.952380952380952328e-01 5.148809523809523281e-01
5.952380952380952328e-01 4.851190476190476164e-01
6.011904761904761640e-01 4.791666666666666852e-01
6.011904761904761640e-01 4.553571428571428492e-01
6.071428571428570953e-01 4.494047619047619180e-01
6.071428571428570953e-01 3.958333333333333148e-01
6.130952380952381375e-01 3.898809523809523836e-01
6.130952380952381375e-01 3.601190476190476164e-01
6.190476190476190688e-01 3.541666666666666297e-01
6.190476190476190688e-01 3.005952380952380820e-01
6.250000000000000000e-01 2.946428571428571508e-01
6.250000000000000000e-01 2.410714285714285476e-01
6.309523809523809312e-01 2.351190476190476164e-01
6.309523809523809312e-01 2.113095238095238360e-01
6.369047619047618625e-01 2.053571428571428492e-01
6.369047619047618625e-01 1.815476190476190688e-01
6.428571428571427937e-01 1.755952380952380820e-01
6.428571428571427937e-01 6.250000000000000000e-02
6.369047619047618625e-01 5.654761904761906877e-02
6.369047619047618625e-01 5.059523809523808202e-02
6.339285714285713969e-01 4.761904761904761640e-02
6.279761904761904656e-01 4.761904761904761640e-02
6.220238095238095344e-01 4.166666666666668517e-02
6.160714285714286031e-01 4.166666666666668517e-02
6.101190476190476719e-01 3.571428571428569843e-02
6.041666666666666297e-01 3.571428571428569843e-02
5.982142857142856984e-01 2.976190476190476719e-02
5.863095238095238360e-01 2.976190476190476719e-02
5.803571428571429047e-01 2.380952380952383596e-02
5.684523809523809312e-01 2.380952380952383596e-02
5.625000000000000000e-01 1.785714285714284921e-02
5.446428571428570953e-01 1.785714285714284921e-02
5.386904761904761640e-01 1.190476190476191798e-02
5.148809523809523281e-01 1.190476190476191798e-02
5.089285714285713969e-01 5.952380952380931234e-03
4.910714285714285476e-01 5.952380952380931234e-03
