4.556213017751479244e-01 0.000000000000000000e+00
4.319526627218934767e-01 0.000000000000000000e+00
4.171597633136094885e-01 1.479289940828404371e-02
4.171597633136094885e-01 2.071005917159762788e-02
4.112426035502958488e-01 2.662721893491126757e-02
4.112426035502958488e-01 3.846153846153843592e-02
4.053254437869822646e-01 4.437869822485207560e-02
4.053254437869822646e-01 5.621301775147929947e-02
3.994082840236686249e-01 6.213017751479288364e-02
3.994082840236686249e-01 6.804733727810652333e-02
3.934911242603550408e-01 7.396449704142010750e-02
3.934911242603550408e-01 9.171597633136097105e-02
3.875739644970414011e-01 9.763313609467455523e-02
3.875739644970414011e-01 1.153846153846153633e-01
3.816568047337278169e-01 1.213017751479290030e-01
3.816568047337278169e-01 1.272189349112425871e-01
3.757396449704142327e-01 1.331360946745562268e-01
3.757396449704142327e-01 3.875739644970414011e-01
3.698224852071005930e-01 3.934911242603550408e-01
3.698224852071005930e-01 4.171597633136094885e-01
3.639053254437869533e-01 4.230769230769230727e-01
3.639053254437869533e-01 4.408284023668639362e-01
3.579881656804733692e-01 4.467455621301775204e-01
3.579881656804733692e-01 4.763313609467455523e-01
3.520710059171597850e-01 4.822485207100591920e-01
3.520710059171597850e-01 5.236686390532544477e-01
3.461538461538461453e-01 5.295857988165680874e-01
3.461538461538461453e-01 6.005917159763313196e-01
3.520710059171597850e-01 6.065088757396449592e-01
3.520710059171597850e-01 6.301775147928994070e-01
3.579881656804733692e-01 6.360946745562130467e-01
3.579881656804733692e-01 6.656804733727810230e-01
3.639053254437869533e-01 6.715976331360946627e-01
3.639053254437869533e-01 6.834319526627219421e-01
3.698224852071005930e-01 6.893491124260354708e-01
3.698224852071005930e-01 7.840236686390532617e-01
3.757396449704142327e-01 7.899408284023667903e-01
3.757396449704142327e-01 9.674556213017750927e-01
3.905325443786982209e-01 9.822485207100591920e-01
3.964497041420118606e-01 9.822485207100591920e-01
4.023668639053254448e-01 9.881656804733727206e-01
4.142011834319526686e-01 9.881656804733727206e-01
4.201183431952662528e-01 9.940828402366863603e-01
4.437869822485207005e-01 9.940828402366863603e-01
4.497041420118343402e-01 1.000000000000000000e+00
4.644970414201183284e-01 9.852071005917160118e-01
4.644970414201183284e-01 9.792899408284023721e-01
4.704142011834319681e-01 9.733727810650887324e-01
4.704142011834319681e-01 9.556213017751479244e-01
4.763313609467455523e-01 9.497041420118343957e-01
4.763313609467455523e-01 8.786982248520709415e-01
4.822485207100591920e-01 8.727810650887574129e-01
4.822485207100591920e-01 8.668639053254437732e-01
4.881656804733727761e-01 8.609467455621302445e-01
4.881656804733727761e-01 8.491124260355029651e-01
4.940828402366864158e-01 8.431952662721893255e-01
4.940828402366864158e-01 8.372781065088756858e-01
5.000000000000000000e-01 8.313609467455621571e-01
5.000000000000000000e-01 8.254437869822485174e-01
5.059171597633136397e-01 8.195266272189349888e-01
5.059171597633136397e-01 8.136094674556213491e-01
5.118343195266271684e-01 8.076923076923077094e-01
5.118343195266271684e-01 7.958579881656804300e-01
5.177514792899408080e-01 7.899408284023667903e-01
5.177514792899408080e-01 7.840236686390532617e-01
5.236686390532544477e-01 7.781065088757396220e-01
5.236686390532544477e-01 7.721893491124260933e-01
5.295857988165680874e-01 7.662721893491124536e-01
5.295857988165680874e-01 7.544378698224851743e-01
5.355029585798816161e-01 7.485207100591715346e-01
5.355029585798816161e-01 7.366863905325443662e-01
5.414201183431952558e-01 7.307692307692308376e-01
5.414201183431952558e-01 7.189349112426035582e-01
5.473372781065088954e-01 7.130177514792899185e-01
5.473372781065088954e-01 7.071005917159762788e-01
5.532544378698225351e-01 7.011834319526627501e-01
5.532544378698225351e-01 6.952662721893491105e-01
5.591715976331360638e-01 6.893491124260354708e-01
5.591715976331360638e-01 6.775147928994083024e-01
5.650887573964497035e-01 6.715976331360946627e-01
5.650887573964497035e-01 6.656804733727810230e-01
5.710059171597633432e-01 6.597633136094674944e-01
5.710059171597633432e-01 6.538461538461538547e-01
5.769230769230768718e-01 6.479289940828402150e-01
5.769230769230768718e-01 6.360946745562130467e-01
5.828402366863905115e-01 6.301775147928994070e-01
5.828402366863905115e-01 6.183431952662721276e-01
5.887573964497041512e-01 6.124260355029585989e-01
5.887573964497041512e-01 6.065088757396449592e-01
5.946745562130177909e-01 6.005917159763313196e-01
5.946745562130177909e-01 5.887573964497041512e-01
6.005917159763313196e-01 5.828402366863905115e-01
6.005917159763313196e-01 4.467455621301775204e-01
6.065088757396449592e-01 4.408284023668639362e-01
6.065088757396449592e-01 3.994082840236686249e-01
6.124260355029585989e-01 3.934911242603550408e-01
6.124260355029585989e-01 3.698224852071005930e-01
6.183431952662721276e-01 3.639053254437869533e-01
6.183431952662721276e-01 3.284023668639053373e-01
6.242603550295857673e-01 3.224852071005916976e-01
6.242603550295857673e-01 2.928994082840236657e-01
6.301775147928994070e-01 2.869822485207100815e-01
6.301775147928994070e-01 2.337278106508875464e-01
6.360946745562130467e-01 2.278106508875739622e-01
6.360946745562130467e-01 2.041420118343195145e-01
6.420118343195266863e-01 1.982248520710059303e-01
6.420118343195266863e-01 1.745562130177514826e-01
6.479289940828402150e-01 1.686390532544378429e-01
6.479289940828402150e-01 1.568047337278106745e-01
6.538461538461538547e-01 1.508875739644970349e-01
6.538461538461538547e-01 5.029585798816565978e-02
6.390532544378697555e-01 3.550295857988167159e-02
6.272189349112425871e-01 3.550295857988167159e-02
6.213017751479289474e-01 2.958579881656803190e-02
6.035502958579881394e-01 2.958579881656803190e-02
5.976331360946744997e-01 2.366863905325444772e-02
5.739644970414201630e-01 2.366863905325444772e-02
5.680473372781065233e-01 1.775147928994080804e-02
5.325443786982249073e-01 1.775147928994080804e-02
5.266272189349112676e-01 1.183431952662722386e-02
4.970414201183431802e-01 1.183431952662722386e-02
4.911242603550295960e-01 5.917159763313584175e-03
4.615384615384615641e-01 5.917159763313584175e-03
