5.620689655172413923e-01 0.000000000000000000e+00
4.517241379310344973e-01 0.000000000000000000e+00
4.448275862068965525e-01 6.896551724137944817e-03
4.310344827586206629e-01 6.896551724137944817e-03
4.241379310344827736e-01 1.379310344827588963e-02
4.034482758620689946e-01 1.379310344827588963e-02
3.965517241379310498e-01 2.068965517241377894e-02
3.620689655172413812e-01 2.068965517241377894e-02
3.448275862068965747e-01 3.793103448275864098e-02
3.448275862068965747e-01 1.620689655172413701e-01
3.517241379310345195e-01 1.689655172413793149e-01
3.517241379310345195e-01 1.896551724137930939e-01
3.586206896551724088e-01 1.965517241379310387e-01
3.586206896551724088e-01 2.379310344827585966e-01
3.655172413793103536e-01 2.448275862068965414e-01
3.655172413793103536e-01 3.068965517241379337e-01
3.724137931034482429e-01 3.137931034482758230e-01
3.724137931034482429e-01 4.103448275862068839e-01
3.793103448275861878e-01 4.172413793103448287e-01
3.793103448275861878e-01 4.655172413793103314e-01
3.862068965517241326e-01 4.724137931034482762e-01
3.862068965517241326e-01 4.862068965517241104e-01
3.931034482758620774e-01 4.931034482758620552e-01
3.931034482758620774e-01 5.206896551724138344e-01
4.000000000000000222e-01 5.275862068965517793e-01
4.000000000000000222e-01 5.482758620689655027e-01
4.068965517241379115e-01 5.551724137931034475e-01
4.068965517241379115e-01 5.827586206896551158e-01
4.310344827586206629e-01 6.068965517241379226e-01
4.379310344827586077e-01 6.068965517241379226e-01
4.689655172413793038e-01 6.379310344827586743e-01
4.689655172413793038e-01 6.448275862068966191e-01
5.034482758620689724e-01 6.793103448275862322e-01
5.034482758620689724e-01 7.068965517241379004e-01
5.103448275862069172e-01 7.137931034482758452e-01
5.103448275862069172e-01 7.344827586206896797e-01
5.172413793103448620e-01 7.413793103448276245e-01
5.172413793103448620e-01 7.620689655172414589e-01
5.241379310344828069e-01 7.689655172413792927e-01
5.241379310344828069e-01 8.103448275862068506e-01
5.310344827586206407e-01 8.172413793103447954e-01
5.310344827586206407e-01 8.862068965517241326e-01
5.379310344827585855e-01 8.931034482758620774e-01
5.379310344827585855e-01 9.275862068965516904e-01
5.448275862068965303e-01 9.344827586206896353e-01
5.448275862068965303e-01 9.620689655172414145e-01
5.517241379310344751e-01 9.689655172413793593e-01
5.517241379310344751e-01 9.758620689655173042e-01
5.689655172413793371e-01 9.931034482758620552e-01
5.965517241379310054e-01 9.931034482758620552e-01
6.034482758620689502e-01 1.000000000000000000e+00
6.310344827586207295e-01 1.000000000000000000e+00
6.482758620689654805e-01 9.827586206896552490e-01
6.482758620689654805e-01 8.034482758620689058e-01
6.413793103448275357e-01 7.965517241379309610e-01
6.413793103448275357e-01 7.551724137931035141e-01
6.344827586206895909e-01 7.482758620689655693e-01
6.344827586206895909e-01 6.241379310344827847e-01
6.413793103448275357e-01 6.172413793103448398e-01
6.413793103448275357e-01 5.827586206896551158e-01
6.482758620689654805e-01 5.758620689655172820e-01
6.482758620689654805e-01 5.482758620689655027e-01
6.551724137931034253e-01 5.413793103448275579e-01
6.551724137931034253e-01 3.689655172413792705e-01
6.482758620689654805e-01 3.620689655172413812e-01
6.482758620689654805e-01 2.931034482758620996e-01
6.413793103448275357e-01 2.862068965517241548e-01
6.413793103448275357e-01 2.448275862068965414e-01
6.344827586206895909e-01 2.379310344827585966e-01
6.344827586206895909e-01 1.068965517241379226e-01
6.275862068965517571e-01 9.999999999999997780e-02
6.275862068965517571e-01 2.413793103448275135e-02
6.103448275862068950e-01 6.896551724137944817e-03
5.689655172413793371e-01 6.896551724137944817e-03
