8.720405552808970784e-01 3.216846409037512622e-01
8.671751771546953869e-01 3.206569114582898949e-01
8.623097990284938064e-01 3.201262444984860345e-01
8.233867740188807183e-01 3.201262444984860345e-01
8.185213958926791378e-01 3.206824291757349732e-01
8.136560177664775573e-01 3.218310008448236337e-01
8.039252615140741742e-01 3.260306592220368893e-01
7.941945052616710132e-01 3.308761085395295343e-01
7.844637490092677412e-01 3.361987202941166819e-01
7.747329927568644692e-01 3.420961937186411950e-01
7.650022365044611972e-01 3.459900089148932878e-01
7.552714802520579251e-01 3.503575498530450694e-01
7.455407239996546531e-01 3.556602327989231704e-01
7.358099677472513811e-01 3.615577062234477390e-01
7.260792114948482201e-01 3.654515214196998318e-01
7.212138333686465286e-01 3.676550686121723421e-01
7.163484552424449481e-01 3.703432489297816543e-01
7.066176989900416761e-01 3.777973814888729853e-01
7.017523208638399845e-01 3.809390121015518993e-01
6.871561864852351320e-01 3.871165811169788307e-01
6.822908083590335515e-01 3.897308357331091822e-01
6.774254302328318600e-01 3.928037061286049347e-01
6.725600521066302795e-01 3.953636956175728412e-01
6.676946739804285880e-01 3.969310700828969640e-01
6.628292958542270075e-01 3.975365890138731206e-01
6.579639177280253159e-01 3.977544417657926101e-01
6.385024052232188829e-01 3.976092065978463208e-01
6.336370270970171914e-01 3.970807740252415563e-01
6.190408927184123389e-01 3.935893832183623986e-01
6.044447583398073753e-01 3.922153958990399758e-01
5.995793802136057948e-01 3.910449283820790489e-01
5.849832458350009423e-01 3.850809164854447908e-01
5.801178677087992508e-01 3.839068270989110521e-01
5.703871114563959788e-01 3.825317056588132814e-01
5.557909770777911262e-01 3.790414489727094161e-01
5.509255989515895457e-01 3.785107820129055556e-01
5.363294645729845822e-01 3.781476940930397768e-01
5.314640864467830017e-01 3.776192615204350678e-01
5.265987083205813102e-01 3.765939083280267496e-01
5.217333301943797297e-01 3.752038002919692028e-01
5.168679520681780382e-01 3.741760708465078356e-01
5.120025739419764577e-01 3.736454038867038641e-01
4.925410614371699136e-01 3.732823159668381408e-01
4.876756833109682776e-01 3.727538833942334318e-01
4.730795489323634251e-01 3.692624925873542185e-01
4.584834145537585171e-01 3.678885052680317957e-01
4.536180364275568810e-01 3.668631520756234776e-01
4.195603895441454845e-01 3.557422877871626588e-01
4.146950114179438485e-01 3.547145583417012915e-01
4.098296332917422125e-01 3.541838913818973755e-01
4.000988770393389404e-01 3.538208034620315967e-01
3.952334989131373044e-01 3.532923708894268877e-01
3.903681207869357239e-01 3.522670176970186251e-01
3.709066082821291799e-01 3.460887597589847875e-01
3.660412301559275439e-01 3.452083580028150189e-01
3.611758520297259079e-01 3.452083580028150189e-01
3.563104739035243274e-01 3.460887597589847875e-01
3.417143395249193638e-01 3.508553870410948683e-01
3.319835832725161473e-01 3.552229279792467054e-01
3.173874488939112393e-01 3.625209951685491871e-01
3.076566926415079672e-01 3.668872067684150751e-01
2.833298020104998427e-01 3.751822776721030483e-01
2.735990457580965707e-01 3.795498186102548299e-01
2.638682895056932987e-01 3.848525015561329310e-01
2.541375332532900266e-01 3.907499749806574996e-01
2.395413988746851741e-01 3.967408213228339475e-01
2.249452644960802661e-01 4.036567037549552150e-01
2.200798863698786301e-01 4.056410627606839570e-01
2.152145082436769941e-01 4.067848784394244022e-01
2.103491301174753580e-01 4.073399628502495373e-01
2.006183738650721415e-01 4.073399628502495373e-01
1.957529957388705055e-01 4.068115302776448283e-01
1.811568613602655975e-01 4.033201394707656706e-01
1.714261051078623255e-01 4.019932181636197699e-01
1.568299707292574730e-01 3.985029614775159601e-01
1.519645926030558369e-01 3.979722945177120441e-01
1.373684582244509289e-01 3.976092065978463208e-01
1.325030800982492929e-01 3.970807740252415563e-01
1.276377019720476569e-01 3.960554208328332937e-01
1.179069457196444404e-01 3.934130274377972691e-01
1.130415675934428044e-01 3.924399518125569197e-01
1.033108113410395323e-01 3.897999346705740553e-01
9.844543321483789633e-02 3.887240050921607626e-01
8.384929883623298830e-02 3.873970837850149174e-01
7.411854258382971627e-02 3.852378641669351733e-01
6.925316445762813578e-02 3.848454949632091893e-01
6.438778633142649976e-02 3.859751052497255031e-01
5.952240820522486375e-02 3.887580822116838974e-01
5.465703007902322774e-02 3.929883570707379259e-01
4.745825632086775325e-02 4.001871308288934004e-01
4.300819206532890959e-02 4.050525089550950364e-01
3.930897362636898151e-02 4.099178870812966724e-01
1.002824344868280537e-02 4.537062902171113410e-01
3.787764134540128058e-03 4.634370464695146130e-01
1.265906957284290701e-03 4.683024245957162490e-01
5.551115123125782702e-17 4.731678027219178295e-01
3.675191541567257580e-04 4.780331808481194655e-01
2.949447652688896859e-03 4.828985589743211015e-01
6.003248817006923144e-03 4.857128463218299275e-01
1.573400506941019517e-02 4.921244174966468155e-01
2.059938319561183118e-02 4.964898870007756759e-01
2.546476132181346719e-02 5.016725723960774319e-01
4.006089570041831971e-02 5.145235167946317079e-01
6.925316445762813578e-02 5.436164921206945166e-01
7.411854258382971627e-02 5.480665563762333603e-01
7.898392071003135229e-02 5.517796992980460447e-01
8.384929883623298830e-02 5.550232847155137650e-01
9.358005508863626032e-02 5.627183001202138435e-01
1.033108113410395323e-01 5.698671929801752967e-01
1.081761894672411684e-01 5.743359370200017411e-01
1.130415675934428044e-01 5.796114641718179694e-01
1.191503201296737480e-01 5.850714996245554023e-01
1.234608207504971911e-01 5.899368777507569828e-01
1.253699409810214438e-01 5.948022558769585633e-01
1.252442498293194206e-01 5.996676340031602548e-01
1.239288481545333109e-01 6.045330121293618353e-01
1.220268223587667733e-01 6.093983902555635268e-01
1.137992904163758756e-01 6.337252808865716514e-01
1.094330788165099322e-01 6.434560371389749234e-01
1.041361879874487251e-01 6.531867933913781954e-01
1.011341948108966937e-01 6.580521715175797759e-01
9.874418450328886765e-02 6.629175496437814674e-01
9.799944021993606258e-02 6.677829277699830479e-01
9.938872081073413245e-02 6.726483058961847394e-01
1.033108113410395323e-01 6.768261849393361063e-01
1.081761894672411684e-01 6.789424061705566782e-01
1.130415675934428044e-01 6.796559027495945315e-01
1.179069457196444404e-01 6.798737555015139655e-01
2.054837519912737775e-01 6.797285203335676762e-01
2.103491301174753580e-01 6.791723356563187375e-01
2.152145082436769941e-01 6.779523656567159051e-01
2.200798863698786301e-01 6.759324361313707730e-01
2.249452644960802661e-01 6.732999190380867249e-01
2.298106426222819021e-01 6.697566188966497247e-01
2.346760207484835381e-01 6.657174370560294818e-01
2.395413988746851741e-01 6.620771661492557136e-01
2.541375332532900266e-01 6.523614167449689472e-01
2.735990457580965707e-01 6.420719209479003320e-01
2.784644238842982067e-01 6.392422721546753284e-01
2.833298020104998427e-01 6.356989720132383281e-01
2.930605582629031147e-01 6.280039566085382496e-01
2.979259363891046952e-01 6.247603711910705293e-01
3.027913145153063867e-01 6.210472282692578450e-01
3.125220707677096033e-01 6.124736764296720981e-01
3.173874488939112393e-01 6.094418311316902592e-01
3.222528270201128753e-01 6.077890728753583272e-01
3.271182051463145113e-01 6.071835539443821705e-01
3.368489613987177833e-01 6.071109363604090259e-01
3.417143395249193638e-01 6.076393689330137349e-01
3.465797176511210553e-01 6.086647221254219975e-01
3.611758520297259079e-01 6.135060455588320361e-01
3.757719864083308159e-01 6.196475884394472278e-01
3.903681207869357239e-01 6.233963224055371066e-01
4.049642551655405764e-01 6.293783446918506108e-01
4.098296332917422125e-01 6.307224303243066377e-01
4.146950114179438485e-01 6.317417036505048600e-01
4.244257676703471205e-01 6.343817207924877799e-01
4.292911457965487565e-01 6.354576503709010726e-01
4.438872801751536090e-01 6.367845716780469179e-01
4.584834145537585171e-01 6.403230284971026531e-01
4.682141708061617891e-01 6.416499498042484984e-01
4.828103051847666416e-01 6.451884066233042336e-01
4.925410614371699136e-01 6.465153279304501899e-01
4.974064395633715496e-01 6.475877471350350856e-01
5.022718176895731856e-01 6.489778551710926324e-01
5.071371958157747661e-01 6.500055846165539997e-01
5.120025739419764577e-01 6.505362515763578601e-01
5.217333301943797297e-01 6.508993394962236945e-01
5.265987083205813102e-01 6.514277720688284035e-01
5.314640864467830017e-01 6.524531252612366661e-01
5.363294645729845822e-01 6.538432332972942129e-01
5.411948426991862737e-01 6.548709627427556912e-01
5.460602208253878542e-01 6.554016297025595517e-01
6.871561864852351320e-01 6.554016297025595517e-01
6.920215646114367125e-01 6.548454450253105019e-01
6.968869427376384040e-01 6.536968733562218414e-01
7.066176989900416761e-01 6.494972149790085858e-01
7.309445896210498006e-01 6.372065428216986405e-01
7.358099677472513811e-01 6.343768940284736368e-01
7.406753458734530726e-01 6.307779845216610060e-01
7.552714802520579251e-01 6.171174997827103548e-01
7.601368583782595056e-01 6.134078222299333971e-01
7.650022365044611972e-01 6.101642368124655658e-01
7.698676146306628887e-01 6.064510938906528814e-01
7.747329927568644692e-01 6.020010296351141488e-01
7.941945052616710132e-01 5.826388105614545010e-01
7.990598833878725937e-01 5.782504302907628402e-01
8.039252615140741742e-01 5.746022484779964579e-01
8.087906396402758658e-01 5.720009499126408326e-01
8.136560177664775573e-01 5.701962042059224300e-01
8.185213958926791378e-01 5.696513899181259166e-01
8.233867740188807183e-01 5.706850798203556563e-01
8.282521521450824098e-01 5.730787693310233077e-01
8.331175302712841013e-01 5.760792382663076916e-01
8.428482865236872623e-01 5.813819212121857927e-01
8.525790427760905343e-01 5.857494621503375187e-01
8.671751771546953869e-01 5.905933176566731113e-01
8.720405552808970784e-01 5.916210471021344786e-01
8.769059334070987699e-01 5.921517140619383390e-01
8.866366896595019309e-01 5.925148019818040623e-01
8.915020677857035114e-01 5.930432345544087713e-01
8.963674459119052029e-01 5.940685877468171450e-01
9.060982021643084749e-01 5.967109811418531695e-01
9.158289584167117470e-01 5.989221325160809517e-01
9.352904709215182910e-01 6.052000397756960304e-01
9.498866053001231435e-01 6.085874939011965967e-01
9.547519834263247240e-01 6.099869440611523919e-01
9.596173615525264156e-01 6.108580036934239121e-01
9.644827396787281071e-01 6.107287670869467888e-01
9.693481178049296876e-01 6.091772367043725156e-01
9.742134959311312681e-01 6.059439717859603780e-01
9.756244555877298108e-01 6.045330121293618353e-01
9.791215528128258683e-01 5.996676340031602548e-01
9.893280722412166606e-01 5.753407433721521302e-01
9.930768062073063174e-01 5.607446089935471667e-01
9.989719926862379307e-01 5.461484746149423142e-01
1.000000000000000000e+00 5.412830964887407337e-01
1.000000000000000000e+00 5.364177183625390422e-01
9.989719926862379307e-01 5.315523402363374617e-01
9.948508081497700051e-01 5.218215839839341896e-01
9.894612434516381061e-01 5.120908277315309176e-01
9.858623339448255862e-01 5.072254496053292261e-01
9.770672273320764045e-01 4.974946933529260096e-01
9.733575497792995579e-01 4.926293152267243736e-01
9.701139643618317265e-01 4.877639371005227376e-01
9.587614154006947054e-01 4.731678027219178295e-01
9.555178299832267630e-01 4.683024245957162490e-01
9.498866053001231435e-01 4.613745492203638610e-01
9.450212271739215630e-01 4.567113767068241570e-01
9.401558490477198715e-01 4.529404436602092465e-01
9.352904709215182910e-01 4.496968582427414707e-01
9.304250927953165995e-01 4.459871806899645130e-01
9.231777066281622313e-01 4.391101558385064330e-01
9.189042445908202073e-01 4.342447777123047969e-01
9.161277097051627738e-01 4.293793995861031609e-01
9.150049830888871139e-01 4.245140214599015804e-01
9.153973522926133199e-01 4.196486433336999444e-01
9.167314075852814881e-01 4.147832652074983084e-01
9.262161545750311475e-01 3.855909964502884923e-01
9.272920841534444403e-01 3.807256183240869118e-01
9.286190054605902855e-01 3.709948620716836398e-01
9.296914246651750702e-01 3.661294839454820038e-01
9.310815327012328391e-01 3.612641058192803678e-01
9.321092621466942063e-01 3.563987276930787318e-01
9.325673115225248111e-01 3.515333495668770958e-01
9.325673115225248111e-01 3.466679714406755153e-01
9.319595582043495030e-01 3.418025933144738238e-01
9.302924006646021704e-01 3.369372151882722433e-01
9.269706743257135617e-01 3.320718370620705517e-01
9.255597146691150190e-01 3.306608774054721200e-01
9.206943365429134385e-01 3.273391510665835669e-01
9.158289584167117470e-01 3.256719935268361787e-01
9.109635802905100554e-01 3.250642402086607041e-01
8.866366896595019309e-01 3.246285347048217806e-01
8.817713115333003504e-01 3.241001021322171272e-01
8.769059334070987699e-01 3.230747489398088090e-01
