7.964282589463655970e-01 3.069488686270520628e-01
7.916840846562904765e-01 3.062773019307729605e-01
7.869399103662153561e-01 3.069488686270520628e-01
7.821957360761402356e-01 3.086060890723693051e-01
7.774515617860650041e-01 3.107409675029030316e-01
7.205214703051632252e-01 3.391865808910358160e-01
7.110331217250129843e-01 3.443765984368822863e-01
6.968005988547875118e-01 3.538518543282450635e-01
6.920564245647122803e-01 3.574589197106815552e-01
6.873122502746371598e-01 3.617981262189312597e-01
6.683355531143365669e-01 3.806780034957609193e-01
6.635913788242614464e-01 3.850116242415025924e-01
6.588472045341863259e-01 3.886137132173411723e-01
6.493588559540359739e-01 3.947834502689308023e-01
6.446146816639608534e-01 3.973235115652487548e-01
6.398705073738857330e-01 3.988518403915872756e-01
6.351263330838106125e-01 3.994422749415805773e-01
6.303821587937353810e-01 3.994422749415805773e-01
6.256379845036602605e-01 3.989978149851279854e-01
6.208938102135851400e-01 3.979980048722256969e-01
6.161496359235099085e-01 3.966425265036328529e-01
6.114054616334347880e-01 3.956403993336902736e-01
6.066612873433596675e-01 3.951229520804673268e-01
5.592195444426081297e-01 3.947689092229990648e-01
5.544753701525330092e-01 3.942536406950528649e-01
5.497311958624578887e-01 3.932538305821505764e-01
5.449870215723827682e-01 3.918983522135577324e-01
5.402428472823075367e-01 3.908962250436150976e-01
5.354986729922324162e-01 3.903787777903922063e-01
5.070336272517815823e-01 3.900247349329239444e-01
5.022894529617063508e-01 3.895094664049777444e-01
4.975452786716312303e-01 3.885096562920754559e-01
4.785685815113306374e-01 3.824100036334073804e-01
4.738244072212555169e-01 3.814078764634648011e-01
4.690802329311803409e-01 3.808904292102418543e-01
4.548477100609548684e-01 3.805363863527736479e-01
4.501035357708797480e-01 3.800211178248273924e-01
4.453593614808045720e-01 3.790213077119251039e-01
4.406151871907294515e-01 3.776658293433322600e-01
4.358710129006543310e-01 3.766637021733896806e-01
4.311268386105791550e-01 3.761462549201667338e-01
4.168943157403536826e-01 3.757922120626984719e-01
4.121501414502785621e-01 3.752769435347522720e-01
4.074059671602033861e-01 3.742771334218499835e-01
4.026617928701282656e-01 3.729216550532571395e-01
3.979176185800530896e-01 3.719195278833145046e-01
3.931734442899779691e-01 3.714020806300916133e-01
3.267550042289258938e-01 3.714020806300916133e-01
3.220108299388507178e-01 3.719444099163043971e-01
3.172666556487755418e-01 3.730643689495919402e-01
3.077783070686253009e-01 3.771594075639552179e-01
2.698249127480241150e-01 3.961166723719377059e-01
2.603365641678737630e-01 4.013914073158211804e-01
2.508482155877235220e-01 4.086059729014863695e-01
2.461040412976483460e-01 4.115560344354741718e-01
2.413598670075731700e-01 4.132571378783863603e-01
2.318715184274228736e-01 4.155439193101227446e-01
2.271273441373477531e-01 4.169747020325262898e-01
2.223831698472725771e-01 4.179745121454286338e-01
2.176389955571974566e-01 4.184897806733748338e-01
2.081506469770471601e-01 4.188438235308430957e-01
2.034064726869719841e-01 4.193861528170558794e-01
1.986622983968968637e-01 4.205061118503433670e-01
1.844297755266713912e-01 4.263215513026936132e-01
1.796856012365962707e-01 4.274368728244561377e-01
1.749414269465210947e-01 4.279781292535251302e-01
1.654530783663707982e-01 4.279781292535251302e-01
1.607089040762956778e-01 4.274628607255789303e-01
1.559647297862205018e-01 4.264630506126766418e-01
1.369880326259199088e-01 4.203633979540086218e-01
1.322438583358447883e-01 4.193142713884183692e-01
1.227555097556944919e-01 4.180204056729433515e-01
1.085229868854690194e-01 4.146170964939908665e-01
1.037788125953938989e-01 4.140996492407679197e-01
9.429046401524360244e-02 4.137456063832996578e-01
8.954628972516842644e-02 4.132303378553534579e-01
7.531376685494300949e-02 4.098259228082680727e-01
6.108124398471753702e-02 4.085320570927930550e-01
5.159289540456724055e-02 4.062061794375938506e-01
4.684872111449212007e-02 4.054737269337318484e-01
4.210454682441694407e-02 4.060070696207384033e-01
3.736037253434182359e-02 4.085374099651384316e-01
3.461619328812187701e-02 4.115151363812493690e-01
3.159374688864696745e-02 4.162593106713245450e-01
2.721095048754168522e-02 4.257476592514748415e-01
2.248776265672525199e-02 4.399801821217002584e-01
2.143863609113505486e-02 4.447243564117754344e-01
2.009887684814526398e-02 4.542127049919257309e-01
1.895756742526000238e-02 4.589568792820009069e-01
1.702264176623274894e-02 4.637010535720760274e-01
8.234253327241092268e-03 4.826777507323766203e-01
4.889999319483251394e-03 4.921660993125269168e-01
1.079105217619558132e-03 5.016544478926772133e-01
0.000000000000000000e+00 5.063986221827523337e-01
4.294295693602623309e-04 5.111427964728275652e-01
2.701543692959440524e-03 5.158869707629026857e-01
6.716879415795184993e-03 5.206311450529778062e-01
1.363950108396605465e-02 5.271892683363169629e-01
1.838367537404117513e-02 5.307548741184060503e-01
3.261619824426664760e-02 5.388877443299634473e-01
3.736037253434182359e-02 5.423904829026494623e-01
4.684872111449212007e-02 5.509664902731699065e-01
5.159289540456724055e-02 5.544757455687817638e-01
5.633706969464241654e-02 5.572349035841610565e-01
8.480211543509330596e-02 5.717128147797352344e-01
8.954628972516842644e-02 5.747240342623640696e-01
9.262495601979164883e-02 5.775612365338795851e-01
9.535790323051046569e-02 5.823054108239547055e-01
9.633908473141239437e-02 5.870495851140299370e-01
9.662766752579532437e-02 5.917937594041050575e-01
9.652093401729389122e-02 6.107704565644056505e-01
9.600566548934763578e-02 6.155146308544807709e-01
9.260125044226225066e-02 6.297471537247062434e-01
9.130738472678723294e-02 6.392355023048565954e-01
8.790407554783474797e-02 6.534680251750819568e-01
8.738662829461180115e-02 6.582121994651570773e-01
8.724501115162452969e-02 6.677005480453074293e-01
8.745743686610552015e-02 6.724447223353825498e-01
8.805005014137551322e-02 6.771888966254577813e-01
8.967567629671596707e-02 6.819330709155329018e-01
9.291465347112176643e-02 6.866772452056080223e-01
9.429046401524360244e-02 6.880530557497297472e-01
9.903463830531872292e-02 6.912920329241356576e-01
1.037788125953938989e-01 6.929176590794761115e-01
1.085229868854690194e-01 6.935102723547461601e-01
1.132671611755441954e-01 6.937226980692270395e-01
2.366156927174980495e-01 6.935810809262397125e-01
2.413598670075731700e-01 6.930387516400269288e-01
2.461040412976483460e-01 6.919187926067393857e-01
2.555923898777986425e-01 6.878237539923761634e-01
2.698249127480241150e-01 6.807074925572634827e-01
2.793132613281743559e-01 6.764500498097902881e-01
3.030341327785501249e-01 6.683616215119572157e-01
3.125224813587004213e-01 6.641028825420004500e-01
3.267550042289258938e-01 6.569866211068876583e-01
3.362433528090761348e-01 6.528941331238631296e-01
3.409875270991513108e-01 6.517788116021006051e-01
3.457317013892264868e-01 6.512375551730317236e-01
4.026617928701282656e-01 6.512375551730317236e-01
4.074059671602033861e-01 6.517528237009778680e-01
4.121501414502785621e-01 6.527526338138801565e-01
4.168943157403536826e-01 6.541081121824730005e-01
4.216384900304288585e-01 6.551102393524156353e-01
4.263826643205039790e-01 6.556276866056385266e-01
4.643360586411051649e-01 6.559817294631068441e-01
4.690802329311803409e-01 6.564969979910530995e-01
4.833127558014057579e-01 6.599014130381384291e-01
4.928011043815561099e-01 6.611952787536135023e-01
5.070336272517815823e-01 6.645985879325659873e-01
5.117778015418567028e-01 6.651160351857888786e-01
5.307544987021572958e-01 6.654700780432571960e-01
5.354986729922324162e-01 6.659853465712033405e-01
5.402428472823075367e-01 6.669851566841056290e-01
5.449870215723827682e-01 6.683406350526984729e-01
5.497311958624578887e-01 6.693427622226411078e-01
5.544753701525330092e-01 6.698602094758639991e-01
5.924287644731341951e-01 6.702142523333323165e-01
5.971729387632093156e-01 6.707295208612784609e-01
6.114054616334347880e-01 6.741339359083639016e-01
6.208938102135851400e-01 6.754278016238388638e-01
6.351263330838106125e-01 6.788311108027914598e-01
6.398705073738857330e-01 6.793485580560143511e-01
6.730797274044117984e-01 6.793485580560143511e-01
6.778239016944869189e-01 6.788062287698015673e-01
6.825680759845620393e-01 6.776166500450546692e-01
6.873122502746371598e-01 6.756470399811832506e-01
6.920564245647122803e-01 6.731521869224990073e-01
7.062889474349377528e-01 6.636895643273348355e-01
7.110331217250129843e-01 6.600824989448983438e-01
7.300098188853134662e-01 6.420181429942275475e-01
7.347539931753886977e-01 6.384160540183889676e-01
7.537306903356892906e-01 6.257361700067336496e-01
7.584748646257644111e-01 6.221291046242971579e-01
7.679632132059146521e-01 6.131425437094432107e-01
7.727073874959898836e-01 6.090249584765478064e-01
7.774515617860650041e-01 6.060686409733490043e-01
7.821957360761402356e-01 6.044570553937671509e-01
7.869399103662153561e-01 6.038666208437738492e-01
7.964282589463655970e-01 6.037958122722801857e-01
8.011724332364407175e-01 6.043110808002264411e-01
8.059166075265158380e-01 6.053108909131287296e-01
8.106607818165910695e-01 6.066663692817215736e-01
8.154049561066661900e-01 6.076684964516642085e-01
8.201491303967414215e-01 6.081859437048870998e-01
8.343816532669667829e-01 6.085399865623553062e-01
8.391258275570419034e-01 6.090552550903015616e-01
8.533583504272673759e-01 6.124596701373870022e-01
8.628466990074177279e-01 6.137535358528619645e-01
8.865675704577934413e-01 6.196755050269238119e-01
9.008000933280189138e-01 6.255003525456873659e-01
9.055442676180940342e-01 6.266451936119648014e-01
9.197767904883193957e-01 6.279860587230874369e-01
9.340093133585449792e-01 6.313893679020399219e-01
9.387534876486200996e-01 6.319068151552628132e-01
9.529860105188454611e-01 6.320484322982501402e-01
9.577301848089206926e-01 6.318360065837691497e-01
9.624743590989958131e-01 6.312433933084991011e-01
9.672185333890710446e-01 6.296177671531586473e-01
9.719627076791461651e-01 6.263787899787529589e-01
9.733385182232680011e-01 6.250029794346311229e-01
9.767484975331692798e-01 6.202588051445558914e-01
9.788876717638524960e-01 6.155146308544807709e-01
9.820911432666876717e-01 6.060262822743305300e-01
9.831402698322777578e-01 6.012821079842552985e-01
9.844341355477527200e-01 5.917937594041050575e-01
9.854798391881696151e-01 5.870495851140299370e-01
9.869106219105734379e-01 5.823054108239547055e-01
9.891974033423097667e-01 5.728170622438044646e-01
9.908187902388515544e-01 5.680728879537293441e-01
9.933947231123801958e-01 5.633287136636541126e-01
9.963910437166383360e-01 5.585845393735789921e-01
9.986486880608187455e-01 5.538403650835038716e-01
1.000000000000000000e+00 5.490961907934287511e-01
1.000000000000000000e+00 5.443520165033535196e-01
9.986486880608187455e-01 5.396078422132783992e-01
9.962342422167628220e-01 5.348636679232032787e-01
9.928639283722131559e-01 5.301194936331281582e-01
9.853606072946361483e-01 5.206311450529778062e-01
9.821978244345859199e-01 5.158869707629026857e-01
9.785771814489624409e-01 5.111427964728275652e-01
9.652569997883667652e-01 4.969102736026020928e-01
9.617542612156808612e-01 4.921660993125269168e-01
9.563568711986357718e-01 4.826777507323766203e-01
9.529860105188454611e-01 4.775382285847952213e-01
9.482418362287703406e-01 4.728761076236364658e-01
9.434976619386952201e-01 4.700132176698879061e-01
9.387534876486200996e-01 4.677841543955013615e-01
9.292651390684697477e-01 4.639091313918161652e-01
9.245209647783946272e-01 4.606447105198160363e-01
9.226535770259181035e-01 4.589568792820009069e-01
9.188710844874869998e-01 4.542127049919257309e-01
9.172070294145286962e-01 4.494685307018505549e-01
9.174824766922994312e-01 4.447243564117754344e-01
9.192357881569952482e-01 4.399801821217002584e-01
9.252284293655110847e-01 4.304918335415499620e-01
9.277232824241954390e-01 4.257476592514748415e-01
9.297625121795261016e-01 4.210034849613996655e-01
9.332823834270012053e-01 4.067709620911742485e-01
9.393935746560113653e-01 3.877942649308736556e-01
9.403957018259538891e-01 3.830500906407984796e-01
9.409131490791766694e-01 3.783059163507233591e-01
9.408423405076828949e-01 3.688175677705730626e-01
9.402497272324130684e-01 3.640733934804978866e-01
9.386241010770726145e-01 3.593292191904227106e-01
9.353851239026668152e-01 3.545850449003475902e-01
9.340093133585449792e-01 3.532092343562258652e-01
9.292651390684697477e-01 3.499702571818199548e-01
9.245209647783946272e-01 3.483446310264796120e-01
9.102884419081691547e-01 3.468577913218161557e-01
8.865675704577934413e-01 3.409264140813409449e-01
8.770792218776430893e-01 3.368339260983164163e-01
8.628466990074177279e-01 3.297176646632036245e-01
8.533583504272673759e-01 3.254589256932468588e-01
8.248933046868165420e-01 3.159812395883652147e-01
8.106607818165910695e-01 3.124707764073034744e-01
8.011724332364407175e-01 3.085821089564221298e-01
