8.354700854700853885e-01 2.756410256410256610e-01
8.183760683760683552e-01 2.756410256410256610e-01
8.141025641025640969e-01 2.799145299145299193e-01
8.098290598290598385e-01 2.799145299145299193e-01
7.991452991452991927e-01 2.905982905982905651e-01
7.991452991452991927e-01 2.948717948717948789e-01
7.542735042735042583e-01 3.397435897435897578e-01
7.500000000000000000e-01 3.397435897435897578e-01
7.457264957264957417e-01 3.440170940170940161e-01
7.414529914529914834e-01 3.440170940170940161e-01
7.371794871794872250e-01 3.482905982905982745e-01
7.329059829059829667e-01 3.482905982905982745e-01
7.243589743589743390e-01 3.568376068376068466e-01
7.158119658119658224e-01 3.568376068376068466e-01
7.115384615384615641e-01 3.611111111111111049e-01
7.072649572649573058e-01 3.611111111111111049e-01
7.029914529914529364e-01 3.653846153846154188e-01
6.944444444444444198e-01 3.653846153846154188e-01
6.901709401709401615e-01 3.696581196581196771e-01
6.858974358974359031e-01 3.696581196581196771e-01
6.816239316239316448e-01 3.739316239316239354e-01
6.047008547008546619e-01 3.739316239316239354e-01
6.004273504273504036e-01 3.696581196581196771e-01
5.790598290598290010e-01 3.696581196581196771e-01
5.747863247863247427e-01 3.653846153846154188e-01
5.576923076923077094e-01 3.653846153846154188e-01
5.534188034188034511e-01 3.611111111111111049e-01
5.235042735042735318e-01 3.611111111111111049e-01
5.192307692307692735e-01 3.568376068376068466e-01
5.149572649572649041e-01 3.568376068376068466e-01
5.106837606837606458e-01 3.525641025641025328e-01
5.021367521367521292e-01 3.525641025641025328e-01
4.978632478632478708e-01 3.482905982905982745e-01
4.209401709401709435e-01 3.482905982905982745e-01
4.166666666666666852e-01 3.440170940170940161e-01
3.354700854700854995e-01 3.440170940170940161e-01
3.311965811965811857e-01 3.397435897435897578e-01
2.841880341880341776e-01 3.397435897435897578e-01
2.585470085470085166e-01 3.653846153846154188e-01
2.542735042735042583e-01 3.653846153846154188e-01
2.329059829059829112e-01 3.867521367521367659e-01
2.286324786324786529e-01 3.867521367521367659e-01
2.200854700854700807e-01 3.952991452991452825e-01
2.158119658119658224e-01 3.952991452991452825e-01
2.072649572649572502e-01 4.038461538461538547e-01
1.987179487179487336e-01 4.038461538461538547e-01
1.944444444444444198e-01 4.081196581196581130e-01
1.901709401709401615e-01 4.081196581196581130e-01
1.816239316239316448e-01 4.166666666666666852e-01
1.773504273504273310e-01 4.166666666666666852e-01
1.730769230769230727e-01 4.209401709401709435e-01
1.688034188034188143e-01 4.209401709401709435e-01
1.645299145299145560e-01 4.252136752136752018e-01
8.760683760683762866e-02 4.252136752136752018e-01
8.333333333333331483e-02 4.209401709401709435e-01
6.623931623931622603e-02 4.209401709401709435e-01
6.196581196581196771e-02 4.166666666666666852e-01
5.341880341880339556e-02 4.166666666666666852e-01
4.914529914529913723e-02 4.123931623931623713e-01
4.487179487179487891e-02 4.123931623931623713e-01
4.059829059829062059e-02 4.081196581196581130e-01
3.205128205128204844e-02 4.081196581196581130e-01
2.777777777777779011e-02 4.123931623931623713e-01
2.350427350427353179e-02 4.123931623931623713e-01
2.136752136752134712e-02 4.145299145299145005e-01
2.136752136752134712e-02 4.188034188034188143e-01
1.709401709401708880e-02 4.230769230769230727e-01
1.709401709401708880e-02 4.316239316239316448e-01
1.282051282051283048e-02 4.358974358974359031e-01
1.282051282051283048e-02 4.572649572649572502e-01
8.547008547008572155e-03 4.615384615384615641e-01
8.547008547008572155e-03 4.786324786324786529e-01
4.273504273504258322e-03 4.829059829059829112e-01
4.273504273504258322e-03 4.871794871794871695e-01
0.000000000000000000e+00 4.914529914529914278e-01
0.000000000000000000e+00 5.042735042735042583e-01
1.068376068376070132e-02 5.149572649572649041e-01
1.495726495726495964e-02 5.149572649572649041e-01
1.923076923076921796e-02 5.192307692307692735e-01
2.350427350427353179e-02 5.192307692307692735e-01
2.991452991452991927e-02 5.256410256410256610e-01
2.991452991452991927e-02 5.299145299145299193e-01
3.205128205128204844e-02 5.320512820512820484e-01
3.632478632478630676e-02 5.320512820512820484e-01
4.059829059829062059e-02 5.363247863247863068e-01
4.487179487179487891e-02 5.363247863247863068e-01
4.914529914529913723e-02 5.405982905982905651e-01
5.341880341880339556e-02 5.405982905982905651e-01
9.188034188034188698e-02 5.790598290598290010e-01
9.615384615384614531e-02 5.790598290598290010e-01
1.047008547008547175e-01 5.876068376068376287e-01
1.089743589743589758e-01 5.876068376068376287e-01
1.196581196581196771e-01 5.982905982905982745e-01
1.196581196581196771e-01 7.008547008547008073e-01
1.303418803418803229e-01 7.115384615384615641e-01
1.388888888888888951e-01 7.115384615384615641e-01
1.431623931623931534e-01 7.158119658119658224e-01
1.559829059829059839e-01 7.158119658119658224e-01
1.602564102564102422e-01 7.200854700854700807e-01
1.858974358974359031e-01 7.200854700854700807e-01
1.901709401709401615e-01 7.243589743589743390e-01
2.329059829059829112e-01 7.243589743589743390e-01
2.371794871794871695e-01 7.200854700854700807e-01
2.414529914529914278e-01 7.200854700854700807e-01
2.713675213675214026e-01 6.901709401709401615e-01
2.756410256410256610e-01 6.901709401709401615e-01
2.799145299145299193e-01 6.858974358974359031e-01
2.841880341880341776e-01 6.858974358974359031e-01
2.970085470085470081e-01 6.730769230769231282e-01
3.012820512820513219e-01 6.730769230769231282e-01
3.055555555555555802e-01 6.688034188034188698e-01
3.098290598290598385e-01 6.688034188034188698e-01
3.141025641025640969e-01 6.645299145299145005e-01
3.183760683760683552e-01 6.645299145299145005e-01
3.269230769230769273e-01 6.559829059829059839e-01
3.311965811965811857e-01 6.559829059829059839e-01
3.397435897435897578e-01 6.474358974358974672e-01
3.782051282051281937e-01 6.474358974358974672e-01
3.824786324786324521e-01 6.517094017094017255e-01
3.910256410256410242e-01 6.517094017094017255e-01
3.952991452991452825e-01 6.559829059829059839e-01
4.722222222222222099e-01 6.559829059829059839e-01
4.764957264957264682e-01 6.602564102564102422e-01
4.935897435897436125e-01 6.602564102564102422e-01
4.978632478632478708e-01 6.645299145299145005e-01
5.106837606837606458e-01 6.645299145299145005e-01
5.149572649572649041e-01 6.688034188034188698e-01
5.235042735042735318e-01 6.688034188034188698e-01
5.277777777777777901e-01 6.730769230769231282e-01
5.619658119658119677e-01 6.730769230769231282e-01
5.662393162393162260e-01 6.773504273504273865e-01
6.431623931623930979e-01 6.773504273504273865e-01
6.474358974358974672e-01 6.816239316239316448e-01
6.858974358974359031e-01 6.816239316239316448e-01
6.901709401709401615e-01 6.773504273504273865e-01
6.944444444444444198e-01 6.773504273504273865e-01
7.072649572649573058e-01 6.645299145299145005e-01
7.115384615384615641e-01 6.645299145299145005e-01
7.158119658119658224e-01 6.602564102564102422e-01
7.200854700854700807e-01 6.602564102564102422e-01
7.329059829059829667e-01 6.474358974358974672e-01
7.371794871794872250e-01 6.474358974358974672e-01
7.414529914529914834e-01 6.431623931623930979e-01
7.457264957264957417e-01 6.431623931623930979e-01
7.500000000000000000e-01 6.388888888888888395e-01
7.542735042735042583e-01 6.388888888888888395e-01
7.585470085470085166e-01 6.346153846153845812e-01
7.628205128205127750e-01 6.346153846153845812e-01
7.713675213675212916e-01 6.260683760683760646e-01
9.636752136752136932e-01 6.260683760683760646e-01
9.743589743589743390e-01 6.153846153846154188e-01
9.743589743589743390e-01 5.982905982905982745e-01
9.786324786324787084e-01 5.940170940170940161e-01
9.786324786324787084e-01 5.897435897435897578e-01
9.829059829059829667e-01 5.854700854700854995e-01
9.829059829059829667e-01 5.769230769230768718e-01
9.871794871794872250e-01 5.726495726495726135e-01
9.871794871794872250e-01 5.641025641025640969e-01
9.914529914529914834e-01 5.598290598290598385e-01
9.914529914529914834e-01 5.427350427350426942e-01
9.957264957264957417e-01 5.384615384615384359e-01
9.957264957264957417e-01 5.213675213675214026e-01
1.000000000000000000e+00 5.170940170940171443e-01
1.000000000000000000e+00 5.085470085470085166e-01
9.957264957264957417e-01 5.042735042735042583e-01
9.957264957264957417e-01 5.000000000000000000e-01
9.850427350427350959e-01 4.893162393162392987e-01
9.807692307692308376e-01 4.893162393162392987e-01
9.764957264957264682e-01 4.850427350427350404e-01
9.722222222222222099e-01 4.850427350427350404e-01
9.294871794871795156e-01 4.423076923076922906e-01
9.252136752136752573e-01 4.423076923076922906e-01
8.803418803418803229e-01 3.974358974358974672e-01
8.803418803418803229e-01 3.888888888888888951e-01
8.846153846153845812e-01 3.846153846153845812e-01
8.846153846153845812e-01 3.803418803418803229e-01
8.888888888888888395e-01 3.760683760683760646e-01
8.888888888888888395e-01 3.717948717948718063e-01
8.931623931623930979e-01 3.675213675213675479e-01
8.931623931623930979e-01 3.547008547008546619e-01
8.974358974358973562e-01 3.504273504273504036e-01
8.974358974358973562e-01 3.418803418803418870e-01
9.017094017094017255e-01 3.376068376068376287e-01
9.017094017094017255e-01 3.333333333333333703e-01
9.059829059829059839e-01 3.290598290598290565e-01
9.059829059829059839e-01 3.247863247863247982e-01
9.102564102564102422e-01 3.205128205128204844e-01
9.102564102564102422e-01 3.119658119658119677e-01
9.145299145299146115e-01 3.076923076923077094e-01
9.038461538461538547e-01 2.970085470085470081e-01
8.867521367521367104e-01 2.970085470085470081e-01
8.824786324786324521e-01 2.927350427350426942e-01
8.782051282051281937e-01 2.927350427350426942e-01
8.739316239316239354e-01 2.884615384615384359e-01
8.696581196581196771e-01 2.884615384615384359e-01
8.653846153846154188e-01 2.841880341880341776e-01
8.525641025641026438e-01 2.841880341880341776e-01
8.482905982905982745e-01 2.799145299145299193e-01
8.397435897435897578e-01 2.799145299145299193e-01
