9.311111111111111116e-01 2.733333333333333171e-01
8.200000000000000622e-01 2.733333333333333171e-01
8.155555555555555891e-01 2.777777777777777901e-01
8.022222222222221699e-01 2.777777777777777901e-01
7.977777777777776969e-01 2.822222222222222632e-01
7.888888888888888618e-01 2.822222222222222632e-01
7.844444444444444997e-01 2.866666666666666252e-01
7.755555555555555536e-01 2.866666666666666252e-01
7.711111111111110805e-01 2.911111111111110983e-01
7.622222222222222454e-01 2.911111111111110983e-01
7.577777777777777724e-01 2.955555555555555713e-01
7.533333333333334103e-01 2.955555555555555713e-01
7.488888888888889372e-01 2.999999999999999889e-01
7.444444444444444642e-01 2.999999999999999889e-01
7.399999999999999911e-01 3.044444444444444065e-01
7.355555555555555181e-01 3.044444444444444065e-01
7.266666666666666829e-01 3.133333333333333526e-01
7.222222222222222099e-01 3.133333333333333526e-01
7.133333333333333748e-01 3.222222222222221877e-01
7.088888888888889017e-01 3.222222222222221877e-01
6.822222222222222854e-01 3.488888888888889150e-01
6.422222222222222499e-01 3.488888888888889150e-01
6.377777777777777768e-01 3.444444444444444420e-01
6.199999999999999956e-01 3.444444444444444420e-01
6.155555555555555225e-01 3.399999999999999689e-01
6.066666666666666874e-01 3.399999999999999689e-01
6.022222222222222143e-01 3.355555555555555514e-01
5.844444444444444331e-01 3.355555555555555514e-01
5.799999999999999600e-01 3.311111111111111338e-01
5.666666666666666519e-01 3.311111111111111338e-01
5.622222222222221788e-01 3.266666666666666607e-01
5.444444444444443976e-01 3.266666666666666607e-01
5.400000000000000355e-01 3.222222222222221877e-01
5.311111111111110894e-01 3.222222222222221877e-01
5.266666666666666163e-01 3.177777777777777701e-01
5.000000000000000000e-01 3.177777777777777701e-01
4.955555555555555824e-01 3.133333333333333526e-01
4.822222222222222188e-01 3.133333333333333526e-01
4.777777777777778012e-01 3.088888888888888795e-01
4.733333333333333282e-01 3.088888888888888795e-01
4.688888888888889106e-01 3.044444444444444065e-01
4.555555555555555469e-01 3.044444444444444065e-01
4.511111111111111294e-01 2.999999999999999889e-01
4.377777777777777657e-01 2.999999999999999889e-01
4.333333333333333481e-01 2.955555555555555713e-01
3.711111111111111138e-01 2.955555555555555713e-01
3.666666666666666963e-01 2.999999999999999889e-01
3.444444444444444420e-01 2.999999999999999889e-01
3.399999999999999689e-01 3.044444444444444065e-01
3.266666666666666607e-01 3.044444444444444065e-01
3.222222222222221877e-01 3.088888888888888795e-01
3.177777777777777701e-01 3.088888888888888795e-01
3.133333333333333526e-01 3.133333333333333526e-01
3.088888888888888795e-01 3.133333333333333526e-01
2.999999999999999889e-01 3.222222222222221877e-01
2.955555555555555713e-01 3.222222222222221877e-01
2.911111111111110983e-01 3.266666666666666607e-01
2.822222222222222632e-01 3.266666666666666607e-01
2.777777777777777901e-01 3.311111111111111338e-01
2.733333333333333171e-01 3.311111111111111338e-01
2.600000000000000089e-01 3.444444444444444420e-01
2.555555555555555358e-01 3.444444444444444420e-01
2.422222222222222276e-01 3.577777777777777501e-01
2.377777777777777546e-01 3.577777777777777501e-01
2.288888888888888640e-01 3.666666666666666963e-01
2.244444444444444464e-01 3.666666666666666963e-01
2.199999999999999734e-01 3.711111111111111138e-01
2.155555555555555558e-01 3.711111111111111138e-01
2.111111111111111382e-01 3.755555555555555314e-01
2.066666666666666652e-01 3.755555555555555314e-01
2.044444444444444287e-01 3.777777777777777679e-01
2.044444444444444287e-01 3.822222222222222410e-01
1.977777777777777746e-01 3.888888888888888951e-01
1.622222222222222121e-01 3.888888888888888951e-01
1.577777777777777946e-01 3.844444444444444775e-01
1.488888888888889039e-01 3.844444444444444775e-01
1.444444444444444309e-01 3.800000000000000044e-01
1.177777777777777590e-01 3.800000000000000044e-01
1.133333333333333415e-01 3.755555555555555314e-01
1.088888888888888684e-01 3.755555555555555314e-01
1.044444444444444509e-01 3.711111111111111138e-01
7.777777777777777901e-02 3.711111111111111138e-01
7.333333333333330595e-02 3.666666666666666963e-01
5.555555555555558023e-02 3.666666666666666963e-01
5.111111111111110716e-02 3.622222222222222232e-01
2.000000000000001776e-02 3.622222222222222232e-01
8.888888888888890616e-03 3.733333333333332948e-01
8.888888888888890616e-03 3.866666666666666585e-01
4.444444444444417552e-03 3.911111111111111316e-01
4.444444444444417552e-03 4.000000000000000222e-01
0.000000000000000000e+00 4.044444444444444398e-01
0.000000000000000000e+00 4.755555555555555647e-01
4.444444444444417552e-03 4.799999999999999822e-01
4.444444444444417552e-03 4.844444444444444553e-01
3.777777777777779900e-02 5.177777777777777812e-01
4.222222222222221655e-02 5.177777777777777812e-01
4.888888888888887063e-02 5.244444444444444908e-01
4.888888888888887063e-02 5.288888888888888529e-01
7.777777777777777901e-02 5.577777777777778168e-01
8.222222222222219656e-02 5.577777777777778168e-01
9.777777777777779677e-02 5.733333333333333615e-01
9.777777777777779677e-02 6.755555555555555758e-01
1.022222222222222143e-01 6.799999999999999378e-01
1.022222222222222143e-01 6.933333333333333570e-01
1.066666666666666874e-01 6.977777777777778301e-01
1.066666666666666874e-01 7.022222222222221921e-01
1.111111111111111049e-01 7.066666666666666652e-01
1.111111111111111049e-01 7.111111111111111382e-01
1.266666666666666496e-01 7.266666666666666829e-01
2.466666666666666452e-01 7.266666666666666829e-01
2.511111111111111183e-01 7.222222222222222099e-01
2.688888888888888995e-01 7.222222222222222099e-01
2.733333333333333171e-01 7.177777777777777368e-01
2.777777777777777901e-01 7.177777777777777368e-01
2.822222222222222632e-01 7.133333333333333748e-01
2.866666666666666252e-01 7.133333333333333748e-01
3.288888888888888973e-01 6.711111111111111027e-01
3.288888888888888973e-01 6.666666666666666297e-01
3.399999999999999689e-01 6.555555555555555580e-01
4.022222222222222032e-01 6.555555555555555580e-01
4.066666666666666763e-01 6.600000000000000311e-01
4.244444444444444575e-01 6.600000000000000311e-01
4.288888888888888751e-01 6.644444444444443931e-01
4.377777777777777657e-01 6.644444444444443931e-01
4.422222222222222388e-01 6.688888888888888662e-01
4.466666666666666563e-01 6.688888888888888662e-01
4.511111111111111294e-01 6.733333333333333393e-01
4.644444444444444375e-01 6.733333333333333393e-01
4.688888888888889106e-01 6.777777777777778123e-01
4.911111111111111094e-01 6.777777777777778123e-01
4.955555555555555824e-01 6.822222222222222854e-01
5.533333333333333437e-01 6.822222222222222854e-01
5.577777777777778168e-01 6.866666666666666474e-01
6.955555555555555935e-01 6.866666666666666474e-01
6.999999999999999556e-01 6.822222222222222854e-01
7.133333333333333748e-01 6.822222222222222854e-01
7.177777777777777368e-01 6.777777777777778123e-01
7.311111111111110450e-01 6.777777777777778123e-01
7.355555555555555181e-01 6.733333333333333393e-01
7.399999999999999911e-01 6.733333333333333393e-01
7.444444444444444642e-01 6.688888888888888662e-01
7.488888888888889372e-01 6.688888888888888662e-01
7.577777777777777724e-01 6.600000000000000311e-01
7.622222222222222454e-01 6.600000000000000311e-01
7.711111111111110805e-01 6.511111111111110850e-01
7.755555555555555536e-01 6.511111111111110850e-01
7.933333333333333348e-01 6.333333333333333037e-01
7.977777777777776969e-01 6.333333333333333037e-01
8.022222222222221699e-01 6.288888888888888307e-01
8.066666666666666430e-01 6.288888888888888307e-01
8.155555555555555891e-01 6.199999999999999956e-01
9.577777777777778390e-01 6.199999999999999956e-01
9.622222222222222010e-01 6.155555555555555225e-01
9.666666666666666741e-01 6.155555555555555225e-01
9.711111111111110361e-01 6.111111111111111605e-01
9.755555555555555092e-01 6.111111111111111605e-01
9.799999999999999822e-01 6.066666666666666874e-01
9.844444444444444553e-01 6.066666666666666874e-01
9.866666666666666918e-01 6.044444444444444509e-01
9.866666666666666918e-01 5.999999999999999778e-01
9.911111111111110539e-01 5.955555555555556158e-01
9.911111111111110539e-01 5.911111111111111427e-01
9.955555555555555269e-01 5.866666666666666696e-01
9.955555555555555269e-01 5.777777777777777235e-01
1.000000000000000000e+00 5.733333333333333615e-01
1.000000000000000000e+00 5.333333333333333259e-01
9.955555555555555269e-01 5.288888888888888529e-01
9.955555555555555269e-01 5.111111111111110716e-01
9.911111111111110539e-01 5.066666666666667096e-01
9.911111111111110539e-01 4.977777777777777635e-01
9.866666666666666918e-01 4.933333333333333459e-01
9.866666666666666918e-01 4.888888888888888729e-01
9.711111111111110361e-01 4.733333333333333282e-01
9.666666666666666741e-01 4.733333333333333282e-01
9.511111111111111294e-01 4.577777777777777835e-01
9.511111111111111294e-01 4.533333333333333104e-01
9.422222222222222943e-01 4.444444444444444198e-01
9.422222222222222943e-01 4.400000000000000022e-01
9.377777777777778212e-01 4.355555555555555847e-01
9.377777777777778212e-01 3.822222222222222410e-01
9.422222222222222943e-01 3.777777777777777679e-01
9.422222222222222943e-01 3.644444444444444597e-01
9.466666666666666563e-01 3.599999999999999867e-01
9.466666666666666563e-01 3.511111111111111516e-01
9.511111111111111294e-01 3.466666666666666785e-01
9.511111111111111294e-01 3.333333333333333703e-01
9.555555555555554914e-01 3.288888888888888973e-01
9.555555555555554914e-01 3.244444444444444242e-01
9.688888888888889106e-01 3.111111111111111160e-01
9.688888888888889106e-01 3.066666666666666430e-01
9.644444444444444375e-01 3.022222222222222254e-01
9.644444444444444375e-01 2.977777777777778079e-01
9.488888888888888928e-01 2.822222222222222632e-01
9.444444444444444198e-01 2.822222222222222632e-01
9.399999999999999467e-01 2.777777777777777901e-01
9.355555555555554736e-01 2.777777777777777901e-01
