4.641148325358851467e-01 0.000000000000000000e+00
4.521531100478468623e-01 0.000000000000000000e+00
4.497607655502392499e-01 2.392344497607667986e-03
4.282296650717703490e-01 2.392344497607667986e-03
4.114832535885167286e-01 9.569377990430616432e-03
4.043062200956937802e-01 9.569377990430616432e-03
3.708133971291865949e-01 2.392344497607656884e-02
3.313397129186602674e-01 5.382775119617222437e-02
3.145933014354067025e-01 7.296650717703351274e-02
3.002392344497607501e-01 9.688995215311002607e-02
3.002392344497607501e-01 1.016746411483253620e-01
2.954545454545454142e-01 1.064593301435406425e-01
2.954545454545454142e-01 1.184210526315789269e-01
2.930622009569378017e-01 1.208133971291865949e-01
2.930622009569378017e-01 1.519138755980861122e-01
2.954545454545454142e-01 1.543062200956937802e-01
2.954545454545454142e-01 1.734449760765550130e-01
3.050239234449760861e-01 2.117224880382775343e-01
3.241626794258373190e-01 2.523923444976076680e-01
3.289473684210526550e-01 2.571770334928229484e-01
3.289473684210526550e-01 2.619617224880382844e-01
3.361244019138756034e-01 2.691387559808612329e-01
3.361244019138756034e-01 2.739234449760765688e-01
3.815789473684210731e-01 3.456937799043062198e-01
3.755980861244019309e-01 3.444976076555024136e-01
3.504784688995215003e-01 3.217703349282297065e-01
2.942583732057416634e-01 2.583732057416268102e-01
2.511961722488038617e-01 2.320574162679425734e-01
2.296650717703349054e-01 2.224880382775119569e-01
2.033492822966507241e-01 2.224880382775119569e-01
1.997607655502392499e-01 2.260765550239234312e-01
2.069377990430621983e-01 2.547846889952153360e-01
2.464114832535885258e-01 3.014354066985646119e-01
2.775119617224880431e-01 3.253588516746411807e-01
2.846889952153109915e-01 3.277511961722487932e-01
2.918660287081339400e-01 3.349282296650717416e-01
3.600478468899521722e-01 3.767942583732057371e-01
3.588516746411483105e-01 3.803827751196172113e-01
3.229665071770334572e-01 3.612440191387559785e-01
2.966507177033492759e-01 3.516746411483253620e-01
2.918660287081339400e-01 3.468899521531100261e-01
2.703349282296650946e-01 3.397129186602870776e-01
2.535885167464114742e-01 3.301435406698564612e-01
2.416267942583731898e-01 3.277511961722487932e-01
2.344497607655502414e-01 3.229665071770334572e-01
2.081339712918660045e-01 3.157894736842105088e-01
1.937799043062201076e-01 3.157894736842105088e-01
1.913875598086124397e-01 3.133971291866028963e-01
1.746411483253588748e-01 3.133971291866028963e-01
1.722488038277512068e-01 3.110047846889952283e-01
1.483253588516746380e-01 3.110047846889952283e-01
1.459330143540669700e-01 3.133971291866028963e-01
1.267942583732057371e-01 3.133971291866028963e-01
1.052631578947368363e-01 3.205741626794258448e-01
7.535885167464112522e-02 3.409090909090909394e-01
5.622009569377989235e-02 3.600478468899521722e-01
3.468899521531099150e-02 3.935406698564593020e-01
2.511961722488037507e-02 4.270334928229664873e-01
2.511961722488037507e-02 4.389952153110047717e-01
2.272727272727270709e-02 4.413875598086124397e-01
2.272727272727270709e-02 4.581339712918660045e-01
2.033492822966509461e-02 4.605263157894736725e-01
2.033492822966509461e-02 5.083732057416268102e-01
2.990430622009571104e-02 5.466507177033492759e-01
4.425837320574160794e-02 5.825358851674641292e-01
4.904306220095694391e-02 5.873205741626794651e-01
4.904306220095694391e-02 5.921052631578946901e-01
6.459330143540670255e-02 6.148325358851675082e-01
1.004784688995215558e-01 6.459330143540670255e-01
1.184210526315789269e-01 6.519138755980861122e-01
1.136363636363636465e-01 6.566985645933014482e-01
1.112440191387559785e-01 6.710526315789473450e-01
1.040669856459330300e-01 6.806220095693780170e-01
1.040669856459330300e-01 6.925837320574163014e-01
1.016746411483253620e-01 6.949760765550239139e-01
1.016746411483253620e-01 7.069377990430621983e-01
9.928229665071769405e-02 7.093301435406698108e-01
9.928229665071769405e-02 7.212918660287080952e-01
9.688995215311002607e-02 7.236842105263158187e-01
9.688995215311002607e-02 7.930622009569378017e-01
9.928229665071769405e-02 7.954545454545454142e-01
9.928229665071769405e-02 8.361244019138756034e-01
1.016746411483253620e-01 8.385167464114833269e-01
1.016746411483253620e-01 8.552631578947368363e-01
1.040669856459330300e-01 8.576555023923444487e-01
1.040669856459330300e-01 8.767942583732057926e-01
1.112440191387559785e-01 9.126794258373205349e-01
1.184210526315789269e-01 9.270334928229664317e-01
1.184210526315789269e-01 9.342105263157894912e-01
1.255980861244019309e-01 9.437799043062200521e-01
1.255980861244019309e-01 9.485645933014353881e-01
1.555023923444975864e-01 9.880382775119617156e-01
1.818181818181818232e-01 1.000000000000000000e+00
2.105263157894736725e-01 1.000000000000000000e+00
2.320574162679425734e-01 9.928229665071770516e-01
2.368421052631579093e-01 9.880382775119617156e-01
2.416267942583731898e-01 9.880382775119617156e-01
2.787081339712919048e-01 9.629186602870813960e-01
2.954545454545454142e-01 9.461722488038277756e-01
3.133971291866028963e-01 9.210526315789473450e-01
3.169856459330143705e-01 9.198564593301434833e-01
3.349282296650717416e-01 8.923444976076555513e-01
3.385167464114832159e-01 8.911483253588516895e-01
3.624401913875597847e-01 8.504784688995215003e-01
3.624401913875597847e-01 8.456937799043062753e-01
3.791866028708134051e-01 8.169856459330143705e-01
3.791866028708134051e-01 8.122009569377990346e-01
3.887559808612440215e-01 7.954545454545454142e-01
3.911483253588516895e-01 7.834928229665072408e-01
3.959330143540669700e-01 7.787081339712917938e-01
3.959330143540669700e-01 7.715311004784688453e-01
4.102870813397129224e-01 7.356459330143541031e-01
4.102870813397129224e-01 7.284688995215311547e-01
4.150717703349282584e-01 7.188995215311004827e-01
4.150717703349282584e-01 7.117224880382775343e-01
4.198564593301435388e-01 7.021531100478468623e-01
4.198564593301435388e-01 6.949760765550239139e-01
4.246411483253588193e-01 6.854066985645932419e-01
4.437799043062201076e-01 5.968899521531100261e-01
4.485645933014353881e-01 5.562200956937799479e-01
4.509569377990430561e-01 5.538277511961722244e-01
4.509569377990430561e-01 5.370813397129186040e-01
4.533492822966507241e-01 5.346889952153109915e-01
4.533492822966507241e-01 5.203349282296650946e-01
4.557416267942583921e-01 5.179425837320573711e-01
4.557416267942583921e-01 4.844497607655502414e-01
4.581339712918660045e-01 4.772727272727272929e-01
4.617224880382775343e-01 4.760765550239234312e-01
4.688995215311004827e-01 4.904306220095693836e-01
4.760765550239234312e-01 4.952153110047846640e-01
4.880382775119617156e-01 4.952153110047846640e-01
4.904306220095693836e-01 4.928229665071770516e-01
4.916267942583731898e-01 5.155502392344497586e-01
4.892344497607655773e-01 5.251196172248804306e-01
4.916267942583731898e-01 5.275119617224880431e-01
4.892344497607655773e-01 5.370813397129186040e-01
4.916267942583731898e-01 5.394736842105263275e-01
4.892344497607655773e-01 5.418660287081339400e-01
4.892344497607655773e-01 5.753588516746411807e-01
4.868421052631579093e-01 5.777511961722487932e-01
4.868421052631579093e-01 5.921052631578946901e-01
4.844497607655502414e-01 5.944976076555024136e-01
4.820574162679425734e-01 6.208133971291865949e-01
4.844497607655502414e-01 6.232057416267942074e-01
4.820574162679425734e-01 6.255980861244019309e-01
4.820574162679425734e-01 6.375598086124402153e-01
4.748803827751196249e-01 6.638755980861243966e-01
4.748803827751196249e-01 6.806220095693780170e-01
4.700956937799042890e-01 6.901913875598085779e-01
4.700956937799042890e-01 7.045454545454545858e-01
4.784688995215310992e-01 7.057416267942583366e-01
4.844497607655502414e-01 6.973684210526316374e-01
4.892344497607655773e-01 6.734449760765550685e-01
4.892344497607655773e-01 6.495215311004784997e-01
4.940191387559808578e-01 6.351674641148326028e-01
4.940191387559808578e-01 6.160287081339712589e-01
4.964114832535885258e-01 6.136363636363636465e-01
4.964114832535885258e-01 5.873205741626794651e-01
5.011961722488038617e-01 5.729665071770334572e-01
5.011961722488038617e-01 5.346889952153109915e-01
5.035885167464114742e-01 5.322966507177033790e-01
5.011961722488038617e-01 5.203349282296650946e-01
5.035885167464114742e-01 5.179425837320573711e-01
5.035885167464114742e-01 4.964114832535885258e-01
5.131578947368421462e-01 4.940191387559808578e-01
5.131578947368421462e-01 4.844497607655502414e-01
5.227272727272727071e-01 4.820574162679425734e-01
5.227272727272727071e-01 4.700956937799042890e-01
5.287081339712919048e-01 4.665071770334928147e-01
5.526315789473683626e-01 4.665071770334928147e-01
5.550239234449760861e-01 4.641148325358851467e-01
5.693779904306219830e-01 4.641148325358851467e-01
6.626794258373205349e-01 4.425837320574162459e-01
6.722488038277512068e-01 4.377990430622009654e-01
6.818181818181818787e-01 4.377990430622009654e-01
6.913875598086124397e-01 4.330143540669856295e-01
6.985645933014353881e-01 4.330143540669856295e-01
7.081339712918660600e-01 4.282296650717703490e-01
7.200956937799043445e-01 4.282296650717703490e-01
7.332535885167463796e-01 4.198564593301435388e-01
7.332535885167463796e-01 4.126794258373205904e-01
7.200956937799043445e-01 4.090909090909090606e-01
7.129186602870813960e-01 4.138755980861243966e-01
6.961722488038277756e-01 4.162679425837320646e-01
6.913875598086124397e-01 4.210526315789473450e-01
6.842105263157894912e-01 4.210526315789473450e-01
6.746411483253588193e-01 4.258373205741626810e-01
6.674641148325358708e-01 4.258373205741626810e-01
6.602870813397129224e-01 4.306220095693780170e-01
6.507177033492823615e-01 4.306220095693780170e-01
6.244019138755980691e-01 4.401913875598086334e-01
5.933014354066985518e-01 4.449760765550239139e-01
5.837320574162679909e-01 4.497607655502392499e-01
5.717703349282297065e-01 4.497607655502392499e-01
5.693779904306219830e-01 4.521531100478468623e-01
5.550239234449760861e-01 4.521531100478468623e-01
5.526315789473683626e-01 4.545454545454545303e-01
5.239234449760765688e-01 4.545454545454545303e-01
5.167464114832536204e-01 4.377990430622009654e-01
5.011961722488038617e-01 4.342105263157894912e-01
5.071770334928229484e-01 4.306220095693780170e-01
5.478468899521531377e-01 4.258373205741626810e-01
5.909090909090909394e-01 4.138755980861243966e-01
5.980861244019138878e-01 4.090909090909090606e-01
6.052631578947368363e-01 4.090909090909090606e-01
6.148325358851675082e-01 4.043062200956937802e-01
6.220095693779904567e-01 4.043062200956937802e-01
6.291866028708134051e-01 3.995215311004784997e-01
6.363636363636363535e-01 3.995215311004784997e-01
6.555023923444975864e-01 3.899521531100478278e-01
6.674641148325358708e-01 3.875598086124402153e-01
6.746411483253588193e-01 3.827751196172248793e-01
6.866028708133971037e-01 3.803827751196172113e-01
7.679425837320574821e-01 3.421052631578947456e-01
7.727272727272727071e-01 3.373205741626794651e-01
7.775119617224880431e-01 3.373205741626794651e-01
8.983253588516746380e-01 2.523923444976076680e-01
9.437799043062200521e-01 2.021531100478468623e-01
9.497607655502392499e-01 1.913875598086124397e-01
9.533492822966507241e-01 1.901913875598086334e-01
9.533492822966507241e-01 1.854066985645932975e-01
9.581339712918659490e-01 1.830143540669856295e-01
9.748803827751195694e-01 1.495215311004784442e-01
9.748803827751195694e-01 1.423444976076554958e-01
9.796650717703349054e-01 1.351674641148325473e-01
9.796650717703349054e-01 1.064593301435406425e-01
9.653110047846890085e-01 7.535885167464112522e-02
9.473684210526316374e-01 5.741626794258375410e-02
9.282296650717702935e-01 4.545454545454546968e-02
8.827751196172248793e-01 3.110047846889951728e-02
8.660287081339712589e-01 3.110047846889951728e-02
8.636363636363636465e-01 2.870813397129184930e-02
7.966507177033492759e-01 2.870813397129184930e-02
7.942583732057415524e-01 3.110047846889951728e-02
7.631578947368420351e-01 3.349282296650718527e-02
7.607655502392344227e-01 3.588516746411485325e-02
7.488038277511961383e-01 3.588516746411485325e-02
7.464114832535885258e-01 3.827751196172246573e-02
7.344497607655502414e-01 3.827751196172246573e-02
6.913875598086124397e-01 4.784688995215313767e-02
6.842105263157894912e-01 5.263157894736841813e-02
6.626794258373205349e-01 5.741626794258375410e-02
6.363636363636363535e-01 7.177033492822965099e-02
6.315789473684210176e-01 7.177033492822965099e-02
6.291866028708134051e-01 7.655502392344498697e-02
6.172248803827751207e-01 8.373205741626793541e-02
6.112440191387560340e-01 6.100478468899522833e-02
6.016746411483253620e-01 4.425837320574160794e-02
5.741626794258373190e-01 2.153110047846890085e-02
5.693779904306219830e-01 2.153110047846890085e-02
5.526315789473683626e-01 1.196172248803828442e-02
5.430622009569378017e-01 1.196172248803828442e-02
5.334928229665071298e-01 7.177033492822948446e-03
5.119617224880382844e-01 7.177033492822948446e-03
5.000000000000000000e-01 2.392344497607667986e-03
4.665071770334928147e-01 2.392344497607667986e-03
