5.716112531969309574e-01 4.219948849104859789e-02
5.485933503836316616e-01 4.475703324808183448e-02
5.434782608695651884e-01 4.987212276214836315e-02
5.153452685421995305e-01 5.498721227621483632e-02
4.808184143222506424e-01 7.416879795396419395e-02
4.705882352941176405e-01 9.207161125319690553e-02
4.680306905370844039e-01 1.099744245524296726e-01
4.603580562659846387e-01 1.278772378516623842e-01
4.603580562659846387e-01 1.406649616368286226e-01
4.526854219948849289e-01 1.483375959079283879e-01
4.526854219948849289e-01 1.611253196930946263e-01
4.450127877237851637e-01 1.662404092071610995e-01
4.424552429667519271e-01 1.790281329923273934e-01
4.373401534526853984e-01 1.815856777493606300e-01
4.347826086956521618e-01 2.020460358056265782e-01
4.296675191815856887e-01 2.097186700767263434e-01
4.322250639386189253e-01 2.199488491048593453e-01
4.245524296675191600e-01 2.455242966751918221e-01
4.296675191815856887e-01 2.710997442455242989e-01
4.245524296675191600e-01 3.043478260869565410e-01
4.296675191815856887e-01 3.069053708439897776e-01
4.347826086956521618e-01 3.299232736572890179e-01
4.335038363171355158e-01 3.491048593350383755e-01
4.245524296675191600e-01 3.350383631713554911e-01
4.219948849104859234e-01 3.171355498721227795e-01
4.143222506393862137e-01 3.069053708439897776e-01
4.143222506393862137e-01 3.017902813299232490e-01
4.092071611253196850e-01 2.992327365728900124e-01
4.053708439897698024e-01 2.902813299232736566e-01
4.015345268542199753e-01 2.890025575447570105e-01
3.989769820971866832e-01 2.813299232736573008e-01
3.797953964194373255e-01 2.621483375959079432e-01
3.682864450127877332e-01 2.557544757033247684e-01
3.670076726342710871e-01 2.519181585677749413e-01
3.491048593350383755e-01 2.493606138107417047e-01
3.375959079283887831e-01 2.608695652173912971e-01
3.375959079283887831e-01 3.094629156010230142e-01
3.465473145780051389e-01 3.542199488491048487e-01
3.324808184143222545e-01 3.427109974424552563e-01
3.324808184143222545e-01 3.375959079283887831e-01
3.273657289002557258e-01 3.350383631713554911e-01
3.248081841432225447e-01 3.273657289002557258e-01
3.094629156010230142e-01 3.145780051150894874e-01
3.056265984654731316e-01 3.056265984654731316e-01
3.005115089514066584e-01 3.056265984654731316e-01
2.979539641943733663e-01 3.005115089514066584e-01
2.877237851662404200e-01 2.979539641943733663e-01
2.774936061381074182e-01 2.877237851662404200e-01
2.698209718670077084e-01 2.877237851662404200e-01
2.621483375959079432e-01 2.800511508951406547e-01
2.570332480818414700e-01 2.800511508951406547e-01
2.544757033248081779e-01 2.749360613810741816e-01
2.429667519181585855e-01 2.710997442455242989e-01
2.416879795396419395e-01 2.672634271099744163e-01
2.161125319693094626e-01 2.595907928388746511e-01
2.058823529411764608e-01 2.621483375959079432e-01
1.930946291560102224e-01 2.493606138107417047e-01
1.854219948849105126e-01 2.493606138107417047e-01
1.675191815856777455e-01 2.289002557544757011e-01
1.470588235294117418e-01 2.212276214833759358e-01
1.138107416879795553e-01 2.212276214833759358e-01
1.010230179028133168e-01 2.289002557544757011e-01
8.823529411764707842e-02 2.314578005115089376e-01
8.056265984654731316e-02 2.442455242966751761e-01
6.777493606138107474e-02 2.468030690537084126e-01
6.265984654731460157e-02 2.519181585677749413e-01
5.754475703324807290e-02 2.519181585677749413e-01
5.498721227621483632e-02 2.570332480818414700e-01
4.731457800511507106e-02 2.570332480818414700e-01
4.092071611253195185e-02 2.685421994884910624e-01
4.092071611253195185e-02 2.813299232736573008e-01
3.069053708439895001e-02 2.992327365728900124e-01
3.069053708439895001e-02 3.069053708439897776e-01
2.046035805626600368e-02 3.145780051150894874e-01
1.790281329923271159e-02 3.375959079283887831e-01
2.557544757033236582e-03 3.657289002557544411e-01
7.672634271099765257e-03 3.964194373401534466e-01
2.557544757033236582e-03 4.066496163682864484e-01
0.000000000000000000e+00 4.245524296675191600e-01
7.672634271099765257e-03 4.680306905370844039e-01
5.115089514066473164e-03 4.705882352941176405e-01
7.672634271099765257e-03 4.961636828644501174e-01
1.278772378516623842e-02 4.987212276214833540e-01
1.662404092071612105e-02 5.076726342710997653e-01
2.046035805626600368e-02 5.089514066496163558e-01
2.046035805626600368e-02 5.140664961636828290e-01
2.557544757033247684e-02 5.191815856777494131e-01
3.324808184143224210e-02 5.473145780051150711e-01
4.219948849104859789e-02 5.511508951406649537e-01
6.649616368286442869e-02 5.754475703324808400e-01
6.649616368286442869e-02 5.805626598465473132e-01
7.416879795396419395e-02 5.856777493606137863e-01
7.416879795396419395e-02 5.933503836317135516e-01
5.882352941176471894e-02 6.061381074168797900e-01
5.115089514066495369e-02 6.214833759590793205e-01
4.859335038363171710e-02 6.496163682864449784e-01
5.115089514066495369e-02 6.521739130434782705e-01
5.370843989769819027e-02 6.930946291560102779e-01
6.649616368286442869e-02 7.161125319693094626e-01
6.905370843989772078e-02 7.493606138107417047e-01
8.184143222506395920e-02 7.595907928388747621e-01
8.695652173913043237e-02 7.749360613810741816e-01
8.695652173913043237e-02 7.877237851662404200e-01
9.207161125319690553e-02 7.928388746803068932e-01
8.951406649616366895e-02 8.439897698209718468e-01
1.023017902813299074e-01 8.516624040920716121e-01
1.010230179028133168e-01 8.554987212276214947e-01
9.335038363171355158e-02 8.554987212276214947e-01
8.951406649616366895e-02 8.670076726342710316e-01
8.439897698209719579e-02 8.695652173913043237e-01
8.184143222506395920e-02 8.849104859335038542e-01
8.951406649616366895e-02 9.002557544757032737e-01
1.048593350383631440e-01 9.104859335038363310e-01
1.048593350383631440e-01 9.181585677749359853e-01
1.138107416879795553e-01 9.296675191815857442e-01
1.265984654731457937e-01 9.296675191815857442e-01
1.304347826086956763e-01 9.335038363171355158e-01
1.278772378516623842e-01 9.437340153452684621e-01
1.419437340153452687e-01 9.578005115089514021e-01
1.649616368286445089e-01 9.552429667519182210e-01
1.879795396419437492e-01 9.450127877237851637e-01
2.212276214833759358e-01 9.219948849104859789e-01
2.340153452685421742e-01 9.168797953964193947e-01
2.442455242966751761e-01 9.040920716112532673e-01
2.519181585677749413e-01 9.040920716112532673e-01
3.222506393861892526e-01 8.260869565217391353e-01
3.222506393861892526e-01 8.209718670076726621e-01
3.324808184143222545e-01 8.107416879795397158e-01
3.324808184143222545e-01 8.056265984654731316e-01
3.631713554987212600e-01 7.672634271099744163e-01
3.631713554987212600e-01 7.621483375959079432e-01
3.887468030690537368e-01 7.135549872122761705e-01
3.887468030690537368e-01 7.084398976982096974e-01
3.964194373401534466e-01 6.982097186700767510e-01
3.964194373401534466e-01 6.905370843989769858e-01
4.143222506393862137e-01 6.470588235294117974e-01
4.309462915601023347e-01 5.562659846547314269e-01
4.398976982097186905e-01 5.677749360613810747e-01
4.398976982097186905e-01 5.780051150895140211e-01
4.514066496163682829e-01 5.920716112531969610e-01
4.603580562659846387e-01 5.933503836317135516e-01
4.603580562659846387e-01 6.393861892583120321e-01
4.578005115089514021e-01 6.419437340153453242e-01
4.578005115089514021e-01 6.572890025575447437e-01
4.398976982097186905e-01 7.340153452685421742e-01
4.117647058823529216e-01 7.672634271099744163e-01
4.117647058823529216e-01 7.826086956521738358e-01
4.156010230179028042e-01 7.890025575447570105e-01
4.309462915601023347e-01 7.890025575447570105e-01
4.398976982097186905e-01 7.774936061381074737e-01
4.654731457800511674e-01 6.956521739130434590e-01
4.769820971867007597e-01 6.125319693094628537e-01
4.948849104859335268e-01 6.278772378516623842e-01
5.051150895140664732e-01 6.278772378516623842e-01
5.140664961636828290e-01 6.214833759590793205e-01
5.179028132992327116e-01 5.946291560102301421e-01
5.843989769820971958e-01 6.381074168797953305e-01
5.895140664961636690e-01 6.381074168797953305e-01
5.997442455242967263e-01 6.457800511508950958e-01
6.202046035805626190e-01 6.508951406649616800e-01
6.253196930946292031e-01 6.560102301790281532e-01
6.355498721227621495e-01 6.560102301790281532e-01
6.713554987212275726e-01 6.662404092071610995e-01
6.815856777493606300e-01 6.739130434782608647e-01
6.994884910485933416e-01 6.764705882352941568e-01
7.109974424552429895e-01 6.624040920716112169e-01
7.109974424552429895e-01 6.547314578005114516e-01
7.020460358056266337e-01 6.457800511508950958e-01
6.867007672634271032e-01 6.432225063938619147e-01
6.687979539641943916e-01 6.483375959079283879e-01
6.534526854219948611e-01 6.483375959079283879e-01
5.971867007672634342e-01 6.253196930946292031e-01
5.895140664961636690e-01 6.253196930946292031e-01
5.869565217391303769e-01 6.202046035805626190e-01
5.716112531969309574e-01 6.150895140664961458e-01
5.690537084398976653e-01 6.099744245524296726e-01
5.524296675191815442e-01 6.010230179028133168e-01
5.511508951406649537e-01 5.971867007672634342e-01
5.242966751918158863e-01 5.805626598465473132e-01
5.166240409207161211e-01 5.703324808184143668e-01
5.217391304347825942e-01 5.473145780051150711e-01
5.166240409207161211e-01 5.421994884910485979e-01
5.166240409207161211e-01 5.370843989769821247e-01
5.089514066496163558e-01 5.319693094629156516e-01
5.127877237851662384e-01 5.281329923273657689e-01
5.716112531969309574e-01 5.664961636828644842e-01
5.767263427109974305e-01 5.664961636828644842e-01
5.818414322250639037e-01 5.716112531969309574e-01
5.869565217391303769e-01 5.716112531969309574e-01
5.971867007672634342e-01 5.792838874680307226e-01
6.253196930946292031e-01 5.895140664961636690e-01
6.304347826086956763e-01 5.946291560102301421e-01
6.508951406649616800e-01 5.997442455242967263e-01
6.585677749360614452e-01 6.048593350383631995e-01
6.662404092071610995e-01 6.048593350383631995e-01
6.790281329923273379e-01 6.125319693094628537e-01
6.867007672634271032e-01 6.125319693094628537e-01
7.122762148337595800e-01 6.227621483375959111e-01
7.659846547314578258e-01 6.329923273657289684e-01
8.171355498721227795e-01 6.329923273657289684e-01
8.196930946291560716e-01 6.355498721227621495e-01
8.938618925831202100e-01 6.355498721227621495e-01
8.964194373401535021e-01 6.329923273657289684e-01
9.168797953964193947e-01 6.329923273657289684e-01
9.271099744245524521e-01 6.278772378516623842e-01
9.526854219948849289e-01 6.253196930946292031e-01
9.974424552429668189e-01 6.086956521739130821e-01
1.000000000000000000e+00 5.728900255754475479e-01
9.974424552429668189e-01 5.703324808184143668e-01
9.974424552429668189e-01 5.421994884910485979e-01
9.923273657289002347e-01 5.294117647058823595e-01
9.948849104859335268e-01 5.115089514066496479e-01
9.833759590792838789e-01 4.948849104859335268e-01
9.757033248081841137e-01 4.948849104859335268e-01
9.667519181585677579e-01 4.884910485933504076e-01
9.552429667519182210e-01 4.693094629156010500e-01
9.386189258312021000e-01 4.629156010230178753e-01
9.373401534526853984e-01 4.590792838874680482e-01
9.258312020460357505e-01 4.526854219948849289e-01
9.232736572890025695e-01 4.398976982097186905e-01
9.181585677749359853e-01 4.373401534526853984e-01
9.053708439897698579e-01 4.168797953964194503e-01
9.028132992327365658e-01 3.887468030690537368e-01
8.823529411764705621e-01 3.657289002557544411e-01
8.785166240409207905e-01 3.542199488491048487e-01
8.746803069053707969e-01 3.529411764705882026e-01
8.721227621483376158e-01 3.324808184143222545e-01
8.606138107416879679e-01 3.286445012787723718e-01
8.375959079283887831e-01 3.005115089514066584e-01
8.324808184143221990e-01 3.005115089514066584e-01
8.299232736572890179e-01 2.953964194373401853e-01
8.248081841432224337e-01 2.953964194373401853e-01
8.196930946291560716e-01 2.902813299232736566e-01
7.800511508951406547e-01 2.915601023017903026e-01
7.826086956521738358e-01 2.813299232736573008e-01
7.800511508951406547e-01 2.787723785166240642e-01
7.800511508951406547e-01 2.429667519181585855e-01
7.851662404092072389e-01 2.378516624040920568e-01
7.851662404092072389e-01 2.250639386189258184e-01
7.698209718670077084e-01 1.943734015345268684e-01
7.647058823529411242e-01 1.585677749360613897e-01
7.404092071611253489e-01 1.496163682864450339e-01
7.314578005115088821e-01 1.406649616368286226e-01
7.263427109974425200e-01 1.278772378516623842e-01
7.122762148337595800e-01 1.163682864450127918e-01
6.994884910485933416e-01 1.138107416879795553e-01
6.879795396419436937e-01 1.048593350383631440e-01
6.790281329923273379e-01 8.056265984654731316e-02
6.636828644501279184e-01 8.056265984654731316e-02
6.432225063938619147e-01 7.544757033248083999e-02
6.304347826086956763e-01 5.498721227621483632e-02
6.227621483375959111e-01 5.498721227621483632e-02
6.150895140664961458e-01 6.010230179028130948e-02
6.048593350383631995e-01 6.010230179028130948e-02
5.971867007672634342e-01 5.498721227621483632e-02
5.895140664961636690e-01 5.498721227621483632e-02
