4.927797833935018135e-01 4.332129963898917469e-02
4.638989169675090118e-01 4.332129963898917469e-02
4.602888086642599186e-01 4.693140794223826795e-02
4.494584837545126388e-01 4.693140794223826795e-02
4.458483754512635455e-01 5.054151624548736121e-02
4.205776173285198372e-01 5.054151624548736121e-02
3.916967509025270910e-01 7.220216606498197631e-02
3.844765342960289045e-01 7.220216606498197631e-02
3.501805054151624352e-01 1.028880866425992968e-01
3.483754512635379164e-01 1.083032490974729090e-01
3.447653429602888231e-01 1.083032490974729090e-01
3.321299638989169689e-01 1.317689530685920429e-01
3.321299638989169689e-01 1.823104693140794041e-01
3.357400722021660622e-01 1.859205776173284974e-01
3.357400722021660622e-01 2.184115523465703923e-01
3.393501805054151554e-01 2.220216606498194856e-01
3.393501805054151554e-01 2.545126353790613805e-01
3.429602888086642487e-01 2.581227436823104737e-01
3.411552346570396743e-01 2.779783393501805144e-01
3.393501805054151554e-01 2.725631768953068468e-01
2.942238267148014064e-01 2.310469314079422465e-01
2.725631768953068468e-01 2.310469314079422465e-01
2.671480144404332346e-01 2.400722021660650074e-01
2.671480144404332346e-01 2.509025270758122872e-01
2.707581227436822724e-01 2.545126353790613805e-01
2.707581227436822724e-01 2.689530685920577535e-01
2.888086642599277942e-01 3.086642599277978349e-01
2.960288808664259808e-01 3.158844765342960215e-01
2.942238267148014064e-01 3.176895306859205403e-01
2.870036101083032198e-01 3.104693140794223538e-01
2.761732851985559956e-01 3.068592057761733161e-01
2.689530685920577535e-01 2.996389891696751295e-01
2.436823104693141007e-01 2.888086642599277942e-01
2.364620938628158586e-01 2.815884476534296077e-01
2.184115523465703923e-01 2.743682310469314212e-01
2.111913357400722058e-01 2.671480144404332346e-01
1.714801444043321244e-01 2.490974729241877128e-01
1.353790613718411362e-01 2.490974729241877128e-01
1.245487364620938564e-01 2.563176895306858993e-01
1.101083032490974833e-01 2.563176895306858993e-01
1.010830324909747224e-01 2.617328519855595670e-01
9.927797833935020355e-02 2.671480144404332346e-01
9.386281588447653590e-02 2.689530685920577535e-01
9.205776173285196151e-02 2.743682310469314212e-01
8.664259927797834937e-02 2.761732851985559956e-01
8.483754512635377498e-02 2.815884476534296077e-01
6.498194945848373427e-02 2.906137184115523686e-01
6.317689530685921540e-02 2.960288808664259808e-01
5.595667870036102887e-02 2.960288808664259808e-01
3.971119133574008142e-02 3.158844765342960215e-01
3.610108303249098816e-02 3.339350180505414878e-01
2.166064981949455959e-02 3.555956678700361029e-01
1.805054151624546632e-02 3.808664259927797557e-01
1.083032490974727979e-02 3.916967509025270910e-01
7.220216606498186529e-03 4.097472924187725574e-01
0.000000000000000000e+00 4.169675090252707439e-01
0.000000000000000000e+00 4.638989169675090118e-01
3.610108303249093264e-03 4.675090252707581051e-01
0.000000000000000000e+00 4.711191335740071984e-01
3.610108303249093264e-03 4.927797833935018135e-01
1.444043321299637306e-02 5.072202166064981865e-01
1.444043321299637306e-02 5.144404332129963731e-01
2.527075812274370836e-02 5.324909747292418949e-01
2.527075812274370836e-02 5.397111913357400814e-01
4.151624548736460030e-02 5.559566787003610289e-01
4.512635379061369356e-02 5.559566787003610289e-01
5.595667870036102887e-02 5.703971119133574019e-01
6.317689530685921540e-02 5.703971119133574019e-01
8.483754512635377498e-02 5.848375451263537750e-01
1.046931407942238157e-01 5.866425992779783494e-01
9.025270758122744263e-02 5.938628158844765359e-01
7.581227436823106958e-02 6.155234657039710955e-01
7.581227436823106958e-02 6.985559566787002961e-01
8.303249097472925611e-02 7.129963898916967802e-01
8.303249097472925611e-02 7.274368231046931532e-01
8.664259927797834937e-02 7.310469314079421910e-01
8.664259927797834937e-02 7.599277978339349371e-01
9.025270758122744263e-02 7.635379061371840859e-01
9.025270758122744263e-02 7.924187725631768320e-01
8.664259927797834937e-02 7.960288808664259808e-01
8.664259927797834937e-02 8.068592057761732050e-01
9.025270758122744263e-02 8.104693140794223538e-01
9.025270758122744263e-02 8.249097472924187269e-01
8.664259927797834937e-02 8.285198555956678756e-01
8.664259927797834937e-02 8.682310469314079571e-01
8.303249097472925611e-02 8.718411552346569948e-01
8.303249097472925611e-02 8.826714801444043301e-01
8.664259927797834937e-02 8.862815884476533679e-01
8.664259927797834937e-02 9.007220216606497409e-01
9.025270758122744263e-02 9.043321299638988897e-01
9.025270758122744263e-02 9.187725631768952628e-01
9.747292418772562916e-02 9.259927797833935603e-01
9.747292418772562916e-02 9.368231046931407846e-01
1.209386281588447631e-01 9.566787003610108808e-01
1.534296028880866580e-01 9.566787003610108808e-01
1.642599277978339378e-01 9.494584837545125833e-01
1.714801444043321244e-01 9.494584837545125833e-01
1.931407942238267395e-01 9.350180505415162102e-01
2.003610108303249260e-01 9.241877256317689859e-01
2.039711191335740192e-01 9.241877256317689859e-01
2.490974729241877128e-01 8.790613718411552924e-01
2.960288808664259808e-01 8.140794223826715026e-01
2.996389891696751295e-01 8.032490974729241673e-01
3.068592057761733161e-01 7.960288808664259808e-01
3.104693140794223538e-01 7.851985559566787565e-01
3.176895306859205403e-01 7.779783393501804589e-01
3.249097472924187824e-01 7.599277978339349371e-01
3.321299638989169689e-01 7.527075812274368616e-01
3.321299638989169689e-01 7.454873646209385640e-01
3.537906137184115840e-01 7.057761732851985936e-01
3.537906137184115840e-01 6.985559566787002961e-01
3.754512635379061436e-01 6.588447653429603257e-01
3.754512635379061436e-01 6.516245487364620281e-01
3.862815884476534234e-01 6.335740072202166173e-01
3.935018050541516099e-01 6.046931407942238712e-01
4.007220216606498520e-01 5.938628158844765359e-01
4.007220216606498520e-01 5.830324909747292006e-01
4.043321299638988897e-01 5.794223826714801628e-01
4.043321299638988897e-01 5.685920577617328275e-01
4.079422382671480385e-01 5.649819494584837898e-01
4.079422382671480385e-01 5.541516245487364545e-01
4.151624548736462250e-01 5.397111913357400814e-01
4.151624548736462250e-01 5.252707581227437084e-01
4.187725631768953183e-01 5.216606498194945596e-01
4.187725631768953183e-01 5.072202166064981865e-01
4.241877256317689859e-01 5.054151624548736121e-01
4.259927797833935048e-01 5.144404332129963731e-01
4.314079422382671725e-01 5.198555956678699852e-01
4.422382671480144523e-01 5.198555956678699852e-01
4.476534296028880644e-01 5.324909747292418949e-01
4.476534296028880644e-01 5.433212996389891192e-01
4.512635379061371577e-01 5.469314079422382679e-01
4.512635379061371577e-01 5.758122743682310141e-01
4.548736462093863064e-01 5.794223826714801628e-01
4.548736462093863064e-01 6.155234657039710955e-01
4.584837545126353997e-01 6.191335740072202443e-01
4.584837545126353997e-01 6.696750902527075500e-01
4.512635379061371577e-01 6.805054151624548853e-01
4.530685920577617321e-01 6.967509025270758327e-01
4.675090252707581051e-01 6.967509025270758327e-01
4.729241877256317728e-01 6.841155234657039230e-01
4.729241877256317728e-01 6.696750902527075500e-01
4.765342960288808660e-01 6.660649819494585122e-01
4.765342960288808660e-01 6.371841155234656551e-01
4.729241877256317728e-01 6.335740072202166173e-01
4.729241877256317728e-01 6.119133574007220577e-01
4.693140794223826795e-01 6.083032490974729090e-01
4.693140794223826795e-01 5.722021660649819763e-01
4.657039711191335862e-01 5.685920577617328275e-01
4.657039711191335862e-01 5.361010830324909326e-01
4.620938628158844930e-01 5.324909747292418949e-01
4.638989169675090118e-01 5.198555956678699852e-01
4.747292418772562916e-01 5.198555956678699852e-01
4.963898916967509067e-01 5.342960288808664693e-01
5.036101083032491488e-01 5.342960288808664693e-01
5.252707581227437084e-01 5.487364620938628423e-01
5.324909747292418949e-01 5.487364620938628423e-01
5.397111913357400814e-01 5.559566787003610289e-01
5.469314079422382679e-01 5.559566787003610289e-01
5.541516245487364545e-01 5.631768953068592154e-01
5.613718411552346410e-01 5.631768953068592154e-01
5.685920577617328275e-01 5.703971119133574019e-01
5.794223826714801628e-01 5.740072202166064397e-01
5.902527075812273871e-01 5.848375451263537750e-01
6.010830324909747224e-01 5.884476534296029238e-01
6.299638989169674685e-01 5.884476534296029238e-01
6.317689530685920429e-01 5.722021660649819763e-01
6.083032490974729090e-01 5.703971119133574019e-01
5.722021660649819763e-01 5.487364620938628423e-01
5.649819494584837898e-01 5.487364620938628423e-01
5.433212996389891192e-01 5.342960288808664693e-01
5.361010830324909326e-01 5.342960288808664693e-01
5.288808664259927461e-01 5.270758122743682828e-01
4.801444043321299593e-01 5.036101083032491488e-01
4.765342960288808660e-01 4.963898916967509067e-01
4.765342960288808660e-01 4.783393501805054404e-01
4.657039711191335862e-01 4.711191335740071984e-01
4.711191335740071984e-01 4.693140794223826795e-01
4.747292418772562916e-01 4.729241877256317728e-01
4.891696750902527202e-01 4.729241877256317728e-01
4.927797833935018135e-01 4.765342960288808660e-01
5.180505415162455218e-01 4.765342960288808660e-01
5.216606498194945596e-01 4.801444043321299593e-01
5.722021660649819763e-01 4.801444043321299593e-01
5.758122743682310141e-01 4.837545126353790526e-01
6.083032490974729090e-01 4.837545126353790526e-01
6.119133574007220577e-01 4.801444043321299593e-01
6.841155234657039230e-01 4.801444043321299593e-01
6.877256317689530718e-01 4.765342960288808660e-01
7.310469314079421910e-01 4.765342960288808660e-01
7.346570397111913397e-01 4.729241877256317728e-01
7.563176895306858993e-01 4.729241877256317728e-01
7.599277978339349371e-01 4.693140794223826795e-01
7.779783393501804589e-01 4.693140794223826795e-01
7.815884476534296077e-01 4.657039711191335862e-01
7.960288808664259808e-01 4.657039711191335862e-01
8.104693140794223538e-01 4.584837545126353997e-01
8.212996389891696891e-01 4.584837545126353997e-01
8.357400722021660622e-01 4.512635379061371577e-01
8.465703971119133975e-01 4.512635379061371577e-01
8.790613718411552924e-01 4.404332129963898779e-01
8.898916967509025167e-01 4.332129963898916913e-01
9.296028880866425981e-01 4.223826714801444115e-01
9.657039711191335307e-01 4.007220216606498520e-01
9.927797833935018135e-01 3.772563176895307180e-01
1.000000000000000000e+00 3.628158844765342894e-01
1.000000000000000000e+00 3.375451263537906366e-01
9.891696750902527757e-01 3.267148014440433013e-01
9.891696750902527757e-01 3.194945848375451147e-01
9.548736462093863064e-01 2.924187725631768875e-01
9.476534296028880089e-01 2.924187725631768875e-01
9.368231046931407846e-01 2.851985559566787010e-01
9.259927797833935603e-01 2.851985559566787010e-01
9.151624548736462250e-01 2.779783393501805144e-01
9.043321299638988897e-01 2.779783393501805144e-01
9.007220216606497409e-01 2.743682310469314212e-01
8.862815884476533679e-01 2.743682310469314212e-01
8.501805054151624352e-01 2.599277978339350481e-01
8.393501805054150999e-01 2.599277978339350481e-01
8.249097472924187269e-01 2.454873646209386195e-01
8.104693140794223538e-01 2.418772563176895263e-01
7.960288808664259808e-01 2.274368231046931532e-01
7.851985559566787565e-01 2.274368231046931532e-01
7.815884476534296077e-01 2.202166064981949667e-01
7.671480144404332346e-01 2.093862815884476314e-01
7.509025270758122872e-01 2.039711191335740192e-01
7.490974729241877128e-01 1.985559566787003516e-01
7.382671480144404885e-01 1.985559566787003516e-01
7.274368231046931532e-01 1.913357400722021651e-01
7.202166064981949667e-01 1.913357400722021651e-01
7.093862815884476314e-01 1.841155234657039785e-01
6.805054151624548853e-01 1.841155234657039785e-01
6.696750902527075500e-01 1.877256317689530718e-01
6.624548736462093634e-01 1.949458483754512583e-01
6.642599277978339378e-01 1.895306859205775907e-01
6.642599277978339378e-01 1.534296028880866580e-01
6.606498194945849001e-01 1.498194945848375648e-01
6.606498194945849001e-01 1.425992779783393227e-01
6.570397111913357513e-01 1.389891696750902295e-01
6.570397111913357513e-01 1.281588447653429497e-01
6.534296028880866025e-01 1.245487364620938564e-01
6.534296028880866025e-01 1.173285198555956699e-01
6.444043321299639526e-01 1.119133574007220022e-01
6.335740072202166173e-01 9.747292418772562916e-02
6.281588447653430052e-01 9.566787003610111029e-02
6.119133574007220577e-01 7.220216606498197631e-02
5.902527075812273871e-01 6.137184115523464101e-02
5.830324909747292006e-01 6.137184115523464101e-02
5.794223826714801628e-01 5.776173285198554774e-02
5.722021660649819763e-01 5.776173285198554774e-02
5.577617328519856033e-01 4.693140794223826795e-02
5.252707581227437084e-01 4.693140794223826795e-02
5.216606498194945596e-01 5.054151624548736121e-02
5.108303249097473353e-01 5.054151624548736121e-02
5.072202166064981865e-01 4.693140794223826795e-02
4.963898916967509067e-01 4.693140794223826795e-02
