4.519038076152304684e-01 4.208416833667333323e-02
4.378757515030060055e-01 4.208416833667333323e-02
4.358717434869739393e-01 4.609218436873746549e-02
4.298597194388777409e-01 4.609218436873746549e-02
4.198396793587174658e-01 6.412825651302606067e-02
4.078156312625250690e-01 6.613226452905812680e-02
3.977955911823647384e-01 6.212424849699399454e-02
3.877755511022044077e-01 6.212424849699399454e-02
3.727454909819639672e-01 7.314629258517035826e-02
3.697394789579158125e-01 8.016032064128258972e-02
3.597194388777554819e-01 8.817635270541079873e-02
3.336673346693386777e-01 8.817635270541079873e-02
3.226452905811623140e-01 9.719438877755509631e-02
3.226452905811623140e-01 1.012024048096192286e-01
3.036072144288577412e-01 1.162324649298597246e-01
2.995991983967936090e-01 1.162324649298597246e-01
2.845691382765531130e-01 1.272545090180360883e-01
2.825651302605210469e-01 1.372745490981964189e-01
2.765531062124248485e-01 1.472945891783566941e-01
2.765531062124248485e-01 1.593186372745490909e-01
2.725450901803607162e-01 1.673346693386773554e-01
2.745490981963927823e-01 2.034068136272544902e-01
2.885771543086172453e-01 2.294589178356713499e-01
3.006012024048095865e-01 2.454909819639278790e-01
3.006012024048095865e-01 2.575150300601202202e-01
3.046092184368737188e-01 2.595190380761522864e-01
3.066132264529057849e-01 2.695390781563126170e-01
3.126252505010019833e-01 2.715430861723446831e-01
3.126252505010019833e-01 2.775551102204408815e-01
3.166332665330661156e-01 2.795591182364729477e-01
3.166332665330661156e-01 2.855711422845691461e-01
3.206412825651302478e-01 2.875751503006012122e-01
3.206412825651302478e-01 2.915831663326653445e-01
3.286573146292585124e-01 2.975951903807615428e-01
3.316633266533066116e-01 3.046092184368737188e-01
3.346693386773547108e-01 3.056112224448898074e-01
3.346693386773547108e-01 3.136272545090180719e-01
3.406813627254509091e-01 3.176352705410822042e-01
3.416833667334669422e-01 3.226452905811623140e-01
3.236472945891783470e-01 3.106212424849699172e-01
3.156312625250501380e-01 3.086172344689378511e-01
2.965931863727454543e-01 3.096192384769539396e-01
2.965931863727454543e-01 3.316633266533066116e-01
3.006012024048095865e-01 3.436873747494990083e-01
2.995991983967936090e-01 3.486973947895791737e-01
2.965931863727454543e-01 3.456913827655310745e-01
2.965931863727454543e-01 3.396793587174348761e-01
2.865731462925851791e-01 3.356713426853707438e-01
2.845691382765531130e-01 3.236472945891783470e-01
2.805611222444889807e-01 3.216432865731462809e-01
2.755511022044088154e-01 3.126252505010019833e-01
2.685370741482965840e-01 3.096192384769539396e-01
2.615230460921843525e-01 3.006012024048095865e-01
2.505010020040080443e-01 2.935871743486974106e-01
2.474949899799599451e-01 2.845691382765531130e-01
2.374749498997996144e-01 2.825651302605210469e-01
2.264529058116232507e-01 2.695390781563126170e-01
2.244488977955911846e-01 2.635270541082164186e-01
2.054108216432865563e-01 2.424849699398797798e-01
1.873747494989980167e-01 2.364729458917835814e-01
1.653306613226452892e-01 2.384769539078156475e-01
1.533066132264528925e-01 2.324649298597194491e-01
1.312625250501002205e-01 2.324649298597194491e-01
1.202404809619238568e-01 2.414829659318637467e-01
1.132264529058116254e-01 2.565130260521042427e-01
9.919839679358716245e-02 2.565130260521042427e-01
8.617234468937873260e-02 2.635270541082164186e-01
8.216432865731465585e-02 2.715430861723446831e-01
8.216432865731465585e-02 2.835671342685370799e-01
7.715430861723449052e-02 2.925851703406813220e-01
4.909819639278556469e-02 3.006012024048095865e-01
4.008016032064126710e-02 3.116232464929860058e-01
4.208416833667333323e-02 3.296593186372745454e-01
4.008016032064126710e-02 3.376753507014028099e-01
3.106212424849696951e-02 3.426853707414829753e-01
1.903807615230462824e-02 3.426853707414829753e-01
6.012024048096198392e-03 3.517034068136272174e-01
4.008016032064132261e-03 3.677354709418837464e-01
1.002004008016033065e-02 3.797595190380761432e-01
1.202404809619239678e-02 3.937875751503006061e-01
2.004008016032066131e-03 4.078156312625250690e-01
0.000000000000000000e+00 4.258517034068136087e-01
1.402805611222446291e-02 4.519038076152304684e-01
1.202404809619239678e-02 4.839679358717434710e-01
2.705410821643289276e-02 5.090180360721442421e-01
3.406813627254506871e-02 5.140280561122244629e-01
3.807615230460920097e-02 5.260521042084168597e-01
4.609218436873746549e-02 5.380761523046092565e-01
4.609218436873746549e-02 5.420841683366733887e-01
5.511022044088176308e-02 5.551102204408817631e-01
6.212424849699399454e-02 5.581162324649298068e-01
6.312625250501002760e-02 5.611222444889779615e-01
8.416833667334666647e-02 5.701402805611222036e-01
6.613226452905812680e-02 5.821643286573146003e-01
4.408817635270539936e-02 6.102204408817635262e-01
3.607214428857713484e-02 6.382765531062124520e-01
3.607214428857713484e-02 6.523046092184369149e-01
2.605210420841685970e-02 6.823647294589177958e-01
2.605210420841685970e-02 7.104208416833667217e-01
3.006012024048093645e-02 7.164328657314629201e-01
2.605210420841685970e-02 7.284569138276553169e-01
2.605210420841685970e-02 7.565130260521042427e-01
3.006012024048093645e-02 7.625250501002003300e-01
2.605210420841685970e-02 8.046092184368738298e-01
2.805611222444887032e-02 8.066132264529057849e-01
2.805611222444887032e-02 8.286573146292585124e-01
2.204408817635272744e-02 8.386773547094188430e-01
2.004008016032066131e-02 8.547094188376753721e-01
1.603206412825652905e-02 8.627254509018036366e-01
1.202404809619239678e-02 8.847695390781562530e-01
1.202404809619239678e-02 9.048096192384769143e-01
1.603206412825652905e-02 9.248496993987975756e-01
2.404809619238479357e-02 9.408817635270541047e-01
3.306613226452903564e-02 9.498997995991984578e-01
5.511022044088176308e-02 9.579158316633267223e-01
9.318637274549096405e-02 9.579158316633267223e-01
1.072144288577154270e-01 9.559118236472945451e-01
1.533066132264528925e-01 9.418837675350701932e-01
1.593186372745490909e-01 9.378757515030060610e-01
1.693386773547094215e-01 9.378757515030060610e-01
1.713426853707414876e-01 9.318637274549097516e-01
1.893787575150300828e-01 9.258517034068136642e-01
2.034068136272544902e-01 9.158316633266533335e-01
2.174348697394789531e-01 9.098196392785571351e-01
2.585170340681363088e-01 8.787575150300601656e-01
3.006012024048095865e-01 8.386773547094188430e-01
3.266533066132264462e-01 8.086172344689378511e-01
4.048096192384769698e-01 6.983967935871743249e-01
4.328657314629258401e-01 6.442885771543086504e-01
4.408817635270541047e-01 6.202404809619238568e-01
4.448897795591182369e-01 6.162324649298597246e-01
4.468937875751503030e-01 6.022044088176352616e-01
4.509018036072144353e-01 5.961923847695390632e-01
4.549098196392785676e-01 5.761523046092184019e-01
4.579158316633266668e-01 5.731462925851703583e-01
4.659318637274549313e-01 5.731462925851703583e-01
4.709418837675350966e-01 5.781563126252504681e-01
4.729458917835671627e-01 5.941883767535069971e-01
4.779559118236472726e-01 6.012024048096192841e-01
4.949899799599198347e-01 6.042084168336673278e-01
4.929859719438877685e-01 6.062124248496993939e-01
4.929859719438877685e-01 6.202404809619238568e-01
4.909819639278557024e-01 6.222444889779559229e-01
4.909819639278557024e-01 6.342685370741483197e-01
4.889779559118236363e-01 6.362725450901803859e-01
4.889779559118236363e-01 6.482965931863727826e-01
4.849699398797595040e-01 6.583166332665331133e-01
4.849699398797595040e-01 6.703406813627255101e-01
4.809619238476953718e-01 6.803607214428857297e-01
4.809619238476953718e-01 6.923847695390781265e-01
4.729458917835671627e-01 7.264529058116232507e-01
4.498997995991984022e-01 7.695390781563126170e-01
4.308617234468937740e-01 7.825651302605209914e-01
4.318637274549098071e-01 7.915831663326653445e-01
4.418837675350701377e-01 7.915831663326653445e-01
4.549098196392785676e-01 7.825651302605209914e-01
4.749498997995991734e-01 7.505010020040079333e-01
4.849699398797595040e-01 7.184368737474949862e-01
4.989979959919839669e-01 6.442885771543086504e-01
4.989979959919839669e-01 6.262525050100200552e-01
5.010020040080159776e-01 6.242484969939879891e-01
5.010020040080159776e-01 6.102204408817635262e-01
5.040080160320641323e-01 6.072144288577154825e-01
5.140280561122244629e-01 6.072144288577154825e-01
5.170340681362725066e-01 6.002004008016031955e-01
5.230460921843687050e-01 5.961923847695390632e-01
5.210420841683366389e-01 5.881763527054107987e-01
5.440881763527054549e-01 5.911823647294589534e-01
5.681362725450901374e-01 5.991983967935872180e-01
5.761523046092184019e-01 5.991983967935872180e-01
5.821643286573146003e-01 6.032064128256513502e-01
6.022044088176352616e-01 6.052104208416833053e-01
6.222444889779559229e-01 6.112224448897796147e-01
6.643286573146292007e-01 6.112224448897796147e-01
6.663326653306613778e-01 6.092184368737474376e-01
6.783567134268537746e-01 6.092184368737474376e-01
7.064128256513025894e-01 5.991983967935872180e-01
7.134268537074148764e-01 5.901803607214428649e-01
7.124248496993987878e-01 5.831663326653306889e-01
7.064128256513025894e-01 5.831663326653306889e-01
6.743486973947896423e-01 5.991983967935872180e-01
6.523046092184369149e-01 6.032064128256513502e-01
6.342685370741483197e-01 6.032064128256513502e-01
5.981963927855711294e-01 5.971943887775551518e-01
5.841683366733466665e-01 5.911823647294589534e-01
5.721442885771542697e-01 5.911823647294589534e-01
5.661322645290580713e-01 5.871743486973948212e-01
5.521042084168337194e-01 5.851703406813627550e-01
5.440881763527054549e-01 5.811623246492986228e-01
5.230460921843687050e-01 5.781563126252504681e-01
5.250501002004007711e-01 5.761523046092184019e-01
5.250501002004007711e-01 5.641282565130260052e-01
5.180360721442885952e-01 5.551102204408817631e-01
5.080160320641282645e-01 5.531062124248496970e-01
5.010020040080159776e-01 5.440881763527054549e-01
5.020040080160320661e-01 5.370741482965931679e-01
5.160320641282565290e-01 5.370741482965931679e-01
5.180360721442885952e-01 5.390781563126252340e-01
5.621242484969939390e-01 5.390781563126252340e-01
5.641282565130260052e-01 5.370741482965931679e-01
5.841683366733466665e-01 5.370741482965931679e-01
5.961923847695390632e-01 5.330661322645290356e-01
6.462925851703407165e-01 5.270541082164328373e-01
6.543086172344689810e-01 5.230460921843687050e-01
7.064128256513025894e-01 5.110220440881763082e-01
7.124248496993987878e-01 5.070140280561121759e-01
7.184368737474949862e-01 5.070140280561121759e-01
8.046092184368738298e-01 4.729458917835671627e-01
8.086172344689378511e-01 4.689378757515030305e-01
8.126252505010019833e-01 4.689378757515030305e-01
8.547094188376753721e-01 4.448897795591182369e-01
8.857715430861723416e-01 4.218436873747495319e-01
8.867735470941884302e-01 4.188376753507013772e-01
8.937875751503006061e-01 4.158316633266533335e-01
8.947895791583166947e-01 4.128256513026051788e-01
9.068136272545090915e-01 4.068136272545090359e-01
9.498997995991984578e-01 3.677354709418837464e-01
9.839679358717434710e-01 3.236472945891783470e-01
9.979959919839679339e-01 2.855711422845691461e-01
1.000000000000000000e+00 2.655310621242484848e-01
9.979959919839679339e-01 2.635270541082164186e-01
1.000000000000000000e+00 2.615230460921843525e-01
9.979959919839679339e-01 2.494989979959920112e-01
9.769539078156312950e-01 2.264529058116232507e-01
9.569138276553106337e-01 2.164328657314629201e-01
9.509018036072144353e-01 2.164328657314629201e-01
9.388777555110220385e-01 2.104208416833667217e-01
9.308617234468937740e-01 2.104208416833667217e-01
9.168336673346693111e-01 2.044088176352705233e-01
8.807615230460921207e-01 2.044088176352705233e-01
8.627254509018036366e-01 2.004008016032063910e-01
8.587174348697395043e-01 1.963927855711422588e-01
8.286573146292585124e-01 1.923847695390781820e-01
8.126252505010019833e-01 1.863727454909819836e-01
8.046092184368738298e-01 1.863727454909819836e-01
7.845691382765531685e-01 1.783567134268537191e-01
7.625250501002003300e-01 1.763527054108216530e-01
7.585170340681361978e-01 1.723446893787575207e-01
7.224448897795591185e-01 1.623246492985971901e-01
7.004008016032063910e-01 1.623246492985971901e-01
6.983967935871743249e-01 1.603206412825651239e-01
6.643286573146292007e-01 1.603206412825651239e-01
6.442885771543086504e-01 1.663326653306613223e-01
6.202404809619238568e-01 1.823647294589178514e-01
6.172344689378757021e-01 1.813627254509018183e-01
6.132264529058115698e-01 1.553106212424849586e-01
5.901803607214428649e-01 1.222444889779559229e-01
5.791583166332665567e-01 1.132264529058116254e-01
5.791583166332665567e-01 1.092184368737474931e-01
5.641282565130260052e-01 9.018036072144286486e-02
5.521042084168337194e-01 8.416833667334666647e-02
5.340681362725451242e-01 8.216432865731465585e-02
5.060120240480961984e-01 5.410821643286573002e-02
4.879759519038076032e-01 5.410821643286573002e-02
4.739478957915831403e-01 5.811623246492986228e-02
4.609218436873747660e-01 5.110220440881763082e-02
