6.193042230577006091e-02 5.678395596882224172e-02
5.095410818898998828e-02 5.671743285296304560e-02
2.900147995542984303e-02 6.120608009556738338e-02
1.802516583864977040e-02 6.776090973094717196e-02
1.329537230105543033e-02 7.293244234366086376e-02
6.957382437563219835e-03 8.610401928379690650e-02
0.000000000000000000e+00 1.190329616341371244e-01
4.313484553084834250e-03 1.409855898676972696e-01
5.132647731991124562e-03 1.519619039844773423e-01
1.357786615340267344e-02 1.739145322180374875e-01
1.811978923620821691e-02 1.805003206881055089e-01
2.055146035759120027e-02 1.870861091581735303e-01
2.218554296355834676e-02 1.980624232749536029e-01
2.480569536562843291e-02 2.046482117450216798e-01
2.603030527209454492e-02 2.244055771552257994e-01
2.905729172212534461e-02 2.309913656252938208e-01
3.504716408006902650e-02 2.551392566822099361e-01
3.358674665905247991e-02 2.792871477391261070e-01
3.160392862505351230e-02 2.858729362091941839e-01
3.395797179878834449e-02 3.034350387960422779e-01
3.132479977681495997e-02 3.341687183230264147e-01
2.726356355360631811e-02 3.451450324398065428e-01
2.554925212837805271e-02 3.539260837332305898e-01
3.459760075923079548e-02 3.956360773769948547e-01
3.631248917964224887e-02 4.088076543171308974e-01
4.259015683200356728e-02 4.175887056105549444e-01
5.822332753802733629e-02 4.329555453740470683e-01
5.731015985196258322e-02 4.373460710207590640e-01
4.360204873341083642e-02 4.505176479608951623e-01
4.156326166685592183e-02 4.549081736076072136e-01
4.007942661032826148e-02 4.702750133710992819e-01
3.505012964957032739e-02 4.790560646645233289e-01
2.882507490712443721e-02 4.856418531345914058e-01
2.721340297834146105e-02 4.900323787813034015e-01
2.602789667652033456e-02 5.119850070148636023e-01
1.593544449718586886e-02 5.251565839549996451e-01
1.358065831923227496e-02 5.339376352484236365e-01
1.376486764756051917e-02 5.383281608951356878e-01
1.881180168368562500e-02 5.471092121885597903e-01
2.037976225402354791e-02 5.558902634819837818e-01
1.588571478198924636e-02 5.690618404221199356e-01
1.124144383532826863e-02 5.778428917155439271e-01
1.067947869895852220e-02 5.888192058323240552e-01
1.343670665868429426e-02 5.997955199491040723e-01
2.528782701258591725e-02 6.195528853593081919e-01
2.374973581647815690e-02 6.305291994760883201e-01
2.579433817443316235e-02 6.480913020629364141e-01
2.894470591689474182e-02 6.568723533563604056e-01
3.339200560214183877e-02 6.620438859690741529e-01
4.875884536563396265e-02 6.734264270957490695e-01
5.324399440990446042e-02 6.788249815899205508e-01
5.567566553128738827e-02 6.854107700599886277e-01
5.654056059767953446e-02 6.985823470001246704e-01
5.840644777354064843e-02 7.051681354701927473e-01
6.851621077583808228e-02 7.181099756032334192e-01
7.290673642255007803e-02 7.216935861682338693e-01
8.607831336268617628e-02 7.278717746696378166e-01
1.022030414818607125e-01 7.380970778205329097e-01
1.086147880918196806e-01 7.490733919373130378e-01
1.211309338790990120e-01 7.600497060540930550e-01
1.255930441830944155e-01 7.655129169440358927e-01
1.299835698298064668e-01 7.674415675921121283e-01
1.387646211232305138e-01 7.664053460023576569e-01
1.585219865334346334e-01 7.719925911154851272e-01
1.716935634735707317e-01 7.702027966121146596e-01
1.914509288837748513e-01 7.581484516445793354e-01
2.024272430005549239e-01 7.489771084801483125e-01
2.090130314706229453e-01 7.460353049942756165e-01
2.221846084107590436e-01 7.353230638892013227e-01
2.287703968808270649e-01 7.320900404584405052e-01
2.463324994676751589e-01 7.182434289531640648e-01
2.529182879377431803e-01 7.153016254672914798e-01
2.858472302880834537e-01 6.869265467713534523e-01
2.876308813320601621e-01 6.876060328833446533e-01
2.863286475739070802e-01 6.985823470001246704e-01
2.789250709015334007e-01 7.183397124103287901e-01
2.787714277949448483e-01 7.249255008803968670e-01
2.814567046413714024e-01 7.295785036038144877e-01
2.858472302880834537e-01 7.320513936958937817e-01
2.902377559347954494e-01 7.314920326590319544e-01
2.990188072282194964e-01 7.271785337780516389e-01
3.143856469917115648e-01 7.166109429369359463e-01
3.165809098150675904e-01 7.175164888515703776e-01
3.146157955135150952e-01 7.402923406438889353e-01
3.090452480079705078e-01 7.490733919373130378e-01
2.921368325042065228e-01 7.973691740511452686e-01
2.888613609899928214e-01 8.171265394613493882e-01
2.912114612193484886e-01 8.478602189883336360e-01
2.982428953682401684e-01 8.720081100452496958e-01
3.030761233392435527e-01 8.807891613386737983e-01
3.187761726384236161e-01 8.991906291226874348e-01
3.319477495785597143e-01 9.062294248641786787e-01
3.495098521654078083e-01 9.097554682536341808e-01
3.582909034588318553e-01 9.142781197153804218e-01
3.758530060456799493e-01 9.292678820211190960e-01
3.824387945157480262e-01 9.325017638146650967e-01
3.934151086325280988e-01 9.347124822774584008e-01
4.043914227493081714e-01 9.337716553531629771e-01
4.175629996894442142e-01 9.301642810073228462e-01
4.263440509828683167e-01 9.311542485728827589e-01
4.482966792164284064e-01 9.414827802171971127e-01
4.570777305098524534e-01 9.426572429715087686e-01
4.834208843901246500e-01 9.326605609299420951e-01
5.031782498003287696e-01 9.310188654635578320e-01
5.168437608757200374e-01 9.334754690992181914e-01
5.182097021880303078e-01 9.356707319225741060e-01
5.178206528321134261e-01 9.400612575692861572e-01
5.207403523871768636e-01 9.432825671470368434e-01
5.229356152105328892e-01 9.428053360984811615e-01
5.244866161183387998e-01 9.400612575692861572e-01
5.217622850808081303e-01 9.334754690992181914e-01
5.273261408572449405e-01 9.267933971719853892e-01
5.404977177973809832e-01 9.177754198000380725e-01
5.514740319141611113e-01 9.127693036551907113e-01
5.690361345010092053e-01 9.084847539226206248e-01
5.757362595764602409e-01 9.027417895722339436e-01
5.826421905416011571e-01 8.917654754554538155e-01
5.865982370878572993e-01 8.884326673509042038e-01
5.997698140279933421e-01 8.819884252884702125e-01
6.085508653214174446e-01 8.751339734132892456e-01
6.193637024194369456e-01 8.610317959284696787e-01
6.313428587521430213e-01 8.500554818116896616e-01
6.400983060674043656e-01 8.390791676949096445e-01
6.458703333184696582e-01 8.269777813811596268e-01
6.502608589651817095e-01 8.270263304628299172e-01
6.568466474352496753e-01 8.322611879646788502e-01
6.612371730819617266e-01 8.337652378447224510e-01
6.744087500220977693e-01 8.347066360057660006e-01
7.029471667257259915e-01 8.268458885744337516e-01
7.227045321359301111e-01 8.242965511021493885e-01
7.468524231928462820e-01 8.108800188821636556e-01
7.578287373096262991e-01 8.027985294267668825e-01
7.710003142497623418e-01 7.982366569410198620e-01
7.819766283665424700e-01 7.965725060910564537e-01
7.907576796599664615e-01 7.930364184787320747e-01
7.995387309533905640e-01 7.839654058508465084e-01
8.236866220103067349e-01 7.735003418277066611e-01
8.500297758905788204e-01 7.703571510293818481e-01
8.741776669474949912e-01 7.626588299015244488e-01
8.829587182409190937e-01 7.614965838240322915e-01
8.895445067109870596e-01 7.621909870047436364e-01
9.136923977679032305e-01 7.586143419003603672e-01
9.290592375313952989e-01 7.544022154036853500e-01
9.510118657649555551e-01 7.520404268470051168e-01
9.839408081152957175e-01 7.378912719308432511e-01
9.951000608006888015e-01 7.249255008803968670e-01
9.995023889356984270e-01 7.161444495869728755e-01
1.000000000000000000e+00 7.117539239402608242e-01
9.980239772447914159e-01 6.963870841767687558e-01
9.898017456531233993e-01 6.788249815899205508e-01
9.813022710679928373e-01 6.656534046497845081e-01
9.619881798817355723e-01 6.420893600884417518e-01
9.422308144715314526e-01 6.251431476652962171e-01
9.378402888248194014e-01 6.196312876029994587e-01
9.027160836511232134e-01 5.924587205131510714e-01
8.917397695343431963e-01 5.874983273538639805e-01
8.632013528307149741e-01 5.691251653112551212e-01
8.127103078935267177e-01 5.448224800808971757e-01
7.644145257796943760e-01 5.244310309879581800e-01
7.270950577826421624e-01 5.117510855664731961e-01
6.787992756688098206e-01 4.995392831050306515e-01
6.678229615520298035e-01 4.988314240322960225e-01
6.436750704951136326e-01 4.936412578166689546e-01
5.887934999112133250e-01 4.883687811729789385e-01
5.580598203842290772e-01 4.884030821545938816e-01
5.317166665039568807e-01 4.900506726381647082e-01
4.834208843901246500e-01 5.002699025248387166e-01
4.806768058609296457e-01 4.988134300747274485e-01
4.821433134027617307e-01 4.878371159579473759e-01
4.848478052253060167e-01 4.834465903112353802e-01
4.900066728601926713e-01 4.787242226098299414e-01
4.937569135167591550e-01 4.724702761944553076e-01
4.940313213696786443e-01 4.680797505477433118e-01
4.904600423563205691e-01 4.571034364309631837e-01
4.919196876062600365e-01 4.549081736076072136e-01
5.229356152105328892e-01 4.500202837274785983e-01
5.602550832075851028e-01 4.502520919741988537e-01
5.865982370878572993e-01 4.518314794991158401e-01
5.997698140279933421e-01 4.542736054477308771e-01
6.151366537914854105e-01 4.548541917349017139e-01
6.568466474352496753e-01 4.602325050821647334e-01
6.831898013155218718e-01 4.590025130003743126e-01
6.985566410790139402e-01 4.563775834006600363e-01
7.107906578550085008e-01 4.483223851375391367e-01
7.117078915115264692e-01 4.461271223141831666e-01
7.102295289762819985e-01 4.417365966674711153e-01
7.073376923724380427e-01 4.390331711535234716e-01
6.985566410790139402e-01 4.373280770631905456e-01
6.568466474352496753e-01 4.462156409764153064e-01
6.458703333184696582e-01 4.468755073675999001e-01
6.085508653214174446e-01 4.416834854701319202e-01
5.492787690908050857e-01 4.366309475252719285e-01
5.075687754470408208e-01 4.395233398865465713e-01
4.987877241536167183e-01 4.411970829227480073e-01
4.925970829917528104e-01 4.395413338441150897e-01
4.984513532371347977e-01 4.241744940806230213e-01
4.981474391634712062e-01 4.197839684339109700e-01
4.943971985069047226e-01 4.137947187745375510e-01
4.878114100368366457e-01 4.093971230382172921e-01
4.834208843901246500e-01 4.087893604602696462e-01
4.790303587434125987e-01 4.107089087266446725e-01
4.708667251190574166e-01 4.175887056105549444e-01
4.658587818032765560e-01 4.245915940170606473e-01
4.614682561565645047e-01 4.249918791744257129e-01
4.591427658775856790e-01 4.219792312572669957e-01
4.556542397728325366e-01 4.000266030237068504e-01
4.511365827101350146e-01 3.890502889069267778e-01
4.490684513027645153e-01 3.780739747901467052e-01
4.398215252016687282e-01 3.539260837332305898e-01
4.232744038146162846e-01 3.231924042062463975e-01
4.188762372712732662e-01 3.122160900894663249e-01
4.137619427638185576e-01 3.056303016193983035e-01
3.932826358759462515e-01 2.705060964457020600e-01
3.886826977920147530e-01 2.595297823289219874e-01
3.809935798237052418e-01 2.331866284486498464e-01
3.758530060456799493e-01 2.268523805104246116e-01
3.714624803989679536e-01 2.249739934219875948e-01
3.692672175756119279e-01 2.254821002705253985e-01
3.660353028634488748e-01 2.287961028019377951e-01
3.646787583956464518e-01 2.331866284486498464e-01
3.662291306325746176e-01 2.485534682121419148e-01
3.778653303004230191e-01 2.705060964457020600e-01
3.818787784893816761e-01 2.748966220924140558e-01
3.865019564080999226e-01 2.836776733858381583e-01
4.000971805597608455e-01 3.034350387960422779e-01
4.198907352693820871e-01 3.407545067930944915e-01
4.360068061971484887e-01 3.780739747901467052e-01
4.464920987599407809e-01 4.219792312572669957e-01
4.458270085401528915e-01 4.241744940806230213e-01
4.373203650996483338e-01 4.290082939512819826e-01
4.299505541926674779e-01 4.351508081974030939e-01
4.252863334407058216e-01 4.417365966674711153e-01
4.238316946405830676e-01 4.505176479608951623e-01
4.219535253361562654e-01 4.538770653117883969e-01
4.197582625128002398e-01 4.547946255305370111e-01
4.179288768266702925e-01 4.527129107842511879e-01
4.146302657613670783e-01 4.351508081974030939e-01
4.049780878141705509e-01 3.978313402003508248e-01
3.911235623520073479e-01 3.605118722032986112e-01
3.808222828003676730e-01 3.385592439697384659e-01
3.713661969418032283e-01 3.231924042062463975e-01
3.605439363564867383e-01 3.012397759726862523e-01
3.407288008719837613e-01 2.712469976485846757e-01
3.138139639647958834e-01 2.375771540953618421e-01
2.668738873147921686e-01 1.892813719815295559e-01
2.586752526887891035e-01 1.826955835114615345e-01
2.507230251143872102e-01 1.735088858267652134e-01
2.155988199406909667e-01 1.416030075367661345e-01
2.090130314706229453e-01 1.374182877797437419e-01
2.024272430005549239e-01 1.305931222464905561e-01
1.914509288837748513e-01 1.231262121068529836e-01
1.848651404137067744e-01 1.167360662726627529e-01
1.694983006502147060e-01 1.082134520047395854e-01
1.475456724166545608e-01 9.235659821817698845e-02
1.058356787728902959e-01 7.043128224164046935e-02
7.071147359919410791e-02 5.833934275561397653e-02
