5.842245989304812870e-01 1.122994652406417160e-01
5.735294117647058432e-01 1.176470588235294379e-01
5.708556149732619822e-01 1.122994652406417160e-01
5.334224598930481509e-01 1.176470588235294379e-01
5.307486631016042899e-01 1.229946524064171043e-01
5.066844919786096524e-01 1.256684491978609652e-01
5.040106951871657914e-01 1.310160427807486871e-01
4.986631016042780695e-01 1.283422459893048262e-01
4.545454545454545303e-01 1.564171122994652552e-01
4.572192513368983913e-01 1.590909090909091161e-01
4.251336898395722264e-01 1.911764705882352811e-01
4.278074866310160318e-01 1.938502673796791420e-01
4.064171122994652552e-01 2.286096256684492234e-01
4.090909090909090606e-01 2.312834224598930288e-01
4.037433155080213942e-01 2.339572192513368898e-01
3.903743315508021450e-01 2.794117647058823595e-01
3.957219251336898669e-01 2.820855614973262204e-01
3.903743315508021450e-01 2.874331550802139423e-01
3.863636363636363535e-01 3.235294117647058432e-01
3.569518716577539941e-01 2.914438502673796783e-01
3.542780748663101331e-01 2.941176470588235392e-01
3.409090909090909394e-01 2.834224598930481509e-01
3.208556149732620377e-01 2.981283422459892751e-01
3.235294117647058432e-01 3.034759358288769970e-01
3.181818181818181768e-01 3.088235294117647189e-01
3.195187165775401072e-01 3.208556149732620377e-01
2.901069518716577478e-01 2.887700534759358173e-01
2.807486631016042899e-01 2.874331550802139423e-01
2.807486631016042899e-01 2.820855614973262204e-01
2.500000000000000000e-01 2.593582887700535133e-01
2.446524064171122781e-01 2.620320855614973188e-01
2.152406417112299741e-01 2.459893048128342086e-01
1.938502673796791420e-01 2.486631016042780695e-01
1.831550802139037537e-01 2.433155080213903476e-01
1.751336898395721708e-01 2.486631016042780695e-01
1.617647058823529216e-01 2.459893048128342086e-01
1.323529411764705621e-01 2.647058823529411797e-01
1.296791443850267567e-01 2.620320855614973188e-01
1.216577540106951738e-01 2.700534759358288461e-01
1.029411764705882582e-01 2.727272727272727071e-01
6.684491978609624629e-02 3.008021390374331361e-01
6.951871657754010725e-02 3.061497326203208580e-01
5.347593582887699704e-02 3.248663101604277736e-01
4.545454545454546968e-02 3.462566844919786058e-01
5.748663101604278847e-02 3.582887700534759245e-01
7.486631016042782916e-02 3.489304812834224667e-01
6.951871657754010725e-02 3.462566844919786058e-01
7.085561497326203773e-02 3.395721925133690089e-01
8.021390374331549555e-02 3.489304812834224667e-01
8.021390374331549555e-02 3.569518716577539941e-01
7.219251336898396820e-02 3.649732620320855769e-01
7.887700534759356508e-02 3.716577540106951738e-01
8.422459893048128698e-02 3.663101604278075074e-01
9.090909090909088386e-02 3.703208556149732988e-01
8.823529411764707842e-02 3.756684491978609652e-01
1.136363636363636465e-01 3.983957219251336723e-01
1.163101604278075074e-01 3.957219251336898669e-01
1.270053475935828957e-01 4.064171122994652552e-01
1.296791443850267567e-01 4.037433155080213942e-01
1.350267379679144231e-01 4.117647058823529216e-01
1.483957219251336723e-01 4.037433155080213942e-01
1.564171122994652552e-01 4.144385026737967825e-01
1.711229946524064349e-01 4.211229946524064349e-01
1.617647058823529216e-01 4.278074866310160318e-01
1.243315508021390348e-01 4.117647058823529216e-01
1.189839572192513129e-01 4.144385026737967825e-01
1.056149732620320636e-01 4.037433155080213942e-01
1.029411764705882582e-01 4.064171122994652552e-01
7.085561497326203773e-02 3.850267379679144231e-01
6.818181818181817677e-02 3.877005347593582840e-01
6.016042780748664942e-02 3.796791443850267567e-01
5.481283422459892751e-02 3.850267379679144231e-01
4.545454545454546968e-02 3.836898395721924926e-01
4.946524064171120560e-02 3.743315508021390348e-01
6.149732620320857990e-02 3.703208556149732988e-01
5.481283422459892751e-02 3.636363636363636465e-01
4.946524064171120560e-02 3.663101604278075074e-01
4.144385026737967825e-02 3.556149732620320636e-01
3.074866310160428995e-02 3.582887700534759245e-01
1.069518716577538830e-02 4.050802139037433247e-01
1.336898395721924926e-02 4.184491978609625740e-01
8.021390374331527351e-03 4.237967914438502959e-01
8.021390374331527351e-03 4.665775401069518491e-01
1.604278074866311021e-02 4.826203208556149593e-01
1.336898395721924926e-02 4.906417112299465422e-01
3.609625668449195635e-02 5.320855614973262204e-01
7.486631016042782916e-02 5.601604278074866494e-01
6.149732620320857990e-02 5.735294117647058432e-01
6.417112299465238534e-02 5.762032085561497041e-01
5.614973262032085799e-02 5.815508021390374260e-01
5.882352941176471894e-02 5.868983957219251479e-01
4.278074866310160873e-02 6.029411764705882026e-01
4.278074866310160873e-02 6.136363636363636465e-01
2.406417112299463756e-02 6.510695187165775888e-01
2.673796791443849852e-02 6.590909090909090606e-01
2.139037433155077661e-02 6.644385026737967825e-01
1.871657754010697117e-02 7.018716577540107249e-01
1.336898395721924926e-02 7.072192513368984468e-01
1.871657754010697117e-02 7.098930481283423077e-01
1.069518716577538830e-02 7.366310160427806952e-01
1.336898395721924926e-02 7.473262032085561390e-01
8.021390374331527351e-03 7.526737967914438610e-01
1.069518716577538830e-02 7.820855614973262204e-01
5.347593582887721908e-03 7.847593582887699704e-01
5.347593582887721908e-03 8.034759358288769970e-01
0.000000000000000000e+00 8.088235294117647189e-01
5.347593582887721908e-03 8.114973262032085799e-01
8.021390374331527351e-03 8.462566844919785503e-01
3.342245989304815090e-02 8.770053475935828402e-01
3.609625668449195635e-02 8.743315508021389793e-01
4.946524064171120560e-02 8.850267379679144231e-01
9.224598930481281434e-02 8.877005347593582840e-01
1.002673796791443972e-01 8.823529411764705621e-01
1.323529411764705621e-01 8.796791443850267012e-01
1.938502673796791420e-01 8.449197860962567308e-01
2.593582887700535133e-01 7.901069518716576923e-01
2.593582887700535133e-01 7.847593582887699704e-01
2.860962566844920119e-01 7.633689839572193048e-01
2.860962566844920119e-01 7.580213903743315829e-01
3.048128342245989275e-01 7.446524064171122781e-01
3.021390374331550666e-01 7.419786096256684171e-01
3.342245989304812870e-01 7.098930481283423077e-01
3.796791443850267567e-01 6.510695187165775888e-01
3.770053475935828957e-01 6.483957219251337278e-01
3.917112299465240755e-01 6.283422459893048817e-01
3.957219251336898669e-01 6.296791443850267012e-01
3.903743315508021450e-01 6.323529411764705621e-01
3.903743315508021450e-01 6.403743315508021450e-01
3.997326203208556028e-01 6.470588235294117974e-01
4.090909090909090606e-01 6.350267379679144231e-01
4.117647058823529216e-01 6.109625668449197855e-01
4.171122994652406435e-01 6.082887700534759245e-01
4.184491978609625740e-01 5.935828877005348003e-01
4.264705882352941013e-01 5.962566844919785503e-01
4.385026737967914201e-01 6.216577540106952293e-01
4.331550802139037537e-01 6.243315508021389793e-01
4.358288770053475591e-01 6.296791443850267012e-01
4.197860962566845044e-01 6.724598930481283654e-01
4.144385026737967825e-01 6.751336898395722264e-01
4.117647058823529216e-01 6.885026737967914201e-01
3.983957219251336723e-01 7.072192513368984468e-01
4.010695187165775333e-01 7.098930481283423077e-01
3.903743315508021450e-01 7.205882352941176405e-01
3.743315508021390348e-01 7.580213903743315829e-01
3.770053475935828957e-01 7.633689839572193048e-01
3.716577540106951738e-01 7.713903743315507766e-01
3.810160427807486316e-01 7.994652406417112056e-01
3.930481283422460059e-01 7.820855614973262204e-01
3.877005347593582840e-01 7.794117647058823595e-01
3.930481283422460059e-01 7.740641711229946376e-01
3.903743315508021450e-01 7.660427807486631657e-01
3.957219251336898669e-01 7.606951871657754438e-01
3.983957219251336723e-01 7.366310160427806952e-01
4.090909090909090606e-01 7.232620320855615015e-01
4.064171122994652552e-01 7.205882352941176405e-01
4.144385026737967825e-01 7.152406417112299186e-01
4.117647058823529216e-01 7.125668449197860577e-01
4.171122994652406435e-01 7.098930481283423077e-01
4.144385026737967825e-01 7.072192513368984468e-01
4.304812834224598928e-01 6.858288770053475591e-01
4.278074866310160318e-01 6.778074866310159763e-01
4.358288770053475591e-01 6.724598930481283654e-01
4.358288770053475591e-01 6.617647058823529216e-01
4.438502673796791420e-01 6.564171122994651997e-01
4.411764705882352811e-01 6.483957219251337278e-01
4.532085561497325998e-01 6.149732620320855769e-01
4.558823529411764608e-01 6.176470588235294379e-01
4.639037433155080437e-01 6.042780748663101331e-01
4.852941176470588203e-01 6.336898395721924926e-01
4.919786096256684726e-01 6.350267379679144231e-01
4.893048128342246117e-01 6.377005347593582840e-01
5.080213903743315829e-01 6.564171122994651997e-01
5.187165775401069157e-01 6.804812834224598372e-01
5.294117647058823595e-01 6.885026737967914201e-01
5.267379679144384985e-01 6.911764705882352811e-01
5.735294117647058432e-01 7.326203208556150148e-01
5.828877005347593565e-01 7.232620320855615015e-01
5.534759358288769970e-01 6.991978609625668639e-01
5.467914438502673447e-01 6.871657754010694896e-01
5.441176470588234837e-01 6.898395721925133506e-01
4.866310160427807507e-01 6.082887700534759245e-01
4.893048128342246117e-01 6.056149732620320636e-01
4.839572192513368898e-01 6.029411764705882026e-01
4.812834224598930288e-01 5.815508021390374260e-01
4.866310160427807507e-01 5.762032085561497041e-01
4.812834224598930288e-01 5.735294117647058432e-01
4.799465240641710984e-01 5.614973262032085799e-01
4.986631016042780695e-01 5.721925133689839127e-01
5.040106951871657914e-01 5.695187165775401628e-01
5.066844919786096524e-01 5.748663101604277736e-01
5.120320855614973743e-01 5.721925133689839127e-01
5.173796791443849852e-01 5.775401069518716346e-01
5.227272727272727071e-01 5.748663101604277736e-01
5.254010695187165680e-01 5.802139037433154956e-01
5.548128342245989275e-01 5.855614973262032175e-01
5.574866310160427885e-01 5.909090909090909394e-01
5.628342245989305104e-01 5.855614973262032175e-01
5.655080213903743713e-01 5.909090909090909394e-01
5.708556149732619822e-01 5.882352941176470784e-01
5.895721925133690089e-01 5.962566844919785503e-01
6.029411764705882026e-01 5.935828877005348003e-01
6.082887700534759245e-01 5.989304812834224112e-01
6.136363636363636465e-01 5.962566844919785503e-01
6.216577540106952293e-01 6.016042780748662722e-01
6.483957219251337278e-01 6.016042780748662722e-01
6.564171122994651997e-01 6.069518716577539941e-01
7.312834224598930843e-01 6.122994652406417160e-01
7.419786096256684171e-01 6.176470588235294379e-01
7.606951871657754438e-01 6.149732620320855769e-01
7.633689839572193048e-01 6.203208556149732988e-01
7.687165775401070267e-01 6.149732620320855769e-01
7.901069518716576923e-01 6.176470588235294379e-01
7.954545454545454142e-01 6.229946524064171598e-01
7.981283422459892751e-01 6.176470588235294379e-01
8.783422459893048817e-01 6.229946524064171598e-01
8.810160427807487427e-01 6.176470588235294379e-01
8.970588235294116863e-01 6.203208556149732988e-01
9.024064171122994082e-01 6.149732620320855769e-01
9.211229946524064349e-01 6.149732620320855769e-01
9.532085561497325443e-01 5.989304812834224112e-01
9.866310160427806952e-01 5.735294117647058432e-01
9.973262032085561390e-01 5.548128342245989275e-01
9.946524064171122781e-01 5.441176470588234837e-01
1.000000000000000000e+00 5.414438502673797338e-01
9.973262032085561390e-01 5.254010695187165680e-01
9.919786096256684171e-01 5.227272727272727071e-01
9.866310160427806952e-01 5.040106951871657914e-01
9.732620320855615015e-01 4.906417112299465422e-01
9.759358288770053624e-01 4.879679144385026812e-01
9.491978609625668639e-01 4.505347593582887944e-01
9.398395721925133506e-01 4.465240641711230030e-01
8.516042780748662722e-01 3.475935828877005362e-01
8.462566844919785503e-01 3.475935828877005362e-01
8.355614973262032175e-01 3.315508021390374260e-01
8.328877005347593565e-01 3.342245989304812870e-01
8.275401069518716346e-01 3.262032085561497041e-01
7.981283422459892751e-01 3.128342245989305104e-01
7.606951871657754438e-01 3.128342245989305104e-01
7.566844919786096524e-01 3.088235294117647189e-01
7.700534759358288461e-01 2.847593582887700814e-01
7.673796791443849852e-01 2.740641711229946376e-01
7.727272727272727071e-01 2.687165775401069157e-01
7.727272727272727071e-01 2.205882352941176405e-01
7.647058823529411242e-01 2.152406417112299741e-01
7.633689839572193048e-01 2.005347593582887944e-01
7.580213903743315829e-01 2.032085561497325998e-01
7.125668449197860577e-01 1.577540106951871857e-01
7.098930481283423077e-01 1.604278074866309911e-01
6.644385026737967825e-01 1.283422459893048262e-01
6.590909090909090606e-01 1.310160427807486871e-01
6.403743315508021450e-01 1.203208556149732433e-01
6.350267379679144231e-01 1.229946524064171043e-01
6.296791443850267012e-01 1.176470588235294379e-01
6.163101604278075074e-01 1.229946524064171043e-01
6.056149732620320636e-01 1.149732620320855769e-01
5.975935828877005918e-01 1.176470588235294379e-01
