4.707574621720771457e-01 0.000000000000000000e+00
4.227104782711504916e-01 1.252859239752934783e-03
4.021189137421818938e-01 1.393703361739923041e-02
3.847368368944260042e-01 2.901771469069830411e-02
3.817847437698253521e-01 3.588156953368787372e-02
3.837893013773802653e-01 6.333698890564598560e-02
3.883912040562028101e-01 7.382776704635157783e-02
3.952550588991923242e-01 7.811036397786169649e-02
4.089827685851714079e-01 7.936145001985606129e-02
4.158466234281609220e-01 8.266586315689478104e-02
4.400180432847232148e-01 1.079520453850779105e-01
4.478163473314697995e-01 1.354074647570360224e-01
4.231256307818151985e-01 2.555249245093528243e-01
4.189187520070796755e-01 2.658207067738370677e-01
4.169817994214245482e-01 2.932761261457952351e-01
4.135250254665615022e-01 3.001399809887847492e-01
3.918231314776975949e-01 3.161439690665714952e-01
3.743775004184324851e-01 3.344592552037324307e-01
3.540719298412551841e-01 3.756813834369138183e-01
3.472080749982656700e-01 3.782614867675471726e-01
3.334803653122865863e-01 3.701580296567318351e-01
3.260955929142487220e-01 3.619146745756904870e-01
3.162895288646173642e-01 3.344592552037324307e-01
2.967930611765075555e-01 3.070038358317742633e-01
2.771505565767907742e-01 2.898441987243004503e-01
2.609947369502317871e-01 2.658207067738370677e-01
2.480419786174935526e-01 2.212056502944051428e-01
2.141922880201643786e-01 1.354074647570360224e-01
2.030977655046060093e-01 1.182478276495622094e-01
2.015048279767453487e-01 1.113839728065726953e-01
2.035929831423274883e-01 9.079240827760409749e-02
1.962339106616164952e-01 7.706469859162501379e-02
1.927412364044968629e-01 6.333698890564598560e-02
1.772396694952620977e-01 3.244964211219308892e-02
1.687478490805378595e-01 2.860256218003365269e-02
1.309966474440954487e-01 2.439781239253224765e-02
9.324544580765303792e-02 2.376737796378469714e-02
7.265388127868444013e-02 2.224578647507030604e-02
6.478634954827666714e-02 2.901771469069830411e-02
6.261549357081230838e-02 3.588156953368787372e-02
6.478223822462109149e-02 5.990506148415120080e-02
6.922195385718971083e-02 6.651867161932334405e-02
1.035412280721373368e-01 8.738956498679989471e-02
1.412924297085797476e-01 1.039992004085348309e-01
1.530071819646435793e-01 1.148159002280674246e-01
1.693198369841203421e-01 1.388393921785308072e-01
1.791308837370940710e-01 1.628628841289941342e-01
1.820125209398073540e-01 1.765905938149732179e-01
2.000503483846554631e-01 2.246375777158999276e-01
2.095711792958989683e-01 2.898441987243004503e-01
2.144452826698258763e-01 3.035719084102794785e-01
2.100789060445739653e-01 3.207315455177533470e-01
1.992368471554243903e-01 3.344592552037324307e-01
1.969429079829905782e-01 3.447550374682166741e-01
2.168239171121552067e-01 3.825062391046590848e-01
2.178772100913206056e-01 3.893700939476486544e-01
2.061838737088838580e-01 4.339851504270805793e-01
1.927713410310012421e-01 4.411459989892378974e-01
1.675922000508509035e-01 4.648724972205334760e-01
1.373822828922865447e-01 5.163514085429549150e-01
1.332585996082624735e-01 5.300791182289339432e-01
1.355109519754462699e-01 5.506706827579025409e-01
1.329175023441858117e-01 5.678303198653763539e-01
1.351524970560618044e-01 5.815580295513554931e-01
1.333829094793535508e-01 5.987176666588293061e-01
1.389956782803486446e-01 6.124453763448083343e-01
1.401224544512519876e-01 6.261730860307873625e-01
1.492386616614253536e-01 6.501965779812507451e-01
1.423164725682193321e-01 6.845158521961983711e-01
1.378605022870849628e-01 6.901785324416647160e-01
1.344285748655902335e-01 6.905523673929347961e-01
8.981351838615830863e-02 6.639543922937340970e-01
7.951773612167400973e-02 6.628786222809931461e-01
6.235809901420014123e-02 6.741894277225936039e-01
3.490267964224202935e-02 6.765696202433528761e-01
2.340896044761331396e-02 6.845158521961983711e-01
2.012930457002631845e-02 6.982435618821773993e-01
3.198826508589330819e-02 7.256989812541355667e-01
3.454288079966599811e-02 7.497224732045989493e-01
4.148054053344030212e-02 7.634501828905779774e-01
8.294966354316873902e-02 7.963504871139460706e-01
1.082358457713518685e-01 8.217929490559889860e-01
1.115043721673243948e-01 8.286568038989785556e-01
1.106121819836653475e-01 8.492483684279470424e-01
1.275340778134801956e-01 8.767037877999052098e-01
1.332306379354458170e-01 8.972953523288738076e-01
1.515882119730640465e-01 9.145437461800070000e-01
1.721797765020326443e-01 9.217818821060468348e-01
2.167948329814645692e-01 9.259387465775031911e-01
2.305225426674436529e-01 9.250602077798191214e-01
2.476821797749174658e-01 9.144856316454681444e-01
2.682737443038860636e-01 9.141975948797355089e-01
2.796334240690337425e-01 9.075911345933580510e-01
2.855406291432815991e-01 8.972953523288738076e-01
2.987835790809745262e-01 8.869995700643895642e-01
3.094875155709436720e-01 8.561122232709366120e-01
3.174031053146688097e-01 8.423845135849575838e-01
3.175087030814839895e-01 8.217929490559889860e-01
3.048029717826750140e-01 7.737459651550622208e-01
3.029024545978209471e-01 7.565863280475884078e-01
2.996207242341462629e-01 7.497224732045989493e-01
2.807144812068045336e-01 7.291309086756303515e-01
2.721112631479211119e-01 7.119712715681565385e-01
2.588359438947754887e-01 6.982435618821773993e-01
2.565479922804455581e-01 6.776519973532089125e-01
2.580086042485222331e-01 6.707881425102193429e-01
2.682737443038860636e-01 6.594239300107413992e-01
2.751375991468755777e-01 6.578000723547348105e-01
2.854333814113598766e-01 6.633315002035170549e-01
2.928181538093976854e-01 6.707881425102193429e-01
3.057389519885372886e-01 6.948116344606827255e-01
3.162197891630040836e-01 7.051074167251669689e-01
3.231845830478022874e-01 7.190346570751864341e-01
3.366034192658468038e-01 7.291309086756303515e-01
3.425782106466264687e-01 7.428586183616093797e-01
3.712315669487289971e-01 7.706000316853587329e-01
3.815273492132132960e-01 7.768283444132566551e-01
3.950405634353489348e-01 7.943375296840309296e-01
3.950405634353489348e-01 8.012013845270203882e-01
3.700105927699279817e-01 8.252248764774837708e-01
3.642604643738177606e-01 8.355206587419681252e-01
3.508851400927243680e-01 8.458164410064523686e-01
3.438605392346764655e-01 8.732718603784104250e-01
3.468482761556895833e-01 9.144549894363476206e-01
3.570442241259425553e-01 9.384784813868110032e-01
3.780954217917185112e-01 9.671548749375701304e-01
4.124146960066661372e-01 9.873548477479323626e-01
4.364381879571295197e-01 9.971810463947980985e-01
4.570297524860981175e-01 9.999999999999998890e-01
4.741893895935719305e-01 9.952077294361461046e-01
4.982128815440353131e-01 9.949516154494673081e-01
5.153725186515091261e-01 9.904356121040309713e-01
5.325321557589829391e-01 9.819942486140453841e-01
5.393960106019725087e-01 9.819942486140453841e-01
5.634195025524357803e-01 9.937491189733032027e-01
5.805791396599095933e-01 9.980092224288932279e-01
6.046026316103729759e-01 9.983835428709620929e-01
6.457857606683101714e-01 9.938523579574367606e-01
6.904008171477421518e-01 9.770590654834480082e-01
7.075604542552159648e-01 9.672461083022818595e-01
7.183158696565076218e-01 9.556381184942848162e-01
7.457746937183680203e-01 8.904314974858842380e-01
7.452197292642968041e-01 8.732718603784104250e-01
7.212881639411949930e-01 8.386795919367530106e-01
7.075604542552159648e-01 8.297893399480718024e-01
7.004996855437799486e-01 8.183610216344942012e-01
7.009149947935942038e-01 8.114971667915047426e-01
7.075604542552159648e-01 8.045429980690022020e-01
7.384478010486688060e-01 7.909959161420491158e-01
7.727670752636164320e-01 7.682350816993928078e-01
7.967905672140798146e-01 7.448715757915246316e-01
8.139502043215536276e-01 7.338750436406378252e-01
8.247056197228452845e-01 7.222670538326407819e-01
8.345116642240180127e-01 7.051074167251669689e-01
8.460255259916777959e-01 6.570604328242403147e-01
8.435967773549275517e-01 5.815580295513554931e-01
8.515534780518971836e-01 5.541026101793973258e-01
8.619971882224803927e-01 5.425441376371932245e-01
8.688610430654699623e-01 5.398966810986198794e-01
8.757248979084594209e-01 5.427429304142497024e-01
8.997483898589226925e-01 5.679190766090357334e-01
9.134760995449018317e-01 5.724322225441988987e-01
9.443634463383547839e-01 5.681901187079524407e-01
9.580911560243337011e-01 5.614260981591941979e-01
9.752201509226872123e-01 5.403749004934182976e-01
9.798706954299736260e-01 5.232152633859444846e-01
9.785907939259408383e-01 5.094875536999653454e-01
9.625869809464919769e-01 4.854640617495020183e-01
9.340676640738704295e-01 4.679949885630409478e-01
9.134760995449018317e-01 4.678413868153186161e-01
8.825887527514488795e-01 4.824472868386719959e-01
8.619971882224803927e-01 4.884177697761983294e-01
8.517014059579960383e-01 4.944068726266662717e-01
8.400526523061917494e-01 5.060556262784706716e-01
8.208140591645431972e-01 5.375707646734164680e-01
8.139502043215536276e-01 5.424146309420425638e-01
8.070863494785640579e-01 5.380706063675575468e-01
7.962730543489336954e-01 5.094875536999653454e-01
7.951770490980039074e-01 4.923279165924915879e-01
7.997015770805262491e-01 4.786002069065125042e-01
8.393266676593370557e-01 4.408490052700700934e-01
8.659408942945487908e-01 4.065297310551224674e-01
8.727560083136742808e-01 3.893700939476486544e-01
8.734809453636359633e-01 3.756423842616695707e-01
8.687691164381083908e-01 3.516188923112062437e-01
8.585959030101060208e-01 3.378911826252271600e-01
8.578413386105140370e-01 3.070038358317742633e-01
8.669914109627152587e-01 2.555249245093528243e-01
8.672475249493940552e-01 2.109098680299208439e-01
8.718778179762999292e-01 1.868863760794575168e-01
8.820678351964006403e-01 1.628628841289941342e-01
8.895413643380978286e-01 1.525671018645098354e-01
9.043682921570888045e-01 1.113839728065726953e-01
9.046913898018218436e-01 9.079240827760409749e-02
8.997483898589226925e-01 8.088986769683265132e-02
8.860206801729437753e-01 7.747985110228972072e-02
8.551333333794908231e-01 6.297719006306984335e-02
8.139502043215536276e-01 4.914624139295720173e-02
7.864947849495955712e-01 4.842130434299557473e-02
7.693351478421217582e-01 5.307240598135704035e-02
7.578414286474930428e-01 6.333698890564598560e-02
7.546690205018276032e-01 7.020084374863549970e-02
7.553029929816552634e-01 7.706469859162501379e-02
7.750433536554243164e-01 1.113839728065726953e-01
8.041753396121176234e-01 1.388393921785308072e-01
8.110527574001276108e-01 1.525671018645098354e-01
8.155637224376295347e-01 1.697267389719837039e-01
8.117590506601378708e-01 2.074779406084261146e-01
7.937737923032497367e-01 2.829803438813109362e-01
7.870157025046438104e-01 2.967080535672900199e-01
7.586337741550970293e-01 3.207315455177533470e-01
7.487123839729576957e-01 3.516188923112062437e-01
7.426749311653879637e-01 3.584827471541957578e-01
7.178562365197002082e-01 3.751119954783476151e-01
6.959117006034115649e-01 3.962339487906381685e-01
6.766731074617631236e-01 4.264097984357323456e-01
6.698092526187735540e-01 4.274774389957556320e-01
6.555606253777461756e-01 4.133935858981119815e-01
6.510360973952238339e-01 3.996658762121328978e-01
6.510360973952238339e-01 3.550508197327009730e-01
6.575926154541988922e-01 3.172996180962585622e-01
6.559896163054329543e-01 3.104357632532690481e-01
6.402748772126407584e-01 2.864122713028056655e-01
6.113159633208409272e-01 2.520929970878580395e-01
6.016489235836767202e-01 2.280695051373947124e-01
5.496917928664567521e-01 1.275483509618129396e-01
5.428279380234671825e-01 1.240660171063150408e-01
5.359640831804777239e-01 1.240660171063150408e-01
5.252699521974271146e-01 1.319755373355412931e-01
5.224937680511106963e-01 1.422713196000255920e-01
5.610699522407970319e-01 2.589568519308476091e-01
5.596961850668519256e-01 2.658207067738370677e-01
5.494651561499429571e-01 2.761164890383214221e-01
5.456334025029431212e-01 2.864122713028056655e-01
5.507741699763127885e-01 3.104357632532690481e-01
5.496611506573362282e-01 3.172996180962585622e-01
5.217767403576912821e-01 3.550508197327009730e-01
5.115748940457567340e-01 3.790743116831643555e-01
5.013296319574335191e-01 4.168255133196067663e-01
4.947809541225405283e-01 4.213197039906117491e-01
4.638936073290876316e-01 4.205668768200888086e-01
4.562702275649476169e-01 4.133935858981119815e-01
4.603772882496872665e-01 3.687785294186800567e-01
4.558077783284447126e-01 3.447550374682166741e-01
4.585920478048381987e-01 3.241634729392480763e-01
4.559473753762421366e-01 3.001399809887847492e-01
4.746524274202815197e-01 2.280695051373947124e-01
4.797792713785823393e-01 1.971821583439418157e-01
4.994008564207065293e-01 1.285436099140465083e-01
5.004040352054511809e-01 1.148159002280674246e-01
5.079741833084506775e-01 8.736048085610931269e-02
5.157323174940851018e-01 7.020084374863549970e-02
5.268562757926646967e-01 3.244964211219308892e-02
5.255747028954071975e-01 1.872193242621406073e-02
5.188044460730039109e-01 1.145248616068417213e-02
4.982128815440353131e-01 3.806247863563649858e-03
