4.918996730590934341e-01 3.023795588367950149e-02
4.820914458595618735e-01 3.090079842367510210e-02
4.722832186600303128e-01 2.943928377613053149e-02
4.461279461279462066e-01 3.048648611157755983e-02
4.036256282633094994e-01 4.428816275544428249e-02
4.003562191967989792e-01 4.708888031242008942e-02
3.959722388576144003e-01 5.708286939073065058e-02
3.926856825407550877e-01 7.996873285630429207e-02
3.933762903167090652e-01 9.304636912234631740e-02
3.982688272543345454e-01 1.093934144548989185e-01
4.000134585688583932e-01 1.257404597874515195e-01
4.106736166607871108e-01 1.486263232530251055e-01
4.203746501204330133e-01 1.747815957851092672e-01
4.244240997864187070e-01 1.911286411176618127e-01
4.235904623170007044e-01 2.074756864502144138e-01
4.204689231863145693e-01 2.140145045832354542e-01
4.097265791106370902e-01 2.270921408492774796e-01
4.008524687872515035e-01 2.434391861818300806e-01
3.875615125615126111e-01 2.565168224478721060e-01
3.862824348558044907e-01 2.597862315143826262e-01
3.851911909882924645e-01 2.859415040464667879e-01
3.825208607817304207e-01 2.990191403125088687e-01
3.828774553412235271e-01 3.153661856450614143e-01
3.884426907044386534e-01 3.415214581771455205e-01
3.882747310057093060e-01 3.480602763101665609e-01
3.840091738642463781e-01 3.542925873432022366e-01
3.709315375982042973e-01 3.575257428817575356e-01
3.415068559996097264e-01 3.710292603452277627e-01
3.284292197335676455e-01 3.737744380951818490e-01
3.088127653345045243e-01 3.811498600075109433e-01
2.957351290684624434e-01 3.838330605129024464e-01
2.891963109354414030e-01 3.816197987869950348e-01
2.854810733598612815e-01 3.774849579087612428e-01
2.789925907036706620e-01 3.644073216427191619e-01
2.764614352973400191e-01 3.545990944431876013e-01
2.595743374104194645e-01 3.219050037780824547e-01
2.400720543682960950e-01 2.761332768469352272e-01
2.372341455259013854e-01 2.663250496474036666e-01
2.266820456395024497e-01 2.434391861818300806e-01
2.242492403522999833e-01 2.270921408492774796e-01
2.160556671975205623e-01 1.976674592506828532e-01
2.095484762151429425e-01 1.584345504525566661e-01
2.103821136845608897e-01 1.388180960534935449e-01
2.137223110698637796e-01 1.322792779204725599e-01
2.238081296052311098e-01 1.253920801328233803e-01
2.695798565363783372e-01 1.229121614680099284e-01
2.891963109354414030e-01 1.159609116148191399e-01
2.957638080953616799e-01 1.093934144548989185e-01
2.994456488820418372e-01 9.958518725536735783e-02
3.004440540672425053e-01 8.977696005583585270e-02
2.990322449914688541e-01 8.323814192281481228e-02
2.922273255908521827e-01 7.016050565677273143e-02
2.859269018689308828e-01 6.593103202311234590e-02
2.663104474698678170e-01 6.411469365282873589e-02
2.565022202703363119e-01 6.018547187221517936e-02
2.466939930708047513e-01 4.632651356191103131e-02
2.368857658712731906e-01 4.256571719241908358e-02
2.009222661396575238e-01 4.227293429094047816e-02
1.911140389401259632e-01 4.081621936309226539e-02
1.616893573415313368e-01 4.287351460166566319e-02
1.518811301419997761e-01 4.518725024873482266e-02
1.224564485434051497e-01 4.583512625892960379e-02
1.061094032108525487e-01 5.162547117970933686e-02
8.976235787829994761e-02 5.285339575707026505e-02
8.359815953414995171e-02 5.708286939073065058e-02
8.178402381300936552e-02 6.362168752375169101e-02
8.209182122225605616e-02 7.342991472328325164e-02
8.615018818384884147e-02 9.631577818885683762e-02
9.342725997704964813e-02 1.126628235214094387e-01
1.007526022018775946e-01 1.518957323195356257e-01
1.017082756213191774e-01 1.747815957851092672e-01
1.038711154653184088e-01 1.878592320511512925e-01
1.000635912069084976e-01 2.172839136497459744e-01
9.303176694481046782e-02 2.344249583270224813e-01
8.976235787829994761e-02 2.374576536851460418e-01
8.649294881178942740e-02 2.373945810472350426e-01
8.322353974527890719e-02 2.336854491334070527e-01
8.100136327038504058e-02 2.205533227162564391e-01
7.763285024154592540e-02 2.140145045832354542e-01
7.014590347923688185e-02 2.097489474417724709e-01
6.360708534621584143e-02 2.096305242440508754e-01
5.379885814668428079e-02 2.119271126407710204e-01
3.091299468111069482e-02 2.135733938361665807e-01
8.027131215537053333e-03 2.239208140547622738e-01
1.193530297830702747e-03 2.336309589822985200e-01
1.110223024625156540e-16 2.401697771153195604e-01
1.145552454575426982e-03 2.728638677804247070e-01
7.589263929843659273e-03 2.859415040464667879e-01
1.909994116720942214e-02 2.990191403125088687e-01
3.426552431710877533e-02 3.251744128445929749e-01
4.439260747172368848e-02 3.545990944431876013e-01
5.662715646612592746e-02 4.036402304408453490e-01
8.044713680784537635e-02 4.788366389705872028e-01
9.257619355029672592e-02 5.278777749682449505e-01
1.023437445538895041e-01 5.474942293673080718e-01
1.244369559586951390e-01 5.769189109659026427e-01
1.322646757429366549e-01 5.847466307501442140e-01
1.616893573415313368e-01 6.025779339075343355e-01
2.154569216636009754e-01 6.423070922961130469e-01
2.203379673504261005e-01 6.488459104291339763e-01
2.207263095835204081e-01 6.553847285621550167e-01
2.172693114722100693e-01 6.621896613866362635e-01
2.139999024056995491e-01 6.650967966714951274e-01
2.041916752061680440e-01 6.689553709572740869e-01
1.943834480066364834e-01 6.706845413030909642e-01
1.878446298736154429e-01 6.738599741361154249e-01
1.808679444549010640e-01 6.815400010942391784e-01
1.744242329796327207e-01 6.946176373602812593e-01
1.732786805250574047e-01 7.240423189588759412e-01
1.777416198893985166e-01 7.534670005574706231e-01
1.808679444549010640e-01 7.600058186904915525e-01
1.976528570731470036e-01 7.807231965507266391e-01
2.205387205387205896e-01 7.931554827501104965e-01
2.434245840042942310e-01 7.988432344563785037e-01
2.663104474698678170e-01 8.093897153160898306e-01
2.859269018689308828e-01 8.129549202129626728e-01
2.990045381349729636e-01 8.095025280826630976e-01
3.251598106670571253e-01 7.938630645042591416e-01
3.328617839487405528e-01 7.861610912225757142e-01
3.382694999631629673e-01 7.763528640230441535e-01
3.477627445018750540e-01 7.665446368235125929e-01
3.501330660750951451e-01 7.534670005574706231e-01
3.545844922656517517e-01 7.433987067276484062e-01
3.611233103986727921e-01 7.394811951062867372e-01
3.676621285316937771e-01 7.400466036634878453e-01
3.774703557312253377e-01 7.465778885958948008e-01
3.877877531952134693e-01 7.665446368235125929e-01
3.912376329722344614e-01 7.796222730895546738e-01
3.867776250899206403e-01 8.155857728211703961e-01
3.894067831721647055e-01 8.221245909541914365e-01
3.970868101302884590e-01 8.299523107384328968e-01
4.134338554628410600e-01 8.421789126389478408e-01
4.297809007953936056e-01 8.487209742333443607e-01
4.428585370614356864e-01 8.504678526307865027e-01
4.493973551944567268e-01 8.536157858306747670e-01
4.690138095935197926e-01 8.724546286030696596e-01
4.788220367930513532e-01 8.781601184793839110e-01
5.049773093251355149e-01 8.853750817409140605e-01
5.278631727907090454e-01 8.845861238458316844e-01
5.442102181232616465e-01 8.777905821655678231e-01
5.605572634558142475e-01 8.658769769913173819e-01
5.675339488745286820e-01 8.580880906858070478e-01
5.801445267024977204e-01 8.384716362867439265e-01
5.867417271402779466e-01 8.123163637546597649e-01
5.976619720125326829e-01 7.992387274886177950e-01
6.007863203288928977e-01 7.926999093555967546e-01
6.004601331282253263e-01 7.861610912225757142e-01
5.987112672619918641e-01 7.828916821560651940e-01
5.867125359878984092e-01 7.717945533053132134e-01
5.733748330915656721e-01 7.632752277570020727e-01
5.693182580637291546e-01 7.567364096239810323e-01
5.692840707333461925e-01 7.371199552249179110e-01
5.724320039332344567e-01 7.305811370918968706e-01
5.867125359878984092e-01 7.161517259233554089e-01
6.095983994534719397e-01 7.048637318455062140e-01
6.226760357195140205e-01 6.941213877698287904e-01
6.324842629190455812e-01 6.891775550610875767e-01
6.390230810520666216e-01 6.887270641283786965e-01
6.493960243630864104e-01 6.978870464267917795e-01
6.555674183110465902e-01 7.076952736263233401e-01
6.655738466163899636e-01 7.305811370918968706e-01
6.681529798659758823e-01 7.469281824244495827e-01
6.786043695048209479e-01 7.665446368235125929e-01
6.810842881696343998e-01 7.796222730895546738e-01
6.977315214446648817e-01 8.221245909541914365e-01
7.183334959905008921e-01 8.613574997523175680e-01
7.276926188800897366e-01 8.842433632178912095e-01
7.334931833529310108e-01 9.136680448164857804e-01
7.399368948281992431e-01 9.267456810825278612e-01
7.501829893134241978e-01 9.377170634307218089e-01
7.599912165129556474e-01 9.429493312805844463e-01
7.828770799785293999e-01 9.605809805727357764e-01
7.894158981115503293e-01 9.637403021351200749e-01
8.057629434441029304e-01 9.655830968484149235e-01
8.221099887766555314e-01 9.705607162238696350e-01
8.286488069096765718e-01 9.692193199202654430e-01
8.417264431757185417e-01 9.623136877819042923e-01
8.711511247743133346e-01 9.549567184064329251e-01
8.809593519738447842e-01 9.540155248872861371e-01
8.874981701068658246e-01 9.515873517575318408e-01
9.071146245059289459e-01 9.310286069596567238e-01
9.103840335724394661e-01 9.292379355348678871e-01
9.496169423705655976e-01 9.271867918295967348e-01
9.594251695700971583e-01 9.236171948206084448e-01
9.790416239691602796e-01 9.116487039224645539e-01
9.892877184543851232e-01 9.005904085504436996e-01
9.958368947382505443e-01 8.842433632178912095e-01
1.000000000000000000e+00 8.646269088188280882e-01
9.990008389961639867e-01 8.580880906858070478e-01
9.922052973159000144e-01 8.417410453532544468e-01
9.811081372470489281e-01 8.286634090872124769e-01
9.779602040471606639e-01 8.221245909541914365e-01
9.767683629776021670e-01 8.123163637546597649e-01
9.726885677149181841e-01 8.057775456216387244e-01
9.561557605035866381e-01 7.981241562159437919e-01
9.391081275139245843e-01 7.959693184221072748e-01
9.365733624489664955e-01 7.926999093555967546e-01
9.376710246275465899e-01 7.632752277570020727e-01
9.353572889804773194e-01 7.534670005574706231e-01
9.344016155610359586e-01 7.371199552249179110e-01
9.320878799139669102e-01 7.273117280253864614e-01
9.311322064945255494e-01 6.913482282937707391e-01
9.288184708474562790e-01 6.815400010942391784e-01
9.288184708474562790e-01 6.717317738947076178e-01
9.309966360464549950e-01 6.553847285621550167e-01
9.223802499164818203e-01 6.390376832296025267e-01
9.205350213999117237e-01 6.194212288305394054e-01
9.165208751808894272e-01 6.096130016310078448e-01
9.075557352529979305e-01 5.638412746998606728e-01
8.969109042741582050e-01 5.344165931012659909e-01
8.939494147827481418e-01 5.213389568352239101e-01
8.874699855459475817e-01 5.115307296356923494e-01
8.809301608214652468e-01 4.886448661701187635e-01
8.744497249932032812e-01 4.788366389705872028e-01
8.714459075589986448e-01 4.624895936380346573e-01
8.683195829934959864e-01 4.559507755050136169e-01
8.548040794417606225e-01 4.385028067112891059e-01
8.449958522422291729e-01 4.302784838577549120e-01
8.253793978431660516e-01 4.088901469226458585e-01
8.155711706436344910e-01 4.015384674695171574e-01
7.959547162445713697e-01 3.794654653240512321e-01
7.725858718941724934e-01 3.611379125762086417e-01
7.599912165129556474e-01 3.481494420119805033e-01
7.403747621138926371e-01 3.436267594699743411e-01
7.207583077148295159e-01 3.421033021635584426e-01
7.109500805152979552e-01 3.458891843519369402e-01
6.815253989167033843e-01 3.470291549891902361e-01
6.619089445176402631e-01 3.580094263142891142e-01
6.553701263846192226e-01 3.597932362665954287e-01
6.488313082515981822e-01 3.575096659292273937e-01
6.321358832644174974e-01 3.284438219111034951e-01
6.302459751735114413e-01 3.055579584455299091e-01
6.127846879504948996e-01 2.761332768469352272e-01
6.059693553896452478e-01 2.499780043148511210e-01
5.965207631874298588e-01 2.434064920911649943e-01
5.834431269213878890e-01 2.291114817432987061e-01
5.605572634558142475e-01 2.106590584360273355e-01
5.442102181232616465e-01 2.022510425498103559e-01
5.371751503997881372e-01 1.943980501841723330e-01
5.274676797584698651e-01 1.747815957851092672e-01
5.266811556666629590e-01 1.551651413860461459e-01
5.340536112691020021e-01 1.192016416544304791e-01
5.376713999902406060e-01 1.124027568911188935e-01
5.409408090567511262e-01 1.096134708343755593e-01
5.736348997218563284e-01 1.016409520471883710e-01
5.867125359878984092e-01 9.992794788330805478e-02
6.063289903869615305e-01 9.021482734152913574e-02
6.106119162640902820e-01 8.650755098932533249e-02
6.160032254116359907e-01 7.342991472328325164e-02
6.149111891865515211e-01 6.689109659026221122e-02
6.108484676259612334e-01 6.035227845724117079e-02
6.030595813204508993e-01 5.372742324352247634e-02
5.867125359878984092e-01 4.693188156325844851e-02
5.409408090567511262e-01 4.554234335745099838e-02
5.245937637241985252e-01 4.124499432263456500e-02
5.082467183916460352e-01 3.385424529721636766e-02
