3.462469895335199555e-01 0.000000000000000000e+00
3.383496189391891340e-01 6.096370529478645217e-04
3.225548777505277132e-01 5.623840604903895812e-03
2.909653953732047049e-01 7.610236627409394661e-03
2.751706541845432286e-01 1.083356067595658834e-02
1.725048364582435489e-01 1.168041993371832232e-02
1.635195627718366573e-01 1.687445982460517024e-02
1.595790619308037894e-01 2.477183041893588067e-02
1.601886989837515429e-01 3.266920101326664660e-02
1.849463290215344058e-01 9.979685106507796277e-02
1.936758645515070931e-01 1.471810746310623919e-01
1.941047343897526756e-01 1.669245011168892789e-01
1.908814103412054819e-01 1.827192423055507553e-01
1.897271792543417379e-01 1.985139834942122317e-01
1.790560643376315486e-01 2.458982070601967163e-01
1.790560643376315486e-01 2.537955776545274267e-01
1.887850717408188217e-01 2.814363747346850797e-01
1.936758645515070931e-01 3.011798012205119113e-01
1.948300956383708926e-01 3.169745424091734431e-01
1.976029195212871126e-01 3.288205983006695088e-01
1.976029195212871126e-01 3.367179688950002747e-01
1.928436996158651717e-01 3.564613953808271063e-01
1.884697795993690583e-01 3.683074512723232274e-01
1.821619472393545269e-01 3.762048218666539934e-01
1.685561511610781937e-01 3.864941845159983735e-01
1.591020873245956868e-01 3.959482483524808250e-01
1.486425227227873291e-01 4.117429895411423013e-01
1.407451521284565632e-01 4.275377307298038332e-01
1.285279461728776051e-01 4.591272131071267859e-01
1.237537602893941657e-01 4.788706395929536730e-01
1.225995292025304217e-01 4.946653807816151494e-01
1.193743917508617303e-01 5.104601219702765702e-01
1.193743917508617303e-01 5.617930308334264655e-01
1.225995292025304217e-01 5.775877720220878864e-01
1.237537602893941657e-01 5.973311985079148290e-01
1.286553231179474177e-01 6.210233102909070713e-01
1.334956470306017939e-01 6.328693661824031924e-01
1.405013790094435389e-01 6.644588485597261451e-01
1.533763691580408151e-01 6.920996456398836871e-01
1.604885786142834503e-01 7.118430721257105187e-01
1.822120211471083828e-01 7.513299250973642929e-01
1.821297568700841474e-01 7.552786103945297036e-01
1.798725053663691731e-01 7.592272956916950033e-01
1.646074658639127830e-01 7.669544643335617362e-01
1.488127246752513066e-01 7.774140289353701494e-01
1.290692981894244751e-01 7.962182815415554948e-01
1.211719275950937091e-01 7.998110056903391385e-01
1.132745570007629987e-01 7.987476120980705474e-01
1.053771864064322328e-01 7.947319999314617078e-01
8.563375992060534569e-02 7.894706353540752453e-01
7.773638932627463527e-02 7.895106744707248714e-01
6.589033343477851412e-02 7.938111977527018137e-01
5.009559224611703776e-02 8.021339921796437622e-01
3.274415781530376490e-02 8.184575751491756090e-01
2.204082009448243840e-02 8.382010016350025516e-01
2.065725932172740587e-02 8.460983722293331510e-01
2.065725932172740587e-02 8.776878546066562148e-01
2.204082009448243840e-02 8.855852252009869252e-01
3.274415781530376490e-02 9.053286516868137568e-01
6.194164813761315891e-02 9.345261420091230953e-01
7.773638932627463527e-02 9.449857066109315085e-01
1.172232422979283539e-01 9.651091577840633651e-01
1.290692981894244751e-01 9.690403755688550280e-01
1.725048364582435489e-01 9.777718396386554378e-01
2.040943188355665017e-01 9.789260707255191818e-01
2.159403747270626228e-01 9.817205249358207375e-01
2.317351159157241547e-01 9.821512081771879288e-01
2.475298571043856311e-01 9.789260707255191818e-01
2.712219688873778178e-01 9.784972008872736549e-01
2.791193394817085838e-01 9.797582356611611587e-01
2.909653953732047049e-01 9.840640748966715812e-01
3.107088218590315920e-01 9.961818769563390852e-01
3.265035630476930684e-01 1.000000000000000000e+00
3.501956748306852552e-01 9.966811726490126810e-01
3.738877866136774974e-01 9.884212448797506934e-01
3.860479424719936437e-01 9.803536723329558944e-01
3.894889647975759428e-01 9.764049870357904837e-01
3.941639722268996948e-01 9.645589311442943625e-01
3.989260411116125060e-01 9.448155046584675310e-01
3.979359273988732348e-01 9.329694487669714098e-01
3.860628996132707824e-01 9.092773369839791675e-01
3.655955474896302460e-01 8.934825957953176356e-01
3.623075076171828890e-01 8.895339104981523359e-01
3.527167585204139533e-01 8.421496869321678513e-01
3.515625274335502093e-01 8.184575751491756090e-01
3.483392033850031266e-01 8.026628339605141882e-01
3.487680732232485981e-01 7.631759809888604140e-01
3.541816118759371079e-01 7.434325545030335824e-01
3.580930454250160211e-01 7.385756715875201328e-01
3.620417307221813763e-01 7.364870991142694612e-01
3.659904160193467870e-01 7.364870991142694612e-01
3.699391013165121422e-01 7.384386289801478931e-01
3.744262436996546040e-01 7.434325545030335824e-01
3.981948575822938929e-01 8.026628339605141882e-01
4.050565074429419155e-01 8.263549457435064305e-01
4.329478641186940147e-01 8.934825957953176356e-01
4.434074287205024834e-01 9.092773369839791675e-01
4.647075484484810559e-01 9.304735816451781272e-01
4.844509749343079430e-01 9.410370213137662088e-01
4.962970308258040641e-01 9.453482637858627857e-01
5.041944014201348301e-01 9.466130405026995653e-01
5.239378279059616617e-01 9.466130405026995653e-01
5.318351985002923721e-01 9.453482637858627857e-01
5.436812543917884932e-01 9.409689405327805733e-01
5.726517108067059603e-01 9.171747075783098779e-01
5.833383093159062449e-01 9.013799663896484571e-01
5.993768236235806901e-01 8.618931134179947939e-01
6.062551786573526780e-01 8.303036310406717302e-01
6.147575897407652201e-01 8.062166507279630023e-01
6.187062750379306308e-01 8.039630108266540010e-01
6.226549603350959305e-01 8.057282607043662059e-01
6.390646607093815046e-01 8.382010016350025516e-01
6.659883774324366623e-01 9.092773369839791675e-01
6.818852397925765363e-01 9.266287714147924959e-01
6.937312956840726574e-01 9.335196754067403013e-01
7.134747221698994890e-01 9.387156699083687439e-01
7.292694633585610209e-01 9.382849866670016636e-01
7.490128898443878525e-01 9.333834238384484117e-01
7.727050016273800948e-01 9.217227468937950752e-01
7.884997428160416266e-01 9.108340302261308530e-01
8.058511772468548440e-01 8.934825957953176356e-01
8.163107418486632572e-01 8.776878546066562148e-01
8.483293762918419079e-01 8.184575751491756090e-01
8.719723606962832552e-01 7.710733515831911244e-01
8.865587610289815679e-01 7.355351839087027610e-01
8.992331330891361052e-01 7.157917574228759294e-01
9.192271191705574385e-01 6.644588485597261451e-01
9.280705808196945128e-01 6.249719955880723710e-01
9.292248119065581458e-01 6.052285691022455394e-01
9.320192661168600345e-01 5.933825132107494182e-01
9.331734972037235565e-01 5.775877720220878864e-01
9.359679514140253342e-01 5.657417161305918762e-01
9.371221825008888562e-01 5.341522337532688125e-01
9.399166367111906339e-01 5.223061778617726914e-01
9.410708677980542669e-01 4.867680101872843834e-01
9.438653220083561557e-01 4.749219542957882623e-01
9.445906832569742617e-01 4.393837866212999543e-01
9.459694911586444821e-01 4.314864160269691884e-01
9.660173932368532057e-01 3.919995630553154697e-01
9.746167935636843582e-01 3.801535071638193486e-01
9.793427406782726496e-01 3.683074512723232274e-01
9.792397521314595288e-01 3.604100806779925170e-01
9.754662664620132873e-01 3.525127100836617511e-01
9.543445252969871007e-01 3.328750519540090158e-01
9.306524135139949694e-01 3.276359927115198856e-01
9.227550429196642590e-01 3.289968788942929656e-01
9.143910095174866415e-01 3.367179688950002747e-01
9.064275426036072503e-01 3.564613953808271063e-01
9.051627658867706927e-01 3.643587659751578722e-01
9.051627658867706927e-01 4.117429895411423013e-01
9.083879033384395507e-01 4.275377307298038332e-01
9.088167731766849666e-01 4.551785278099614307e-01
9.055934491281376619e-01 4.709732689986229071e-01
9.044392180412741400e-01 5.144088072674419809e-01
9.016447638309723622e-01 5.262548631589381021e-01
8.996042831532187201e-01 5.499469749419303444e-01
8.951142458395066059e-01 5.614274118244296785e-01
8.911655605423411952e-01 5.632408821090537643e-01
8.872168752451758955e-01 5.611897594685817392e-01
8.829062271291037156e-01 5.538956602390957551e-01
8.589806414932233958e-01 4.749219542957882623e-01
8.541997912604160081e-01 4.472811572156306648e-01
8.537709214221707033e-01 4.314864160269691884e-01
8.630470999181716341e-01 3.959482483524808250e-01
8.836242189502139244e-01 3.564613953808271063e-01
8.850657257922425192e-01 3.485640247864963959e-01
8.846350425508755499e-01 3.169745424091734431e-01
8.798608566673919995e-01 2.972311159233465561e-01
8.709444705125024555e-01 2.735390041403543138e-01
8.660458471519121293e-01 2.458982070601967163e-01
8.656169773136668244e-01 2.222060952772044740e-01
8.692709846035810983e-01 2.024626687913776424e-01
8.695656626108321241e-01 1.511297599282278026e-01
8.727889866593794288e-01 1.353350187395663262e-01
8.739432177462429507e-01 1.195402775509047943e-01
8.767376719565447285e-01 1.076942216594086732e-01
8.778919030434082504e-01 8.795079517358184162e-02
8.805041102399947528e-01 7.610473928208572048e-02
8.787956994583638881e-01 6.820736868775495454e-02
8.753708193536797744e-01 6.471113691422308856e-02
8.714221340565143636e-01 6.309914881919981289e-02
8.398326516791914109e-01 6.173759970086106774e-02
8.240379104905298790e-01 5.851246224919215422e-02
7.766536869245455055e-01 5.906464349970280692e-02
7.687563163302146840e-01 6.311356465441159136e-02
7.649153224502447390e-01 6.820736868775495454e-02
7.632221740576723423e-01 7.610473928208572048e-02
7.643936559615722715e-01 8.400210987641648641e-02
7.851464941906709516e-01 1.432323893338970366e-01
7.899273444234782282e-01 1.708731864140546342e-01
7.899273444234782282e-01 1.827192423055507553e-01
7.871328902131766725e-01 1.945652981970468764e-01
7.859786591263129285e-01 2.143087246828737080e-01
7.831842049160112618e-01 2.261547805743698292e-01
7.820299738291475178e-01 2.537955776545274267e-01
7.792355196188458510e-01 2.656416335460235478e-01
7.772491235963401301e-01 2.893337453290157901e-01
7.693712755158388372e-01 3.130258571120080324e-01
7.490128898443878525e-01 3.532530885768802587e-01
7.450642045472224417e-01 3.574292104046421503e-01
7.411155192500571420e-01 3.592972693669731488e-01
7.371668339528917313e-01 3.590551396446514110e-01
7.337750145309676064e-01 3.564613953808271063e-01
7.287367042311656551e-01 3.446153394893309851e-01
7.280241087648395837e-01 3.367179688950002747e-01
7.385336865557565744e-01 2.972311159233465561e-01
7.389643697971236547e-01 2.735390041403543138e-01
7.375228629550951709e-01 2.656416335460235478e-01
7.134406817794066713e-01 2.222060952772044740e-01
7.037208801298865390e-01 1.708731864140546342e-01
7.037208801298865390e-01 9.979685106507796277e-02
7.069442041784336217e-01 8.400210987641648641e-02
7.073159518183506078e-01 7.215605398492036526e-02
7.054696601583733129e-01 6.425868339058959933e-02
6.976799809812379571e-01 5.646900421345418808e-02
6.779365544954111256e-01 5.122802190994385496e-02
6.581931280095842940e-01 5.426909894477566221e-02
6.423983868209227621e-01 5.384022910653030181e-02
5.910654779577729778e-01 4.495028155614538834e-02
5.871167926606075671e-01 4.579277273619858368e-02
5.820535590940810744e-01 5.241262749909347818e-02
5.818012547605773133e-01 7.215605398492036526e-02
5.866960311125490879e-01 9.189948047074719684e-02
6.114043411153945451e-01 1.590271305225585130e-01
6.126653758892820489e-01 1.669245011168892789e-01
6.126653758892820489e-01 2.103600393857083528e-01
6.090113685993678860e-01 2.301034658715352399e-01
6.090113685993678860e-01 2.537955776545274267e-01
6.126653758892820489e-01 2.735390041403543138e-01
6.126653758892820489e-01 3.011798012205119113e-01
6.094420518407348553e-01 3.169745424091734431e-01
6.074556558182292454e-01 3.446153394893309851e-01
6.035264930348932522e-01 3.564613953808271063e-01
5.989628485521036882e-01 3.646728659419778973e-01
5.950141632549383885e-01 3.680416743773217703e-01
5.871167926606075671e-01 3.701049871165551508e-01
5.752707367691114460e-01 3.697350528797599400e-01
4.647075484484810559e-01 3.460811393344909170e-01
4.252206954768273373e-01 3.353511162921353206e-01
4.133746395853312161e-01 3.342350834429947959e-01
3.817851572080082634e-01 3.250421149559682421e-01
3.724349684383053138e-01 3.169745424091734431e-01
3.699050609260193245e-01 3.130258571120080324e-01
3.645628144119100744e-01 2.932824306261812009e-01
3.641339445736645475e-01 2.537955776545274267e-01
3.717366371607441211e-01 2.222060952772044740e-01
3.704718604439074525e-01 2.024626687913776424e-01
3.622119326746454648e-01 1.787705570083854001e-01
3.535294009422265127e-01 1.629758158197239237e-01
3.483392033850031266e-01 1.432323893338970366e-01
3.483392033850031266e-01 9.979685106507796277e-02
3.515625274335502093e-01 8.400210987641648641e-02
3.522878886821684263e-01 4.451525690476276775e-02
3.585631270080119060e-01 2.082314512177052546e-02
3.591727640609596595e-01 1.292577452743975952e-02
3.541443601278506659e-01 3.940500841032867907e-03
