4.299242424242424310e-01 2.083333333333331483e-02
3.882575757575757458e-01 2.083333333333331483e-02
3.844696969696969613e-01 2.462121212121209934e-02
3.731060606060606077e-01 2.462121212121209934e-02
3.579545454545454142e-01 3.219696969696972388e-02
3.390151515151514916e-01 3.219696969696972388e-02
3.181818181818181768e-01 5.303030303030303871e-02
3.181818181818181768e-01 6.439393939393939226e-02
3.409090909090909394e-01 8.712121212121209934e-02
3.409090909090909394e-01 9.469696969696972388e-02
3.522727272727272929e-01 1.060606060606060774e-01
3.560606060606060774e-01 1.287878787878787845e-01
3.598484848484848619e-01 1.325757575757575690e-01
3.598484848484848619e-01 1.439393939393939226e-01
3.409090909090909394e-01 1.628787878787879007e-01
3.409090909090909394e-01 2.083333333333333148e-01
3.446969696969697239e-01 2.121212121212120993e-01
3.446969696969697239e-01 2.310606060606060774e-01
3.409090909090909394e-01 2.348484848484848619e-01
3.371212121212121549e-01 2.575757575757575690e-01
3.238636363636363535e-01 2.746212121212121549e-01
3.106060606060606077e-01 2.840909090909090606e-01
3.011363636363636465e-01 2.973484848484848619e-01
2.840909090909090606e-01 3.106060606060606077e-01
2.765151515151514916e-01 3.295454545454545858e-01
2.613636363636363535e-01 3.409090909090909394e-01
2.518939393939393923e-01 3.541666666666666297e-01
2.405303030303030387e-01 3.579545454545454142e-01
2.329545454545454697e-01 3.655303030303030387e-01
2.215909090909091161e-01 3.693181818181818232e-01
2.007575757575757458e-01 3.863636363636363535e-01
1.856060606060606077e-01 4.166666666666666852e-01
1.742424242424242542e-01 4.280303030303030387e-01
1.742424242424242542e-01 4.431818181818181768e-01
1.704545454545454697e-01 4.469696969696969613e-01
1.704545454545454697e-01 4.621212121212120993e-01
1.590909090909091161e-01 4.962121212121212155e-01
1.704545454545454697e-01 5.075757575757575690e-01
1.704545454545454697e-01 5.303030303030302761e-01
1.742424242424242542e-01 5.340909090909090606e-01
1.742424242424242542e-01 5.568181818181817677e-01
1.818181818181818232e-01 5.719696969696970168e-01
1.818181818181818232e-01 5.833333333333333703e-01
1.856060606060606077e-01 5.871212121212121549e-01
1.856060606060606077e-01 6.022727272727272929e-01
1.893939393939393923e-01 6.060606060606060774e-01
1.893939393939393923e-01 6.439393939393939226e-01
1.761363636363636465e-01 6.534090909090909394e-01
1.458333333333333148e-01 6.496212121212121549e-01
1.117424242424242542e-01 6.117424242424241987e-01
8.522727272727270709e-02 6.117424242424241987e-01
7.765151515151513806e-02 6.193181818181818787e-01
5.492424242424243097e-02 6.155303030303029832e-01
5.113636363636364646e-02 6.193181818181818787e-01
2.462121212121209934e-02 6.231060606060605522e-01
7.575757575757569029e-03 6.363636363636363535e-01
0.000000000000000000e+00 6.590909090909090606e-01
0.000000000000000000e+00 6.893939393939394478e-01
3.787878787878784514e-03 6.931818181818181213e-01
3.787878787878784514e-03 7.234848484848485084e-01
1.136363636363635354e-02 7.348484848484848619e-01
1.136363636363635354e-02 7.424242424242424310e-01
2.272727272727270709e-02 7.651515151515151381e-01
6.818181818181817677e-02 8.068181818181818787e-01
7.575757575757574580e-02 8.219696969696970168e-01
1.306818181818181768e-01 8.731060606060605522e-01
1.420454545454545303e-01 8.768939393939394478e-01
1.534090909090908839e-01 8.882575757575756903e-01
1.799242424242424310e-01 9.034090909090908283e-01
1.875000000000000000e-01 9.034090909090908283e-01
2.102272727272727071e-01 9.147727272727272929e-01
2.215909090909091161e-01 9.147727272727272929e-01
2.594696969696969613e-01 9.564393939393939226e-01
2.935606060606060774e-01 9.715909090909091717e-01
3.049242424242424310e-01 9.715909090909091717e-01
3.200757575757575690e-01 9.791666666666667407e-01
3.541666666666666297e-01 9.753787878787878451e-01
3.636363636363636465e-01 9.583333333333332593e-01
3.560606060606060774e-01 9.507575757575756903e-01
3.560606060606060774e-01 9.393939393939394478e-01
3.522727272727272929e-01 9.356060606060605522e-01
3.522727272727272929e-01 9.090909090909091717e-01
3.484848484848485084e-01 9.053030303030302761e-01
3.484848484848485084e-01 8.939393939393939226e-01
3.333333333333333703e-01 8.712121212121212155e-01
3.333333333333333703e-01 8.636363636363636465e-01
3.219696969696969613e-01 8.522727272727272929e-01
3.257575757575757458e-01 8.371212121212121549e-01
3.219696969696969613e-01 8.333333333333332593e-01
3.219696969696969613e-01 8.219696969696970168e-01
3.143939393939393923e-01 8.068181818181818787e-01
3.143939393939393923e-01 7.613636363636363535e-01
3.106060606060606077e-01 7.575757575757575690e-01
3.106060606060606077e-01 7.234848484848485084e-01
3.068181818181818232e-01 7.196969696969697239e-01
3.068181818181818232e-01 6.818181818181818787e-01
3.106060606060606077e-01 6.780303030303029832e-01
3.106060606060606077e-01 6.628787878787878451e-01
3.143939393939393923e-01 6.590909090909090606e-01
3.143939393939393923e-01 6.325757575757575690e-01
3.257575757575757458e-01 6.136363636363636465e-01
3.295454545454545858e-01 5.984848484848485084e-01
3.503787878787878451e-01 5.814393939393939226e-01
3.617424242424242542e-01 5.814393939393939226e-01
3.901515151515151381e-01 6.098484848484848619e-01
4.223484848484848619e-01 6.609848484848485084e-01
4.469696969696969613e-01 6.742424242424243097e-01
4.545454545454545303e-01 6.931818181818181213e-01
5.397727272727272929e-01 7.746212121212121549e-01
5.473484848484848619e-01 7.746212121212121549e-01
5.587121212121212155e-01 7.821969696969697239e-01
6.079545454545454142e-01 7.821969696969697239e-01
6.212121212121212155e-01 7.727272727272727071e-01
6.363636363636363535e-01 7.537878787878787845e-01
6.363636363636363535e-01 7.386363636363636465e-01
6.401515151515151381e-01 7.348484848484848619e-01
6.401515151515151381e-01 7.234848484848485084e-01
6.439393939393939226e-01 7.196969696969697239e-01
6.439393939393939226e-01 7.083333333333333703e-01
6.477272727272727071e-01 7.045454545454545858e-01
6.477272727272727071e-01 6.893939393939394478e-01
6.515151515151514916e-01 6.856060606060605522e-01
6.515151515151514916e-01 6.704545454545454142e-01
6.571969696969697239e-01 6.647727272727272929e-01
6.723484848484848619e-01 6.685606060606060774e-01
6.931818181818181213e-01 6.931818181818181213e-01
6.969696969696970168e-01 7.045454545454545858e-01
7.045454545454545858e-01 7.121212121212121549e-01
7.083333333333333703e-01 7.234848484848485084e-01
7.215909090909090606e-01 7.367424242424243097e-01
7.405303030303029832e-01 7.443181818181818787e-01
7.670454545454545858e-01 7.443181818181818787e-01
7.992424242424243097e-01 7.159090909090909394e-01
8.106060606060605522e-01 6.893939393939394478e-01
8.106060606060605522e-01 6.780303030303029832e-01
8.143939393939394478e-01 6.742424242424243097e-01
8.143939393939394478e-01 6.628787878787878451e-01
8.257575757575756903e-01 6.401515151515151381e-01
8.257575757575756903e-01 6.287878787878787845e-01
8.333333333333332593e-01 6.136363636363636465e-01
8.333333333333332593e-01 6.022727272727272929e-01
8.446969696969697239e-01 5.871212121212121549e-01
8.446969696969697239e-01 5.757575757575758013e-01
8.560606060606060774e-01 5.530303030303029832e-01
8.901515151515151381e-01 5.227272727272727071e-01
8.939393939393939226e-01 5.113636363636363535e-01
9.128787878787878451e-01 4.848484848484848619e-01
9.280303030303029832e-01 4.393939393939393923e-01
9.280303030303029832e-01 4.204545454545454697e-01
9.318181818181818787e-01 4.166666666666666852e-01
9.318181818181818787e-01 3.825757575757575690e-01
9.356060606060605522e-01 3.787878787878787845e-01
9.356060606060605522e-01 3.598484848484848619e-01
9.393939393939394478e-01 3.560606060606060774e-01
9.393939393939394478e-01 3.219696969696969613e-01
9.431818181818181213e-01 3.181818181818181768e-01
9.431818181818181213e-01 2.878787878787878451e-01
9.507575757575756903e-01 2.727272727272727071e-01
9.848484848484848619e-01 2.424242424242424310e-01
9.924242424242424310e-01 2.159090909090908839e-01
1.000000000000000000e+00 2.045454545454545303e-01
9.962121212121212155e-01 1.780303030303030387e-01
9.791666666666667407e-01 1.609848484848485084e-01
9.564393939393939226e-01 1.647727272727272929e-01
9.412878787878787845e-01 1.723484848484848619e-01
9.204545454545454142e-01 1.931818181818181768e-01
9.128787878787878451e-01 2.083333333333333148e-01
9.128787878787878451e-01 2.424242424242424310e-01
9.166666666666667407e-01 2.500000000000000000e-01
9.128787878787878451e-01 2.537878787878787845e-01
9.128787878787878451e-01 2.765151515151514916e-01
8.977272727272727071e-01 3.030303030303030387e-01
8.977272727272727071e-01 3.371212121212121549e-01
9.015151515151514916e-01 3.409090909090909394e-01
9.015151515151514916e-01 4.090909090909090606e-01
8.977272727272727071e-01 4.128787878787878451e-01
8.977272727272727071e-01 4.280303030303030387e-01
8.939393939393939226e-01 4.318181818181818232e-01
8.939393939393939226e-01 4.469696969696969613e-01
8.806818181818181213e-01 4.640151515151514916e-01
8.750000000000000000e-01 4.583333333333333148e-01
8.750000000000000000e-01 4.280303030303030387e-01
8.712121212121212155e-01 4.242424242424242542e-01
8.712121212121212155e-01 4.053030303030302761e-01
8.636363636363636465e-01 3.901515151515151381e-01
8.636363636363636465e-01 3.750000000000000000e-01
8.598484848484848619e-01 3.712121212121212155e-01
8.598484848484848619e-01 3.598484848484848619e-01
8.560606060606060774e-01 3.560606060606060774e-01
8.560606060606060774e-01 3.371212121212121549e-01
8.446969696969697239e-01 3.181818181818181768e-01
8.409090909090908283e-01 2.992424242424242542e-01
8.484848484848485084e-01 2.916666666666666297e-01
8.409090909090908283e-01 2.689393939393939226e-01
8.409090909090908283e-01 2.500000000000000000e-01
8.333333333333332593e-01 2.386363636363636465e-01
8.257575757575756903e-01 2.083333333333333148e-01
8.333333333333332593e-01 1.856060606060606077e-01
8.143939393939394478e-01 1.515151515151514916e-01
8.143939393939394478e-01 1.439393939393939226e-01
8.068181818181818787e-01 1.325757575757575690e-01
8.068181818181818787e-01 1.174242424242424310e-01
8.030303030303029832e-01 1.136363636363636465e-01
8.030303030303029832e-01 1.022727272727272929e-01
8.219696969696970168e-01 6.439393939393939226e-02
8.219696969696970168e-01 5.303030303030303871e-02
8.049242424242424310e-01 3.598484848484850840e-02
7.821969696969697239e-01 3.219696969696972388e-02
7.784090909090908283e-01 2.840909090909088386e-02
7.481060606060605522e-01 2.840909090909088386e-02
7.443181818181818787e-01 3.219696969696972388e-02
7.329545454545454142e-01 3.219696969696972388e-02
7.291666666666666297e-01 3.598484848484850840e-02
7.140151515151514916e-01 3.598484848484850840e-02
6.988636363636363535e-01 4.356060606060607743e-02
6.837121212121212155e-01 4.356060606060607743e-02
6.742424242424243097e-01 5.303030303030303871e-02
6.742424242424243097e-01 6.818181818181817677e-02
6.875000000000000000e-01 8.143939393939392257e-02
6.988636363636363535e-01 8.522727272727270709e-02
7.159090909090909394e-01 1.022727272727272929e-01
7.196969696969697239e-01 1.136363636363636465e-01
7.196969696969697239e-01 1.818181818181818232e-01
7.121212121212121549e-01 1.969696969696969613e-01
6.969696969696970168e-01 2.121212121212120993e-01
7.007575757575756903e-01 2.234848484848485084e-01
7.121212121212121549e-01 2.348484848484848619e-01
7.083333333333333703e-01 2.462121212121212155e-01
6.856060606060605522e-01 2.689393939393939226e-01
6.742424242424243097e-01 2.878787878787878451e-01
6.704545454545454142e-01 3.068181818181818232e-01
6.647727272727272929e-01 3.125000000000000000e-01
6.496212121212121549e-01 3.125000000000000000e-01
6.231060606060605522e-01 3.011363636363636465e-01
6.117424242424241987e-01 2.897727272727272929e-01
6.041666666666666297e-01 2.897727272727272929e-01
5.700757575757575690e-01 2.670454545454545858e-01
5.549242424242424310e-01 2.518939393939393923e-01
5.132575757575758013e-01 2.367424242424242542e-01
5.018939393939394478e-01 2.291666666666666852e-01
4.905303030303030387e-01 2.291666666666666852e-01
4.867424242424242542e-01 2.253787878787879007e-01
4.640151515151514916e-01 2.253787878787879007e-01
4.545454545454545303e-01 2.159090909090908839e-01
4.545454545454545303e-01 2.045454545454545303e-01
4.583333333333333148e-01 2.007575757575757458e-01
4.621212121212120993e-01 1.780303030303030387e-01
4.507575757575757458e-01 1.553030303030302761e-01
4.507575757575757458e-01 1.363636363636363535e-01
4.431818181818181768e-01 1.250000000000000000e-01
4.431818181818181768e-01 1.136363636363636465e-01
4.393939393939393923e-01 1.098484848484848619e-01
4.393939393939393923e-01 7.954545454545453032e-02
4.469696969696969613e-01 6.818181818181817677e-02
4.469696969696969613e-01 5.303030303030303871e-02
4.393939393939393923e-01 3.030303030303027612e-02
