1.081708455901154720e-01 4.580994941297050760e-02
4.715256182216992498e-02 4.619105097863934750e-02
4.105073344537535363e-02 4.927693793903037411e-02
3.467382264175816742e-02 5.935691913010765486e-02
2.168916263439268910e-02 1.386806880284369159e-01
1.774644276015613364e-02 2.088517143615742921e-01
1.367007136475911766e-02 2.241062853035606928e-01
4.014635797700227826e-03 2.424117704339443513e-01
1.216619969446386396e-03 2.576663413759307519e-01
7.211010239068893490e-03 2.729209123179171526e-01
1.113766569388108252e-03 2.881754832599035532e-01
1.110223024625156540e-16 3.034300542018899538e-01
4.031158605804774364e-03 3.156337109554790410e-01
1.356526544454628169e-02 3.278373677090681282e-01
1.391235965664794350e-02 3.369901102742599575e-01
9.289350663179818390e-03 3.522446812162464136e-01
1.351360279665164699e-02 3.674992521582327587e-01
2.271800800973811096e-02 3.797029089118219014e-01
2.247016588816902471e-02 4.132629649841919606e-01
3.060466856118898571e-02 4.254666217377810478e-01
4.203779391809220334e-02 4.346193643029728770e-01
4.511079617301172462e-02 4.407211926797674484e-01
4.687747939534725461e-02 4.559757636217538490e-01
6.341628130339538316e-02 4.803830771289320789e-01
6.449583555467447438e-02 4.956376480709184795e-01
8.172176643377904171e-02 5.200449615780966539e-01
8.237468308672662998e-02 6.481833574907823747e-01
8.673554331818633667e-02 6.634379284327688309e-01
9.781533877757470075e-02 6.786924993747551760e-01
1.307886805829452936e-01 7.092016412587279772e-01
1.374772232267393313e-01 7.183543838239198065e-01
2.040106211044800388e-01 7.824235817802627224e-01
2.245686699385224250e-01 8.068308952874408968e-01
2.336273895146132595e-01 8.251363804178245553e-01
2.389485244118115248e-01 8.525946081134000432e-01
2.511386850578797292e-01 8.892055783741674713e-01
2.717174475162196234e-01 9.258165486349347884e-01
2.881747827055549660e-01 9.422738838242701309e-01
3.034293536475413111e-01 9.505437160489610404e-01
3.278366671547195410e-01 9.541900505870293259e-01
3.461421522851032551e-01 9.505437160489610404e-01
3.613967232270896002e-01 9.442023209808025896e-01
3.717522300396304269e-01 9.349692912001266176e-01
3.831617271246737788e-01 9.197147202581401615e-01
3.922257190179104791e-01 9.014092351277565029e-01
4.101310630259619727e-01 8.464927797366055273e-01
4.193640928066378892e-01 8.400095870862612779e-01
4.284885861663815798e-01 8.464927797366055273e-01
4.342935663351065734e-01 8.709000932437838127e-01
4.433164454260727361e-01 8.953074067509618761e-01
4.578232130084535778e-01 9.166638060697429591e-01
4.773314623861861783e-01 9.320498819336430207e-01
4.925860333281725789e-01 9.383400592953718977e-01
5.261460894005426381e-01 9.383400592953718977e-01
5.414006603425290942e-01 9.300702270706809882e-01
5.578579955318643258e-01 9.136128918813456457e-01
5.689391752535886138e-01 8.983583209393593005e-01
5.871902283734745653e-01 8.556455223017973566e-01
5.928910891450699383e-01 8.342891229830163846e-01
6.233002010556527583e-01 7.549653540846871236e-01
6.449476358573573709e-01 7.092016412587279772e-01
6.865831057115494573e-01 6.359797007371932320e-01
7.061500265159821321e-01 6.177014559120631576e-01
7.153027690811739614e-01 6.180166651585684567e-01
7.192980138516941180e-01 6.237760439836042003e-01
7.186787806830888803e-01 6.451324433023850613e-01
7.122518548927766480e-01 6.540798358741272134e-01
7.030991123275848187e-01 6.574193068065669054e-01
6.969705215456288849e-01 6.634379284327688309e-01
6.910269604959093925e-01 6.786924993747551760e-01
6.753658022051864940e-01 7.000488986935361480e-01
6.736762807985716695e-01 7.153034696355224931e-01
6.681502072590039809e-01 7.336089547659061516e-01
6.693640038017820704e-01 7.519144398962898102e-01
6.651448291032694415e-01 7.671690108382762663e-01
6.675911648887765670e-01 7.915763243454545517e-01
6.655259306689382814e-01 8.190345520410300395e-01
6.686542911405795042e-01 8.251363804178245553e-01
6.817427130088038467e-01 8.331450301623674060e-01
6.872922207135609973e-01 8.403909513598109005e-01
6.865012284220504135e-01 8.556455223017973566e-01
6.904868509951924693e-01 8.678491790553863883e-01
6.969972839507903029e-01 8.751175334453917820e-01
7.061500265159821321e-01 8.803279182357982569e-01
7.214045974579684772e-01 8.833897732025350891e-01
7.253998422284886338e-01 8.892055783741674713e-01
7.286094486567220585e-01 9.197147202581401615e-01
7.281998154230351350e-01 9.410711195769211335e-01
7.305573400231603065e-01 9.446622998195137733e-01
7.366591683999548223e-01 9.463686160313200535e-01
7.478560234713729216e-01 9.319183770117293042e-01
7.580155677187357943e-01 9.231469987200870975e-01
7.702192244723249370e-01 9.067034685723281973e-01
7.763210528491195639e-01 9.046852167562815517e-01
7.915756237911057980e-01 9.084263377610701795e-01
8.037792805446950517e-01 9.048207119020552636e-01
8.159829372982840834e-01 8.924618425560144619e-01
8.281865940518732261e-01 8.891223716235747698e-01
8.403902508054623688e-01 8.759951199384071741e-01
8.525939075590514005e-01 8.704400347550571571e-01
9.563249899645589469e-01 8.499553252043896556e-01
9.837832176601344347e-01 8.404698543129591748e-01
9.933445648041294707e-01 8.312382087946190712e-01
9.993576425089689685e-01 8.190345520410300395e-01
1.000000000000000000e+00 7.915763243454545517e-01
9.970518161587301753e-01 7.854744959686599248e-01
9.837832176601344347e-01 7.760466709766453697e-01
9.471722473993671176e-01 7.718819902188600590e-01
9.105612771385998006e-01 7.713229478486325341e-01
8.953067061966133444e-01 7.669636608448264781e-01
8.818452164004393357e-01 7.488635257078926077e-01
8.807622618329608022e-01 7.427616973310979809e-01
8.973508187028396144e-01 7.122525554471252907e-01
9.140207959058002096e-01 6.969979845051388345e-01
9.199891021306143557e-01 6.847943277515498028e-01
9.217762117015044776e-01 6.634379284327688309e-01
9.323262810361838682e-01 6.512342716791796882e-01
9.383393587410233661e-01 6.390306149255905455e-01
9.394083538303860115e-01 6.268269581720014028e-01
9.347471533256523912e-01 6.115723872300150576e-01
9.389347790906944491e-01 5.871650737228368833e-01
9.353771952245810706e-01 5.780123311576450540e-01
9.246933419169305335e-01 5.658086744040559113e-01
9.222482468118957666e-01 5.597068460272612844e-01
9.272046970767968688e-01 5.352995325200831100e-01
9.231735384709920389e-01 5.230958757664939673e-01
9.045491815320521045e-01 5.047903906361103088e-01
8.963716479416199423e-01 4.773321629405348210e-01
8.831030494430243127e-01 4.650496032337974595e-01
8.617466501242432297e-01 4.587406546049889178e-01
8.589817591410082720e-01 4.559757636217538490e-01
8.499035559565557563e-01 4.224157075493837898e-01
8.434411649938595712e-01 4.162871167674279116e-01
8.281865940518732261e-01 4.103435557177084192e-01
8.190610917919348699e-01 4.010593082306028734e-01
8.159012163825234421e-01 3.888556514770137307e-01
8.007556066615512114e-01 3.705501663466300721e-01
7.996253435343385618e-01 3.583465095930409294e-01
8.106801578755935545e-01 3.217355393322736123e-01
8.037792805446950517e-01 3.133727656194346678e-01
7.976774521679004248e-01 3.147414624664195415e-01
7.854737954143113932e-01 3.252495387099811897e-01
7.397100825883521358e-01 3.487851624490458935e-01
7.214045974579684772e-01 3.632455737224865588e-01
7.056785215959571200e-01 3.797029089118219014e-01
6.874194139986905538e-01 4.102120507957947027e-01
6.752761014138313200e-01 4.590266778101511624e-01
6.695390562552147040e-01 4.624081077022914044e-01
6.634372278784201882e-01 4.599114429247863067e-01
6.594241022921436546e-01 4.498739352449592777e-01
6.614263980724309766e-01 4.346193643029728770e-01
6.534025804306446972e-01 4.071611366073973892e-01
6.614263980724309766e-01 3.858047372886164728e-01
6.576552534084737500e-01 3.034300542018899538e-01
6.481826569364337320e-01 2.872296998615003760e-01
6.300825217994998617e-01 2.759718265063144660e-01
6.287908614510904215e-01 2.637681697527253233e-01
6.394415456506289397e-01 2.393608562455470934e-01
6.389481934554812614e-01 2.241062853035606928e-01
6.265011602041351546e-01 2.058008001731770342e-01
6.257232347956938057e-01 1.874953150427933757e-01
6.324606072075156238e-01 1.600370873472178324e-01
6.448834125233995351e-01 1.295279454632450866e-01
6.664881420668173906e-01 1.205067078199669184e-01
6.878445413855984736e-01 1.063233962034157987e-01
6.969695483672593284e-01 9.596788939087497194e-02
7.038126325813229833e-01 6.850966169529948413e-02
7.000481981391875053e-01 6.339489379122165147e-02
6.695390562552147040e-01 6.101898432229418967e-02
5.993680299220773833e-01 6.079130415898098549e-02
5.871643731684882406e-01 5.844164487358843862e-02
5.780116306032964113e-01 6.156727532782407808e-02
5.739985050170199887e-01 6.850966169529948413e-02
5.733441872553751706e-01 1.569861731588205744e-01
5.705209532302911724e-01 1.722407441008069751e-01
5.699619108600635364e-01 2.088517143615742921e-01
5.647518881691082626e-01 2.302081136803552641e-01
5.664515260613223191e-01 2.485135988107389227e-01
5.637013902434329093e-01 2.820736548831089818e-01
5.597061454729127528e-01 2.880165814792579049e-01
5.322479177773371539e-01 2.975922472452451339e-01
5.258710069737199122e-01 3.064809683902872117e-01
5.259710369471100044e-01 3.369901102742599575e-01
5.217063262159347126e-01 3.522446812162464136e-01
5.237387274237603751e-01 3.705501663466300721e-01
5.108915184585562930e-01 3.957202084009076026e-01
5.047896900817616661e-01 3.978304240478823806e-01
4.712296340093916625e-01 3.939173954714001447e-01
4.285168353718297185e-01 3.969523083616065540e-01
3.827531225458705721e-01 4.131314600622782440e-01
3.461421522851032551e-01 4.380788830701734526e-01
3.369894097199114258e-01 4.397754092813642712e-01
3.330281421043310153e-01 4.346193643029728770e-01
3.312074352499648766e-01 4.163138791725892185e-01
3.243741216869353572e-01 3.980083940422055599e-01
3.251056068731703608e-01 3.644483379698355008e-01
3.157668224269373214e-01 3.461428528394518422e-01
3.157668224269373214e-01 3.400410244626572709e-01
3.250563985798091693e-01 3.217355393322736123e-01
3.257010272228414993e-01 3.156337109554790410e-01
3.190444871754292144e-01 2.942773116366981245e-01
3.125820962127331404e-01 2.878149206740020505e-01
3.034293536475413111e-01 2.840844846890981934e-01
2.881747827055549660e-01 2.830828034223481504e-01
2.778995339767074690e-01 2.759718265063144660e-01
2.750892210693822171e-01 2.698699981295198391e-01
2.804108891365737488e-01 2.454626846223416647e-01
2.809699315068013847e-01 2.149535427383688635e-01
3.034030526631585900e-01 1.173242887096559439e-01
3.125820962127331404e-01 1.077084609551537953e-01
3.339384955315141124e-01 9.411973944982665596e-02
3.473449165324521415e-01 8.071331844888862683e-02
3.525146262753846571e-01 7.156057588369679756e-02
3.530067092089971270e-01 6.545874750690222621e-02
3.491930664735004575e-01 5.970650304752811444e-02
3.034293536475413111e-01 5.524991926111127993e-02
2.851238685171576526e-01 5.638921169230293184e-02
2.756960435251430974e-01 6.850966169529948413e-02
2.454882850523757987e-01 2.180044569267661214e-01
2.328497227356006727e-01 2.332590278687525220e-01
2.288185641297959538e-01 2.454626846223416647e-01
2.300294431316834420e-01 2.637681697527253233e-01
2.281063118453179328e-01 2.698699981295198391e-01
2.149528421840202208e-01 2.793478381082293849e-01
1.966473570536365623e-01 2.810335705007008800e-01
1.874946144884447330e-01 2.847159644927030886e-01
1.773796605253737391e-01 2.973282258250953825e-01
1.783686343284142661e-01 3.186846251438762989e-01
1.850490404167929315e-01 3.339391960858627550e-01
1.769530229270421806e-01 3.583465095930409294e-01
1.797307209194636268e-01 3.827538231002191593e-01
1.718284122670714065e-01 4.041102224190001313e-01
1.719603764125219314e-01 4.193647933609865319e-01
1.802995418608078215e-01 4.346193643029728770e-01
1.808498268069353987e-01 4.407211926797674484e-01
1.722400435464583324e-01 4.518394280394075757e-01
1.667403692857948316e-01 4.498739352449592777e-01
1.569582322992184031e-01 4.224157075493837898e-01
1.430242239814800698e-01 4.010593082306028734e-01
1.263425186946922629e-01 3.858047372886164728e-01
1.173494433602937370e-01 3.613974237814382429e-01
9.599442914177996888e-02 3.278373677090681282e-01
9.319135707495174170e-02 3.003791400134926404e-01
8.681444627133455549e-02 2.902806140498976895e-01
6.850896114095089695e-02 2.793496243577542337e-01
6.203807056394694541e-02 2.668190839411225812e-01
5.826990822079941568e-02 2.271571994919579507e-01
6.346321844475538709e-02 2.027498859847797208e-01
6.499798846382703887e-02 1.783425724776014909e-01
6.892059242033782285e-02 1.661389157240124037e-01
7.045685250738914496e-02 1.447825164052314317e-01
8.091796788798988338e-02 1.020697177676695433e-01
1.085794501689187341e-01 7.766240426049131340e-02
1.175942337687941874e-01 5.935691913010765486e-02
1.180863167024066573e-01 5.325509075331308351e-02
1.142726739669100433e-01 4.750284629393902724e-02
