8.018518518518518157e-01 3.703703703703703498e-02
7.870370370370369795e-01 3.703703703703703498e-02
7.722222222222221433e-01 4.444444444444445308e-02
7.500000000000000000e-01 3.703703703703703498e-02
7.462962962962962354e-01 4.074074074074074403e-02
6.870370370370370017e-01 4.074074074074074403e-02
6.722222222222222765e-01 3.703703703703703498e-02
6.500000000000000222e-01 4.814814814814816213e-02
6.370370370370370683e-01 6.111111111111111605e-02
6.370370370370370683e-01 7.962962962962960578e-02
6.722222222222222765e-01 1.037037037037036868e-01
6.907407407407407662e-01 9.999999999999997780e-02
7.055555555555554914e-01 1.074074074074073959e-01
7.277777777777777457e-01 1.037037037037036868e-01
7.388888888888889284e-01 1.111111111111111049e-01
7.574074074074074181e-01 1.111111111111111049e-01
7.666666666666666075e-01 1.203703703703703498e-01
7.666666666666666075e-01 1.611111111111110938e-01
7.629629629629629539e-01 1.722222222222222210e-01
7.666666666666666075e-01 1.759259259259259300e-01
7.666666666666666075e-01 2.462962962962962910e-01
7.462962962962962354e-01 2.740740740740740811e-01
7.074074074074073737e-01 3.092592592592592338e-01
6.833333333333333481e-01 3.444444444444444420e-01
6.685185185185185119e-01 3.407407407407407329e-01
6.277777777777777679e-01 3.111111111111111160e-01
6.092592592592592782e-01 3.074074074074074070e-01
5.981481481481480955e-01 3.111111111111111160e-01
5.796296296296296058e-01 3.037037037037036979e-01
5.648148148148147696e-01 3.037037037037036979e-01
5.611111111111111160e-01 2.999999999999999889e-01
5.462962962962962798e-01 2.999999999999999889e-01
5.129629629629629539e-01 2.851851851851852082e-01
5.018518518518518823e-01 2.851851851851852082e-01
4.907407407407407551e-01 2.925925925925926263e-01
4.759259259259259189e-01 2.925925925925926263e-01
4.648148148148147918e-01 2.851851851851852082e-01
4.462962962962963021e-01 2.851851851851852082e-01
3.851851851851851860e-01 2.240740740740740922e-01
3.851851851851851860e-01 1.907407407407407662e-01
3.814814814814814770e-01 1.870370370370370572e-01
3.814814814814814770e-01 1.685185185185185119e-01
3.740740740740741144e-01 1.537037037037037313e-01
3.740740740740741144e-01 1.425925925925926041e-01
3.777777777777777679e-01 1.388888888888888951e-01
3.777777777777777679e-01 1.240740740740740589e-01
3.888888888888888951e-01 1.092592592592592782e-01
3.851851851851851860e-01 8.333333333333331483e-02
3.611111111111111049e-01 5.925925925925923377e-02
3.351851851851851971e-01 5.925925925925923377e-02
3.277777777777777790e-01 5.185185185185187118e-02
3.203703703703703609e-01 5.185185185185187118e-02
3.092592592592592338e-01 4.444444444444445308e-02
2.833333333333333259e-01 4.074074074074074403e-02
2.796296296296296169e-01 3.703703703703703498e-02
2.574074074074074181e-01 3.703703703703703498e-02
2.537037037037037090e-01 4.074074074074074403e-02
2.166666666666666741e-01 4.074074074074074403e-02
2.129629629629629650e-01 4.444444444444445308e-02
1.833333333333333481e-01 4.444444444444445308e-02
1.759259259259259300e-01 5.185185185185187118e-02
1.574074074074073848e-01 5.925925925925923377e-02
1.481481481481481399e-01 6.851851851851853414e-02
1.481481481481481399e-01 8.703703703703702388e-02
1.611111111111110938e-01 9.999999999999997780e-02
1.907407407407407662e-01 1.037037037037036868e-01
2.018518518518518379e-01 1.111111111111111049e-01
2.240740740740740922e-01 1.111111111111111049e-01
2.407407407407407551e-01 1.351851851851851860e-01
2.407407407407407551e-01 1.462962962962963132e-01
2.481481481481481732e-01 1.574074074074073848e-01
2.481481481481481732e-01 1.685185185185185119e-01
2.555555555555555358e-01 1.833333333333333481e-01
2.555555555555555358e-01 2.018518518518518379e-01
2.462962962962962910e-01 2.111111111111111382e-01
2.351851851851851638e-01 2.111111111111111382e-01
2.129629629629629650e-01 2.259259259259259189e-01
2.018518518518518379e-01 2.259259259259259189e-01
1.907407407407407662e-01 2.333333333333333370e-01
1.796296296296296391e-01 2.333333333333333370e-01
1.500000000000000222e-01 2.481481481481481732e-01
1.425925925925926041e-01 2.481481481481481732e-01
1.240740740740740589e-01 2.629629629629629539e-01
1.166666666666666408e-01 2.629629629629629539e-01
1.074074074074073959e-01 2.722222222222222543e-01
1.037037037037036868e-01 2.833333333333333259e-01
8.703703703703702388e-02 2.962962962962962798e-01
7.222222222222224319e-02 2.962962962962962798e-01
5.925925925925923377e-02 3.129629629629629983e-01
4.814814814814816213e-02 3.425925925925925597e-01
4.814814814814816213e-02 3.611111111111111049e-01
3.333333333333332593e-02 3.870370370370370683e-01
3.333333333333332593e-02 3.981481481481481399e-01
2.592592592592590783e-02 4.129629629629629761e-01
2.592592592592590783e-02 4.537037037037037202e-01
2.962962962962961688e-02 4.574074074074074292e-01
2.592592592592590783e-02 4.870370370370370461e-01
2.222222222222219878e-02 4.907407407407407551e-01
2.222222222222219878e-02 5.203703703703703720e-01
2.592592592592590783e-02 5.240740740740740256e-01
2.592592592592590783e-02 5.611111111111111160e-01
2.222222222222219878e-02 5.648148148148147696e-01
2.222222222222219878e-02 6.240740740740741144e-01
4.074074074074074403e-02 6.425925925925926041e-01
6.296296296296294281e-02 6.833333333333333481e-01
6.296296296296294281e-02 6.944444444444444198e-01
6.666666666666665186e-02 7.092592592592592560e-01
6.111111111111111605e-02 7.148148148148147918e-01
3.148148148148149916e-02 7.185185185185185563e-01
0.000000000000000000e+00 7.462962962962962354e-01
0.000000000000000000e+00 7.685185185185186008e-01
3.703703703703709049e-03 7.722222222222221433e-01
3.703703703703709049e-03 8.018518518518518157e-01
1.481481481481483620e-02 8.203703703703704164e-01
1.481481481481483620e-02 8.277777777777777235e-01
3.518518518518520821e-02 8.481481481481480955e-01
7.962962962962960578e-02 8.740740740740740033e-01
8.703703703703702388e-02 8.740740740740740033e-01
1.092592592592592782e-01 8.888888888888888395e-01
1.166666666666666408e-01 8.888888888888888395e-01
1.259259259259259411e-01 8.981481481481481399e-01
1.259259259259259411e-01 9.351851851851851194e-01
1.574074074074073848e-01 9.629629629629630205e-01
1.907407407407407662e-01 9.629629629629630205e-01
2.055555555555555469e-01 9.481481481481481843e-01
2.277777777777778012e-01 9.481481481481481843e-01
2.314814814814814548e-01 9.444444444444444198e-01
2.425925925925925819e-01 9.444444444444444198e-01
2.462962962962962910e-01 9.481481481481481843e-01
2.648148148148148362e-01 9.481481481481481843e-01
2.870370370370370350e-01 9.407407407407407662e-01
2.962962962962962798e-01 9.314814814814814659e-01
3.074074074074074070e-01 9.092592592592592116e-01
3.111111111111111160e-01 8.907407407407407218e-01
2.999999999999999889e-01 8.685185185185184675e-01
2.814814814814814437e-01 8.462962962962963243e-01
2.814814814814814437e-01 8.166666666666666519e-01
2.851851851851852082e-01 8.129629629629628873e-01
2.851851851851852082e-01 8.018518518518518157e-01
2.814814814814814437e-01 7.981481481481481621e-01
2.814814814814814437e-01 7.796296296296296724e-01
2.740740740740740811e-01 7.648148148148148362e-01
2.740740740740740811e-01 7.500000000000000000e-01
2.666666666666666630e-01 7.351851851851851638e-01
2.666666666666666630e-01 6.500000000000000222e-01
2.759259259259259078e-01 6.333333333333333037e-01
2.833333333333333259e-01 6.333333333333333037e-01
2.999999999999999889e-01 6.574074074074074403e-01
2.999999999999999889e-01 6.648148148148147474e-01
3.259259259259259522e-01 6.981481481481481843e-01
3.333333333333333703e-01 7.166666666666666741e-01
3.444444444444444420e-01 7.277777777777777457e-01
3.555555555555555691e-01 7.648148148148148362e-01
3.555555555555555691e-01 7.833333333333333259e-01
3.592592592592592782e-01 7.870370370370369795e-01
3.592592592592592782e-01 7.981481481481481621e-01
3.666666666666666963e-01 8.055555555555555802e-01
3.703703703703703498e-01 8.314814814814814881e-01
3.740740740740741144e-01 8.351851851851852526e-01
3.740740740740741144e-01 8.462962962962963243e-01
3.888888888888888951e-01 8.759259259259259967e-01
3.888888888888888951e-01 8.833333333333333037e-01
4.037037037037036757e-01 9.092592592592592116e-01
4.277777777777778123e-01 9.333333333333333481e-01
4.462962962962963021e-01 9.407407407407407662e-01
4.537037037037037202e-01 9.481481481481481843e-01
4.648148148148147918e-01 9.481481481481481843e-01
4.685185185185185008e-01 9.518518518518518379e-01
4.944444444444444642e-01 9.518518518518518379e-01
4.981481481481481732e-01 9.481481481481481843e-01
5.240740740740740256e-01 9.481481481481481843e-01
5.425925925925926263e-01 9.407407407407407662e-01
5.629629629629629983e-01 9.203703703703703942e-01
5.814814814814814881e-01 8.833333333333333037e-01
5.814814814814814881e-01 8.648148148148148140e-01
5.851851851851851416e-01 8.611111111111111605e-01
5.851851851851851416e-01 8.462962962962963243e-01
5.925925925925925597e-01 8.314814814814814881e-01
5.999999999999999778e-01 7.944444444444445086e-01
6.055555555555555136e-01 7.888888888888888618e-01
6.129629629629629317e-01 7.888888888888888618e-01
6.185185185185184675e-01 7.944444444444445086e-01
6.296296296296296502e-01 8.462962962962963243e-01
6.370370370370370683e-01 8.611111111111111605e-01
6.370370370370370683e-01 8.870370370370370683e-01
6.518518518518519045e-01 9.018518518518519045e-01
6.555555555555555580e-01 9.129629629629629761e-01
6.796296296296295836e-01 9.407407407407407662e-01
7.092592592592592560e-01 9.555555555555554914e-01
7.203703703703703276e-01 9.555555555555554914e-01
7.351851851851851638e-01 9.629629629629630205e-01
7.722222222222221433e-01 9.629629629629630205e-01
7.944444444444445086e-01 9.518518518518518379e-01
8.222222222222221877e-01 9.240740740740740478e-01
8.407407407407407884e-01 8.722222222222222321e-01
8.407407407407407884e-01 8.574074074074073959e-01
8.444444444444444420e-01 8.537037037037036313e-01
8.444444444444444420e-01 8.425925925925925597e-01
8.481481481481480955e-01 8.388888888888889062e-01
8.481481481481480955e-01 8.018518518518518157e-01
8.518518518518518601e-01 7.981481481481481621e-01
8.555555555555556246e-01 7.685185185185186008e-01
8.962962962962963687e-01 7.277777777777777457e-01
9.259259259259259300e-01 6.796296296296295836e-01
9.407407407407407662e-01 6.388888888888888395e-01
9.592592592592592560e-01 6.092592592592592782e-01
9.592592592592592560e-01 6.018518518518518601e-01
9.740740740740740922e-01 5.796296296296296058e-01
9.777777777777778567e-01 5.537037037037036979e-01
9.814814814814813992e-01 5.500000000000000444e-01
9.814814814814813992e-01 5.277777777777777901e-01
9.851851851851851638e-01 5.240740740740740256e-01
9.851851851851851638e-01 5.055555555555555358e-01
9.888888888888889284e-01 5.018518518518518823e-01
9.888888888888889284e-01 4.722222222222222099e-01
9.925925925925925819e-01 4.685185185185185008e-01
9.925925925925925819e-01 4.500000000000000111e-01
9.962962962962962354e-01 4.462962962962963021e-01
9.962962962962962354e-01 3.907407407407407218e-01
1.000000000000000000e+00 3.870370370370370683e-01
1.000000000000000000e+00 3.648148148148148140e-01
9.907407407407406996e-01 3.555555555555555691e-01
9.796296296296296280e-01 3.555555555555555691e-01
9.703703703703703276e-01 3.648148148148148140e-01
9.518518518518518379e-01 3.981481481481481399e-01
9.518518518518518379e-01 4.166666666666666852e-01
9.481481481481481843e-01 4.203703703703703942e-01
9.481481481481481843e-01 4.388888888888888840e-01
9.388888888888888840e-01 4.444444444444444198e-01
9.296296296296295836e-01 4.314814814814814659e-01
9.296296296296295836e-01 4.166666666666666852e-01
9.259259259259259300e-01 4.129629629629629761e-01
9.259259259259259300e-01 3.981481481481481399e-01
9.185185185185185119e-01 3.870370370370370683e-01
9.111111111111110938e-01 3.574074074074073959e-01
9.000000000000000222e-01 3.425925925925925597e-01
9.000000000000000222e-01 3.129629629629629983e-01
9.037037037037036757e-01 3.092592592592592338e-01
9.037037037037036757e-01 2.907407407407407440e-01
9.000000000000000222e-01 2.870370370370370350e-01
9.000000000000000222e-01 2.722222222222222543e-01
8.925925925925926041e-01 2.500000000000000000e-01
8.740740740740740033e-01 2.240740740740740922e-01
8.740740740740740033e-01 2.129629629629629650e-01
8.703703703703703498e-01 2.092592592592592560e-01
8.703703703703703498e-01 1.944444444444444198e-01
8.666666666666666963e-01 1.907407407407407662e-01
8.666666666666666963e-01 1.796296296296296391e-01
8.592592592592592782e-01 1.685185185185185119e-01
8.518518518518518601e-01 1.388888888888888951e-01
8.407407407407407884e-01 1.203703703703703498e-01
8.407407407407407884e-01 9.444444444444444198e-02
8.481481481481480955e-01 8.333333333333331483e-02
8.481481481481480955e-01 6.851851851851853414e-02
8.388888888888889062e-01 5.555555555555558023e-02
8.240740740740740700e-01 5.185185185185187118e-02
