4.478595398972819441e-01 4.134947985303893958e-03
3.977775245777231961e-01 1.411586209278170578e-02
3.727365169179437943e-01 2.478739129246382289e-02
3.262317884069249607e-01 5.611567707247233638e-02
2.999421051630325463e-01 8.614424807108145288e-02
2.965235393641286743e-01 9.329882168816122645e-02
2.979230668354985179e-01 1.040306821137809701e-01
3.125405361669676974e-01 1.183398293479406282e-01
3.268386495619451382e-01 1.398035501991801155e-01
3.445509587571091714e-01 1.827309919016590345e-01
3.518786268971828557e-01 2.185038599870581799e-01
3.490116808197970544e-01 2.256584336041380090e-01
3.119226411727653026e-01 2.628149692286894101e-01
2.904589203215258153e-01 2.744585878173033677e-01
2.833043467044460417e-01 2.754765507165093386e-01
2.725724862788262426e-01 2.700238043178926906e-01
2.582633390446665844e-01 2.564437383507074397e-01
2.332223313848872381e-01 2.394245998048585289e-01
2.046040369165679218e-01 2.252772473048673674e-01
1.938721764909481782e-01 2.221119854749820655e-01
1.854014313122357982e-01 2.149265731785182654e-01
1.819570596594267675e-01 2.077719995614384363e-01
1.814584573419104063e-01 1.612672710504196028e-01
1.899137033831376220e-01 1.183398293479406282e-01
1.974494632994880927e-01 1.078487478421264467e-01
2.511087654275867553e-01 8.975185086952414126e-02
2.761497730873662126e-01 7.595536867890079202e-02
2.915461349398076329e-01 6.468052721984196562e-02
2.951644283542975145e-01 5.752595360276213654e-02
2.939403869476940878e-01 3.963951956006256383e-02
2.797270598959060717e-01 2.151684959604427405e-02
2.725724862788262426e-01 1.785325645559404650e-02
2.511087654275867553e-01 1.474512201538735745e-02
2.296450445763473236e-01 1.985765743224110480e-02
2.046040369165679218e-01 1.826376477788554942e-02
1.616765952140890028e-01 2.051479392979144167e-02
1.402128743628495156e-01 2.536175203474971829e-02
1.151718667030701138e-01 3.637180564841552277e-02
1.044713859862972383e-01 5.037137998568230746e-02
1.028649322348842987e-01 5.752595360276213654e-02
1.041174640242213956e-01 6.825781402838188017e-02
1.187172134508195365e-01 8.972153487962136742e-02
1.263364634361745509e-01 1.147625425394007137e-01
1.307743407064711483e-01 1.505354106247998591e-01
1.314298343627776644e-01 1.827309919016590345e-01
1.377638087785414411e-01 2.113492863699783508e-01
1.282427223496582780e-01 2.506994412639174108e-01
1.282427223496582780e-01 2.757404489236967571e-01
1.343862329701519531e-01 3.007814565834761589e-01
1.379093184634109792e-01 3.293997510517954197e-01
1.335977328835653566e-01 3.615953323286546506e-01
1.264999415967798524e-01 3.794817663713542233e-01
1.151718667030701138e-01 3.948781282237956436e-01
1.080172930859903402e-01 3.973995801229005531e-01
1.044400062774504256e-01 3.958840069509361737e-01
7.994197965111010662e-02 3.544407587115748215e-01
6.866713819205128022e-02 3.403069686739123023e-01
4.720341734081179297e-02 3.326647350437167416e-01
4.004884372373196388e-02 3.327173960758446070e-01
2.931698329811222026e-02 3.364618086307233913e-01
2.216240968103244668e-02 3.421924397475523127e-01
1.146192896425957120e-02 3.580180455201147360e-01
0.000000000000000000e+00 4.152546344567533687e-01
9.146589216114109355e-03 4.689139365848520313e-01
1.094789944791130232e-02 4.939549442446313776e-01
2.577053516895633223e-02 5.261505255214906640e-01
3.644124092528916448e-02 5.655006804154296685e-01
6.367957485322156552e-02 6.048508353093686729e-01
9.518721635920773805e-02 6.370464165862278483e-01
1.187172134508195365e-01 6.692419978630871347e-01
1.219514021869965714e-01 6.835511450972466818e-01
1.299137502447144654e-01 7.014375791399463100e-01
1.300204460750254420e-01 7.372104472253454555e-01
1.222961243302471135e-01 7.550968812680449727e-01
1.210881487325785044e-01 7.694060285022046308e-01
1.258734111387870280e-01 7.872924625449042590e-01
1.336154191831652738e-01 8.016016097790639172e-01
1.376696470224031965e-01 8.194880438217633234e-01
1.295768341196013584e-01 8.337971910559229816e-01
1.295768341196013584e-01 8.445290514815427807e-01
1.402437130422334866e-01 8.588381987157024389e-01
1.475428051764263726e-01 8.803019195669419261e-01
1.640492854442430204e-01 8.981883536096414433e-01
1.938721764909481782e-01 9.231335410870492586e-01
2.153358973421876654e-01 9.300802029876623633e-01
2.332223313848872381e-01 9.481745487468287159e-01
2.403769050019670672e-01 9.493435549717621491e-01
2.582633390446665844e-01 9.469966380200989242e-01
2.689951994702863836e-01 9.495086605167717408e-01
2.904589203215258153e-01 9.494162186100606471e-01
3.011907807471455589e-01 9.452690859288150893e-01
3.226545015983850462e-01 9.469770421599588150e-01
3.405409356410845634e-01 9.515793592270995749e-01
3.476955092581643925e-01 9.497452152450017726e-01
3.584273696837841916e-01 9.425260718424102180e-01
3.847845489051961998e-01 9.160747876523409605e-01
4.054111991066610687e-01 8.838792063754818962e-01
4.196224317282332694e-01 8.516836250986226098e-01
4.228185322375025423e-01 8.304754247337073902e-01
4.263958190460425124e-01 8.275369391409781450e-01
4.370301171041565680e-01 8.445290514815427807e-01
4.381213702518121922e-01 8.516836250986226098e-01
4.325567018829723498e-01 8.659927723327822680e-01
4.332330527043002366e-01 8.731473459498620970e-01
4.481203837270713031e-01 8.981883536096414433e-01
4.550141135143617732e-01 9.028161135286256744e-01
4.836324079826810896e-01 9.041596708208196054e-01
4.907869815997609186e-01 9.076040424736285805e-01
5.015188420253806623e-01 9.173234632364539731e-01
5.086734156424604913e-01 9.207802956851127707e-01
5.194052760680801795e-01 9.212271485034470020e-01
5.408689969193196667e-01 9.149465664281092314e-01
5.516008573449393548e-01 9.172943172461613948e-01
5.623327177705591540e-01 9.159789674699694295e-01
5.730645781961788421e-01 9.089521540960516788e-01
5.802191518132586712e-01 9.072917476522691649e-01
5.981055858559582994e-01 9.086519175246207114e-01
6.088374462815779875e-01 9.031334265508583758e-01
6.267238803242776157e-01 8.859774226766445882e-01
6.446103143669771329e-01 8.745151320825390595e-01
6.516690678016853200e-01 8.659927723327822680e-01
6.533638267848437264e-01 8.588381987157024389e-01
6.504911570749556393e-01 8.409517646730029217e-01
6.497879663267058792e-01 7.515195944595050026e-01
6.471613303697884012e-01 7.407877340338853145e-01
6.481876011755169920e-01 7.327719617406754926e-01
6.517648879840569620e-01 7.300152226218049600e-01
6.553421747925968210e-01 7.321239925444527064e-01
6.592473795585862550e-01 7.407877340338853145e-01
6.608963832584877629e-01 7.801378889278243189e-01
6.656799273494791169e-01 7.980243229705239472e-01
6.831132171220515303e-01 8.373744778644629516e-01
6.827329688854367751e-01 8.409517646730029217e-01
6.710464638820869965e-01 8.516836250986226098e-01
6.709489652808346971e-01 8.552609119071625798e-01
6.792901225942112875e-01 8.659927723327822680e-01
6.770697938510237268e-01 8.803019195669419261e-01
6.804151225131668257e-01 8.946110668011015843e-01
6.868901438023927719e-01 9.053429272267212724e-01
6.823320028779241708e-01 9.303839348865006187e-01
6.828705146864391118e-01 9.411157953121204178e-01
6.872595226510140876e-01 9.482703689292002469e-01
6.982696164950757955e-01 9.559583975966763347e-01
7.161560505377753127e-01 9.630621659708613613e-01
7.411970581975547701e-01 9.657240666644151261e-01
7.626607790487942573e-01 9.757081587507012710e-01
7.769699262829539155e-01 9.924464862157922340e-01
7.841244999000336335e-01 9.958650520146961060e-01
7.912790735171135736e-01 9.958650520146961060e-01
8.091655075598130908e-01 9.872393375238686097e-01
8.520929492622919543e-01 9.856717033975913589e-01
8.914431041562310698e-01 9.816117998869198225e-01
9.307932590501700743e-01 9.627337095602797046e-01
9.808752743697288778e-01 9.341692034862347782e-01
9.921056091867025417e-01 9.124975008438011015e-01
9.964227131914600299e-01 8.981883536096414433e-01
1.000000000000000000e+00 8.731473459498620970e-01
1.000000000000000000e+00 8.481063382900826397e-01
9.951519008147200474e-01 8.302199042473831225e-01
9.844525611782688479e-01 8.193955277836114659e-01
9.486796930928695915e-01 8.083303159189365594e-01
9.307932590501700743e-01 8.085475083323121481e-01
9.200613986245502751e-01 8.030395387903397353e-01
8.914431041562310698e-01 7.751503255889946598e-01
8.735566701135315526e-01 7.636893838964007308e-01
8.663712578170676970e-01 7.550968812680449727e-01
8.615314829186703216e-01 7.372104472253454555e-01
8.604858144669433884e-01 7.121694395655659982e-01
8.468338037303341226e-01 6.442009902033076774e-01
8.465668420282043138e-01 5.762325408410493566e-01
8.390220936157040121e-01 5.118413782873310058e-01
8.270205618936659064e-01 4.653366497763121168e-01
8.195161816861622484e-01 4.510275025421524586e-01
8.166951193100463469e-01 4.367183553079928005e-01
7.989671021845896615e-01 3.973682004140537960e-01
7.819574896217835747e-01 3.723271927542743942e-01
7.579698086111805733e-01 3.437088982859550779e-01
7.566198890607880312e-01 3.365543246688752488e-01
7.590428412537937319e-01 3.329770378603353898e-01
7.948563603256534327e-01 3.129235935393857027e-01
8.139914699524659625e-01 2.936268829663963298e-01
8.172982455386030853e-01 2.864723093493165007e-01
8.166374211357149138e-01 2.793177357322366716e-01
8.060673216631311089e-01 2.578540148809972399e-01
7.837433136007631029e-01 2.256584336041380090e-01
7.794189918672619344e-01 2.006174259443586072e-01
7.840335519303249789e-01 1.827309919016590345e-01
7.917775479084674384e-01 1.684218446674994318e-01
8.000621135171854803e-01 1.290716897735603719e-01
7.987561893874224328e-01 7.541238764546170925e-02
7.841244999000336335e-01 5.020264004188318419e-02
7.769699262829539155e-01 4.706238968778286846e-02
7.662380658573341163e-01 4.875308357229518608e-02
7.590834922402542873e-01 5.267597821810710013e-02
7.173339376576605142e-01 8.972153487962136742e-02
7.068621191234314427e-01 1.040306821137809701e-01
6.789729059220864782e-01 1.326489765821002864e-01
6.696827017356032918e-01 1.469581238162599446e-01
6.680228556437645127e-01 1.612672710504196028e-01
6.693287797735274491e-01 1.684218446674994318e-01
6.839604692609161374e-01 1.897102083222417801e-01
7.054241901121556246e-01 1.966074028283339992e-01
7.159152716179698617e-01 2.041947127528985217e-01
7.266792358995636247e-01 2.542767280724572698e-01
7.242049458569901343e-01 2.614313016895370989e-01
7.090014769206955947e-01 2.691253074444127646e-01
6.911150428779959665e-01 2.698792020758583599e-01
6.660740352182166202e-01 2.663019152673185008e-01
6.446103143669771329e-01 2.581577467798353842e-01
6.303331071936080221e-01 2.399675808382976672e-01
6.267532023472983660e-01 1.791537050931191200e-01
6.279621719118491097e-01 1.612672710504196028e-01
6.250954139412855382e-01 1.398035501991801155e-01
6.266930416448935892e-01 1.326489765821002864e-01
6.374557407498973038e-01 1.184450436658388006e-01
6.768058956438363083e-01 1.044057202469344525e-01
7.068215677717415435e-01 8.614424807108145288e-02
7.144080581199661051e-01 7.898967445400162379e-02
7.202237718281312429e-01 6.468052721984196562e-02
7.208232919207923084e-01 4.321680636860247837e-02
7.163593054700787555e-01 3.606223275152264929e-02
6.946923296865359365e-01 2.495533419274947873e-02
6.589194616011367911e-01 1.693750712125152713e-02
6.124147330901179576e-01 1.417264442307614170e-02
5.766418650047188121e-01 2.587850498205007677e-02
5.480235705363994958e-01 3.245562391996187346e-02
5.301371364936999786e-01 3.216760598416074091e-02
5.229825628766201495e-01 3.563946249233157504e-02
5.161154498066551355e-01 4.321680636860247837e-02
5.155683474750495376e-01 5.037137998568230746e-02
5.332353223903817385e-01 8.972153487962136742e-02
5.517550507418592654e-01 1.111852557308607992e-01
5.568600028768972976e-01 1.290716897735603719e-01
5.568600028768972976e-01 1.576899842418796882e-01
5.539398525659078310e-01 1.719991314760393464e-01
5.520335936524241038e-01 2.041947127528985217e-01
5.406670533091600950e-01 2.292357204126779235e-01
5.416235808554961118e-01 2.435448676468375817e-01
5.374459035076996072e-01 2.578540148809972399e-01
5.301371364936999786e-01 2.663247600597096754e-01
5.229825628766201495e-01 2.696199347747105235e-01
5.086734156424604913e-01 2.686738413756794008e-01
4.657459739399815168e-01 2.717881239820034156e-01
4.335503926631223415e-01 2.841687534498779089e-01
4.228185322375025423e-01 2.840022779815151166e-01
4.162115025196890250e-01 2.793177357322366716e-01
4.151068401830271815e-01 2.757404489236967571e-01
4.240568238250740363e-01 2.328130072212178381e-01
4.240568238250740363e-01 2.220811467955980945e-01
4.003207519181695151e-01 1.326489765821002864e-01
4.036159266331703632e-01 1.254944029650204573e-01
4.228185322375025423e-01 1.090182454526106848e-01
4.519159276176799578e-01 7.541238764546170925e-02
4.634069787190130962e-01 3.963951956006256383e-02
4.632969083556733869e-01 1.817579870882307658e-02
4.596786149411834499e-01 1.102122509174330300e-02
