4.887005649717514055e-01 2.655367231638418035e-01
4.548022598870056221e-01 2.655367231638418035e-01
4.491525423728813804e-01 2.711864406779661008e-01
4.435028248587570832e-01 2.711864406779661008e-01
4.293785310734463123e-01 2.853107344632768161e-01
4.293785310734463123e-01 2.909604519774011688e-01
4.237288135593220151e-01 2.966101694915254106e-01
4.237288135593220151e-01 3.022598870056497078e-01
4.152542372881355970e-01 3.107344632768361814e-01
3.192090395480225995e-01 3.107344632768361814e-01
3.135593220338983023e-01 3.163841807909604231e-01
2.231638418079096020e-01 3.163841807909604231e-01
2.175141242937853048e-01 3.220338983050847759e-01
1.836158192090395214e-01 3.220338983050847759e-01
1.553672316384180907e-01 2.937853107344632897e-01
8.757062146892657939e-02 2.937853107344632897e-01
7.344632768361580855e-02 3.079096045197740050e-01
7.344632768361580855e-02 3.135593220338983023e-01
7.062146892655368768e-02 3.163841807909604231e-01
6.497175141242939045e-02 3.163841807909604231e-01
5.932203389830509321e-02 3.220338983050847759e-01
5.367231638418079598e-02 3.220338983050847759e-01
5.084745762711861961e-02 3.248587570621468967e-01
5.084745762711861961e-02 3.305084745762711940e-01
4.519774011299437788e-02 3.361581920903954912e-01
4.519774011299437788e-02 3.644067796610169774e-01
4.237288135593220151e-02 3.672316384180790982e-01
3.672316384180790427e-02 3.672316384180790982e-01
3.389830508474578341e-02 3.700564971751412191e-01
3.389830508474578341e-02 3.757062146892655163e-01
2.824858757062148618e-02 3.813559322033898136e-01
2.824858757062148618e-02 3.926553672316384080e-01
2.259887005649718894e-02 3.983050847457627053e-01
2.259887005649718894e-02 4.604519774011299194e-01
1.977401129943501257e-02 4.632768361581920957e-01
8.474576271186418097e-03 4.632768361581920957e-01
0.000000000000000000e+00 4.717514124293785138e-01
0.000000000000000000e+00 4.830508474576271083e-01
1.129943502824859447e-02 4.943502824858757028e-01
1.129943502824859447e-02 5.000000000000000000e-01
1.694915254237289171e-02 5.056497175141242417e-01
1.694915254237289171e-02 5.112994350282485945e-01
2.259887005649718894e-02 5.169491525423728362e-01
2.259887005649718894e-02 5.225988700564971889e-01
2.824858757062148618e-02 5.282485875706214307e-01
2.824858757062148618e-02 5.338983050847457834e-01
3.389830508474578341e-02 5.395480225988700251e-01
3.389830508474578341e-02 5.451977401129943779e-01
4.237288135593220151e-02 5.536723163841807960e-01
4.802259887005649874e-02 5.536723163841807960e-01
5.367231638418079598e-02 5.593220338983050377e-01
5.932203389830509321e-02 5.593220338983050377e-01
6.497175141242939045e-02 5.649717514124293904e-01
8.192090395480228215e-02 5.649717514124293904e-01
8.757062146892657939e-02 5.706214689265536322e-01
1.101694915254237128e-01 5.706214689265536322e-01
1.158192090395480101e-01 5.762711864406779849e-01
2.005649717514124131e-01 5.762711864406779849e-01
2.062146892655367103e-01 5.819209039548022266e-01
2.231638418079096020e-01 5.819209039548022266e-01
2.288135593220338992e-01 5.875706214689265794e-01
2.457627118644067910e-01 5.875706214689265794e-01
2.514124293785310327e-01 5.932203389830508211e-01
2.627118644067796271e-01 5.932203389830508211e-01
2.655367231638418035e-01 5.960451977401129975e-01
2.655367231638418035e-01 6.016949152542372392e-01
2.598870056497175063e-01 6.073446327683615920e-01
2.598870056497175063e-01 6.186440677966101864e-01
2.627118644067796271e-01 6.214689265536723628e-01
2.683615819209039799e-01 6.214689265536723628e-01
2.740112994350282216e-01 6.271186440677966045e-01
2.796610169491525744e-01 6.271186440677966045e-01
2.853107344632768161e-01 6.214689265536723628e-01
2.909604519774011688e-01 6.214689265536723628e-01
3.022598870056497078e-01 6.101694915254237683e-01
3.135593220338983023e-01 6.101694915254237683e-01
3.163841807909604231e-01 6.129943502824858337e-01
3.163841807909604231e-01 6.186440677966101864e-01
3.248587570621468967e-01 6.271186440677966045e-01
3.305084745762711940e-01 6.271186440677966045e-01
3.361581920903954912e-01 6.327683615819208462e-01
3.926553672316384080e-01 6.327683615819208462e-01
3.983050847457627053e-01 6.271186440677966045e-01
4.039548022598870025e-01 6.271186440677966045e-01
4.152542372881355970e-01 6.158192090395480101e-01
4.209039548022598942e-01 6.214689265536723628e-01
4.491525423728813804e-01 6.214689265536723628e-01
4.519774011299435013e-01 6.242937853107344282e-01
4.519774011299435013e-01 6.525423728813559698e-01
4.576271186440677985e-01 6.581920903954802116e-01
4.576271186440677985e-01 6.751412429378531588e-01
4.632768361581920957e-01 6.807909604519774005e-01
4.632768361581920957e-01 6.920903954802259950e-01
4.689265536723163930e-01 6.977401129943503477e-01
4.689265536723163930e-01 7.033898305084745894e-01
4.745762711864406902e-01 7.090395480225988312e-01
4.745762711864406902e-01 7.146892655367231839e-01
4.887005649717514055e-01 7.288135593220339548e-01
4.943502824858757028e-01 7.288135593220339548e-01
5.000000000000000000e-01 7.344632768361581965e-01
6.807909604519774005e-01 7.344632768361581965e-01
6.864406779661016422e-01 7.288135593220339548e-01
6.977401129943503477e-01 7.288135593220339548e-01
7.033898305084745894e-01 7.231638418079096020e-01
7.090395480225988312e-01 7.231638418079096020e-01
7.146892655367231839e-01 7.175141242937852493e-01
7.259887005649717784e-01 7.175141242937852493e-01
7.316384180790960201e-01 7.118644067796610075e-01
7.372881355932203729e-01 7.118644067796610075e-01
7.429378531073446146e-01 7.062146892655367658e-01
7.485875706214689673e-01 7.062146892655367658e-01
7.683615819209039799e-01 6.864406779661016422e-01
7.683615819209039799e-01 6.807909604519774005e-01
7.740112994350282216e-01 6.751412429378531588e-01
7.740112994350282216e-01 6.299435028248587809e-01
7.796610169491524633e-01 6.242937853107344282e-01
7.796610169491524633e-01 6.073446327683615920e-01
7.881355932203389925e-01 5.988700564971751739e-01
9.067796610169491789e-01 5.988700564971751739e-01
9.124293785310734206e-01 6.045197740112994156e-01
9.237288135593220151e-01 6.045197740112994156e-01
9.293785310734463678e-01 6.101694915254237683e-01
9.632768361581920402e-01 6.101694915254237683e-01
9.689265536723163930e-01 6.045197740112994156e-01
9.745762711864407457e-01 6.045197740112994156e-01
9.774011299435028111e-01 6.016949152542372392e-01
9.774011299435028111e-01 5.960451977401129975e-01
9.830508474576271638e-01 5.903954802259887558e-01
9.830508474576271638e-01 5.847457627118644030e-01
9.887005649717514055e-01 5.790960451977401613e-01
9.887005649717514055e-01 5.734463276836158085e-01
9.943502824858756473e-01 5.677966101694915668e-01
9.943502824858756473e-01 5.621468926553672141e-01
1.000000000000000000e+00 5.564971751412429724e-01
1.000000000000000000e+00 5.282485875706214307e-01
9.943502824858756473e-01 5.225988700564971889e-01
9.943502824858756473e-01 5.169491525423728362e-01
9.887005649717514055e-01 5.112994350282485945e-01
9.887005649717514055e-01 5.056497175141242417e-01
9.830508474576271638e-01 5.000000000000000000e-01
9.830508474576271638e-01 4.943502824858757028e-01
9.774011299435028111e-01 4.887005649717514055e-01
9.774011299435028111e-01 4.039548022598870025e-01
9.632768361581920402e-01 3.898305084745762872e-01
9.406779661016948513e-01 3.898305084745762872e-01
9.350282485875706096e-01 3.841807909604519899e-01
9.180790960451976623e-01 3.841807909604519899e-01
9.152542372881355970e-01 3.813559322033898136e-01
9.152542372881355970e-01 3.700564971751412191e-01
9.096045197740112442e-01 3.644067796610169774e-01
9.096045197740112442e-01 3.474576271186440302e-01
9.039548022598870025e-01 3.418079096045197884e-01
9.039548022598870025e-01 3.361581920903954912e-01
8.983050847457627608e-01 3.305084745762711940e-01
8.983050847457627608e-01 3.248587570621468967e-01
8.926553672316384080e-01 3.192090395480225995e-01
8.926553672316384080e-01 3.135593220338983023e-01
8.728813559322033955e-01 2.937853107344632897e-01
8.107344632768361814e-01 2.937853107344632897e-01
8.050847457627119397e-01 2.994350282485875869e-01
7.994350282485875869e-01 2.994350282485875869e-01
7.966101694915254106e-01 3.022598870056497078e-01
7.966101694915254106e-01 3.079096045197740050e-01
7.909604519774011688e-01 3.135593220338983023e-01
7.909604519774011688e-01 3.248587570621468967e-01
7.853107344632768161e-01 3.305084745762711940e-01
7.853107344632768161e-01 3.361581920903954912e-01
7.824858757062147507e-01 3.389830508474576121e-01
6.242937853107344282e-01 3.389830508474576121e-01
6.186440677966101864e-01 3.333333333333333703e-01
5.621468926553672141e-01 3.333333333333333703e-01
5.536723163841807960e-01 3.248587570621468967e-01
5.536723163841807960e-01 3.192090395480225995e-01
5.480225988700564432e-01 3.135593220338983023e-01
5.480225988700564432e-01 3.022598870056497078e-01
5.423728813559322015e-01 2.966101694915254106e-01
5.423728813559322015e-01 2.909604519774011688e-01
5.338983050847457834e-01 2.824858757062146952e-01
5.282485875706214307e-01 2.824858757062146952e-01
5.225988700564971889e-01 2.768361581920903980e-01
5.112994350282485945e-01 2.768361581920903980e-01
5.056497175141242417e-01 2.711864406779661008e-01
4.943502824858757028e-01 2.711864406779661008e-01
