1.081400502289851517e-01 2.746496047574493726e-01
1.022307578667455141e-01 2.734013659556576714e-01
9.632146550450587652e-02 2.727568392341734871e-01
9.041217314226629442e-02 2.725804424472408893e-01
7.859358841778701921e-02 2.727568392341734871e-01
7.268429605554738160e-02 2.734323587477672790e-01
6.677500369330779950e-02 2.749140851858399293e-01
6.086571133106816189e-02 2.773674102526222374e-01
5.495641896882852429e-02 2.806578116815965362e-01
4.904712660658894219e-02 2.853962090080528480e-01
4.721524597429460623e-02 2.872654749593736567e-01
4.308599834643489501e-02 2.931747673216132943e-01
4.042146598106177713e-02 2.990840596838528764e-01
3.223954915005494692e-02 3.227212291328113714e-01
2.479043457126656191e-02 3.404491062195302287e-01
2.339542567050328925e-02 3.463583985817698663e-01
2.271990615690938631e-02 3.522676909440094484e-01
2.227891418957811398e-02 3.640862756684887236e-01
2.163710126481588336e-02 3.699955680307283057e-01
2.039174856429992744e-02 3.759048603929679433e-01
1.870337931794580077e-02 3.818141527552075809e-01
1.739659857550246436e-02 3.877234451174472185e-01
1.578497338580076015e-02 4.054513222041660758e-01
1.448245620206028983e-02 4.113606145664057134e-01
1.279408695570616317e-02 4.172699069286452955e-01
1.148730621326282675e-02 4.231791992908849331e-01
9.875681023561178051e-03 4.409070763776037905e-01
8.573163839820707732e-03 4.468163687398434281e-01
6.884794593466581070e-03 4.527256611020830102e-01
5.578013851023189140e-03 4.586349534643226478e-01
3.966388661321540443e-03 4.763628305510415051e-01
1.057953955175217065e-03 4.881814152755207803e-01
1.110223024625156540e-16 4.940907076377603624e-01
1.110223024625156540e-16 5.000000000000000000e-01
1.248576289440972431e-03 5.059092923622395821e-01
3.725858913141033568e-03 5.118185847244792752e-01
7.291843782839202426e-03 5.177278770867188573e-01
1.359137243315117205e-02 5.240274057370308824e-01
1.950066479539080966e-02 5.275933906067290513e-01
2.540995715763044727e-02 5.300792668602525293e-01
3.131924951987008487e-02 5.315919860904348981e-01
4.313783424434930458e-02 5.326775047792504658e-01
4.904712660658894219e-02 5.334706012704978351e-01
5.495641896882852429e-02 5.354048119979011311e-01
6.086571133106816189e-02 5.385686849714033109e-01
6.677500369330779950e-02 5.422619926978030636e-01
7.859358841778701921e-02 5.487024178854582601e-01
9.041217314226629442e-02 5.538031538465203463e-01
9.632146550450587652e-02 5.554457822425764579e-01
1.022307578667455141e-01 5.566837505824061560e-01
1.140493425912247338e-01 5.598902090998412184e-01
1.199586349534643714e-01 5.611384479016329196e-01
1.258679273157040091e-01 5.617829746231172150e-01
1.317772196779435911e-01 5.619593714100497017e-01
2.617816516472152855e-01 5.620475698035160006e-01
2.676909440094549231e-01 5.623121649839148972e-01
2.736002363716945052e-01 5.631093957748559697e-01
2.795095287339341428e-01 5.653999568167096257e-01
2.854188210961737804e-01 5.704414509998790850e-01
2.897212006230675541e-01 5.768208007091151224e-01
2.930386980895879345e-01 5.827300930713547045e-01
2.972374058206530001e-01 5.891318264637810387e-01
3.026542571527059411e-01 5.945486777958339797e-01
3.090559905451322198e-01 5.987473855268989897e-01
3.208745752696114950e-01 6.053647932802903586e-01
3.326931599940907702e-01 6.131577651470971890e-01
3.386024523563303523e-01 6.163329335379883478e-01
3.445117447185699344e-01 6.190092732296946787e-01
3.563303294430492096e-01 6.231748399768471947e-01
3.622396218052888472e-01 6.257201950066479945e-01
3.799674988920077046e-01 6.341215618937828813e-01
3.858767912542473422e-01 6.364379357507422563e-01
3.917860836164869243e-01 6.376218791549711495e-01
3.976953759787265619e-01 6.375295464618111474e-01
4.036046683409661995e-01 6.358618884335969224e-01
4.154232530654454192e-01 6.298541957227740129e-01
4.213325454276850568e-01 6.281116117594918169e-01
4.272418377899246389e-01 6.275422268183385999e-01
4.331511301521642765e-01 6.281116117594918169e-01
4.390604225144039141e-01 6.300581528089282957e-01
4.449697148766435517e-01 6.340818436992170515e-01
4.468015955089378322e-01 6.359137243315112764e-01
4.508252863992264770e-01 6.418230166937508585e-01
4.528641601418230134e-01 6.477323090559905516e-01
4.547427753218860058e-01 6.595508937804697158e-01
4.561687770147589971e-01 6.654601861427094089e-01
4.612695129758210832e-01 6.772787708671885731e-01
4.678154612413734093e-01 6.890973555916678484e-01
4.721865518142663865e-01 6.950066479539074304e-01
4.775914206722724487e-01 7.009159403161471236e-01
4.863347614123209040e-01 7.096592810561955789e-01
4.922440537745604860e-01 7.150641499142016411e-01
4.981533461368001237e-01 7.194352404870945072e-01
5.040626384990397613e-01 7.226325897473777626e-01
5.099719308612793434e-01 7.250859148141599597e-01
5.158812232235190365e-01 7.265676412522327210e-01
5.217905155857586186e-01 7.272431607658266239e-01
5.276998079479982007e-01 7.274195575527591107e-01
7.167971635396661600e-01 7.274195575527591107e-01
7.227064559019057421e-01 7.272431607658266239e-01
7.286157482641453242e-01 7.265676412522327210e-01
7.345250406263850174e-01 7.250859148141599597e-01
7.404343329886245995e-01 7.226325897473777626e-01
7.463436253508641816e-01 7.194352404870945072e-01
7.522529177131038747e-01 7.149939603556002554e-01
7.581622100753434568e-01 7.092546084273074758e-01
7.602248875980119891e-01 7.068252326783867057e-01
7.639132178207372892e-01 7.009159403161471236e-01
7.659352023364431883e-01 6.950066479539074304e-01
7.666733550448379120e-01 6.890973555916678484e-01
7.669379502252365866e-01 6.831880632294282663e-01
7.672025454056354832e-01 6.595508937804697158e-01
7.678443583303975473e-01 6.536416014182301337e-01
7.690897110309136142e-01 6.477323090559905516e-01
7.707780802772676854e-01 6.418230166937508585e-01
7.720848610197109663e-01 6.359137243315112764e-01
7.737536506926372404e-01 6.240951396070320012e-01
7.752604084677253704e-01 6.181858472447924191e-01
7.777121189737528084e-01 6.122765548825528370e-01
7.809024333621762404e-01 6.063672625203131439e-01
7.853333680938765493e-01 6.004579701580735618e-01
7.909844752612613661e-01 5.945486777958339797e-01
7.936179642487811714e-01 5.921733740031689397e-01
7.995272566110207535e-01 5.877424392714686308e-01
8.113458413355000287e-01 5.812035258777761282e-01
8.231644260599793039e-01 5.761059669556183316e-01
8.290737184222188860e-01 5.746843642396899376e-01
8.408923031466981612e-01 5.730155745667637746e-01
8.468015955089377433e-01 5.717087938243204936e-01
8.586201802334170186e-01 5.685023353068854313e-01
8.645294725956566007e-01 5.673204768344375371e-01
8.763480573201358759e-01 5.641111322157267294e-01
8.822573496823754580e-01 5.628657795152107735e-01
8.881666420446150401e-01 5.622239665904485983e-01
9.236223962180527547e-01 5.619593714100497017e-01
9.295316885802924478e-01 5.616947762296510271e-01
9.354409809425321409e-01 5.609566235212563035e-01
9.413502733047716120e-01 5.589317611034260169e-01
9.472595656670113051e-01 5.548973260452060297e-01
9.490082338150209740e-01 5.531836312601565719e-01
9.534326657239937663e-01 5.472743388979169898e-01
9.566418631895146074e-01 5.413650465356772967e-01
9.590781503914905803e-01 5.376118473326333413e-01
9.608123992369304034e-01 5.354557541734377146e-01
9.649874427537301624e-01 5.318321314984794101e-01
9.708967351159698556e-01 5.280691387206382093e-01
9.768060274782094377e-01 5.250126081884453066e-01
9.827153198404490198e-01 5.214346150230327881e-01
9.874564962706180449e-01 5.177278770867188573e-01
9.923313501390025326e-01 5.118185847244792752e-01
9.957858732857416406e-01 5.059092923622395821e-01
9.983604135535915081e-01 5.000000000000000000e-01
1.000000000000000000e+00 4.940907076377603624e-01
9.999103918781133693e-01 4.881814152755207803e-01
9.981896532297036551e-01 4.822721229132811427e-01
9.949169142550733369e-01 4.763628305510415051e-01
9.893632737479686190e-01 4.704535381888018675e-01
9.818423561960272217e-01 4.645442458265622854e-01
9.763042951078305665e-01 4.586349534643226478e-01
9.727496488227738158e-01 4.527256611020830102e-01
9.699764354857849380e-01 4.468163687398434281e-01
9.658108687386324220e-01 4.349977840153641528e-01
9.631345290469262022e-01 4.290884916531245707e-01
9.599593606560350434e-01 4.231791992908849331e-01
9.472595656670113051e-01 4.042262250071163576e-01
9.432584822967449156e-01 3.995420298419264382e-01
9.413502733047716120e-01 3.977101492096321578e-01
9.354409809425321409e-01 3.935809015817725021e-01
9.295316885802924478e-01 3.908718385891323255e-01
9.236223962180527547e-01 3.885605948687645417e-01
9.177131038558132836e-01 3.852147832655530291e-01
9.136168898319880771e-01 3.818141527552075809e-01
9.118038114935735905e-01 3.795981681193677515e-01
9.095114135944288858e-01 3.759048603929679433e-01
9.014133057566355856e-01 3.581769833062490860e-01
8.955282181229984317e-01 3.463583985817698663e-01
8.922929582630754197e-01 3.404491062195302287e-01
8.881666420446150401e-01 3.340473728271039500e-01
8.822573496823754580e-01 3.282402852069785659e-01
8.763480573201358759e-01 3.246743003372803971e-01
8.704387649578961828e-01 3.221884240837569191e-01
8.645294725956566007e-01 3.207066976456842133e-01
8.586201802334170186e-01 3.200311781320904214e-01
8.172551336977396108e-01 3.198547813451578792e-01
8.113458413355000287e-01 3.200311781320904214e-01
8.054365489732604466e-01 3.207066976456842133e-01
7.995272566110207535e-01 3.222852977290395771e-01
7.936179642487811714e-01 3.251386669173639277e-01
7.889337690835913630e-01 3.286305214950510090e-01
7.877086718865415893e-01 3.297986374271216770e-01
7.838620570469705395e-01 3.345398138572905911e-01
7.795399442093280395e-01 3.404491062195302287e-01
7.758900871620623141e-01 3.443270793322499856e-01
7.726399763628304385e-01 3.463583985817698663e-01
7.699807947998227320e-01 3.476879893632737195e-01
7.640715024375830389e-01 3.489101384654642590e-01
7.581622100753434568e-01 3.492695940837555746e-01
7.049785788151868848e-01 3.493130447628896573e-01
6.990692864529471917e-01 3.491366479759571151e-01
6.931599940907076096e-01 3.484948350511949400e-01
6.872507017284680275e-01 3.472494823506789841e-01
6.813414093662283344e-01 3.455611131043248019e-01
6.754321170039887523e-01 3.442543323618815765e-01
6.577042399172698950e-01 3.426427071721798168e-01
6.517949475550302019e-01 3.413401899884393464e-01
6.458856551927906198e-01 3.396518207420852198e-01
6.399763628305510377e-01 3.384035819402935186e-01
6.340670704683113446e-01 3.377590552188092787e-01
6.222484857438321804e-01 3.373180632514778399e-01
6.163391933815924872e-01 3.366762503267156648e-01
6.104299010193529051e-01 3.354308976261997088e-01
6.045206086571133230e-01 3.337425283798456377e-01
5.986113162948736299e-01 3.324942895780538255e-01
5.927020239326340478e-01 3.318497628565696411e-01
5.572462697591963332e-01 3.314087708892382578e-01
5.513369773969567511e-01 3.307669579644760827e-01
5.454276850347170580e-01 3.295216052639601267e-01
5.395183926724774759e-01 3.277394377261418912e-01
5.276998079479982007e-01 3.248910474220711997e-01
5.217905155857586186e-01 3.227721713083478994e-01
5.158812232235190365e-01 3.190976064578530114e-01
5.040626384990397613e-01 3.101112213241035143e-01
4.981533461368001237e-01 3.068462657528965298e-01
4.922440537745604860e-01 3.041699260611902544e-01
4.745161766878416287e-01 2.982867742064078675e-01
4.686068843256019911e-01 2.970385354046161108e-01
4.626975919633624090e-01 2.963940086831319265e-01
4.213325454276850568e-01 2.962176118961993287e-01
4.154232530654454192e-01 2.964822070765980588e-01
4.095139607032057816e-01 2.972203597849927825e-01
4.036046683409661995e-01 2.992452222028230691e-01
3.976953759787265619e-01 3.032796572610430563e-01
3.959816811936771042e-01 3.049933520460925140e-01
3.918407992865077238e-01 3.109026444083321516e-01
3.871726887021068597e-01 3.227212291328113714e-01
3.858767912542473422e-01 3.247176116876220320e-01
3.816186246991040698e-01 3.286305214950510090e-01
3.799674988920077046e-01 3.296154035554241801e-01
3.740582065297680670e-01 3.311306067252293150e-01
3.681489141675284849e-01 3.315417169970367173e-01
2.263258974737775708e-01 3.315851676761708000e-01
2.204166051115379332e-01 3.314087708892382578e-01
2.145073127492982956e-01 3.307669579644760827e-01
2.085980203870587135e-01 3.295216052639601267e-01
2.026887280248190759e-01 3.278332360176059446e-01
1.967794356625794383e-01 3.265264552751627192e-01
1.849608509381002186e-01 3.247063820357512509e-01
1.790515585758605810e-01 3.226684675938626956e-01
1.731422662136209434e-01 3.189861103755468053e-01
1.672329738513813613e-01 3.137957354606786264e-01
1.588325092187857779e-01 3.049933520460925140e-01
1.539370660363422183e-01 2.990840596838528764e-01
1.484498659856910985e-01 2.931747673216132943e-01
1.435958044024228664e-01 2.894680293852993636e-01
1.376865120401832288e-01 2.859133487408951346e-01
1.258679273157040091e-01 2.805327566122317595e-01
