9.538725068126336915e-01 2.903237362886544881e-01
9.441154680010993561e-01 2.885427842569919799e-01
9.099658321607289047e-01 2.885427842569919799e-01
9.002087933491944582e-01 2.901053898567543810e-01
8.806947157261255654e-01 2.963896372684589053e-01
8.660591575088238958e-01 3.000091839243507197e-01
8.416665604799880018e-01 3.108678238920262182e-01
8.367880410742207786e-01 3.120414528160688206e-01
8.221524828569191090e-01 3.134674815654466817e-01
8.172739634511518858e-01 3.146447421416523338e-01
8.075169246396174394e-01 3.189184478376013709e-01
7.987242443152695603e-01 3.249132386328237310e-01
7.917650950328607440e-01 3.346702774443581774e-01
7.874913893369117623e-01 3.444273162558925683e-01
7.838718426810199480e-01 3.590628744731941824e-01
7.784560892138835397e-01 3.736984326904958520e-01
7.751967335764096134e-01 3.785769520962630752e-01
7.636102499877125416e-01 3.901289178589760209e-01
7.587317305819454294e-01 3.931689521045845792e-01
7.538532111761782062e-01 3.948261744247030247e-01
7.489746917704109830e-01 3.954333288490258225e-01
6.953109783069716388e-01 3.959430249063447538e-01
6.904324589012044155e-01 3.965524197528976780e-01
6.855539394954371923e-01 3.982240802485801368e-01
6.806754200896699691e-01 4.015547784974266565e-01
6.759299512131510257e-01 4.078480685308663034e-01
6.691813327018396595e-01 4.322406655597023639e-01
6.666300053488725119e-01 4.468762237770039780e-01
6.525398211029608264e-01 4.761473402116072617e-01
6.465257842492995177e-01 4.841917073168617858e-01
6.416472648435322945e-01 4.870020458894392945e-01
6.367687454377650713e-01 4.880110124029047869e-01
5.928620707858601735e-01 4.879683680025047599e-01
5.879835513800929503e-01 4.867174655907695047e-01
5.831050319743257271e-01 4.823889753336917940e-01
5.810410429949626199e-01 4.761473402116072617e-01
5.804473311040196926e-01 3.493058356616597915e-01
5.786663790723572953e-01 3.395487968501254006e-01
5.740754916706688471e-01 3.297917580385909542e-01
5.593658080801907628e-01 3.053991610097548937e-01
5.538339155397224989e-01 2.988778748653110329e-01
5.489553961339552757e-01 2.950655699048115865e-01
5.391983573224208293e-01 2.903237362886544881e-01
5.343198379166537171e-01 2.891004711768508928e-01
5.245627991051192707e-01 2.886155979794662874e-01
5.148057602935848243e-01 2.902521451128162733e-01
5.001702020762831546e-01 2.962322656747246041e-01
4.806561244532143728e-01 3.000091839243507197e-01
4.708990856416799264e-01 3.042201854866944388e-01
4.513850080186110891e-01 3.145028266865884659e-01
4.465064886128438659e-01 3.183919524883797592e-01
4.409745960723756575e-01 3.249132386328237310e-01
4.306919548724817970e-01 3.444273162558925683e-01
4.264809533101381889e-01 3.541843550674269592e-01
4.247715924543138954e-01 3.639413938789614056e-01
4.241778805633709126e-01 4.127265879366335266e-01
4.229269781516356574e-01 4.176051073424007498e-01
4.185984878945579468e-01 4.224836267481679730e-01
4.123568527724734145e-01 4.245476157275310247e-01
3.830857363378701308e-01 4.245476157275310247e-01
3.782072169321029076e-01 4.232967133157957695e-01
3.733286975263357399e-01 4.189682230587180589e-01
3.712647085469726327e-01 4.127265879366335266e-01
3.708894378234521283e-01 3.932125103135646893e-01
3.718961164309914080e-01 3.736984326904958520e-01
3.693852276733405882e-01 3.639413938789614056e-01
3.641482110082101542e-01 3.541843550674269592e-01
3.586931393090341258e-01 3.478231483912794797e-01
3.538146199032669026e-01 3.445603667851407925e-01
3.489361004974996794e-01 3.428887062894583337e-01
3.294220228744308421e-01 3.420608702754831532e-01
3.196649840628964512e-01 3.428887062894583337e-01
3.147864646571292280e-01 3.445603667851407925e-01
3.099079452513620048e-01 3.478910650339873678e-01
3.051624763748430058e-01 3.541843550674269592e-01
3.035430019641500721e-01 3.590628744731941824e-01
3.030706263872185446e-01 3.639413938789614056e-01
3.045179681659578863e-01 3.736984326904958520e-01
3.104980887278661061e-01 3.883339909077974661e-01
3.122015775092972789e-01 3.980910297193318570e-01
3.114705959985217820e-01 4.127265879366335266e-01
3.095795833682815634e-01 4.176051073424007498e-01
3.054174898892354495e-01 4.224836267481679730e-01
2.952723870340603352e-01 4.278819883856971873e-01
2.855153482225259443e-01 4.296557784118704149e-01
1.977019989187161486e-01 4.296557784118704149e-01
1.781879212956473113e-01 4.256734278980927044e-01
1.537953242668112508e-01 4.240462774953277503e-01
1.489168048610440276e-01 4.221552648650875317e-01
1.440382854552768599e-01 4.179931713860413622e-01
1.405719690353895990e-01 4.127265879366335266e-01
1.288125837614710889e-01 3.883339909077974661e-01
1.250356655118449178e-01 3.688199132847286288e-01
1.208246639495011432e-01 3.590628744731941824e-01
1.154205421553745614e-01 3.493058356616597915e-01
1.098886496149063530e-01 3.429446289855123120e-01
1.050101302091391853e-01 3.397665878950256735e-01
1.001316108033719621e-01 3.382710893867101332e-01
9.525309139760473887e-02 3.382710893867101332e-01
9.037457199183751566e-02 3.397705477322056078e-01
8.549605258607029246e-02 3.430832343787935113e-01
8.075058370955134901e-02 3.493058356616597915e-01
7.907892321386883472e-02 3.541843550674269592e-01
7.839671464484188057e-02 3.736984326904958520e-01
8.010607550066622951e-02 3.834554715020302429e-01
9.407411587454433954e-02 4.176051073424007498e-01
1.050521864109130177e-01 4.371191849654695871e-01
1.066237943202775762e-01 4.419977043712367548e-01
1.074493899120227414e-01 4.517547431827712012e-01
1.073037624670745149e-01 5.200540148635121040e-01
1.019425763403613017e-01 5.493251312981154433e-01
9.839456222707604338e-02 5.639606895154170019e-01
9.606617796523264641e-02 5.785962477327186715e-01
9.173768770815482476e-02 5.834747671384858947e-01
8.549605258607029246e-02 5.855387561178490019e-01
7.086049436876867835e-02 5.855814005182490289e-01
6.598197496300145515e-02 5.845724340047835366e-01
6.110345555723428745e-02 5.817620954322059168e-01
5.818590963809899819e-02 5.785962477327186715e-01
5.134641674569984104e-02 5.683286661926737482e-01
4.646789733993261784e-02 5.636385231395645290e-01
3.671085852839822694e-02 5.586493982268800895e-01
3.183233912263100374e-02 5.576186142879195895e-01
2.695381971686378053e-02 5.576186142879195895e-01
2.207530031109661284e-02 5.586493982268800895e-01
1.231826149956216643e-02 5.633073163807160721e-01
5.559479406155476422e-03 5.688392089211842251e-01
1.718569336122521829e-03 5.737177283269514483e-01
-1.110223024625156540e-16 5.785962477327186715e-01
2.819144410708962489e-04 5.834747671384858947e-01
2.176076419151351526e-03 5.883532865442531179e-01
1.305875105222320531e-02 6.029888447615546765e-01
2.621333016420274165e-02 6.273814417903907925e-01
4.093600479946446491e-02 6.517740388192267975e-01
5.622493615146706425e-02 6.718979313680165655e-01
6.110345555723428745e-02 6.764828361799181122e-01
6.598197496300145515e-02 6.791847029380715384e-01
7.086049436876867835e-02 6.806792662983975895e-01
7.573901377453590156e-02 6.808452159339215548e-01
9.037457199183751566e-02 6.768464295357516924e-01
1.001316108033719621e-01 6.719414895769967311e-01
1.050101302091391853e-01 6.683328594945713297e-01
1.264474702902508851e-01 6.468955194134595743e-01
1.300561003726761755e-01 6.420170000076923511e-01
1.384192764968485423e-01 6.273814417903907925e-01
1.537953242668112508e-01 6.085720391925993900e-01
1.586738436725784740e-01 6.048618477476975785e-01
1.635523630783456972e-01 6.024690025297927409e-01
1.879449601071817577e-01 5.963465529552409716e-01
1.928234795129489254e-01 5.958166930978522347e-01
3.196649840628964512e-01 5.954526244854814188e-01
3.294220228744308421e-01 5.938900188857190177e-01
3.586931393090341258e-01 5.841545608261747846e-01
3.684501781205685167e-01 5.797125191221738083e-01
3.772428584449163402e-01 5.737177283269514483e-01
3.811256169337672306e-01 5.688392089211842251e-01
3.836955512635910615e-01 5.639606895154170019e-01
3.886224686793360861e-01 5.493251312981154433e-01
3.910318096124152376e-01 5.346895730808137737e-01
3.972740969429764402e-01 5.102969760519777687e-01
3.998321923749749707e-01 5.054184566462105455e-01
4.025998139609390236e-01 5.022898409403380171e-01
4.074783333667061913e-01 4.994422703741457359e-01
4.123568527724734145e-01 4.984333038606801880e-01
4.465064886128438659e-01 4.982463049825079926e-01
4.562635274243783123e-01 4.999497937639391654e-01
4.855346438589815961e-01 5.113133342615125976e-01
4.925475155047719378e-01 5.151754954577449919e-01
4.961748629077670225e-01 5.200540148635121040e-01
4.973556716498790942e-01 5.249325342692793273e-01
4.979493835408220770e-01 5.785962477327186715e-01
4.996587443966463704e-01 5.883532865442531179e-01
5.038697459589899230e-01 5.981103253557875643e-01
5.092738677531165603e-01 6.078673641673218997e-01
5.131629935549080201e-01 6.127458835730891229e-01
5.196842796993520475e-01 6.182896556250973008e-01
5.294413185108864939e-01 6.244638958712555032e-01
5.326071662103737392e-01 6.273814417903907925e-01
5.354175047829512479e-01 6.322599611961580157e-01
5.364264712964168513e-01 6.371384806019251279e-01
5.369775387869597516e-01 6.712881164422956903e-01
5.386868996427840450e-01 6.810451552538301367e-01
5.428979012051275976e-01 6.908021940653644721e-01
5.510120268638374341e-01 7.054377522826661417e-01
5.538339155397224989e-01 7.084998016969242807e-01
5.587124349454897221e-01 7.110887039276798660e-01
5.635909543512569453e-01 7.114572157430079091e-01
5.684694737570241685e-01 7.100945208063530467e-01
5.733479931627913917e-01 7.069204395530463980e-01
5.782265125685586149e-01 7.015706332415092561e-01
5.935154439205612142e-01 6.810451552538301367e-01
5.981804566954261881e-01 6.712881164422956903e-01
6.043078278532371117e-01 6.420170000076923511e-01
6.052039967452265135e-01 6.127458835730891229e-01
6.069074855266577417e-01 6.029888447615546765e-01
6.111158642291059095e-01 5.932318059500203411e-01
6.213055812498422537e-01 5.737177283269514483e-01
6.348077719511331374e-01 5.542036507038826665e-01
6.394731420648752662e-01 5.493251312981154433e-01
6.611613424666011873e-01 5.328025985936775122e-01
6.660398618723684105e-01 5.298546118840267161e-01
6.709183812781355227e-01 5.281973895639082706e-01
6.757969006839027459e-01 5.275902351395854728e-01
7.001894977127388620e-01 5.277044202952834162e-01
7.050680171185059741e-01 5.287133868087490196e-01
7.099465365242731973e-01 5.315237253813265283e-01
7.128640824434084866e-01 5.346895730808137737e-01
7.192893614239972422e-01 5.444466118923482201e-01
7.240715520130642791e-01 5.493251312981154433e-01
7.392176529588765366e-01 5.598096686175273451e-01
7.489746917704109830e-01 5.644805317471790485e-01
7.587317305819454294e-01 5.670968805619815978e-01
7.636102499877125416e-01 5.692872362135507069e-01
7.680407421011132829e-01 5.737177283269514483e-01
7.699987873047886566e-01 5.785962477327186715e-01
7.717041571836444902e-01 5.981103253557875643e-01
7.728558311196100927e-01 6.029888447615546765e-01
7.868865756270935208e-01 6.322599611961580157e-01
7.928813664223157698e-01 6.409391875808367889e-01
7.977598858280829930e-01 6.446740507554763466e-01
8.026384052338502162e-01 6.464407421807185639e-01
8.075169246396174394e-01 6.466955800935511034e-01
8.319095216684535554e-01 6.423828889631248984e-01
8.367880410742207786e-01 6.400212420689694870e-01
8.416665604799880018e-01 6.360606681750695657e-01
8.445849604816522138e-01 6.322599611961580157e-01
8.511292058791053439e-01 6.176244029788563461e-01
8.653186679561628569e-01 5.932318059500203411e-01
8.689767034279591851e-01 5.883532865442531179e-01
8.758161963203583422e-01 5.816798401873073399e-01
8.806947157261255654e-01 5.786398059416988371e-01
8.855732351318927886e-01 5.769825836215802806e-01
8.904517545376600118e-01 5.763754291972575938e-01
9.343584291895649097e-01 5.758657331399386070e-01
9.392369485953321329e-01 5.752563382933856273e-01
9.441154680010993561e-01 5.735846777977032795e-01
9.504087580345391695e-01 5.688392089211842251e-01
9.537394562833856337e-01 5.639606895154170019e-01
9.554111167790680925e-01 5.590821701096497787e-01
9.562389527930432731e-01 5.493251312981154433e-01
9.563117665155174141e-01 4.859043790231416526e-01
9.571373621072625237e-01 4.761473402116072617e-01
9.587945844273809692e-01 4.712688208058400385e-01
9.618346186729895830e-01 4.663903014000728153e-01
9.753098468937454468e-01 4.517547431827712012e-01
9.789184769761707372e-01 4.468762237770039780e-01
9.892011181760647087e-01 4.273621461539351407e-01
9.934121197384084834e-01 4.176051073424007498e-01
9.994678997203811921e-01 3.932125103135646893e-01
1.000000000000000000e+00 3.883339909077974661e-01
1.000000000000000000e+00 3.395487968501254006e-01
9.982190479683373807e-01 3.297917580385909542e-01
9.935540351934724068e-01 3.200347192270565078e-01
9.898874588963857413e-01 3.151561998212892846e-01
9.831436232472370307e-01 3.084123641721405740e-01
9.636295456241681379e-01 2.949146236903429363e-01
