9.413145539906102588e-01 2.816901408450704358e-01
8.615023474178403751e-01 2.816901408450704358e-01
8.568075117370892446e-01 2.863849765258216218e-01
8.474178403755868727e-01 2.863849765258216218e-01
8.380281690140845008e-01 2.910798122065727522e-01
8.333333333333332593e-01 2.957746478873239382e-01
8.239436619718309984e-01 2.957746478873239382e-01
8.192488262910797570e-01 3.004694835680751241e-01
8.145539906103286265e-01 3.004694835680751241e-01
8.051643192488262546e-01 3.098591549295774961e-01
7.981220657276995034e-01 3.122065727699530613e-01
7.981220657276995034e-01 3.169014084507042472e-01
7.887323943661972425e-01 3.262910798122065636e-01
7.887323943661972425e-01 3.309859154929577496e-01
7.793427230046947596e-01 3.403755868544601215e-01
7.723004694835680084e-01 3.568075117370891891e-01
7.206572769953051294e-01 3.568075117370891891e-01
7.159624413145539990e-01 3.615023474178403751e-01
7.065727699530516270e-01 3.615023474178403751e-01
7.018779342723004966e-01 3.661971830985915610e-01
6.877934272300469942e-01 3.661971830985915610e-01
6.760563380281690016e-01 3.779342723004694982e-01
6.760563380281690016e-01 4.061032863849765029e-01
6.666666666666666297e-01 4.154929577464788748e-01
6.666666666666666297e-01 4.201877934272300608e-01
6.619718309859154992e-01 4.248826291079812467e-01
6.619718309859154992e-01 4.295774647887323772e-01
6.173708920187793714e-01 4.741784037558685605e-01
6.126760563380281299e-01 4.741784037558685605e-01
6.079812206572769995e-01 4.788732394366197465e-01
5.868544600938967459e-01 4.765258215962441257e-01
5.868544600938967459e-01 4.483568075117370655e-01
5.915492957746478764e-01 4.436619718309859350e-01
5.915492957746478764e-01 3.309859154929577496e-01
5.868544600938967459e-01 3.262910798122065636e-01
5.868544600938967459e-01 3.215962441314553777e-01
5.821596244131455045e-01 3.169014084507042472e-01
5.821596244131455045e-01 3.122065727699530613e-01
5.751173708920187533e-01 3.051643192488262546e-01
5.704225352112676228e-01 3.051643192488262546e-01
5.657276995305164924e-01 3.004694835680751241e-01
5.093896713615023719e-01 3.004694835680751241e-01
5.046948356807511304e-01 3.051643192488262546e-01
4.953051643192488140e-01 3.051643192488262546e-01
4.906103286384976281e-01 3.098591549295774961e-01
4.765258215962441257e-01 3.098591549295774961e-01
4.718309859154929398e-01 3.145539906103286265e-01
4.577464788732394374e-01 3.145539906103286265e-01
4.413145539906103143e-01 3.309859154929577496e-01
4.413145539906103143e-01 3.356807511737088801e-01
4.366197183098591283e-01 3.403755868544601215e-01
4.366197183098591283e-01 3.450704225352112520e-01
4.319248826291079979e-01 3.497652582159624379e-01
4.319248826291079979e-01 3.544600938967136239e-01
4.272300469483568119e-01 3.591549295774647543e-01
4.272300469483568119e-01 3.873239436619718146e-01
4.225352112676056260e-01 3.920187793427230005e-01
4.225352112676056260e-01 4.107981220657276888e-01
4.154929577464788748e-01 4.178403755868544400e-01
4.014084507042253724e-01 4.178403755868544400e-01
3.967136150234741865e-01 4.131455399061032541e-01
3.873239436619718146e-01 4.131455399061032541e-01
3.802816901408450634e-01 4.014084507042253724e-01
3.802816901408450634e-01 3.450704225352112520e-01
3.732394366197183122e-01 3.333333333333333703e-01
3.685446009389671262e-01 3.333333333333333703e-01
3.638497652582159958e-01 3.286384976525821289e-01
3.450704225352112520e-01 3.286384976525821289e-01
3.333333333333333703e-01 3.403755868544601215e-01
3.333333333333333703e-01 4.248826291079812467e-01
3.286384976525821289e-01 4.295774647887323772e-01
3.286384976525821289e-01 4.342723004694835631e-01
3.239436619718309984e-01 4.389671361502347491e-01
3.239436619718309984e-01 4.436619718309859350e-01
3.192488262910798125e-01 4.483568075117370655e-01
3.192488262910798125e-01 4.530516431924882514e-01
3.145539906103286265e-01 4.577464788732394374e-01
3.145539906103286265e-01 4.624413145539906234e-01
3.075117370892018753e-01 4.694835680751173745e-01
1.995305164319248759e-01 4.694835680751173745e-01
1.948356807511736899e-01 4.647887323943661886e-01
1.901408450704225594e-01 4.647887323943661886e-01
1.854460093896713735e-01 4.600938967136150026e-01
1.760563380281690016e-01 4.600938967136150026e-01
1.643192488262910644e-01 4.483568075117370655e-01
1.643192488262910644e-01 4.436619718309859350e-01
1.596244131455398785e-01 4.389671361502347491e-01
1.596244131455398785e-01 4.295774647887323772e-01
1.549295774647887480e-01 4.248826291079812467e-01
1.549295774647887480e-01 3.497652582159624379e-01
1.502347417840375621e-01 3.450704225352112520e-01
1.502347417840375621e-01 3.403755868544601215e-01
1.384976525821596249e-01 3.286384976525821289e-01
1.103286384976525647e-01 3.286384976525821289e-01
9.859154929577462756e-02 3.403755868544601215e-01
9.859154929577462756e-02 3.544600938967136239e-01
1.032863849765258135e-01 3.591549295774647543e-01
1.032863849765258135e-01 3.732394366197183122e-01
1.079812206572769995e-01 3.779342723004694982e-01
1.079812206572769995e-01 3.826291079812206286e-01
1.126760563380281854e-01 3.873239436619718146e-01
1.126760563380281854e-01 5.046948356807511304e-01
1.032863849765258135e-01 5.140845070422535024e-01
1.032863849765258135e-01 5.187793427230047438e-01
9.859154929577462756e-02 5.234741784037558743e-01
9.859154929577462756e-02 5.328638497652582462e-01
9.389671361502349711e-02 5.375586854460093766e-01
9.389671361502349711e-02 5.516431924882628790e-01
8.920187793427231115e-02 5.563380281690141205e-01
8.920187793427231115e-02 5.704225352112676228e-01
8.215962441314555997e-02 5.774647887323943740e-01
6.338028169014087165e-02 5.774647887323943740e-01
4.460093896713612782e-02 5.586854460093896302e-01
3.990610328638499738e-02 5.586854460093896302e-01
3.521126760563381142e-02 5.539906103286384997e-01
1.173708920187793714e-02 5.539906103286384997e-01
0.000000000000000000e+00 5.657276995305164924e-01
0.000000000000000000e+00 5.704225352112676228e-01
4.694835680751185958e-03 5.751173708920187533e-01
4.694835680751185958e-03 5.845070422535211252e-01
9.389671361502371916e-03 5.892018779342722556e-01
9.389671361502371916e-03 5.938967136150234971e-01
2.347417840375587428e-02 6.079812206572769995e-01
3.051643192488262546e-02 6.244131455399061226e-01
3.521126760563381142e-02 6.244131455399061226e-01
6.572769953051643688e-02 6.549295774647887480e-01
6.807511737089200210e-02 6.619718309859154992e-01
7.746478873239437402e-02 6.619718309859154992e-01
8.685446009389669042e-02 6.525821596244131273e-01
9.154929577464787638e-02 6.525821596244131273e-01
9.624413145539906234e-02 6.478873239436619969e-01
1.009389671361502483e-01 6.478873239436619969e-01
1.056338028169014343e-01 6.431924882629107554e-01
1.103286384976525647e-01 6.431924882629107554e-01
1.150234741784037507e-01 6.384976525821596249e-01
1.197183098591549366e-01 6.384976525821596249e-01
1.244131455399061226e-01 6.338028169014084945e-01
1.338028169014084390e-01 6.338028169014084945e-01
1.384976525821596249e-01 6.291079812206572530e-01
1.431924882629108109e-01 6.291079812206572530e-01
1.760563380281690016e-01 5.962441314553990068e-01
1.807511737089201875e-01 5.962441314553990068e-01
1.877934272300469387e-01 5.892018779342722556e-01
1.877934272300469387e-01 5.845070422535211252e-01
1.948356807511736899e-01 5.774647887323943740e-01
3.732394366197183122e-01 5.774647887323943740e-01
3.849765258215962493e-01 5.657276995305164924e-01
3.849765258215962493e-01 5.610328638497652509e-01
3.896713615023474353e-01 5.563380281690141205e-01
3.896713615023474353e-01 5.516431924882628790e-01
3.990610328638497517e-01 5.422535211267605071e-01
3.990610328638497517e-01 5.375586854460093766e-01
4.107981220657276888e-01 5.258215962441314950e-01
4.718309859154929398e-01 5.258215962441314950e-01
4.741784037558685605e-01 5.281690140845070047e-01
4.741784037558685605e-01 5.657276995305164924e-01
4.788732394366197465e-01 5.704225352112676228e-01
4.788732394366197465e-01 5.798122065727699948e-01
4.835680751173708769e-01 5.845070422535211252e-01
4.835680751173708769e-01 5.892018779342722556e-01
4.882629107981220629e-01 5.938967136150234971e-01
4.882629107981220629e-01 5.985915492957746276e-01
5.046948356807511304e-01 6.150234741784037507e-01
5.093896713615023719e-01 6.150234741784037507e-01
5.352112676056337559e-01 6.408450704225352457e-01
5.352112676056337559e-01 6.643192488262911199e-01
5.258215962441314950e-01 6.737089201877934919e-01
5.258215962441314950e-01 6.784037558685446223e-01
5.211267605633802535e-01 6.830985915492957528e-01
5.211267605633802535e-01 7.018779342723004966e-01
5.281690140845070047e-01 7.136150234741783782e-01
5.328638497652582462e-01 7.136150234741783782e-01
5.375586854460093766e-01 7.183098591549295087e-01
5.610328638497652509e-01 7.183098591549295087e-01
5.657276995305164924e-01 7.136150234741783782e-01
5.704225352112676228e-01 7.136150234741783782e-01
5.751173708920187533e-01 7.089201877934272478e-01
5.798122065727699948e-01 7.089201877934272478e-01
5.868544600938967459e-01 7.018779342723004966e-01
5.868544600938967459e-01 6.971830985915492551e-01
5.915492957746478764e-01 6.924882629107981247e-01
5.915492957746478764e-01 6.877934272300469942e-01
5.962441314553990068e-01 6.830985915492957528e-01
5.962441314553990068e-01 6.784037558685446223e-01
6.009389671361502483e-01 6.737089201877934919e-01
6.009389671361502483e-01 6.690140845070422504e-01
6.056338028169013787e-01 6.643192488262911199e-01
6.056338028169013787e-01 6.549295774647887480e-01
6.103286384976526202e-01 6.502347417840375066e-01
6.103286384976526202e-01 6.361502347417840042e-01
6.150234741784037507e-01 6.314553990610328738e-01
6.150234741784037507e-01 6.267605633802817433e-01
6.197183098591548811e-01 6.220657276995305018e-01
6.197183098591548811e-01 6.173708920187793714e-01
6.244131455399061226e-01 6.126760563380281299e-01
6.244131455399061226e-01 6.032863849765258690e-01
6.291079812206572530e-01 5.985915492957746276e-01
6.291079812206572530e-01 5.328638497652582462e-01
6.361502347417840042e-01 5.258215962441314950e-01
6.596244131455398785e-01 5.258215962441314950e-01
6.643192488262911199e-01 5.211267605633802535e-01
6.924882629107981247e-01 5.211267605633802535e-01
6.995305164319248759e-01 5.281690140845070047e-01
6.995305164319248759e-01 5.375586854460093766e-01
7.042253521126760063e-01 5.422535211267605071e-01
7.042253521126760063e-01 5.469483568075117486e-01
7.089201877934272478e-01 5.516431924882628790e-01
7.089201877934272478e-01 5.563380281690141205e-01
7.159624413145539990e-01 5.633802816901408717e-01
7.206572769953051294e-01 5.633802816901408717e-01
7.347417840375587428e-01 5.774647887323943740e-01
7.511737089201877549e-01 5.845070422535211252e-01
7.511737089201877549e-01 6.173708920187793714e-01
7.558685446009389963e-01 6.220657276995305018e-01
7.558685446009389963e-01 6.314553990610328738e-01
7.676056338028168780e-01 6.431924882629107554e-01
7.723004694835680084e-01 6.431924882629107554e-01
7.769953051643192499e-01 6.478873239436619969e-01
7.816901408450704913e-01 6.478873239436619969e-01
7.863849765258216218e-01 6.525821596244131273e-01
8.239436619718309984e-01 6.525821596244131273e-01
8.356807511737089911e-01 6.408450704225352457e-01
8.356807511737089911e-01 6.314553990610328738e-01
8.403755868544601215e-01 6.267605633802817433e-01
8.403755868544601215e-01 5.985915492957746276e-01
8.474178403755868727e-01 5.962441314553990068e-01
8.568075117370892446e-01 5.868544600938967459e-01
9.037558685446009932e-01 5.868544600938967459e-01
9.154929577464788748e-01 5.798122065727699948e-01
9.154929577464788748e-01 5.751173708920187533e-01
9.201877934272300052e-01 5.704225352112676228e-01
9.201877934272300052e-01 5.046948356807511304e-01
9.272300469483567564e-01 4.929577464788732488e-01
9.366197183098591283e-01 4.929577464788732488e-01
9.413145539906102588e-01 4.882629107981220629e-01
9.507042253521127417e-01 4.882629107981220629e-01
9.553990610328638722e-01 4.835680751173708769e-01
9.600938967136150026e-01 4.835680751173708769e-01
9.812206572769952562e-01 4.624413145539906234e-01
9.812206572769952562e-01 4.577464788732394374e-01
9.859154929577464976e-01 4.530516431924882514e-01
9.859154929577464976e-01 4.436619718309859350e-01
9.906103286384976281e-01 4.389671361502347491e-01
9.906103286384976281e-01 4.248826291079812467e-01
9.953051643192487585e-01 4.201877934272300608e-01
9.953051643192487585e-01 4.154929577464788748e-01
1.000000000000000000e+00 4.107981220657276888e-01
1.000000000000000000e+00 3.544600938967136239e-01
9.953051643192487585e-01 3.497652582159624379e-01
9.953051643192487585e-01 3.403755868544601215e-01
9.906103286384976281e-01 3.356807511737088801e-01
9.906103286384976281e-01 3.309859154929577496e-01
9.859154929577464976e-01 3.262910798122065636e-01
9.859154929577464976e-01 3.215962441314553777e-01
9.507042253521127417e-01 2.863849765258216218e-01
9.460093896713615003e-01 2.863849765258216218e-01
