9.441747572815534228e-01 2.791262135922329968e-01
8.713592233009708199e-01 2.791262135922329968e-01
8.665048543689319871e-01 2.839805825242718296e-01
8.422330097087378231e-01 2.839805825242718296e-01
8.373786407766989903e-01 2.888349514563106624e-01
8.325242718446601575e-01 2.888349514563106624e-01
8.276699029126213247e-01 2.936893203883494952e-01
8.228155339805824919e-01 2.936893203883494952e-01
8.106796116504854099e-01 3.058252427184465772e-01
8.106796116504854099e-01 3.106796116504854099e-01
8.058252427184465772e-01 3.155339805825242427e-01
8.058252427184465772e-01 3.203883495145630755e-01
7.864077669902912460e-01 3.398058252427184067e-01
7.864077669902912460e-01 3.446601941747572950e-01
7.645631067961164984e-01 3.665048543689320426e-01
7.597087378640776656e-01 3.665048543689320426e-01
7.548543689320388328e-01 3.713592233009708754e-01
6.723300970873786753e-01 3.713592233009708754e-01
6.601941747572815933e-01 3.834951456310679574e-01
6.601941747572815933e-01 3.883495145631067902e-01
6.553398058252426495e-01 3.932038834951456230e-01
6.553398058252426495e-01 4.077669902912621214e-01
6.334951456310680129e-01 4.296116504854369245e-01
6.286407766990291801e-01 4.296116504854369245e-01
6.189320388349515145e-01 4.393203883495145901e-01
5.946601941747572395e-01 4.393203883495145901e-01
5.898058252427184067e-01 4.344660194174757573e-01
5.849514563106795739e-01 4.344660194174757573e-01
5.776699029126213247e-01 4.271844660194175081e-01
5.776699029126213247e-01 3.592233009708737934e-01
5.728155339805824919e-01 3.543689320388349606e-01
5.728155339805824919e-01 3.495145631067961278e-01
5.679611650485436591e-01 3.446601941747572950e-01
5.679611650485436591e-01 3.349514563106795739e-01
5.631067961165048263e-01 3.300970873786407411e-01
5.631067961165048263e-01 3.252427184466019083e-01
5.582524271844659935e-01 3.203883495145630755e-01
5.582524271844659935e-01 3.106796116504854099e-01
5.533980582524271608e-01 3.058252427184465772e-01
5.533980582524271608e-01 3.009708737864077444e-01
5.364077669902912460e-01 2.839805825242718296e-01
5.315533980582524132e-01 2.839805825242718296e-01
5.266990291262135804e-01 2.791262135922329968e-01
5.072815533980582492e-01 2.791262135922329968e-01
5.024271844660194164e-01 2.839805825242718296e-01
4.927184466019417508e-01 2.839805825242718296e-01
4.563106796116505048e-01 3.203883495145630755e-01
4.563106796116505048e-01 3.252427184466019083e-01
4.514563106796116720e-01 3.300970873786407411e-01
4.514563106796116720e-01 3.446601941747572950e-01
4.466019417475728392e-01 3.495145631067961278e-01
4.466019417475728392e-01 3.737864077669902918e-01
4.417475728155340065e-01 3.786407766990291246e-01
4.417475728155340065e-01 4.223300970873786753e-01
4.247572815533980917e-01 4.393203883495145901e-01
3.762135922330097082e-01 4.393203883495145901e-01
3.737864077669902918e-01 4.368932038834951737e-01
3.737864077669902918e-01 3.446601941747572950e-01
3.689320388349514590e-01 3.398058252427184067e-01
3.689320388349514590e-01 3.300970873786407411e-01
3.640776699029126262e-01 3.252427184466019083e-01
3.640776699029126262e-01 3.203883495145630755e-01
3.519417475728155442e-01 3.082524271844659935e-01
3.422330097087378231e-01 3.082524271844659935e-01
3.373786407766989903e-01 3.131067961165048263e-01
3.082524271844659935e-01 3.131067961165048263e-01
2.961165048543689116e-01 3.252427184466019083e-01
2.961165048543689116e-01 4.368932038834951737e-01
2.839805825242718296e-01 4.490291262135922556e-01
2.063106796116505048e-01 4.490291262135922556e-01
2.014563106796116720e-01 4.538834951456310884e-01
1.626213592233009542e-01 4.538834951456310884e-01
1.504854368932038722e-01 4.466019417475728392e-01
1.504854368932038722e-01 3.300970873786407411e-01
1.432038834951456230e-01 3.179611650485436591e-01
1.383495145631067902e-01 3.179611650485436591e-01
1.334951456310679574e-01 3.131067961165048263e-01
1.043689320388349606e-01 3.131067961165048263e-01
9.223300970873787863e-02 3.252427184466019083e-01
9.708737864077671142e-02 3.300970873786407411e-01
9.708737864077671142e-02 3.398058252427184067e-01
1.019417475728155442e-01 3.446601941747572950e-01
1.019417475728155442e-01 3.495145631067961278e-01
1.067961165048543770e-01 3.543689320388349606e-01
1.067961165048543770e-01 4.757281553398058360e-01
8.737864077669904583e-02 4.951456310679611672e-01
8.737864077669904583e-02 5.388349514563106624e-01
8.009708737864079664e-02 5.461165048543689116e-01
7.281553398058254745e-02 5.485436893203883280e-01
7.281553398058254745e-02 5.533980582524271608e-01
6.796116504854371465e-02 5.582524271844659935e-01
6.796116504854371465e-02 5.728155339805824919e-01
6.553398058252429825e-02 5.752427184466019083e-01
4.611650485436891156e-02 5.752427184466019083e-01
3.398058252427182957e-02 5.631067961165048263e-01
3.155339805825241317e-02 5.558252427184465772e-01
2.669902912621358038e-02 5.558252427184465772e-01
2.184466019417474758e-02 5.509708737864077444e-01
1.699029126213591478e-02 5.558252427184465772e-01
1.213592233009708199e-02 5.558252427184465772e-01
0.000000000000000000e+00 5.679611650485436591e-01
4.854368932038832796e-03 5.728155339805824919e-01
4.854368932038832796e-03 5.776699029126213247e-01
1.456310679611649839e-02 5.873786407766989903e-01
1.456310679611649839e-02 5.922330097087378231e-01
1.941747572815533118e-02 5.970873786407766559e-01
1.941747572815533118e-02 6.019417475728154887e-01
2.427184466019416398e-02 6.067961165048543215e-01
2.427184466019416398e-02 6.116504854368931543e-01
2.912621359223299677e-02 6.165048543689319871e-01
2.912621359223299677e-02 6.213592233009708199e-01
3.398058252427182957e-02 6.262135922330096527e-01
3.398058252427182957e-02 6.310679611650484855e-01
3.883495145631066237e-02 6.359223300970873183e-01
3.883495145631066237e-02 6.407766990291261511e-01
4.611650485436891156e-02 6.480582524271845113e-01
5.097087378640774435e-02 6.480582524271845113e-01
5.582524271844657715e-02 6.529126213592233441e-01
7.038834951456313105e-02 6.529126213592233441e-01
7.524271844660196384e-02 6.480582524271845113e-01
8.009708737864079664e-02 6.480582524271845113e-01
8.495145631067962944e-02 6.432038834951456785e-01
9.466019417475729503e-02 6.432038834951456785e-01
9.951456310679612782e-02 6.383495145631068457e-01
1.043689320388349606e-01 6.383495145631068457e-01
1.140776699029126262e-01 6.286407766990291801e-01
1.213592233009708754e-01 6.262135922330096527e-01
1.213592233009708754e-01 6.213592233009708199e-01
1.432038834951456230e-01 5.995145631067960723e-01
1.504854368932038722e-01 5.970873786407766559e-01
1.504854368932038722e-01 5.922330097087378231e-01
1.674757281553397870e-01 5.752427184466019083e-01
2.305825242718446688e-01 5.752427184466019083e-01
2.354368932038835016e-01 5.703883495145630755e-01
3.228155339805824919e-01 5.703883495145630755e-01
3.276699029126213247e-01 5.655339805825242427e-01
3.325242718446601575e-01 5.655339805825242427e-01
3.373786407766989903e-01 5.606796116504854099e-01
3.422330097087378231e-01 5.606796116504854099e-01
3.519417475728155442e-01 5.509708737864077444e-01
3.567961165048543770e-01 5.509708737864077444e-01
3.616504854368932098e-01 5.461165048543689116e-01
3.762135922330097082e-01 5.461165048543689116e-01
3.883495145631067902e-01 5.339805825242718296e-01
3.883495145631067902e-01 4.854368932038835016e-01
3.956310679611650394e-01 4.781553398058252524e-01
4.733009708737864196e-01 4.781553398058252524e-01
5.048543689320388328e-01 5.097087378640776656e-01
5.048543689320388328e-01 5.631067961165048263e-01
5.097087378640776656e-01 5.679611650485436591e-01
5.097087378640776656e-01 5.728155339805824919e-01
5.145631067961164984e-01 5.776699029126213247e-01
5.145631067961164984e-01 5.825242718446601575e-01
5.218446601941747476e-01 5.898058252427184067e-01
5.266990291262135804e-01 5.898058252427184067e-01
5.364077669902912460e-01 5.995145631067960723e-01
5.412621359223300788e-01 5.995145631067960723e-01
5.533980582524271608e-01 6.116504854368931543e-01
5.533980582524271608e-01 6.359223300970873183e-01
5.485436893203883280e-01 6.407766990291261511e-01
5.485436893203883280e-01 6.504854368932038167e-01
5.436893203883494952e-01 6.553398058252426495e-01
5.436893203883494952e-01 6.699029126213592589e-01
5.388349514563106624e-01 6.747572815533980917e-01
5.388349514563106624e-01 6.844660194174757573e-01
5.436893203883494952e-01 6.893203883495145901e-01
5.436893203883494952e-01 6.941747572815534228e-01
5.533980582524271608e-01 7.038834951456310884e-01
5.533980582524271608e-01 7.087378640776699212e-01
5.606796116504854099e-01 7.160194174757281704e-01
5.655339805825242427e-01 7.160194174757281704e-01
5.703883495145630755e-01 7.208737864077670032e-01
5.825242718446601575e-01 7.135922330097087540e-01
5.825242718446601575e-01 7.087378640776699212e-01
5.873786407766989903e-01 7.038834951456310884e-01
5.873786407766989903e-01 6.796116504854369245e-01
5.922330097087378231e-01 6.747572815533980917e-01
5.922330097087378231e-01 6.553398058252426495e-01
6.067961165048543215e-01 6.407766990291261511e-01
6.067961165048543215e-01 6.359223300970873183e-01
6.116504854368931543e-01 6.310679611650484855e-01
6.116504854368931543e-01 5.970873786407766559e-01
6.165048543689319871e-01 5.922330097087378231e-01
6.165048543689319871e-01 5.873786407766989903e-01
6.213592233009708199e-01 5.825242718446601575e-01
6.213592233009708199e-01 5.776699029126213247e-01
6.262135922330096527e-01 5.728155339805824919e-01
6.262135922330096527e-01 5.679611650485436591e-01
6.310679611650484855e-01 5.631067961165048263e-01
6.310679611650484855e-01 5.582524271844659935e-01
6.359223300970873183e-01 5.533980582524271608e-01
6.359223300970873183e-01 5.436893203883494952e-01
6.407766990291261511e-01 5.388349514563106624e-01
6.407766990291261511e-01 5.242718446601941640e-01
6.456310679611649839e-01 5.194174757281553312e-01
6.456310679611649839e-01 5.097087378640776656e-01
6.504854368932038167e-01 5.048543689320388328e-01
6.529126213592233441e-01 4.927184466019417508e-01
6.771844660194175081e-01 4.927184466019417508e-01
6.893203883495145901e-01 5.048543689320388328e-01
6.893203883495145901e-01 5.097087378640776656e-01
6.990291262135922556e-01 5.194174757281553312e-01
6.990291262135922556e-01 5.242718446601941640e-01
7.087378640776699212e-01 5.339805825242718296e-01
7.087378640776699212e-01 5.436893203883494952e-01
7.135922330097087540e-01 5.485436893203883280e-01
7.135922330097087540e-01 5.582524271844659935e-01
7.184466019417475868e-01 5.631067961165048263e-01
7.184466019417475868e-01 5.679611650485436591e-01
7.281553398058252524e-01 5.776699029126213247e-01
7.354368932038835016e-01 5.946601941747572395e-01
7.402912621359223344e-01 5.946601941747572395e-01
7.451456310679611672e-01 5.995145631067960723e-01
7.500000000000000000e-01 5.995145631067960723e-01
7.548543689320388328e-01 6.043689320388349051e-01
7.791262135922329968e-01 6.043689320388349051e-01
7.815533980582524132e-01 6.067961165048543215e-01
7.815533980582524132e-01 6.262135922330096527e-01
7.888349514563106624e-01 6.383495145631068457e-01
7.936893203883494952e-01 6.383495145631068457e-01
7.985436893203883280e-01 6.432038834951456785e-01
8.228155339805824919e-01 6.432038834951456785e-01
8.276699029126213247e-01 6.383495145631068457e-01
8.325242718446601575e-01 6.383495145631068457e-01
8.495145631067961833e-01 6.213592233009708199e-01
8.495145631067961833e-01 6.165048543689319871e-01
8.616504854368931543e-01 6.043689320388349051e-01
8.665048543689319871e-01 6.043689320388349051e-01
8.762135922330096527e-01 5.946601941747572395e-01
9.344660194174756462e-01 5.946601941747572395e-01
9.466019417475728392e-01 5.825242718446601575e-01
9.466019417475728392e-01 5.679611650485436591e-01
9.514563106796116720e-01 5.631067961165048263e-01
9.514563106796116720e-01 5.242718446601941640e-01
9.563106796116505048e-01 5.194174757281553312e-01
9.563106796116505048e-01 4.805825242718446688e-01
9.611650485436893376e-01 4.757281553398058360e-01
9.611650485436893376e-01 4.660194174757281704e-01
9.951456310679611672e-01 4.320388349514563409e-01
9.951456310679611672e-01 4.271844660194175081e-01
1.000000000000000000e+00 4.223300970873786753e-01
1.000000000000000000e+00 3.689320388349514590e-01
9.951456310679611672e-01 3.640776699029126262e-01
9.951456310679611672e-01 3.495145631067961278e-01
9.902912621359223344e-01 3.446601941747572950e-01
9.902912621359223344e-01 3.398058252427184067e-01
9.854368932038835016e-01 3.349514563106795739e-01
9.854368932038835016e-01 3.300970873786407411e-01
9.805825242718446688e-01 3.252427184466019083e-01
9.805825242718446688e-01 3.203883495145630755e-01
9.757281553398058360e-01 3.155339805825242427e-01
9.757281553398058360e-01 3.106796116504854099e-01
9.708737864077670032e-01 3.058252427184465772e-01
9.708737864077670032e-01 3.009708737864077444e-01
9.538834951456310884e-01 2.839805825242718296e-01
9.490291262135922556e-01 2.839805825242718296e-01
