9.553427305545534320e-01 2.847339890218883451e-01
9.458966782961638620e-01 2.830791107043527099e-01
9.270045737793846108e-01 2.835942513269399390e-01
9.128354953918000891e-01 2.869367005876011234e-01
8.892203647458261084e-01 2.883172774561347795e-01
8.656052340998521277e-01 2.941800412802779707e-01
8.561591818414624466e-01 2.987656752323275544e-01
8.514361557122676061e-01 3.022592872798156582e-01
8.306820889714788825e-01 3.230133540206044374e-01
8.271884769239907786e-01 3.277363801497992224e-01
8.224398723453256732e-01 3.371824324081889035e-01
8.131567907135517359e-01 3.607975630541628842e-01
8.103908095895031583e-01 3.749666414417473503e-01
8.081051369223293257e-01 3.796896675709421354e-01
8.042058944203195336e-01 3.829772641902836061e-01
7.994828682911246931e-01 3.839724116033476076e-01
7.853137899035402825e-01 3.816152089928447344e-01
7.711447115159558718e-01 3.780547739108363059e-01
6.955762934488388671e-01 3.773986474336462060e-01
6.861302411904492971e-01 3.782000977917346352e-01
6.814072150612544565e-01 3.798184773744656684e-01
6.766841889320596160e-01 3.830430161226705543e-01
6.720899726063883639e-01 3.891357198293318165e-01
6.704715930236573307e-01 3.938587459585266015e-01
6.689456922742250677e-01 4.221969027336954783e-01
6.630864443504261851e-01 4.458120333796695145e-01
6.538702859330025596e-01 4.647041378964487657e-01
6.436230060276959541e-01 4.793455188969526493e-01
6.388999798985011136e-01 4.832783464237630500e-01
6.341769537693062730e-01 4.851090867202357271e-01
6.294539276401115435e-01 4.857462766959211309e-01
6.200078753817218624e-01 4.852779259592291394e-01
6.152848492525271329e-01 4.840220890314341773e-01
6.105618231233322923e-01 4.815526253380955635e-01
6.075329259317834296e-01 4.788732162840331763e-01
6.047761161150686515e-01 4.741501901548383913e-01
6.037993084383488362e-01 4.694271640256435507e-01
6.036182697841429023e-01 4.458120333796695145e-01
6.075204805401386299e-01 4.269199288628902633e-01
6.088085785753736268e-01 4.127508504753058527e-01
6.121967167834381218e-01 3.985817720877213866e-01
6.127118574060254064e-01 3.607975630541628842e-01
6.111990568074300301e-01 3.513515107957733141e-01
6.064969235859105634e-01 3.371824324081889035e-01
6.022571688461647588e-01 3.277363801497992224e-01
5.963927447357478817e-01 3.178967423806434711e-01
5.916697186065530412e-01 3.132554038102867144e-01
5.822236663481634711e-01 3.084184290148138663e-01
5.727776140897737900e-01 3.066942413503267462e-01
5.538855095729945388e-01 3.072093819729140307e-01
5.397164311854101282e-01 3.105975201809786923e-01
5.302703789270204471e-01 3.118856182162135227e-01
5.161013005394360365e-01 3.152748573627699447e-01
4.972091960226568408e-01 3.166802053473660727e-01
4.924861698934620002e-01 3.178644812732034364e-01
4.830401176350723746e-01 3.223808058783016461e-01
4.783170915058775896e-01 3.259305172180483323e-01
4.670651763157370184e-01 3.371824324081889035e-01
4.635154649759902212e-01 3.419054585373836885e-01
4.542068048947460746e-01 3.607975630541628842e-01
4.525519265772104394e-01 3.702436153125525653e-01
4.516864903312637347e-01 4.174738766045006377e-01
4.482972511847075903e-01 4.316429549920851039e-01
4.470091531494725934e-01 4.458120333796695145e-01
4.415027896238501448e-01 4.647041378964487657e-01
4.358098563431243022e-01 4.702143350471759686e-01
4.310868302139294617e-01 4.714253673879952866e-01
3.696874905343969786e-01 4.714253673879952866e-01
3.649644644052021381e-01 4.702143350471759686e-01
3.602414382760072975e-01 4.660238069619591084e-01
3.582432349136556171e-01 4.599811117672539251e-01
3.576684464295056265e-01 3.891357198293318165e-01
3.559442587650186729e-01 3.796896675709421354e-01
3.514996969316204201e-01 3.702436153125525653e-01
3.413493337592280463e-01 3.569666640827049431e-01
3.366263076300332613e-01 3.535473036453112283e-01
3.319032815008384762e-01 3.520436784181553147e-01
3.271802553716436357e-01 3.524057576996113550e-01
3.224572292424487951e-01 3.549882409152533835e-01
3.178678736640803137e-01 3.607975630541628842e-01
3.162446333340465099e-01 3.655205891833577247e-01
3.154431829759580808e-01 3.749666414417473503e-01
3.150093803464109055e-01 4.647041378964487657e-01
3.137983480055916430e-01 4.694271640256435507e-01
3.096078199203747272e-01 4.741501901548383913e-01
3.035651247256695995e-01 4.761483935171900717e-01
2.563348634337214715e-01 4.763707173648329407e-01
1.996585498833837735e-01 4.652754717023997455e-01
1.902124976249941479e-01 4.612012268506292534e-01
1.760434192374096818e-01 4.524878491584353180e-01
1.459675453014993574e-01 4.221969027336954783e-01
1.430244062091995394e-01 4.174738766045006377e-01
1.414200046133892719e-01 4.127508504753058527e-01
1.387543661690087693e-01 3.938587459585266015e-01
1.329554841407390442e-01 3.796896675709421354e-01
1.286843481419380764e-01 3.655205891833577247e-01
1.254598093937333014e-01 3.607975630541628842e-01
1.193671056870719838e-01 3.562033467284916322e-01
1.146440795578771432e-01 3.545849671457605989e-01
1.051980272994875176e-01 3.537835167876721698e-01
8.158289665351348141e-02 3.545849671457605989e-01
7.685987052431869637e-02 3.562082074757944028e-01
7.105054838540902917e-02 3.607975630541628842e-01
6.844956961005077556e-02 3.655205891833577247e-01
6.800419653207839810e-02 3.702436153125525653e-01
7.620174393254564027e-02 3.938587459585266015e-01
8.095034851121063468e-02 4.033047982169162271e-01
9.123609918072744795e-02 4.174738766045006377e-01
9.723292391211663110e-02 4.316429549920851039e-01
1.052387430419806091e-01 4.458120333796695145e-01
1.067602590191443213e-01 4.505350595088642995e-01
1.075595403640849379e-01 4.599811117672539251e-01
1.074185545094821226e-01 5.072113730592020531e-01
1.035631336393816881e-01 5.261034775759813042e-01
1.021825567708477545e-01 5.449955820927605554e-01
9.884010751018684759e-02 5.591646604803449661e-01
9.770760304771763938e-02 5.733337388679293767e-01
9.575197504109789204e-02 5.790688420248089052e-01
9.102894891190310700e-02 5.827305929374733129e-01
8.630592278270832196e-02 5.828998680618070471e-01
5.796776600753944519e-02 5.735373175803947232e-01
4.379868761995497906e-02 5.640141962380004204e-01
3.435263536156535347e-02 5.618081452541480170e-01
2.490658310317578339e-02 5.622775640654961160e-01
2.018355697398094284e-02 5.634618399913335907e-01
1.073750471559131725e-02 5.680525369234661337e-01
4.579049076543217911e-03 5.733337388679293767e-01
1.502301837969344245e-03 5.780567649971242172e-01
0.000000000000000000e+00 5.827797911263190578e-01
8.724743328376027840e-04 5.922258433847086279e-01
1.002061682098143169e-02 6.111179479014878790e-01
2.490658310317578339e-02 6.338896810243914715e-01
4.379868761995497906e-02 6.539370810161690972e-01
5.324473987834460464e-02 6.587671873178000403e-01
6.269079213673423023e-02 6.597651170321945369e-01
1.051980272994875176e-01 6.495393906191441191e-01
1.193671056870719838e-01 6.443012780333308154e-01
1.335361840746563944e-01 6.345259282786377408e-01
1.429822363330460200e-01 6.301343425795616904e-01
1.713203931082148967e-01 6.103167202545709547e-01
1.949355237541889330e-01 5.966638593164519389e-01
2.091046021417733991e-01 5.915136410318936333e-01
2.185506544001630247e-01 5.900053161747140784e-01
2.657809156921110971e-01 5.900053161747140784e-01
2.846730202088903483e-01 5.939075269307098059e-01
2.988420985964748144e-01 5.952413139133484465e-01
3.224572292424487951e-01 6.023091293271959357e-01
3.507953860176177274e-01 6.080050443163367291e-01
3.602414382760072975e-01 6.079571534919497866e-01
3.696874905343969786e-01 6.044627747194406542e-01
3.744105166635917636e-01 6.007382741989550912e-01
3.802142352121785640e-01 5.922258433847086279e-01
3.892377216429492304e-01 5.733337388679293767e-01
3.939501328271153846e-01 5.591646604803449661e-01
3.974449473756483942e-01 5.449955820927605554e-01
4.032519467148223402e-01 5.308265037051761448e-01
4.057849045218143713e-01 5.213804514467864637e-01
4.079054468655345933e-01 5.166574253175917342e-01
4.121947256971502105e-01 5.123681464859760615e-01
4.169177518263450510e-01 5.104725101484081096e-01
4.216407779555398361e-01 5.097843649057037796e-01
4.735940653766827491e-01 5.097517886286931921e-01
4.830401176350723746e-01 5.118122519609176191e-01
4.888494397739819863e-01 5.166574253175917342e-01
4.909796874212188911e-01 5.213804514467864637e-01
4.942394144414207213e-01 5.355495298343708743e-01
4.955990734786131502e-01 5.544416343511501255e-01
4.967140400574993619e-01 5.591646604803449661e-01
5.080802992683035590e-01 5.827797911263190578e-01
5.113782744102413069e-01 5.878964027662800795e-01
5.157077150286697442e-01 5.922258433847086279e-01
5.397164311854101282e-01 6.071118096669030351e-01
5.637072570916611403e-01 6.205640001598775601e-01
5.677366919711139825e-01 6.252870262890722897e-01
5.695674322675866597e-01 6.300100524182671302e-01
5.702751151705734989e-01 6.630712353226307920e-01
5.686259217665299293e-01 6.725172875810203621e-01
5.628364058662267411e-01 6.866863659686048837e-01
5.617214392873405293e-01 6.914093920977997243e-01
5.612920732755954933e-01 7.008554443561892944e-01
5.619446414601126927e-01 7.055784704853841349e-01
5.638727419086877468e-01 7.103014966145788645e-01
5.680545879605789494e-01 7.144833426664700671e-01
5.727776140897737900e-01 7.163897724842440695e-01
5.775006402189686305e-01 7.169208892956474566e-01
5.869466924773582006e-01 7.154503693619799209e-01
5.963927447357478817e-01 7.109340447568818222e-01
6.011157708649426112e-01 7.073843334171350250e-01
6.123676860550831824e-01 6.961324182269944538e-01
6.159173973948299796e-01 6.914093920977997243e-01
6.205030313468793413e-01 6.819633398394100432e-01
6.311356111861126106e-01 6.394561046766567003e-01
6.326147220496496359e-01 6.252870262890722897e-01
6.342191236454599590e-01 6.205640001598775601e-01
6.371622627377595549e-01 6.158409740306827196e-01
6.489785802991936414e-01 6.016718956430983090e-01
6.582872403804378436e-01 5.827797911263190578e-01
6.599421186979734788e-01 5.733337388679293767e-01
6.602945833344806559e-01 5.261034775759813042e-01
6.618675988977308355e-01 5.166574253175917342e-01
6.672381366736700459e-01 5.051450491276793242e-01
6.719611628028647754e-01 5.016333163376529569e-01
6.766841889320596160e-01 5.004901435676555321e-01
6.861302411904492971e-01 5.002678197200126631e-01
6.955762934488388671e-01 5.019170131240562327e-01
7.050223457072284372e-01 5.059912579758267803e-01
7.149744364794604623e-01 5.119343991883968936e-01
7.191914240948129589e-01 5.161513868037493902e-01
7.251345653073830722e-01 5.261034775759813042e-01
7.292088101591536198e-01 5.355495298343708743e-01
7.303191598992037070e-01 5.402725559635657149e-01
7.317503799383536789e-01 5.591646604803449661e-01
7.349215026437414533e-01 5.686107127387345361e-01
7.377716306596642237e-01 5.733337388679293767e-01
7.424129692300207584e-01 5.780567649971242172e-01
7.522526069991766207e-01 5.839211891075410943e-01
7.758677376451506014e-01 5.932098071616243029e-01
7.826570877058681708e-01 5.969488695139034684e-01
7.861688204958945381e-01 6.016718956430983090e-01
7.873119932658919629e-01 6.063949217722930385e-01
7.870213455040953043e-01 6.252870262890722897e-01
7.836788962434344530e-01 6.394561046766567003e-01
7.832342485481484928e-01 6.489021569350463814e-01
7.854425997070637600e-01 6.583482091934360625e-01
7.886671384552685904e-01 6.630712353226307920e-01
7.947598421619299636e-01 6.676654516483020441e-01
7.994828682911246931e-01 6.692333084755646144e-01
8.089289205495142632e-01 6.693564931714823807e-01
8.136519466787091037e-01 6.682201080700317375e-01
8.230979989370987848e-01 6.642126333038529395e-01
8.372670773246831954e-01 6.554310459959921120e-01
8.485189925148237666e-01 6.441791308058515408e-01
8.722267315162721690e-01 6.063949217722930385e-01
8.750512863582416978e-01 6.033299792841985143e-01
8.797743124874364273e-01 6.006092147640295087e-01
8.844973386166312679e-01 5.996324070873095824e-01
9.175585215209949297e-01 5.990989037965965824e-01
9.270045737793846108e-01 5.972972894742539784e-01
9.317275999085794513e-01 5.950167224610510841e-01
9.364506260377742919e-01 5.911575398554860250e-01
9.415220721273194204e-01 5.827797911263190578e-01
9.433236864496622465e-01 5.733337388679293767e-01
9.438571897403751354e-01 5.072113730592020531e-01
9.448339974170949507e-01 5.024883469300072125e-01
9.475547619372640673e-01 4.977653208008124275e-01
9.647887828129431131e-01 4.854021053449789069e-01
9.748673832136355299e-01 4.741501901548383913e-01
9.848222853109445118e-01 4.552580856380591401e-01
9.983451216824643648e-01 4.221969027336954783e-01
1.000000000000000000e+00 4.127508504753058527e-01
1.000000000000000000e+00 3.466284846665784736e-01
9.984871994014046237e-01 3.371824324081889035e-01
9.937850661798850460e-01 3.230133540206044374e-01
9.843134354720251000e-01 3.041212495038251862e-01
9.789578612005275238e-01 2.978078166168404151e-01
9.742348350713326832e-01 2.940426491031327694e-01
