5.774249033357208294e-01 2.884377808054947590e-01
5.678735728215918988e-01 2.866943767038210855e-01
5.392195812792051068e-01 2.872152586778980998e-01
5.153412549938828358e-01 2.931433642482368374e-01
5.057899244797539051e-01 2.977801060632037089e-01
4.866872634514959883e-01 3.134715776221297379e-01
4.771359329373670577e-01 3.182661162635531116e-01
4.675846024232381271e-01 3.216325688218117929e-01
4.580332719091091964e-01 3.263615350225805845e-01
4.445022203474264799e-01 3.366250261452190529e-01
4.377995322673360890e-01 3.461763566593479835e-01
4.335374027026147603e-01 3.557276871734769141e-01
4.319480094065070164e-01 3.652790176876058448e-01
4.324283589539251182e-01 3.748303482017347754e-01
4.359277304540608022e-01 3.891573439729282269e-01
4.372301846150784543e-01 3.987086744870571575e-01
4.439052621902934148e-01 4.273626660294439494e-01
4.436565296248214385e-01 4.321383312865084148e-01
4.399539677216509070e-01 4.369139965435728801e-01
4.341549456237868698e-01 4.388470039095275221e-01
4.055009540814000779e-01 4.389344703061771047e-01
4.007252888243355571e-01 4.377099407530835595e-01
3.959496235672711473e-01 4.334727083436293871e-01
3.939291498046668671e-01 4.273626660294439494e-01
3.937756266965179441e-01 4.082600050011860882e-01
3.959084540391929474e-01 3.987086744870571575e-01
4.066550731851906741e-01 3.796060134587992962e-01
4.108027519515309312e-01 3.700546829446703656e-01
4.167578793301949247e-01 3.461763566593479835e-01
4.166566096428240829e-01 3.366250261452190529e-01
4.154828773646086493e-01 3.318493608881545875e-01
4.108410161415722017e-01 3.222980303740256569e-01
4.071090862597993576e-01 3.175223651169611916e-01
4.007252888243355571e-01 3.121823030567890678e-01
3.911739583102066264e-01 3.075404418337526202e-01
3.816226277960776958e-01 3.057970377320789468e-01
3.290903099683685773e-01 3.056544805602262604e-01
3.195389794542396467e-01 3.064648632525272531e-01
3.147633141971751813e-01 3.081012800189338874e-01
3.099876489401107160e-01 3.112952721837300429e-01
3.046475868799385922e-01 3.175223651169611916e-01
3.000057256569020891e-01 3.270736956310901222e-01
2.988566753024912703e-01 3.318493608881545875e-01
2.988082507247097896e-01 3.414006914022835737e-01
3.069385703529080023e-01 3.748303482017347754e-01
3.069385703529080023e-01 4.178113355153150188e-01
3.035115574172733144e-01 4.321383312865084148e-01
3.021367446917546662e-01 4.464653270577018107e-01
3.008669111950614261e-01 4.512409923147662760e-01
2.983699248051365216e-01 4.560166575718307413e-01
2.956606531689173201e-01 4.590793124649482082e-01
2.908849879118528547e-01 4.618668475117346794e-01
2.861093226547883894e-01 4.628545419171730679e-01
2.335770048270792154e-01 4.630375982855747252e-01
2.240256743129502848e-01 4.613700242712820421e-01
2.049230132846924235e-01 4.520511498137326223e-01
1.858203522564345622e-01 4.388336266959223519e-01
1.792876026123368938e-01 4.321383312865084148e-01
1.763116616106723544e-01 4.273626660294439494e-01
1.746893786188151165e-01 4.225870007723794841e-01
1.731464713819172996e-01 4.034843397441216228e-01
1.697667698153794147e-01 3.891573439729282269e-01
1.683708061248528343e-01 3.652790176876058448e-01
1.649449063979027685e-01 3.509520219164125043e-01
1.635700936723842314e-01 3.366250261452190529e-01
1.599883447295858963e-01 3.270736956310901222e-01
1.560861507154260308e-01 3.222980303740256569e-01
1.476150301999188397e-01 3.171700619422598288e-01
1.380636996857899090e-01 3.153483682462078774e-01
1.189610386575320478e-01 3.153483682462078774e-01
1.094097081434031171e-01 3.171700619422598288e-01
1.009385876278959260e-01 3.222980303740256569e-01
9.703639361373606054e-02 3.270736956310901222e-01
9.473040919750819189e-02 3.318493608881545875e-01
9.312255125923546428e-02 3.414006914022835737e-01
9.450501092982283025e-02 3.509520219164125043e-01
9.919291607706026692e-02 3.652790176876058448e-01
1.087701101179033292e-01 3.843816787158637061e-01
1.196859164197650593e-01 3.987086744870571575e-01
1.244804550611885441e-01 4.082600050011860882e-01
1.292325091707420825e-01 4.225870007723794841e-01
1.307576446283404970e-01 4.321383312865084148e-01
1.306863660424141260e-01 4.560166575718307413e-01
1.300420744493144265e-01 4.607923228288952067e-01
1.281969950509114775e-01 4.655679880859596720e-01
1.189610386575320478e-01 4.759929159032101897e-01
1.135884152433345173e-01 4.846706491142175333e-01
1.101534592899951481e-01 4.942219796283464639e-01
1.050395238987308910e-01 5.037733101424753945e-01
8.990907501038980509e-02 5.181003059136688460e-01
8.437726275429013878e-02 5.276516364277977766e-01
8.009025504880240565e-02 5.372029669419267073e-01
7.533571555530027553e-02 5.515299627131200477e-01
7.278402921037785411e-02 5.706326237413779090e-01
7.116097094818679691e-02 5.754082889984424298e-01
6.790917705951288186e-02 5.801839542555069507e-01
6.165305557275840842e-02 5.849162043738708183e-01
5.687739031569394310e-02 5.864893247902248641e-01
4.732605980156501246e-02 5.864378016159483842e-01
4.255039454450054714e-02 5.846381805048843638e-01
3.777472928743608183e-02 5.807549577101559501e-01
3.299906403037161651e-02 5.748245965781344502e-01
2.822339877330715119e-02 5.704999663731261661e-01
2.344773351624268587e-02 5.682447911128457596e-01
1.867206825917822055e-02 5.675130359524890311e-01
1.389640300211375523e-02 5.682447911128457596e-01
9.120737745049289913e-03 5.702488649260781806e-01
3.174566297527825487e-03 5.754082889984424298e-01
5.986454328738566311e-04 5.801839542555069507e-01
0.000000000000000000e+00 5.849596195125713605e-01
3.679610935770905034e-03 5.992866152837648119e-01
2.758380074780736324e-02 6.470432678544094651e-01
3.117307437325878006e-02 6.518189331114738749e-01
4.255039454450054714e-02 6.620098616511025380e-01
5.210172505862947778e-02 6.665765216517469671e-01
6.165305557275840842e-02 6.682486471674942141e-01
7.120438608688733906e-02 6.677990437793434042e-01
9.985837762927418648e-02 6.618008563946824463e-01
1.094097081434031171e-01 6.572341963940381282e-01
1.141853734004675824e-01 6.537016472993550931e-01
1.303950833595421410e-01 6.374919373402805345e-01
1.380636996857899090e-01 6.268340502421976268e-01
1.428393649428543744e-01 6.216198733976838753e-01
1.476150301999188397e-01 6.184326914507232154e-01
1.714933564852411663e-01 6.118408262246841645e-01
1.810446869993700969e-01 6.105383720636665679e-01
1.953716827705634929e-01 6.071113591280319355e-01
2.192500090558858195e-01 6.057153954375054106e-01
2.526796658553370767e-01 5.975600286139030048e-01
3.434173057395619733e-01 5.966849468974534387e-01
3.529686362536909039e-01 5.949415427957799318e-01
3.625199667678198345e-01 5.902996815727434843e-01
3.672956320248843554e-01 5.865677516909706402e-01
3.727108953074485531e-01 5.801839542555069507e-01
3.780010816428038822e-01 5.706326237413779090e-01
3.821233023794796124e-01 5.610812932272489784e-01
3.846255082228682287e-01 5.419786321989911171e-01
3.880514079498182944e-01 5.276516364277977766e-01
3.891534845476024018e-01 5.133246406566043252e-01
3.903780141006959470e-01 5.085489753995399154e-01
3.946152465101501750e-01 5.037733101424753945e-01
4.007252888243355571e-01 5.017528363798711144e-01
4.723602676803025924e-01 5.017528363798711144e-01
4.771359329373670577e-01 5.029773659329647151e-01
4.819115981944315230e-01 5.072145983424188875e-01
4.839320719570358031e-01 5.133246406566043252e-01
4.845132665807428407e-01 5.419786321989911171e-01
4.861865888680941272e-01 5.515299627131200477e-01
4.955137162033919074e-01 5.706326237413779090e-01
5.086828755489370968e-01 5.897352847696357703e-01
5.266496698950449140e-01 6.088379457978937426e-01
5.296256108967094534e-01 6.136136110549581524e-01
5.312478938885667468e-01 6.183892763120226732e-01
5.320560833936084366e-01 6.279406068261516038e-01
5.314410355953501641e-01 6.470432678544094651e-01
5.287355036445557932e-01 6.613702636256028056e-01
5.292513276077134288e-01 6.661459288826673264e-01
5.385541197269911873e-01 6.947999204250541183e-01
5.436798724155200713e-01 7.043512509391830489e-01
5.487709117933340375e-01 7.094364500555017106e-01
5.535465770503985583e-01 7.120321125609616608e-01
5.583222423074629681e-01 7.133056232961789700e-01
5.630979075645274889e-01 7.128733432513584267e-01
5.678735728215918988e-01 7.105861472470171858e-01
5.840832827806665684e-01 6.947999204250541183e-01
5.929060182107048771e-01 6.804729246538606668e-01
5.970282389473807738e-01 6.709215941397317362e-01
5.995304447907692236e-01 6.565945983685383958e-01
6.053471397177511149e-01 6.327162720832160137e-01
6.114988959238237820e-01 6.136136110549581524e-01
6.130285570059255118e-01 6.040622805408292217e-01
6.139036387223747449e-01 5.801839542555069507e-01
6.172833402889128518e-01 5.658569584843134992e-01
6.187054643835280254e-01 5.467542974560556379e-01
6.198970082858434871e-01 5.419786321989911171e-01
6.244566781441325265e-01 5.324273016848621864e-01
6.280375910110806981e-01 5.276516364277977766e-01
6.347328864204944132e-01 5.211188867837001082e-01
6.395085516775589340e-01 5.181429457820355688e-01
6.442842169346234549e-01 5.165206627901782754e-01
6.538355474487523855e-01 5.157124732851365856e-01
6.729382084770102468e-01 5.158550304569893274e-01
6.824895389911391774e-01 5.176697131445892053e-01
6.872652042482035872e-01 5.199338202534347086e-01
6.920408695052681081e-01 5.235657894856425854e-01
6.992043673908647783e-01 5.324273016848621864e-01
7.256763739451100870e-01 5.706326237413779090e-01
7.309663315608651013e-01 5.849596195125713605e-01
7.345211822354462683e-01 6.088379457978937426e-01
7.386434029721221650e-01 6.183892763120226732e-01
7.463532080197012863e-01 6.327162720832160137e-01
7.493488525900416919e-01 6.365479104871397675e-01
7.541245178471061017e-01 6.403139213558186604e-01
7.589001831041706225e-01 6.426199057720465291e-01
7.684515136182995532e-01 6.442277637103192012e-01
7.780028441324284838e-01 6.426981953664245850e-01
7.875541746465574144e-01 6.385846743058799513e-01
7.961614783075456891e-01 6.327162720832160137e-01
8.074898005452335603e-01 6.183892763120226732e-01
8.162081661889442064e-01 6.124399306104253426e-01
8.257594967030732480e-01 6.082602443555068517e-01
8.400864924742665885e-01 6.047170088422009204e-01
8.591891535025244497e-01 5.985548601234080834e-01
8.735161492737177902e-01 5.950198323901578767e-01
8.878431450449112416e-01 5.891575833272489904e-01
8.973944755590401723e-01 5.874900093129562517e-01
9.260484671014269642e-01 5.871336163833245081e-01
9.355997976155558948e-01 5.854602940959732216e-01
9.451511281296848255e-01 5.812766912211063675e-01
9.537584317906731002e-01 5.754082889984424298e-01
9.575244426593517710e-01 5.706326237413779090e-01
9.598304270755796397e-01 5.658569584843134992e-01
9.616521207716315356e-01 5.563056279701845686e-01
9.620085137012631682e-01 5.133246406566043252e-01
9.635990608565709881e-01 5.037733101424753945e-01
9.672082261390079205e-01 4.942219796283464639e-01
9.704310083491456407e-01 4.894463143712819986e-01
9.881321154432650689e-01 4.769453082572014946e-01
9.945747581957199435e-01 4.703436533430241373e-01
9.975555263522939420e-01 4.655679880859596720e-01
9.991896173076990628e-01 4.607923228288952067e-01
1.000000000000000000e+00 4.512409923147662760e-01
9.998574428281472581e-01 3.987086744870571575e-01
9.959106611271200116e-01 3.796060134587992962e-01
9.934084552837314508e-01 3.605033524305414350e-01
9.892862345470556651e-01 3.509520219164125043e-01
9.792203829546357596e-01 3.318493608881545875e-01
9.756878338599528355e-01 3.270736956310901222e-01
9.594781239008782769e-01 3.108639856720155636e-01
9.547024586438137561e-01 3.073314365773326395e-01
9.451511281296848255e-01 3.025299077935539316e-01
9.308241323584913740e-01 2.977753683000516904e-01
9.212728018443625544e-01 2.962457072179500162e-01
8.305351619601376578e-01 2.962457072179500162e-01
8.209838314460087272e-01 2.979891113196236896e-01
8.114325009318796855e-01 3.026309725426601371e-01
8.051763794451253231e-01 3.079710346028322610e-01
8.018392786172503506e-01 3.127466998598967263e-01
7.964507768593147574e-01 3.270736956310901222e-01
7.929075413460087152e-01 3.414006914022835737e-01
7.822696270260353080e-01 3.652790176876058448e-01
7.781242593508284067e-01 3.796060134587992962e-01
7.717845299956258565e-01 3.891573439729282269e-01
7.684515136182995532e-01 3.924223396078599935e-01
7.636758483612351434e-01 3.950682083484752249e-01
7.589001831041706225e-01 3.959952283182705535e-01
6.251815559063655936e-01 3.959534829925969168e-01
6.204058906493010728e-01 3.947289534395033717e-01
6.156302253922365519e-01 3.904917210300491437e-01
6.136097516296324939e-01 3.843816787158637061e-01
6.130285570059255118e-01 3.461763566593479835e-01
6.114988959238237820e-01 3.366250261452190529e-01
6.067443564303215409e-01 3.222980303740256569e-01
5.971671623894783121e-01 3.031953693457677956e-01
5.917518991069142809e-01 2.968115719103041616e-01
5.869762338498498710e-01 2.930796420285312065e-01
