9.539586087771776413e-01 2.908400963728345889e-01
9.442197825358860097e-01 2.890624686811282817e-01
9.101338906913656324e-01 2.890624686811282817e-01
9.003950644500741118e-01 2.906221575082102437e-01
8.565703463642622140e-01 3.052088564009696747e-01
8.468315201229706934e-01 3.101813182046454509e-01
8.419621070023248777e-01 3.139865070848236739e-01
8.364405403387356053e-01 3.204956205420133597e-01
8.310465059235438989e-01 3.302344467833049357e-01
8.188729731219295260e-01 3.594509255071794973e-01
8.086153225064740546e-01 3.789285779897625384e-01
8.049641151542810125e-01 3.837979911104083541e-01
7.981373889165130908e-01 3.906247173481764423e-01
7.932679757958672750e-01 3.942759247003693179e-01
7.835291495545757545e-01 3.989952723821011960e-01
7.591820839513468977e-01 4.050361237212248278e-01
7.543126708307010819e-01 4.055649945377725607e-01
6.277079296939112041e-01 4.054923167300017450e-01
6.228385165732654993e-01 4.047828428922388144e-01
6.179691034526196836e-01 4.028191361129308534e-01
6.135561978120345206e-01 3.984062304723456349e-01
6.115924910327265041e-01 3.935368173516998747e-01
6.108830171949636290e-01 3.886674042310540589e-01
6.104469503483385129e-01 3.497120992658879768e-01
6.088872615212566064e-01 3.399732730245964563e-01
6.039695407307631436e-01 3.253650336626591200e-01
5.984914509700366425e-01 3.167020079945335187e-01
5.936220378493908267e-01 3.127488269409861577e-01
5.887526247287451220e-01 3.103975753000185467e-01
5.790137984874536015e-01 3.085401211637113228e-01
5.644055591255162652e-01 3.085401211637113228e-01
5.546667328842247446e-01 3.100998099907933403e-01
5.400584935222874083e-01 3.149476826422612508e-01
5.157114279190586625e-01 3.246865088835527713e-01
5.059726016777670310e-01 3.295083062302262000e-01
4.962337754364755660e-01 3.359154287573915543e-01
4.864949491951839899e-01 3.405623149343519618e-01
4.718867098332467092e-01 3.449779476208156836e-01
4.658973316948524790e-01 3.497120992658879768e-01
4.632157373464826922e-01 3.545815123865337370e-01
4.625130895760035665e-01 3.594509255071794973e-01
4.644372345367363542e-01 3.740591648691168336e-01
4.642080199122284312e-01 4.227532960755744362e-01
4.629594524453961024e-01 4.276227091962202520e-01
4.586390417844310452e-01 4.324921223168659568e-01
4.524090573506636681e-01 4.345522586371392548e-01
3.939760999029144339e-01 4.345522586371392548e-01
3.891066867822686737e-01 4.333036911703068705e-01
3.842372736616229134e-01 4.289832805093418688e-01
3.821771373413496709e-01 4.227532960755744362e-01
3.824767935333894808e-01 4.081450567136371554e-01
3.907922528624921954e-01 3.740591648691168336e-01
3.913233599192790235e-01 3.545815123865337370e-01
3.894659057829721327e-01 3.448426861452421610e-01
3.870777646486663337e-01 3.399732730245964563e-01
3.842372736616229134e-01 3.364061448083093819e-01
3.793678605409771531e-01 3.330469526374709721e-01
3.744984474203313929e-01 3.318189383543087567e-01
3.550207949377482963e-01 3.333700537170540823e-01
3.404125555758110155e-01 3.368643400321841286e-01
3.209349030932279745e-01 3.384375350403928673e-01
3.160654899725822142e-01 3.401060752006140886e-01
3.111960768519363985e-01 3.434305563402549888e-01
3.064594659073083260e-01 3.497120992658879768e-01
3.047909257470871047e-01 3.545815123865337370e-01
3.041826684020510485e-01 3.594509255071794973e-01
3.046410976510671720e-01 3.789285779897625384e-01
3.086160146760718037e-01 3.984062304723456349e-01
3.084293648515695763e-01 4.422309485581575328e-01
3.074841471780015434e-01 4.471003616788032931e-01
3.047863391727189675e-01 4.519697747994490533e-01
2.965878374899991177e-01 4.590565099661031434e-01
2.917184243693533574e-01 4.617505787400564832e-01
2.868490112487075971e-01 4.633192530729541292e-01
2.771101850074160766e-01 4.641433076010634817e-01
2.332854669216041787e-01 4.634690811689740619e-01
2.186772275596668980e-01 4.600230349605171076e-01
1.845913357151465206e-01 4.583989218103016738e-01
1.797219225945007604e-01 4.565114389600514189e-01
1.748525094738550001e-01 4.523571144795004995e-01
1.694642244633043915e-01 4.422309485581575328e-01
1.676937454084280188e-01 4.324921223168659568e-01
1.677664232161988900e-01 3.789285779897625384e-01
1.684233624630023796e-01 3.740591648691168336e-01
1.703046613706103440e-01 3.691897517484710178e-01
1.825479212805897755e-01 3.545815123865337370e-01
1.847130710431627021e-01 3.497120992658879768e-01
1.854801968403436696e-01 3.448426861452421610e-01
1.847130710431627021e-01 3.399732730245964563e-01
1.825479212805897755e-01 3.351038599039506405e-01
1.797219225945007604e-01 3.313358616558319536e-01
1.748525094738550001e-01 3.273570663029234384e-01
1.699830963532091843e-01 3.250058146619558830e-01
1.602442701119176638e-01 3.231483605256486591e-01
9.207248642287696461e-02 3.230030049101069722e-01
8.233366018158544408e-02 3.238292956784554200e-01
7.746424706093962831e-02 3.255002951382325871e-01
7.128009239771948558e-02 3.302344467833049357e-01
6.812382734770100479e-02 3.351038599039506405e-01
6.697930106729110822e-02 3.399732730245964563e-01
7.208433095183913730e-02 3.691897517484710178e-01
7.806294539544528233e-02 3.837979911104083541e-01
8.181478829168059574e-02 3.984062304723456349e-01
8.779211521198676538e-02 4.130144698342829157e-01
9.033868023598040642e-02 4.276227091962202520e-01
9.388007159645000987e-02 4.422309485581575328e-01
9.520809335662616668e-02 4.519697747994490533e-01
9.870237967175615745e-02 4.665780141613863341e-01
9.923125048830389039e-02 4.714474272820320944e-01
9.923125048830389039e-02 5.493580372123644251e-01
9.753094145327828590e-02 5.590968634536559456e-01
9.333041814571041428e-02 5.688356896949474661e-01
8.794218065090064762e-02 5.785745159362389867e-01
8.233366018158544408e-02 5.850193274194465110e-01
7.746424706093962831e-02 5.882690747855247038e-01
7.259483394029386805e-02 5.899239942097440625e-01
5.798659457835658726e-02 5.905300153145408570e-01
5.311718145771082700e-02 5.898730760677373119e-01
4.824776833706506673e-02 5.879855932174871125e-01
4.337835521641930647e-02 5.838312687369361376e-01
3.363952897512773044e-02 5.684299052682268982e-01
2.877011585448197017e-02 5.636447115569005462e-01
1.903128961319044965e-02 5.588972973421539869e-01
1.416187649254468939e-02 5.583507437012988905e-01
9.292463371898929125e-03 5.595026478803764025e-01
3.303085233504587936e-03 5.639662765743016504e-01
6.214908851350231522e-04 5.688356896949474661e-01
-1.110223024625156540e-16 5.737051028155931709e-01
7.516673428297759862e-04 5.785745159362389867e-01
3.744525472146764677e-03 5.883133421775305072e-01
1.348335171343828520e-02 6.126604077807593640e-01
1.830514906011165843e-02 6.223992340220508845e-01
3.363952897512773044e-02 6.473995135804881951e-01
3.850894209577354621e-02 6.522243893860062425e-01
4.337835521641930647e-02 6.543344684049526849e-01
4.824776833706506673e-02 6.547732228163442025e-01
8.233366018158544408e-02 6.533012788261489678e-01
9.694189954352272487e-02 6.498081275723524008e-01
1.115501389054600057e-01 6.484318657055032631e-01
1.310277913880431022e-01 6.425554112837402743e-01
1.651136832325634241e-01 6.266796052329410838e-01
1.748525094738550001e-01 6.249792961979154793e-01
3.160654899725822142e-01 6.246159071590612344e-01
3.258043162138737348e-01 6.229097370105056708e-01
3.355431424551652553e-01 6.187065957388945270e-01
3.456877531231773437e-01 6.126604077807593640e-01
3.504729468345036958e-01 6.077909946601135482e-01
3.556993197168547005e-01 5.980521684188220277e-01
3.644657772838283960e-01 5.737051028155931709e-01
3.703681416483550759e-01 5.639662765743016504e-01
3.849157984407293176e-01 5.347497978504270888e-01
3.883483355585615193e-01 5.250109716091355683e-01
3.932369925542449351e-01 5.152721453678440477e-01
4.013309426372231314e-01 5.055333191265525272e-01
4.085843392648517702e-01 4.988723294803860675e-01
4.134537523854975305e-01 4.958379697881238890e-01
4.183231655061432908e-01 4.941838408530473958e-01
4.280619917474348113e-01 4.933597863249380433e-01
4.475396442300179078e-01 4.935051419404797857e-01
4.572784704713094284e-01 4.952054509755053902e-01
4.670172967126009489e-01 4.995305081243771039e-01
4.750466481349424064e-01 5.055333191265525272e-01
4.778517409060377696e-01 5.104027322471982320e-01
4.788588240741713520e-01 5.152721453678440477e-01
4.794088629375279353e-01 5.639662765743016504e-01
4.811150330860834989e-01 5.737051028155931709e-01
4.853807614472396836e-01 5.834439290568846914e-01
4.913643623158298057e-01 5.922201968906066760e-01
4.962337754364755660e-01 5.960601357785578758e-01
5.011031885571213262e-01 5.984113874195254867e-01
5.059726016777670310e-01 5.997121956190422098e-01
5.254502541603501831e-01 6.011611014112343554e-01
5.351890804016417036e-01 6.039360426062690967e-01
5.421888617625699736e-01 6.077909946601135482e-01
5.458094383285674311e-01 6.126604077807593640e-01
5.469880429632064667e-01 6.175298209014050688e-01
5.475806466265686900e-01 6.857016045904458235e-01
5.494381007628755809e-01 6.954404308317373440e-01
5.517893524038430808e-01 7.003098439523831598e-01
5.557681477567517625e-01 7.051792570730288645e-01
5.595361460048704494e-01 7.080052557591178797e-01
5.644055591255162652e-01 7.101704055216908618e-01
5.692749722461620809e-01 7.109375313188718293e-01
5.741443853668077857e-01 7.102482363051765279e-01
5.838832116080993062e-01 7.059053976261076002e-01
5.991001276101173278e-01 6.954404308317373440e-01
6.033608640906824583e-01 6.911796943511723246e-01
6.138387976806434221e-01 6.759627783491543029e-01
6.191458782901091418e-01 6.662239521078627824e-01
6.233490195617201746e-01 6.564851258665712619e-01
6.250551897102758492e-01 6.467462996252797414e-01
6.254185787491299831e-01 5.737051028155931709e-01
6.269736531122265255e-01 5.639662765743016504e-01
6.318189915908498655e-01 5.493580372123644251e-01
6.366351870817618108e-01 5.396192109710727935e-01
6.500976821800177330e-01 5.201415584884897525e-01
6.569244084177858767e-01 5.134805688423232928e-01
6.617938215384315814e-01 5.104462091500612253e-01
6.666632346590773972e-01 5.087920802149846766e-01
6.715326477797231020e-01 5.081860591101878821e-01
6.910103002623062540e-01 5.083425959269249894e-01
6.958797133829519588e-01 5.095911633937573182e-01
7.007491265035976635e-01 5.139115740547224309e-01
7.028092628238709061e-01 5.201415584884897525e-01
7.039585124240235192e-01 5.444886240917186093e-01
7.051794941789393256e-01 5.493580372123644251e-01
7.099124766488129623e-01 5.590968634536559456e-01
7.153573658655349998e-01 5.656059769108456869e-01
7.202267789861808156e-01 5.694111657910237989e-01
7.299656052274723361e-01 5.742156058040479572e-01
7.445738445894096724e-01 5.778402393545543081e-01
7.543126708307010819e-01 5.818945703366793509e-01
7.564430390709837582e-01 5.834439290568846914e-01
7.598117494410854267e-01 5.883133421775305072e-01
7.605346987070817910e-01 5.931827552981763230e-01
7.569654108143364368e-01 6.126604077807593640e-01
7.569654108143364368e-01 6.370074733839881098e-01
7.588228649506436607e-01 6.467462996252797414e-01
7.611741165916112717e-01 6.516157127459254461e-01
7.651272976451586327e-01 6.564851258665712619e-01
7.737903233132842340e-01 6.619632156272976520e-01
7.883985626752214593e-01 6.668809364177911148e-01
7.981373889165130908e-01 6.684406252448731323e-01
8.127456282784504271e-01 6.684406252448731323e-01
8.224844545197418366e-01 6.666629975531669361e-01
8.322232807610334682e-01 6.620066925301606453e-01
8.509815881235212043e-01 6.467462996252797414e-01
8.638744660452308821e-01 6.321380602633424051e-01
8.857868250881368866e-01 6.108688312552386090e-01
8.906562382087825913e-01 6.078344715629765416e-01
8.955256513294282961e-01 6.061803426278999929e-01
9.198727169326572639e-01 6.051382546764780823e-01
9.296115431739486734e-01 6.035785658493961758e-01
9.442197825358860097e-01 5.980948825690031168e-01
9.505013254615191087e-01 5.931827552981763230e-01
9.538258066011600089e-01 5.883133421775305072e-01
9.554943467613812302e-01 5.834439290568846914e-01
9.563206375297297335e-01 5.737051028155931709e-01
9.567253207775444634e-01 5.006639060059067114e-01
9.576705384511126073e-01 4.957944928852609512e-01
9.603375399652235300e-01 4.909250797646151909e-01
9.734362612597606823e-01 4.791190498400306197e-01
9.841845999772835807e-01 4.714474272820320944e-01
9.896842009582418331e-01 4.665780141613863341e-01
9.934893898384200561e-01 4.617086010407405738e-01
9.982223723082936928e-01 4.519697747994490533e-01
1.000000000000000000e+00 4.422309485581575328e-01
1.000000000000000000e+00 3.886674042310540589e-01
9.994688929432131719e-01 3.837979911104083541e-01
9.959757416894163828e-01 3.691897517484710178e-01
9.935708980522721667e-01 3.497120992658879768e-01
9.838536122801585515e-01 3.204956205420133597e-01
9.789578279233499547e-01 3.107567943007218392e-01
9.752980956882428831e-01 3.058873811800760789e-01
9.685668481391148665e-01 2.991561336309481178e-01
9.636974350184690508e-01 2.954964013958409907e-01
