1.836206896551724199e-01 1.732758620689655027e-01
1.577586206896551824e-01 1.767241379310344751e-01
1.448275862068965636e-01 1.844827586206896353e-01
1.387931034482758896e-01 2.008620689655172264e-01
1.077586206896551935e-01 1.974137931034482540e-01
8.879310344827584522e-02 2.025862068965517127e-01
8.103448275862068506e-02 2.120689655172413590e-01
8.189655172413795592e-02 2.232758620689654916e-01
7.155172413793103869e-02 2.198275862068965747e-01
6.724137931034485094e-02 2.258620689655172487e-01
6.724137931034485094e-02 2.327586206896551935e-01
7.241379310344825404e-02 2.431034482758620552e-01
7.413793103448274024e-02 3.241379310344827402e-01
7.068965517241376784e-02 3.275862068965517127e-01
6.551724137931036474e-02 3.586206896551724088e-01
6.896551724137933714e-02 3.655172413793103536e-01
6.896551724137933714e-02 3.810344827586206740e-01
6.551724137931036474e-02 3.948275862068965636e-01
6.206896551724139233e-02 3.982758620689655360e-01
6.206896551724139233e-02 4.034482758620689946e-01
5.172413793103447510e-02 4.172413793103448287e-01
5.172413793103447510e-02 4.206896551724138011e-01
4.655172413793101649e-02 4.241379310344827736e-01
4.655172413793101649e-02 4.275862068965516904e-01
4.310344827586204408e-02 4.293103448275862322e-01
3.448275862068966857e-02 4.448275862068965525e-01
2.844827586206893910e-02 4.646551724137931161e-01
2.758620689655172376e-02 4.310344827586206629e-01
3.275862068965518237e-02 4.293103448275862322e-01
3.275862068965518237e-02 4.224137931034482873e-01
2.758620689655172376e-02 4.206896551724138011e-01
3.275862068965518237e-02 3.810344827586206740e-01
3.103448275862069616e-02 3.655172413793103536e-01
3.448275862068966857e-02 3.637931034482758674e-01
3.275862068965518237e-02 3.465517241379310054e-01
3.620689655172415478e-02 3.448275862068965747e-01
3.448275862068966857e-02 3.189655172413793371e-01
3.965517241379312718e-02 3.172413793103447954e-01
3.965517241379312718e-02 3.068965517241379337e-01
3.448275862068966857e-02 3.051724137931034475e-01
3.448275862068966857e-02 2.862068965517241548e-01
3.793103448275864098e-02 2.844827586206896686e-01
3.793103448275864098e-02 2.793103448275862100e-01
3.448275862068966857e-02 2.775862068965517238e-01
3.448275862068966857e-02 2.689655172413792927e-01
3.793103448275864098e-02 2.637931034482758896e-01
3.793103448275864098e-02 2.431034482758620552e-01
3.448275862068966857e-02 2.413793103448275690e-01
3.448275862068966857e-02 2.327586206896551935e-01
2.844827586206893910e-02 2.318965517241379226e-01
2.586206896551723755e-02 2.413793103448275690e-01
1.896551724137929273e-02 2.500000000000000000e-01
1.896551724137929273e-02 2.603448275862069172e-01
1.551724137931032033e-02 2.672413793103448620e-01
1.551724137931032033e-02 2.758620689655172376e-01
1.206896551724140343e-02 2.775862068965517238e-01
1.379310344827588963e-02 2.879310344827585855e-01
1.034482758620691722e-02 3.499999999999999778e-01
1.724137931034480653e-02 3.517241379310345195e-01
1.034482758620691722e-02 3.534482758620689502e-01
1.120689655172413257e-02 3.594827586206896797e-01
1.724137931034480653e-02 3.603448275862068950e-01
1.379310344827588963e-02 3.620689655172413812e-01
1.206896551724140343e-02 3.724137931034482429e-01
1.551724137931032033e-02 4.017241379310344529e-01
1.379310344827588963e-02 4.431034482758620663e-01
8.620689655172431021e-03 4.706896551724137900e-01
8.620689655172431021e-03 5.034482758620689724e-01
1.724137931034486204e-03 5.655172413793103647e-01
3.448275862068972408e-03 5.672413793103447954e-01
0.000000000000000000e+00 5.879310344827586299e-01
0.000000000000000000e+00 6.620689655172413701e-01
1.206896551724140343e-02 7.155172413793102759e-01
2.672413793103450841e-02 7.370689655172413257e-01
5.086206896551725976e-02 7.439655172413792705e-01
8.017241379310346971e-02 7.439655172413792705e-01
9.051724137931033143e-02 7.405172413793104091e-01
2.474137931034482984e-01 7.405172413793104091e-01
2.853448275862068839e-01 7.370689655172413257e-01
3.370689655172414145e-01 7.370689655172413257e-01
3.646551724137930828e-01 7.405172413793104091e-01
3.767241379310344862e-01 7.387931034482758674e-01
5.198275862068965081e-01 7.474137931034482429e-01
5.267241379310344529e-01 7.508620689655172153e-01
5.370689655172413701e-01 7.508620689655172153e-01
5.715517241379310942e-01 7.594827586206895909e-01
5.767241379310344973e-01 7.629310344827586743e-01
6.008620689655171931e-01 7.681034482758620774e-01
6.318965517241379448e-01 7.698275862068966191e-01
6.818965517241379892e-01 7.853448275862069394e-01
6.887931034482758230e-01 7.853448275862069394e-01
6.922413793103447954e-01 7.905172413793103425e-01
7.060344827586206851e-01 7.922413793103448842e-01
7.094827586206896575e-01 7.956896551724137456e-01
7.267241379310345195e-01 7.991379310344828291e-01
7.318965517241379226e-01 8.025862068965516904e-01
7.387931034482758674e-01 8.025862068965516904e-01
7.405172413793104091e-01 8.060344827586206629e-01
7.836206896551723977e-01 8.077586206896552046e-01
8.043103448275862322e-01 8.043103448275862322e-01
8.370689655172414145e-01 8.043103448275862322e-01
8.396551724137930606e-01 8.137931034482759340e-01
8.474137931034482207e-01 8.215517241379310942e-01
8.594827586206896797e-01 8.267241379310344973e-01
8.732758620689655693e-01 8.267241379310344973e-01
8.741379310344827847e-01 8.206896551724137678e-01
8.620689655172413257e-01 8.137931034482759340e-01
8.663793103448276245e-01 8.129310344827586077e-01
8.698275862068964859e-01 8.163793103448275801e-01
8.870689655172414589e-01 8.146551724137931494e-01
8.991379310344826958e-01 8.198275862068965525e-01
9.163793103448276689e-01 8.215517241379310942e-01
9.379310344827586077e-01 8.137931034482759340e-01
9.387931034482759340e-01 8.112068965517240660e-01
9.594827586206896575e-01 8.112068965517240660e-01
9.879310344827585411e-01 8.224137931034483096e-01
9.887931034482758674e-01 8.249999999999999556e-01
9.974137931034483540e-01 8.267241379310344973e-01
1.000000000000000000e+00 8.241379310344827402e-01
1.000000000000000000e+00 8.172413793103447954e-01
9.836206896551724643e-01 7.991379310344828291e-01
9.629310344827586299e-01 7.887931034482758008e-01
9.448275862068965525e-01 7.844827586206897241e-01
9.637931034482758452e-01 7.586206896551723755e-01
9.689655172413793593e-01 7.431034482758620552e-01
9.689655172413793593e-01 7.310344827586207073e-01
9.758620689655173042e-01 7.275862068965517349e-01
9.749999999999999778e-01 7.198275862068965747e-01
9.672413793103448176e-01 7.189655172413793593e-01
9.706896551724137900e-01 6.758620689655172598e-01
9.775862068965517349e-01 6.534482758620689946e-01
9.896551724137930828e-01 6.362068965517241326e-01
9.896551724137930828e-01 6.206896551724138122e-01
9.853448275862068950e-01 6.129310344827586521e-01
9.698275862068965747e-01 6.043103448275861656e-01
9.422413793103447954e-01 6.043103448275861656e-01
9.267241379310344751e-01 6.094827586206896797e-01
9.215517241379309610e-01 6.146551724137930828e-01
9.198275862068965303e-01 6.112068965517241104e-01
9.077586206896551824e-01 6.129310344827586521e-01
8.974137931034482651e-01 6.077586206896551380e-01
8.508620689655173042e-01 6.060344827586207073e-01
8.387931034482758452e-01 6.112068965517241104e-01
8.275862068965517127e-01 6.051724137931034919e-01
8.258620689655171709e-01 5.999999999999999778e-01
8.155172413793103647e-01 5.913793103448276023e-01
8.034482758620689058e-01 5.741379310344827402e-01
7.844827586206897241e-01 5.327586206896551824e-01
7.844827586206897241e-01 5.275862068965517793e-01
7.741379310344826958e-01 5.068965517241379448e-01
7.741379310344826958e-01 5.000000000000000000e-01
7.706896551724138344e-01 4.965517241379310276e-01
7.689655172413792927e-01 4.827586206896551935e-01
7.655172413793103203e-01 4.793103448275862211e-01
7.620689655172414589e-01 4.603448275862068728e-01
7.637931034482758896e-01 4.534482758620689835e-01
7.534482758620689724e-01 4.086206896551723977e-01
7.456896551724138122e-01 3.922413793103448620e-01
7.431034482758620552e-01 3.913793103448275912e-01
7.431034482758620552e-01 3.862068965517241326e-01
7.344827586206896797e-01 3.758620689655172153e-01
7.344827586206896797e-01 3.706896551724138122e-01
7.077586206896551158e-01 3.370689655172414145e-01
7.043103448275862544e-01 3.370689655172414145e-01
7.008620689655172820e-01 3.318965517241379004e-01
6.887931034482758230e-01 3.301724137931034697e-01
6.836206896551724199e-01 3.267241379310344973e-01
6.715517241379310720e-01 3.250000000000000111e-01
6.560344827586206407e-01 3.267241379310344973e-01
6.482758620689654805e-01 3.103448275862069061e-01
6.482758620689654805e-01 3.051724137931034475e-01
6.379310344827586743e-01 2.913793103448275579e-01
6.327586206896551602e-01 2.793103448275862100e-01
6.327586206896551602e-01 2.672413793103448620e-01
6.293103448275861878e-01 2.637931034482758896e-01
6.293103448275861878e-01 2.534482758620689724e-01
6.327586206896551602e-01 2.517241379310344862e-01
6.310344827586207295e-01 2.413793103448275690e-01
6.353448275862069172e-01 2.267241379310344640e-01
6.482758620689654805e-01 2.189655172413793038e-01
6.482758620689654805e-01 2.155172413793103314e-01
6.525862068965517793e-01 2.146551724137931161e-01
6.560344827586206407e-01 2.094827586206896575e-01
6.612068965517241548e-01 2.077586206896551713e-01
6.663793103448275579e-01 1.991379310344827402e-01
6.724137931034482873e-01 1.982758620689655249e-01
6.715517241379310720e-01 1.922413793103448509e-01
6.663793103448275579e-01 1.922413793103448509e-01
6.646551724137931272e-01 1.956896551724137678e-01
6.577586206896551824e-01 1.870689655172413923e-01
6.267241379310344307e-01 1.836206896551724199e-01
6.034482758620689502e-01 1.948275862068965525e-01
6.008620689655171931e-01 2.094827586206896575e-01
5.767241379310344973e-01 2.094827586206896575e-01
5.612068965517241770e-01 2.163793103448276023e-01
5.551724137931034475e-01 2.224137931034482762e-01
5.551724137931034475e-01 2.327586206896551935e-01
5.431034482758620996e-01 2.362068965517241104e-01
5.534482758620690168e-01 2.896551724137931272e-01
5.517241379310344751e-01 3.224137931034483096e-01
5.534482758620690168e-01 3.241379310344827402e-01
5.500000000000000444e-01 3.293103448275861989e-01
5.465517241379310720e-01 3.741379310344827847e-01
5.405172413793103425e-01 3.784482758620689724e-01
5.129310344827586743e-01 3.870689655172413479e-01
5.043103448275861878e-01 3.870689655172413479e-01
4.732758620689654916e-01 3.956896551724137789e-01
4.594827586206896575e-01 3.956896551724137789e-01
4.525862068965517127e-01 3.991379310344827513e-01
4.318965517241379337e-01 3.974137931034482651e-01
4.181034482758620996e-01 3.991379310344827513e-01
4.043103448275862100e-01 3.974137931034482651e-01
3.905172413793103203e-01 3.991379310344827513e-01
3.698275862068965414e-01 3.974137931034482651e-01
3.681034482758620552e-01 3.939655172413792927e-01
3.629310344827586521e-01 3.939655172413792927e-01
3.612068965517241104e-01 3.974137931034482651e-01
3.508620689655172487e-01 3.974137931034482651e-01
3.465517241379310054e-01 3.879310344827586188e-01
3.448275862068965747e-01 3.706896551724138122e-01
3.379310344827586299e-01 3.603448275862068950e-01
3.379310344827586299e-01 3.534482758620689502e-01
3.301724137931034697e-01 3.508620689655172487e-01
3.258620689655172820e-01 3.551724137931034364e-01
3.258620689655172820e-01 3.603448275862068950e-01
3.224137931034483096e-01 3.620689655172413812e-01
3.241379310344827402e-01 3.775862068965517571e-01
3.189655172413793371e-01 3.810344827586206740e-01
3.189655172413793371e-01 3.844827586206896464e-01
3.129310344827586077e-01 3.905172413793103203e-01
3.094827586206896353e-01 3.905172413793103203e-01
3.043103448275862322e-01 3.956896551724137789e-01
2.715517241379310498e-01 3.991379310344827513e-01
2.370689655172413812e-01 4.077586206896551824e-01
2.284482758620689502e-01 4.146551724137931272e-01
2.163793103448276023e-01 4.163793103448275579e-01
2.129310344827586299e-01 4.198275862068965303e-01
2.060344827586206851e-01 4.198275862068965303e-01
1.844827586206896353e-01 3.982758620689655360e-01
1.844827586206896353e-01 3.948275862068965636e-01
1.793103448275862322e-01 3.896551724137931050e-01
1.749999999999999889e-01 3.784482758620689724e-01
1.724137931034482873e-01 3.775862068965517571e-01
1.706896551724138011e-01 3.689655172413792705e-01
1.603448275862068839e-01 3.517241379310345195e-01
1.586206896551723977e-01 3.413793103448276023e-01
1.517241379310345084e-01 3.275862068965517127e-01
1.500000000000000222e-01 3.137931034482758230e-01
1.465517241379310498e-01 3.103448275862069061e-01
1.448275862068965636e-01 2.655172413793103203e-01
1.534482758620689391e-01 2.413793103448275690e-01
1.715517241379310165e-01 2.163793103448276023e-01
1.827586206896551491e-01 2.103448275862068728e-01
2.017241379310344973e-01 1.931034482758620663e-01
2.017241379310344973e-01 1.844827586206896353e-01
1.974137931034482540e-01 1.767241379310344751e-01
