8.706323231147385933e-01 1.874947584342347984e-01
8.644062484609426056e-01 1.921511065141627839e-01
8.634615470716495711e-01 1.968074545940908249e-01
8.706118036147254546e-01 2.200891949937308634e-01
8.821914696543803336e-01 2.340582392335148754e-01
8.878043241649125061e-01 2.456991094333348946e-01
8.908645030106885354e-01 2.573399796331549139e-01
8.882834641438811518e-01 2.992471123525068943e-01
8.812989420239891736e-01 3.434824191118229786e-01
8.781290435234228031e-01 3.552480129209267812e-01
8.758008694834586993e-01 3.582173100752793493e-01
8.734726954434947066e-01 3.583638558807821228e-01
8.711445214035307139e-01 3.555113183183036263e-01
8.659970741120477378e-01 3.388260710318949931e-01
8.671866255355920039e-01 3.318415489120029593e-01
8.662904981692662876e-01 3.271852008320749738e-01
8.612784068243390934e-01 3.202006787121829401e-01
8.597477339659650442e-01 3.108879825523269691e-01
8.429623501617082848e-01 2.573399796331549139e-01
8.427293480797077851e-01 2.526836315532268729e-01
8.459735250206412704e-01 2.456991094333348946e-01
8.456704171162578998e-01 2.410427613534068536e-01
8.408782588839986971e-01 2.350106740680455997e-01
8.301732233473013700e-01 2.294018911535868344e-01
8.235995554697559395e-01 2.177610209537668151e-01
8.199246925243226514e-01 2.149090077548108657e-01
7.919866040447546274e-01 2.099705924354257069e-01
7.733612117250425744e-01 2.104948648774275788e-01
7.661157735489476650e-01 2.154328469138028224e-01
7.664379573430444292e-01 2.200891949937308634e-01
7.952421016430093470e-01 2.596681536731189066e-01
8.037679675056069728e-01 2.782935459928309041e-01
8.184607649082846770e-01 3.364978969919310003e-01
8.207664169849251401e-01 3.597796373915710388e-01
8.176577862222524917e-01 3.714205075913910026e-01
8.152683444443946659e-01 3.741823611093875179e-01
8.036274742445745911e-01 3.757296718232542299e-01
8.007528920115578597e-01 3.784050297112830363e-01
7.989711261646466056e-01 3.834156651451186004e-01
7.966429521246826129e-01 3.849865986319504496e-01
7.896584300047906346e-01 3.740575210448195964e-01
7.803457338449346636e-01 3.722835376234466254e-01
7.733612117250425744e-01 3.689205830074951953e-01
7.687048636451145889e-01 3.684825736838174270e-01
7.640485155651866034e-01 3.712882249754839714e-01
7.586690225183001512e-01 3.853895518311750146e-01
7.586981925310385400e-01 3.923740739510670483e-01
7.572784305279229855e-01 3.947022479910310411e-01
7.361104270856185794e-01 4.034523020912290647e-01
7.244695568857986157e-01 4.106396575555119055e-01
7.011878164861584661e-01 4.292033788073941203e-01
6.965314684062304806e-01 4.290890090098644638e-01
6.616088578067704784e-01 4.176698696709933989e-01
6.476398135669865219e-01 4.164975388113094090e-01
6.243580731673464834e-01 4.113505401339482281e-01
6.103890289275624159e-01 4.060990354285967663e-01
5.987481587277424522e-01 4.055372117924019859e-01
5.661537221682463317e-01 4.144222295981888071e-01
5.335592856087503222e-01 4.149215440765646190e-01
4.637140644098302622e-01 4.281384090111294283e-01
4.497450201700462502e-01 4.288806062334534208e-01
4.445954148782614856e-01 4.249685105105630578e-01
4.442469476295158870e-01 4.156558143507070868e-01
4.482227525285312764e-01 3.993585960709590266e-01
4.508048605912238771e-01 3.737486816313549953e-01
4.512314697494078652e-01 3.434824191118229786e-01
4.564432913833852967e-01 3.225288527521469328e-01
4.654407934894702614e-01 2.992471123525068943e-01
4.707989388590310686e-01 2.899344161926509233e-01
4.808049783850205650e-01 2.596681536731189066e-01
4.807206482173798090e-01 2.526836315532268729e-01
4.778641888527225823e-01 2.480272834732988874e-01
4.689767078126655386e-01 2.410427613534068536e-01
4.613858903698662695e-01 2.308398810017999181e-01
4.427604980501542165e-01 2.198792776622586209e-01
4.194787576505142335e-01 2.148508034038118519e-01
4.148224095705861925e-01 2.171956072583470232e-01
4.130208463253759454e-01 2.270737171136228416e-01
4.310192755210254245e-01 2.596681536731189066e-01
4.313261594183955827e-01 2.643245017530468921e-01
4.285142902341840254e-01 2.736371979129028631e-01
4.272454007369566042e-01 2.969189383125429016e-01
4.233893624832662517e-01 3.062316344723989281e-01
4.225890526570286188e-01 3.132161565922909618e-01
4.158825602494983786e-01 3.341697229519670076e-01
4.055097134107301660e-01 3.452109119596750708e-01
4.031815393707661732e-01 3.442030444099070108e-01
4.016592717292512549e-01 3.318415489120029593e-01
3.974306020033924192e-01 3.178725046722189473e-01
4.023039968480105477e-01 2.619963277130828994e-01
4.087729737454338097e-01 2.363864132734788681e-01
4.092136266561274827e-01 2.270737171136228416e-01
4.069284444663332501e-01 2.247455430736588489e-01
3.899268212568802183e-01 2.177610209537668151e-01
3.775716249311621420e-01 1.997904275827946941e-01
3.682589287713061710e-01 1.944595502656525920e-01
3.612744066514141372e-01 1.933499424004128664e-01
3.240236220119900867e-01 1.943075300101950731e-01
3.189986463757344959e-01 1.991356286340548176e-01
3.213836389488166079e-01 2.084483247939108441e-01
3.356644922118101060e-01 2.257610232400261152e-01
3.582097693947268180e-01 2.433709353933708464e-01
3.621161311120165149e-01 2.596681536731189066e-01
3.635834972976079715e-01 2.852780681127229379e-01
3.595282761214411149e-01 3.132161565922909618e-01
3.560360150614951258e-01 3.202006787121829401e-01
3.523242949731918428e-01 3.341697229519670076e-01
3.470612796493758312e-01 3.458105931517869713e-01
3.359555139668056190e-01 3.947022479910310411e-01
3.333363181718461132e-01 3.986601438589698065e-01
3.100545777722060747e-01 4.108991139414702731e-01
2.867728373725660918e-01 4.262812043841598397e-01
2.747785836131086956e-01 4.412657287903111181e-01
2.634678152325263811e-01 4.622192951499871083e-01
2.369633446906438956e-01 4.878292095895911396e-01
2.276806233921238043e-01 5.064546019093031370e-01
2.196183746952437565e-01 5.297363423089431755e-01
1.969366602343396999e-01 5.669871269483672815e-01
1.796768315342219258e-01 5.855896940323933597e-01
1.587232651745459355e-01 5.986637256651851091e-01
1.447542209347618680e-01 6.117758521270190153e-01
1.377696988148698898e-01 6.120641581682856325e-01
9.120621801558981279e-02 6.021913715042745974e-01
6.559630357598578154e-02 5.900623357799459345e-01
2.136099681666975281e-02 5.926605370436066611e-01
1.642950089565509142e-02 5.972533894678992983e-01
6.366861021976200075e-03 6.251914779474673223e-01
7.454314381527660238e-03 6.321760000673593005e-01
2.408412895269906873e-02 6.554577404669993390e-01
4.245505643737812473e-02 6.903803510664593412e-01
4.511982206056469602e-02 7.020212212662794160e-01
2.945282122386166934e-02 7.299593097458474400e-01
2.368917085663374555e-02 7.337873651384805296e-01
6.456117913762937643e-03 7.509128761055234857e-01
0.000000000000000000e+00 7.602255722653794567e-01
6.536796342975770280e-04 7.648819203453074422e-01
9.720126616849733558e-03 7.722136263132642897e-01
2.572632314160228084e-02 7.811791386250555025e-01
3.533004105645376480e-02 7.914096726275896554e-01
4.464273721630979130e-02 7.975767092341122799e-01
6.326812953602178879e-02 8.029386113831805671e-01
7.258082569587781530e-02 8.031733282298669785e-01
8.654986993566182729e-02 8.007245352024952023e-01
1.075034362953378730e-01 8.094313458243012072e-01
1.191443064951578368e-01 8.101770675258010979e-01
1.377696988148698898e-01 8.056944637772137652e-01
1.563950911345818873e-01 8.047049617869497240e-01
1.657077872944379138e-01 7.994165019381068715e-01
1.707113192224307130e-01 7.928200088248755772e-01
1.733390244254310320e-01 7.858354867049834880e-01
1.735770155495162115e-01 7.788509645850913987e-01
1.866613536541139595e-01 7.731094506390785437e-01
1.936458757740059378e-01 7.720763597966715519e-01
2.076149200137899498e-01 7.641118320090116711e-01
2.285684863734659955e-01 7.633596527037924684e-01
2.867728373725660918e-01 7.568028089379696954e-01
3.170390998920981085e-01 7.568028089379696954e-01
3.379926662517741542e-01 7.593838478047770790e-01
3.542898845315221035e-01 7.633596527037924684e-01
3.752434508911981492e-01 7.659417607664851246e-01
3.961970172508741950e-01 7.659417607664851246e-01
4.055097134107301660e-01 7.640401958847051755e-01
4.264632797704062117e-01 7.633596527037924684e-01
4.544013682499742357e-01 7.570556737648130863e-01
4.963085009693262717e-01 7.544746348980057027e-01
5.079493711691462909e-01 7.566290646066291536e-01
5.428719817686062932e-01 7.570556737648130863e-01
5.871072885279223774e-01 7.680160007837204539e-01
6.080608548875984232e-01 7.715153686020302937e-01
6.313425952872384617e-01 7.796568709835405286e-01
6.546243356868785002e-01 7.826430662410934769e-01
6.709215539666264494e-01 7.866413931034326179e-01
6.848905982064105169e-01 7.878820267885002782e-01
7.337822530456545866e-01 8.071082382152996448e-01
7.570639934452945141e-01 8.122513075430366492e-01
7.756893857650066781e-01 8.125052415657652016e-01
7.919866040447546274e-01 8.093613098668777095e-01
8.036274742445745911e-01 8.041792450682482274e-01
8.152683444443946659e-01 8.012909805241290595e-01
8.385500848440347044e-01 8.006104373432165744e-01
8.804572175633866848e-01 7.928397391133497063e-01
8.944262618031707524e-01 7.861472957281929741e-01
9.153798281628467981e-01 7.725881764175883681e-01
9.246721017434048617e-01 7.578973982254154640e-01
9.267390644062194482e-01 7.485847020655593820e-01
9.346349724769752454e-01 7.346156578257754255e-01
9.373932349437004152e-01 7.229747876259553507e-01
9.375669792750410680e-01 6.950366991463874378e-01
9.397214089836645190e-01 6.764113068266753848e-01
9.375669792750410680e-01 6.647704366268553100e-01
9.375669792750410680e-01 6.368323481472872860e-01
9.393600207744761121e-01 6.251914779474673223e-01
9.378198441018843479e-01 6.182069558275753440e-01
9.401480181418484516e-01 5.949252154279353055e-01
9.452950168192095770e-01 5.693153009883312743e-01
9.552779719928750080e-01 5.390490384687991465e-01
9.665795865761930283e-01 4.924855576695191250e-01
9.784846100041291184e-01 4.668756432299151493e-01
9.805486308159770958e-01 4.529065989901310818e-01
9.906156677158373114e-01 4.342812066704190843e-01
9.913678470210565141e-01 4.156558143507070868e-01
9.932694119028364632e-01 4.063431181908510603e-01
9.934431562341771160e-01 3.714205075913910026e-01
9.979257599827645597e-01 3.458105931517869713e-01
9.979257599827645597e-01 3.085598085123629764e-01
9.961316492874443540e-01 2.969189383125429016e-01
1.000000000000000000e+00 2.806217200327948968e-01
1.000000000000000000e+00 2.736371979129028631e-01
9.968659195615868773e-01 2.657157277037570653e-01
9.922095714816587808e-01 2.638175606314417942e-01
9.875532234017307953e-01 2.658400112696271966e-01
9.735841791619468388e-01 2.810431998158918754e-01
9.596151349221628823e-01 2.824648578144330902e-01
9.547841737892375225e-01 2.876062421526869306e-01
9.518963425281282698e-01 2.992471123525068943e-01
9.510845597288573039e-01 3.178725046722189473e-01
9.479545344338685675e-01 3.248570267921109256e-01
9.401838362040016994e-01 3.597796373915710388e-01
9.376017281413091542e-01 3.807332037512470291e-01
9.376017281413091542e-01 4.645474691899511011e-01
9.397561578499324941e-01 4.761883393897711203e-01
9.397561578499324941e-01 5.087827759492671298e-01
9.285199013429465964e-01 5.553462567485472068e-01
9.215584438842896464e-01 5.925970413879713128e-01
9.177080022028107908e-01 6.293489315902601744e-01
9.153798281628467981e-01 6.304298695373863337e-01
9.130516541228828054e-01 6.249420307288997556e-01
9.087094247626325005e-01 5.995815635078632910e-01
8.982536388234145797e-01 5.669871269483672815e-01
8.947403805228484330e-01 5.250799942290151900e-01
8.874614699717529032e-01 4.924855576695191250e-01
8.844405778348876090e-01 4.855010355496271468e-01
8.873012464222463924e-01 4.738601653498071276e-01
8.963946271278676603e-01 4.575629470700591228e-01
9.130516541228828054e-01 4.362654459090247183e-01
9.249024416541749005e-01 4.179839883906710796e-01
9.257523647438804515e-01 4.016867701109230193e-01
9.242014251111478895e-01 3.923740739510670483e-01
9.254267945968452924e-01 3.714205075913910026e-01
9.239224359864068870e-01 3.621078114315350316e-01
9.277191505746560374e-01 3.458105931517869713e-01
9.259261090752211043e-01 3.341697229519670076e-01
9.259261090752211043e-01 3.178725046722189473e-01
9.278266047611158918e-01 3.085598085123629764e-01
9.284713298798752401e-01 2.829498940727589451e-01
9.301547788010799955e-01 2.759653719528669114e-01
9.308825108575278229e-01 2.573399796331549139e-01
9.363936059201081186e-01 2.480272834732988874e-01
9.392981786515395282e-01 2.387145873134428609e-01
9.377451596318626681e-01 2.340582392335148754e-01
9.293488724026308656e-01 2.289505104723693063e-01
9.256625968393544790e-01 2.247455430736588489e-01
9.254267945968452924e-01 2.107764988338748369e-01
9.231770148061224646e-01 2.061201507539467959e-01
9.153798281628467981e-01 1.975757520272788947e-01
8.861030396102994589e-01 1.874947584342347984e-01
