8.622425311848005425e-01 2.028299374084431284e-01
8.550722466373685826e-01 2.062924490611265926e-01
8.536017096943985250e-01 2.097549607138100569e-01
8.572857808724769768e-01 2.201424956718603942e-01
8.701821582217281748e-01 2.374550539352776046e-01
8.823265414835530507e-01 2.478425888933279420e-01
8.869930095185212249e-01 2.564988680250365749e-01
8.916618576227045567e-01 2.772739379411372496e-01
8.927686775868957092e-01 3.015115195099213885e-01
8.872186163489059751e-01 3.222865894260220632e-01
8.750929836577060472e-01 3.499866826474896664e-01
8.557863896657345038e-01 3.771890398188839644e-01
8.523238780130510950e-01 3.768466076002913723e-01
8.347502573631219169e-01 3.257491010787055274e-01
8.309228925289652290e-01 3.084365428152883171e-01
8.320681848448528983e-01 2.824677054201624182e-01
8.299452678643550740e-01 2.599613796777200392e-01
8.263550406179251961e-01 2.561441024868517657e-01
8.176987614862165632e-01 2.568484485284325269e-01
8.159675056598748588e-01 2.556641553944790091e-01
8.147822612864563663e-01 2.426488214143027733e-01
8.107737381808497457e-01 2.362714402580847750e-01
7.917299240910906644e-01 2.316620055932879785e-01
7.778798774803570293e-01 2.314731774606789694e-01
7.657610866959648765e-01 2.338364454457928510e-01
7.607504328139566008e-01 2.374550539352776046e-01
7.600479424690371744e-01 2.409175655879610689e-01
7.637979662500238298e-01 2.513051005460114062e-01
7.744173658276735095e-01 2.631681376287848817e-01
7.850172246134827780e-01 2.720801704621120809e-01
7.991156848341129937e-01 3.049740311626047973e-01
8.027802054201624848e-01 3.222865894260220632e-01
8.038345242539554070e-01 3.395991476894393291e-01
7.995980942272258307e-01 3.638367292582234125e-01
7.989160097829695051e-01 3.811492875216406784e-01
7.902080943727742834e-01 4.088493807431082261e-01
7.816414242303175719e-01 4.261619390065254920e-01
7.778798774803570293e-01 4.296087119698785983e-01
7.674923425223065809e-01 4.336596084698361442e-01
7.467172726062059063e-01 4.334244104814335419e-01
7.415235051271807931e-01 4.293163458087582707e-01
7.294047143427886404e-01 4.283260087894526502e-01
7.190171793847384141e-01 4.232713600821870759e-01
7.138234119057131899e-01 4.173665411030572647e-01
7.051671327740045569e-01 4.154714342788653481e-01
6.965108536422959240e-01 4.183712877879877112e-01
6.913170861632708109e-01 4.137849784936438735e-01
6.809295512052204735e-01 4.140604607803968218e-01
6.740045278998535450e-01 4.067574466196119953e-01
6.601544812891197989e-01 4.055455675411727690e-01
6.514982021574111659e-01 3.997694964624011194e-01
6.479312181703794637e-01 3.949993341323744245e-01
6.428419230257025330e-01 3.804351444932747017e-01
6.359168997203356044e-01 3.788278308454097187e-01
6.307231322413104913e-01 3.814915125105686755e-01
6.270791179616718169e-01 3.880743108270075514e-01
6.242010736541437899e-01 4.001931016113996487e-01
6.082168064988680012e-01 4.125746722980042636e-01
6.012917831935011836e-01 4.156750696977833948e-01
5.926355040617925507e-01 4.151842031985858994e-01
5.805167132774005090e-01 4.182293815727138320e-01
5.718604341456918760e-01 4.167433905184425025e-01
5.614728991876415387e-01 4.191943438365764441e-01
5.545478758822746101e-01 4.187175389532560299e-01
5.476228525769076816e-01 4.204487947795977898e-01
5.424290850978825684e-01 4.171975550243662290e-01
5.320415501398322311e-01 4.152550273005726211e-01
5.147289918764149652e-01 4.191913563373075302e-01
4.922226661339725862e-01 4.084444902675928857e-01
4.801038753495804889e-01 4.073275510247917341e-01
4.645225729125049829e-01 3.985082187089777905e-01
4.558662937807963500e-01 3.969512402110930704e-01
4.541859572434646664e-01 3.949993341323744245e-01
4.535186059556814420e-01 3.898055666533493113e-01
4.564655746437608630e-01 3.707617525635903410e-01
4.569716340391529741e-01 3.534491943001730752e-01
4.625216952771428747e-01 3.292116127313889917e-01
4.734200926101792550e-01 3.067052869889465572e-01
4.774294726924705468e-01 2.893927287255293468e-01
4.768995334253866014e-01 2.738114262884537853e-01
4.753429218271407741e-01 2.720801704621120809e-01
4.686703733297820085e-01 2.703489146357703765e-01
4.685843654281529047e-01 2.582301238513783348e-01
4.650606659396112619e-01 2.478425888933279420e-01
4.524037821281129412e-01 2.424673187873475633e-01
4.368224796910374352e-01 2.385870288986548515e-01
4.264349447329870424e-01 2.390585941678728399e-01
4.226117547831490517e-01 2.426488214143027733e-01
4.228163362435022887e-01 2.513051005460114062e-01
4.348593592450963330e-01 2.755426821147955452e-01
4.388165154195917128e-01 2.807364495938207138e-01
4.410989399784934761e-01 2.876614728991875869e-01
4.370319057990626477e-01 3.188240777733386544e-01
4.284289804615413755e-01 3.395991476894393291e-01
4.143161539485950007e-01 3.576619168109379521e-01
4.108536422959115919e-01 3.596499166986011353e-01
4.054753967370303136e-01 3.534491943001730752e-01
4.033826075376215625e-01 3.430616593421227378e-01
4.044479957384471969e-01 3.344053802104141049e-01
4.027966440271673609e-01 3.188240777733386544e-01
3.981089359435344144e-01 2.997802636835796841e-01
3.979209028767469181e-01 2.841989612465041226e-01
4.064221441732607243e-01 2.409175655879610689e-01
4.056126587488952384e-01 2.374550539352776046e-01
4.000545793135668604e-01 2.305300306299107316e-01
3.987495231710647681e-01 2.218737514982020986e-01
3.947266179135761610e-01 2.149487281928352256e-01
3.883473165534691574e-01 2.113047139131965513e-01
3.710347582900519470e-01 2.089668517182365348e-01
3.450659208949260481e-01 2.096272451200635323e-01
3.422848610036749450e-01 2.114862165401517613e-01
3.411300189772272784e-01 2.149487281928352256e-01
3.432600419726213326e-01 2.218737514982020986e-01
3.554534558529763855e-01 2.383825124136749740e-01
3.623784791583433140e-01 2.429507846398275550e-01
3.660504169190519352e-01 2.495738447196697019e-01
3.673907440104132727e-01 2.564988680250365749e-01
3.729754402244188638e-01 2.686176588094286721e-01
3.733919296843787317e-01 2.790051937674790095e-01
3.677851059602793571e-01 3.015115195099213885e-01
3.535661031898333917e-01 3.309428685577306961e-01
3.502596883739512723e-01 3.453411461801393356e-01
3.208283393261419647e-01 3.497031148828302349e-01
3.156345718471167405e-01 3.541889126987008973e-01
2.879344786256491928e-01 3.638215428036064569e-01
2.792781994939406154e-01 3.712221929429365130e-01
2.635408002200637645e-01 3.949993341323744245e-01
2.621243396812713566e-01 4.019243574377413530e-01
2.561767545611932095e-01 4.140431482221333948e-01
2.521858875732099770e-01 4.175056598748168590e-01
2.496132683108311934e-01 4.244306831801837321e-01
2.487415101877746282e-01 4.348182181382340694e-01
2.440538021041416816e-01 4.538620322279930397e-01
2.452076258489812033e-01 4.850246371021441072e-01
2.359821321758521773e-01 5.075309628445865417e-01
2.345266103955676029e-01 5.248435211080036966e-01
2.256247265186537843e-01 5.421560793714209625e-01
2.174496614990972243e-01 5.629311492875216372e-01
2.028009799093800081e-01 5.923624983353309448e-01
1.956412305233719007e-01 5.975562658143560579e-01
1.911250685224241685e-01 6.044812891197229865e-01
1.598215474763616251e-01 6.204954055133840018e-01
1.182714076441602757e-01 6.177320548674923861e-01
9.576508190171789670e-02 6.216351489323922452e-01
7.499001198561722203e-02 6.146352419424733204e-01
6.113996537488342042e-02 6.133469943594568319e-01
5.248368624317478748e-02 6.101511519509921211e-01
4.728991876414961881e-02 6.062624850179784142e-01
3.863363963244098587e-02 6.036931801241495199e-01
2.824610467439064854e-02 6.039352776667998857e-01
1.093354641097343816e-02 6.125216406978293282e-01
6.809084001159315669e-03 6.166000799041150282e-01
-1.110223024625156540e-16 6.304501265148488853e-01
3.899146161217559303e-04 6.391064056465574073e-01
9.918098282061471593e-03 6.512251964309495600e-01
3.175263130570993297e-02 6.910440804368092049e-01
3.543219036626943375e-02 7.031628712212012466e-01
3.630310294313482400e-02 7.187441736582766971e-01
4.020879862198140087e-02 7.360567319216939630e-01
4.730484338334223215e-02 7.464442668797443003e-01
4.794715477229782863e-02 7.516380343587695245e-01
3.551335296868557423e-02 7.585630576641364531e-01
3.292049540551328368e-02 7.654880809695032706e-01
3.517112797975757710e-02 7.700855269972329831e-01
4.555866293780791443e-02 7.743779422365120180e-01
6.287122120122512481e-02 7.756911378476976093e-01
6.979624450659205337e-02 7.793229411256199501e-01
9.403382607537613680e-02 7.810253684279430120e-01
1.061526168597682340e-01 7.897408489929045317e-01
1.148088959914768115e-01 7.922450273602026360e-01
1.217339192968437400e-01 7.920029298175522703e-01
1.251964309495272043e-01 7.903299688172935600e-01
1.341901582507769586e-01 7.810693834065788321e-01
1.373152217339192460e-01 7.756781920175321865e-01
1.546277799973364564e-01 7.793535852215437432e-01
1.598215474763616251e-01 7.827542663090005792e-01
1.754028499134371866e-01 7.853527491148553086e-01
1.805966173924623552e-01 7.884059347362399883e-01
2.498468504461312523e-01 7.971700625915568716e-01
2.567718737514981808e-01 7.958571935899143579e-01
2.619656412305233495e-01 7.971434278865361378e-01
2.931282461046743615e-01 7.957075390128860448e-01
3.190970834998002048e-01 7.908310027966440892e-01
3.294846184578505977e-01 7.905137715338608206e-01
3.398721534159009350e-01 7.876292199360768187e-01
3.485284325476095124e-01 7.887566760683200062e-01
3.710347582900519470e-01 7.787654814222932931e-01
4.056598748168863677e-01 7.764748967905180654e-01
4.264349447329870424e-01 7.733304114664393270e-01
4.662538287388466873e-01 7.731606920180631448e-01
4.731788520442136159e-01 7.716893825769732818e-01
4.801038753495804889e-01 7.732012132704436658e-01
6.463044346783859417e-01 7.733304114664393270e-01
6.549607138100945747e-01 7.749324690967853702e-01
6.774670395525369537e-01 7.750616672927810313e-01
6.861233186842455867e-01 7.766637249231270745e-01
7.190171793847384141e-01 7.767929231191228467e-01
7.276734585164469360e-01 7.783949807494687789e-01
7.726861100013318051e-01 7.785241789454644401e-01
7.813423891330404381e-01 7.801003969366113733e-01
7.899986682647490710e-01 7.789729408043681858e-01
8.142362498335331544e-01 7.801262365758105943e-01
8.228925289652417874e-01 7.785241789454644401e-01
8.713676921028099542e-01 7.783949807494687789e-01
8.800239712345185872e-01 7.767929231191228467e-01
9.475429484618458353e-01 7.764748967905180654e-01
9.596617392462378771e-01 7.747345609511011588e-01
9.769742975096551429e-01 7.666716946466960447e-01
9.873618324677054803e-01 7.553219857101710621e-01
9.944683584000275633e-01 7.429817552270608916e-01
1.000000000000000000e+00 7.048941270475429510e-01
9.956529248235451712e-01 6.460314289519243358e-01
9.965374883473165912e-01 6.391064056465574073e-01
9.948861366360367553e-01 6.200625915567985480e-01
9.888836621860219722e-01 5.975562658143560579e-01
9.850046610733786956e-01 5.681249167665467503e-01
9.844986016779864180e-01 5.508123585031295955e-01
9.815421494206952868e-01 5.386935677187375537e-01
9.791248418564389988e-01 5.144559861499533593e-01
9.794936623315704249e-01 4.971434278865361489e-01
9.778916047012242707e-01 4.884871487548275160e-01
9.778916047012242707e-01 4.659808230123851369e-01
9.864186856369372425e-01 3.967305899587161844e-01
9.864186856369372425e-01 3.707617525635903410e-01
9.832734052470371022e-01 3.534491943001730752e-01
9.823495676156355216e-01 3.378678918630975692e-01
9.735117858569717342e-01 3.164219603142894854e-01
9.717805300306299188e-01 3.152248880291018684e-01
9.683180183779465100e-01 3.159798717729200290e-01
9.647808836293001455e-01 3.205553335996803588e-01
9.596470675866926037e-01 3.361366360367558648e-01
9.519486069452975929e-01 3.846117991743240871e-01
9.521907044879479587e-01 4.053868690904248173e-01
9.620189106405646617e-01 4.521307764016513353e-01
9.625249700359570504e-01 4.798308696231189385e-01
9.654814222932481815e-01 4.936809162338526846e-01
9.648555067252631012e-01 5.185177786656012255e-01
9.631242508989212858e-01 5.192956331190450303e-01
9.609601811159942386e-01 5.161872419762950637e-01
9.602447131469449282e-01 5.109934744972699505e-01
9.494557069151428053e-01 4.867558929284858116e-01
9.315217367574213370e-01 4.521307764016513353e-01
9.226889348942884927e-01 4.175056598748168590e-01
9.247755603328916552e-01 3.915368224796910157e-01
9.338744044780673548e-01 3.690304967372486367e-01
9.342921827140764357e-01 3.603742176055400037e-01
9.282897082640617636e-01 3.413304035157810334e-01
9.226794513250766716e-01 3.118990544679717258e-01
9.207601624319472489e-01 2.703489146357703765e-01
9.223622200622935141e-01 2.616926355040617436e-01
9.218322807952095133e-01 2.357237981089359002e-01
9.160918009499712245e-01 2.305300306299107316e-01
9.148305903883082735e-01 2.218737514982020986e-01
9.113308474275315652e-01 2.149487281928352256e-01
8.973365294979358531e-01 2.061109464341713826e-01
8.825727645344105809e-01 2.028299374084431284e-01
