5.280269058295964379e-01 0.000000000000000000e+00
5.213004484304932795e-01 6.726457399103158430e-03
5.168161434977578406e-01 4.484304932735438953e-03
4.910313901345291221e-01 2.802690582959643795e-02
4.988789237668161403e-01 4.035874439461883956e-02
5.056053811659192432e-01 4.035874439461883956e-02
5.078475336322869627e-01 4.484304932735427851e-02
5.123318385650224016e-01 4.035874439461883956e-02
5.145739910313901211e-01 4.484304932735427851e-02
5.190582959641255600e-01 4.260089686098655903e-02
5.213004484304932795e-01 4.708520179372199799e-02
5.414798206278026438e-01 5.156950672645738143e-02
5.526905829596412412e-01 6.278026905829597881e-02
5.549327354260089606e-01 6.053811659192825934e-02
5.919282511210762765e-01 1.042600896860986781e-01
5.896860986547085570e-01 1.087443946188340615e-01
6.008968609865470434e-01 1.154708520179372200e-01
6.053811659192824823e-01 1.446188340807174622e-01
6.165919282511210797e-01 1.737668161434977598e-01
6.188340807174887992e-01 2.073991031390134410e-01
6.132286995515694450e-01 2.130044843049327397e-01
6.008968609865470434e-01 1.782511210762331988e-01
5.885650224215246418e-01 1.681614349775784611e-01
5.863228699551569223e-01 1.704035874439461806e-01
5.683856502242152775e-01 1.547085201793721998e-01
5.526905829596412412e-01 1.502242152466367608e-01
5.213004484304932795e-01 1.188340807174887992e-01
5.190582959641255600e-01 1.210762331838565187e-01
5.123318385650224016e-01 1.121076233183856408e-01
5.100896860986546821e-01 1.143497757847533602e-01
5.044843049327354390e-01 1.042600896860986781e-01
4.809417040358744400e-01 8.968609865470850151e-02
4.764573991031390010e-01 9.417040358744394046e-02
4.742152466367712815e-01 8.968609865470850151e-02
4.517937219730941978e-01 9.641255605381165994e-02
4.473094170403587588e-01 9.417040358744394046e-02
4.372197309417040212e-01 1.020179372197309586e-01
4.394618834080717407e-01 1.042600896860986781e-01
4.237668161434977598e-01 1.177130044843049395e-01
4.237668161434977598e-01 1.266816143497757619e-01
4.293721973094170585e-01 1.322869955156950605e-01
4.652466367713004591e-01 1.434977578475336579e-01
4.742152466367712815e-01 1.412556053811659385e-01
4.899103139013453179e-01 1.479820627802690414e-01
5.011210762331838042e-01 1.591928251121076388e-01
5.033632286995515237e-01 1.569506726457399193e-01
5.403587443946188396e-01 1.894618834080717407e-01
5.403587443946188396e-01 1.984304932735426186e-01
5.515695067264574369e-01 2.141255605381165994e-01
5.538116591928251564e-01 2.320627802690582997e-01
5.650224215246636428e-01 2.455156950672645610e-01
5.560538116591928759e-01 2.544843049327354390e-01
5.582959641255604843e-01 2.567264573991031584e-01
5.493273542600897175e-01 2.679372197309417003e-01
5.515695067264574369e-01 2.769058295964125227e-01
5.470852017937219980e-01 2.836322869955156811e-01
5.056053811659192432e-01 3.004484304932735217e-01
4.988789237668161403e-01 2.982062780269058022e-01
4.786995515695067205e-01 3.094170403587443996e-01
4.719730941704035621e-01 3.071748878923766801e-01
4.450672645739910394e-01 3.206278026905829970e-01
3.991031390134529011e-01 3.598654708520179213e-01
4.013452914798206206e-01 3.621076233183856408e-01
3.766816143497757619e-01 3.845291479820627800e-01
3.789237668161434813e-01 3.867713004484304995e-01
3.497757847533632392e-01 4.159192825112107417e-01
3.520179372197309586e-01 4.181614349775784611e-01
3.071748878923766801e-01 4.517937219730941978e-01
3.082959641255605399e-01 4.551569506726457215e-01
3.060538116591928204e-01 4.529147982062780020e-01
2.858744394618834006e-01 4.663677130044843189e-01
2.432735426008968416e-01 4.260089686098654793e-01
2.410313901345291221e-01 4.282511210762331988e-01
1.950672645739910394e-01 3.778026905829596216e-01
1.894618834080717407e-01 3.654708520179372200e-01
1.558295964125560595e-01 3.475336322869955197e-01
1.401345291479820787e-01 3.475336322869955197e-01
1.221973094170403784e-01 3.587443946188341171e-01
1.008968609865470989e-01 3.845291479820627800e-01
1.087443946188340615e-01 3.946188340807175177e-01
1.603139013452914985e-01 3.991031390134529011e-01
1.760089686098654793e-01 4.103139013452914985e-01
1.771300448430493391e-01 4.159192825112107417e-01
1.950672645739910394e-01 4.293721973094170585e-01
2.017937219730941978e-01 4.450672645739910394e-01
1.995515695067264783e-01 4.517937219730941978e-01
2.040358744394618618e-01 4.540358744394618618e-01
2.017937219730941978e-01 4.607623318385650202e-01
2.085201793721973007e-01 4.764573991031390010e-01
2.219730941704035621e-01 4.943946188340807013e-01
2.186098654708520383e-01 5.044843049327354390e-01
2.073991031390134410e-01 5.067264573991031584e-01
1.883408071748878809e-01 4.876681614349775984e-01
1.905829596412556004e-01 4.854260089686098789e-01
1.849775784753363017e-01 4.798206278026905802e-01
1.715246636771300404e-01 4.775784753363228607e-01
1.580717488789237790e-01 4.663677130044843189e-01
1.412556053811659385e-01 4.405829596412556004e-01
1.412556053811659385e-01 4.293721973094170585e-01
1.199551569506726589e-01 4.147982062780268819e-01
9.529147982062780020e-02 4.147982062780268819e-01
7.399103139013452068e-02 4.271300448430493391e-01
5.829596412556053986e-02 4.517937219730941978e-01
6.614349775784755803e-02 4.596412556053811604e-01
7.959641255605381938e-02 4.573991031390134410e-01
1.109865470852017810e-01 4.663677130044843189e-01
1.132286995515695005e-01 4.708520179372197578e-01
1.154708520179372200e-01 4.686098654708520383e-01
1.479820627802690414e-01 5.011210762331838042e-01
1.457399103139013219e-01 5.056053811659192432e-01
1.524663677130044803e-01 5.235426008968609990e-01
1.345291479820627800e-01 5.392376681614350353e-01
1.278026905829596216e-01 5.616591928251121191e-01
1.233183856502242381e-01 5.639013452914798386e-01
1.255605381165919021e-01 5.751121076233183249e-01
1.210762331838565187e-01 5.818385650224214833e-01
1.233183856502242381e-01 6.311659192825112008e-01
1.278026905829596216e-01 6.334080717488789203e-01
1.322869955156950605e-01 6.558295964125560040e-01
1.367713004484304995e-01 6.580717488789238345e-01
1.345291479820627800e-01 6.603139013452914430e-01
1.491031390134529011e-01 6.816143497757847225e-01
1.782511210762331988e-01 7.062780269058296367e-01
1.995515695067264783e-01 7.320627802690582442e-01
2.017937219730941978e-01 7.410313901345291221e-01
2.130044843049327397e-01 7.500000000000000000e-01
2.107623318385650202e-01 7.522421524663677195e-01
2.197309417040358981e-01 7.634529147982063169e-01
2.174887892376681786e-01 7.679372197309417558e-01
2.219730941704035621e-01 7.701793721973093643e-01
2.197309417040358981e-01 7.724215246636771948e-01
2.242152466367712815e-01 7.746636771300448032e-01
2.219730941704035621e-01 8.015695067264574369e-01
1.771300448430493391e-01 8.396860986547085570e-01
1.748878923766816196e-01 8.486547085201794349e-01
1.636771300448430222e-01 8.598654708520179213e-01
1.636771300448430222e-01 8.665919282511210797e-01
1.446188340807174622e-01 8.744394618834081534e-01
1.210762331838565187e-01 9.024663677130044803e-01
1.300448430493273411e-01 9.204035874439462361e-01
1.491031390134529011e-01 9.304932735426009183e-01
1.647982062780268819e-01 9.304932735426009183e-01
2.062780269058295812e-01 9.473094170403587588e-01
2.141255605381165994e-01 9.641255605381165994e-01
2.208520179372197578e-01 9.641255605381165994e-01
2.253363228699551413e-01 9.708520179372197578e-01
2.399103139013453179e-01 9.764573991031390010e-01
2.298206278026905802e-01 9.753363228699551968e-01
2.275784753363228607e-01 9.798206278026906357e-01
2.186098654708520383e-01 9.775784753363228052e-01
2.062780269058295812e-01 9.831838565022421594e-01
2.062780269058295812e-01 9.943946188340806458e-01
2.410313901345291221e-01 1.000000000000000000e+00
2.589686098654708779e-01 9.977578475336322805e-01
2.612107623318385974e-01 9.932735426008968416e-01
2.634529147982063169e-01 9.955156950672645610e-01
2.791479820627802422e-01 9.843049327354260747e-01
2.926008968609865590e-01 9.843049327354260747e-01
3.127802690582959233e-01 9.753363228699551968e-01
3.340807174887892028e-01 9.428251121076233199e-01
3.352017937219731181e-01 9.147982062780268819e-01
3.531390134529147629e-01 9.125560538116592735e-01
3.744394618834080424e-01 8.912556053811659940e-01
3.755605381165919576e-01 8.766816143497757619e-01
3.845291479820627800e-01 8.744394618834081534e-01
3.912556053811659385e-01 8.632286995515694450e-01
4.035874439461883401e-01 8.553811659192824823e-01
4.013452914798206206e-01 8.531390134529148739e-01
4.125560538116591625e-01 8.441704035874439960e-01
4.103139013452914985e-01 8.419282511210761655e-01
5.470852017937219980e-01 7.320627802690582442e-01
5.470852017937219980e-01 7.275784753363228052e-01
5.739910313901345207e-01 7.029147982062780020e-01
5.739910313901345207e-01 6.984304932735425631e-01
5.874439461883408375e-01 6.894618834080716852e-01
5.930493273542600807e-01 6.793721973094170030e-01
6.098654708520179213e-01 6.670403587443946014e-01
6.098654708520179213e-01 6.625560538116591625e-01
6.692825112107623209e-01 6.121076233183856408e-01
6.782511210762331988e-01 6.098654708520179213e-01
7.006726457399102825e-01 5.896860986547085570e-01
7.029147982062780020e-01 5.919282511210762765e-01
7.253363228699551968e-01 5.739910313901345207e-01
7.645739910313901211e-01 5.526905829596412412e-01
8.038116591928250454e-01 5.201793721973093643e-01
8.060538116591928759e-01 5.224215246636770837e-01
8.206278026905828860e-01 5.100896860986546821e-01
8.183856502242152775e-01 5.078475336322869627e-01
8.946188340807175177e-01 4.428251121076233199e-01
8.923766816143497982e-01 4.405829596412556004e-01
9.282511210762331988e-01 4.114349775784753582e-01
9.260089686098654793e-01 4.091928251121076388e-01
9.349775784753362462e-01 4.024663677130044803e-01
9.349775784753362462e-01 3.957399103139013219e-01
9.394618834080716852e-01 3.934977578475336024e-01
9.417040358744395157e-01 3.688340807174887992e-01
9.327354260089686377e-01 3.598654708520179213e-01
9.349775784753362462e-01 3.441704035874439405e-01
9.237668161434977598e-01 3.150224215246636428e-01
8.957399103139013219e-01 2.802690582959641574e-01
8.508968609865470434e-01 2.623318385650224016e-01
8.497757847533632392e-01 2.567264573991031584e-01
8.284753363228699596e-01 2.399103139013453179e-01
8.262331838565022402e-01 2.421524663677129818e-01
8.195067264573990817e-01 2.331838565022421594e-01
8.172645739910313623e-01 2.354260089686098789e-01
8.015695067264574369e-01 2.152466367713004591e-01
7.993273542600896064e-01 2.174887892376681786e-01
7.690582959641255600e-01 1.827354260089685822e-01
7.668161434977578406e-01 1.737668161434977598e-01
7.556053811659193542e-01 1.625560538116592180e-01
7.399103139013453179e-01 1.244394618834080979e-01
6.816143497757847225e-01 6.390134529147983855e-02
6.838565022421524420e-01 6.165919282511211907e-02
6.401345291479820787e-01 1.345291479820626135e-02
6.378923766816143592e-01 1.569506726457398083e-02
6.289237668161434813e-01 6.726457399103158430e-03
6.233183856502242381e-01 1.008968609865468213e-02
6.322869955156951161e-01 2.354260089686099899e-02
6.300448430493272856e-01 2.578475336322871847e-02
6.390134529147981635e-01 3.699551569506726034e-02
6.367713004484305550e-01 3.923766816143497982e-02
6.457399103139013219e-01 5.044843049327352169e-02
6.434977578475336024e-01 5.269058295964124117e-02
6.524663677130044803e-01 6.614349775784755803e-02
6.502242152466367608e-01 7.062780269058294147e-02
6.591928251121076388e-01 7.959641255605381938e-02
6.569506726457399193e-01 8.183856502242153885e-02
6.659192825112107972e-01 9.080717488789236125e-02
6.636771300448430777e-01 9.529147982062780020e-02
6.726457399103138446e-01 1.042600896860986781e-01
6.704035874439462361e-01 1.065022421524663421e-01
7.073991031390134410e-01 1.434977578475336579e-01
7.096412556053811604e-01 1.412556053811659385e-01
7.163677130044843189e-01 1.502242152466367608e-01
7.186098654708520383e-01 1.479820627802690414e-01
7.376681614349775984e-01 1.647982062780268819e-01
7.533632286995515237e-01 1.894618834080717407e-01
7.432735426008968416e-01 1.883408071748878809e-01
7.410313901345291221e-01 1.838565022421524420e-01
6.961883408071749546e-01 1.748878923766816196e-01
6.771300448430492835e-01 1.491031390134529011e-01
6.793721973094170030e-01 1.423766816143497982e-01
6.704035874439462361e-01 1.177130044843049395e-01
6.603139013452914430e-01 1.076233183856502018e-01
6.580717488789238345e-01 1.098654708520179213e-01
6.266816143497757619e-01 8.071748878923767911e-02
6.244394618834080424e-01 8.295964125560539859e-02
6.076233183856502018e-01 6.390134529147983855e-02
6.053811659192824823e-01 5.493273542600896064e-02
5.874439461883408375e-01 3.475336322869954087e-02
5.795964125560537639e-01 1.569506726457398083e-02
5.773542600896861554e-01 1.793721973094170030e-02
5.683856502242152775e-01 4.484304932735438953e-03
5.571748878923766801e-01 8.968609865470877907e-03
5.504484304932735217e-01 0.000000000000000000e+00
