5.896892655367231839e-01 0.000000000000000000e+00
5.805084745762711940e-01 6.355932203389813573e-03
5.833333333333333703e-01 7.768361581920901759e-03
5.819209039548022266e-01 1.059322033898307813e-02
5.847457627118644030e-01 1.200564971751411081e-02
5.833333333333333703e-01 2.189265536723161709e-02
5.861581920903954357e-01 2.471751412429379346e-02
5.833333333333333703e-01 2.754237288135591433e-02
5.896892655367231839e-01 3.954802259887008065e-02
5.840395480225988312e-01 3.531073446327681609e-02
5.727401129943502367e-01 3.389830508474578341e-02
5.685028248587570276e-01 2.966101694915251885e-02
5.642655367231638186e-01 3.248587570621469522e-02
5.515536723163841915e-01 2.542372881355930980e-02
5.501412429378531588e-01 2.824858757062148618e-02
5.416666666666666297e-01 2.824858757062148618e-02
5.197740112994350126e-01 4.166666666666668517e-02
5.000000000000000000e-01 6.426553672316381860e-02
5.028248587570621764e-01 6.567796610169490679e-02
5.000000000000000000e-01 7.274011299435029221e-02
5.289548022598870025e-01 7.768361581920901759e-02
5.303672316384180352e-01 8.050847457627119397e-02
5.459039548022598387e-01 8.192090395480228215e-02
5.515536723163841915e-01 7.768361581920901759e-02
5.685028248587570276e-01 8.757062146892657939e-02
5.812146892655367658e-01 8.898305084745761206e-02
5.911016949152542166e-01 9.463276836158190930e-02
6.158192090395480101e-01 1.207627118644067910e-01
6.214689265536723628e-01 1.320621468926553854e-01
6.200564971751412191e-01 1.348870056497175063e-01
6.271186440677966045e-01 1.475988700564971889e-01
6.250000000000000000e-01 1.525423728813559143e-01
6.207627118644067910e-01 1.468926553672316171e-01
5.939265536723163930e-01 1.327683615819209018e-01
5.607344632768361814e-01 1.009887005649717784e-01
5.557909604519774005e-01 1.002824858757062065e-01
5.550847457627118287e-01 9.675141242937851382e-02
5.430790960451977734e-01 9.039548022598870025e-02
5.360169491525423879e-01 9.039548022598870025e-02
5.303672316384180352e-01 9.463276836158190930e-02
5.289548022598870025e-01 9.180790960451978844e-02
5.091807909604519899e-01 9.180790960451978844e-02
4.887005649717514055e-01 1.038135593220338992e-01
4.788135593220338992e-01 1.151129943502824937e-01
4.774011299435028111e-01 1.235875706214689118e-01
4.731638418079096020e-01 1.264124293785310882e-01
4.795197740112994156e-01 1.384180790960451990e-01
5.176553672316384080e-01 1.355932203389830781e-01
5.190677966101694407e-01 1.384180790960451990e-01
5.317796610169491789e-01 1.412429378531073199e-01
5.388418079096045643e-01 1.384180790960451990e-01
5.670903954802259950e-01 1.511299435028248817e-01
5.748587570621468412e-01 1.588983050847457834e-01
5.762711864406779849e-01 1.687853107344632897e-01
5.875706214689265794e-01 1.913841807909604786e-01
5.918079096045197884e-01 2.111581920903954912e-01
5.960451977401129975e-01 2.168079096045197884e-01
5.946327683615819648e-01 2.351694915254237128e-01
5.974576271186440302e-01 2.379943502824858892e-01
5.974576271186440302e-01 2.605932203389830226e-01
5.783898305084745894e-01 2.683615819209039799e-01
5.572033898305084332e-01 2.683615819209039799e-01
5.543785310734463678e-01 2.711864406779661008e-01
5.501412429378531588e-01 2.683615819209039799e-01
5.331920903954802116e-01 2.740112994350282216e-01
5.317796610169491789e-01 2.711864406779661008e-01
5.289548022598870025e-01 2.740112994350282216e-01
5.218926553672316171e-01 2.725988700564971889e-01
5.176553672316384080e-01 2.768361581920903980e-01
5.021186440677966045e-01 2.782485875706214307e-01
4.992937853107344837e-01 2.810734463276836070e-01
4.950564971751412191e-01 2.796610169491525744e-01
4.710451977401129975e-01 2.951977401129943779e-01
4.639830508474576121e-01 2.937853107344632897e-01
4.583333333333333148e-01 2.966101694915254106e-01
4.569209039548022822e-01 2.937853107344632897e-01
4.343220338983050932e-01 2.980225988700564987e-01
4.329096045197740050e-01 2.937853107344632897e-01
4.300847457627118842e-01 2.951977401129943779e-01
4.201977401129943779e-01 2.895480225988700251e-01
4.110169491525423879e-01 2.930790960451977734e-01
4.392655367231638186e-01 3.255649717514124131e-01
4.201977401129943779e-01 3.389830508474576121e-01
3.926553672316384080e-01 3.637005649717514055e-01
3.813559322033898136e-01 3.848870056497175063e-01
3.509887005649717784e-01 4.265536723163841915e-01
3.467514124293785693e-01 4.265536723163841915e-01
3.298022598870056221e-01 4.110169491525423879e-01
3.213276836158192040e-01 3.983050847457627053e-01
3.036723163841807960e-01 3.862994350282485945e-01
2.867231638418079043e-01 3.580508474576271083e-01
2.662429378531073754e-01 3.333333333333333703e-01
2.620056497175141108e-01 3.319209039548022266e-01
2.591807909604519899e-01 3.347457627118644030e-01
2.535310734463276927e-01 3.333333333333333703e-01
2.507062146892655718e-01 3.361581920903954912e-01
2.478813559322033955e-01 3.319209039548022266e-01
2.365819209039548010e-01 3.305084745762711940e-01
2.189265536723163930e-01 3.439265536723163930e-01
2.111581920903954912e-01 3.573446327683615920e-01
1.991525423728813804e-01 3.637005649717514055e-01
2.026836158192090176e-01 3.757062146892655163e-01
2.210451977401129975e-01 3.757062146892655163e-01
2.238700564971751183e-01 3.785310734463276927e-01
2.295197740112994156e-01 3.771186440677966045e-01
2.365819209039548010e-01 3.827683615819209018e-01
2.478813559322033955e-01 3.827683615819209018e-01
2.683615819209039799e-01 3.990112994350282216e-01
2.810734463276836070e-01 4.145480225988700251e-01
2.881355932203389925e-01 4.314971751412429724e-01
2.909604519774011688e-01 4.498587570621468967e-01
2.817796610169491789e-01 4.533898305084745894e-01
2.789548022598870025e-01 4.491525423728813804e-01
2.648305084745762317e-01 4.463276836158192040e-01
2.507062146892655718e-01 4.336158192090395769e-01
2.478813559322033955e-01 4.350282485875706096e-01
2.309322033898305038e-01 4.223163841807909824e-01
2.281073446327683829e-01 4.237288135593220151e-01
2.090395480225988867e-01 4.103107344632768161e-01
2.033898305084745894e-01 4.004237288135593098e-01
1.829096045197740050e-01 3.813559322033898136e-01
1.786723163841807960e-01 3.870056497175141108e-01
1.673728813559322015e-01 3.771186440677966045e-01
1.490112994350282216e-01 3.841807909604519899e-01
1.242937853107344837e-01 4.060734463276836070e-01
1.172316384180790982e-01 4.187853107344632897e-01
1.207627118644067910e-01 4.237288135593220151e-01
1.320621468926553854e-01 4.237288135593220151e-01
1.419491525423728917e-01 4.279661016949152241e-01
1.560734463276836070e-01 4.265536723163841915e-01
1.574858757062146952e-01 4.293785310734463123e-01
1.645480225988700806e-01 4.279661016949152241e-01
1.800847457627118842e-01 4.378531073446327859e-01
1.829096045197740050e-01 4.364406779661016977e-01
1.977401129943502922e-01 4.512711864406779849e-01
2.048022598870056221e-01 4.724576271186440857e-01
2.118644067796610075e-01 4.809322033898305038e-01
2.104519774011299194e-01 4.837570621468926801e-01
2.231638418079096020e-01 4.978813559322033955e-01
2.118644067796610075e-01 5.063559322033898136e-01
2.048022598870056221e-01 5.218926553672316171e-01
2.048022598870056221e-01 5.317796610169491789e-01
1.949152542372881158e-01 5.459039548022598387e-01
1.963276836158192040e-01 5.501412429378531588e-01
1.920903954802259950e-01 5.529661016949152241e-01
1.906779661016949068e-01 5.854519774011299749e-01
1.878531073446327859e-01 5.882768361581920402e-01
1.906779661016949068e-01 5.896892655367231839e-01
1.836158192090395214e-01 6.066384180790960201e-01
1.850282485875706096e-01 6.207627118644067910e-01
1.723163841807909824e-01 6.461864406779660452e-01
1.751412429378531033e-01 6.560734463276836070e-01
1.723163841807909824e-01 6.574858757062147507e-01
1.737288135593220151e-01 6.603107344632768161e-01
1.624293785310734206e-01 6.857344632768361814e-01
1.652542372881355970e-01 6.871468926553672141e-01
1.652542372881355970e-01 6.942090395480225995e-01
1.624293785310734206e-01 6.956214689265536322e-01
1.610169491525423879e-01 7.168079096045197884e-01
1.638418079096045088e-01 7.182203389830508211e-01
1.624293785310734206e-01 7.252824858757062065e-01
1.581920903954802116e-01 7.281073446327683829e-01
1.596045197740112997e-01 7.337570621468926246e-01
1.539548022598870025e-01 7.394067796610169774e-01
1.525423728813559143e-01 7.521186440677966045e-01
1.384180790960451990e-01 7.704802259887005844e-01
1.412429378531073199e-01 7.718926553672316171e-01
1.370056497175141108e-01 7.775423728813559698e-01
1.384180790960451990e-01 7.803672316384180352e-01
1.271186440677966045e-01 7.944915254237288060e-01
1.228813559322033955e-01 8.100282485875706096e-01
1.257062146892655163e-01 8.241525423728813804e-01
1.045197740112994156e-01 8.382768361581920402e-01
1.031073446327683829e-01 8.509887005649717784e-01
9.180790960451978844e-02 8.622881355932203729e-01
9.322033898305082111e-02 8.820621468926553854e-01
1.024011299435028111e-01 8.940677966101695517e-01
1.165254237288135819e-01 8.997175141242937935e-01
1.221751412429378791e-01 8.983050847457627608e-01
1.447740112994350126e-01 9.096045197740112442e-01
1.666666666666666852e-01 9.272598870056496523e-01
1.652542372881355970e-01 9.300847457627119397e-01
1.744350282485875869e-01 9.420903954802259950e-01
1.899717514124293904e-01 9.533898305084745894e-01
1.984463276836158085e-01 9.646892655367231839e-01
2.097457627118644030e-01 9.675141242937852493e-01
2.309322033898305038e-01 9.830508474576271638e-01
2.351694915254237128e-01 9.802259887005649874e-01
2.379943502824858892e-01 9.887005649717514055e-01
2.507062146892655718e-01 1.000000000000000000e+00
2.556497175141242972e-01 9.964689265536723628e-01
2.528248587570621764e-01 9.851694915254236573e-01
2.634180790960451990e-01 9.858757062146892292e-01
2.662429378531073754e-01 9.830508474576271638e-01
2.704802259887005844e-01 9.858757062146892292e-01
2.789548022598870025e-01 9.816384180790960201e-01
2.803672316384180907e-01 9.844632768361581965e-01
2.853107344632768161e-01 9.781073446327683829e-01
2.980225988700564987e-01 9.738700564971751739e-01
3.177966101694915668e-01 9.512711864406779849e-01
3.163841807909604231e-01 9.456214689265536322e-01
3.206214689265536322e-01 9.385593220338983578e-01
3.163841807909604231e-01 9.300847457627119397e-01
3.206214689265536322e-01 9.272598870056496523e-01
3.135593220338983023e-01 9.187853107344632342e-01
3.213276836158192040e-01 9.138418079096044533e-01
3.453389830508474256e-01 9.081920903954802116e-01
3.467514124293785693e-01 9.053672316384180352e-01
3.524011299435028111e-01 9.053672316384180352e-01
4.039548022598870025e-01 8.608757062146892292e-01
4.166666666666666852e-01 8.396892655367231839e-01
4.279661016949152241e-01 8.298022598870056221e-01
4.420903954802259950e-01 8.057909604519774005e-01
4.943502824858757028e-01 7.605932203389831336e-01
5.310734463276836070e-01 7.210451977401129975e-01
5.466101694915254106e-01 6.970338983050847759e-01
5.522598870056497633e-01 6.942090395480225995e-01
5.677966101694915668e-01 6.701977401129943779e-01
6.101694915254237683e-01 6.235875706214689673e-01
6.991525423728813804e-01 5.543785310734463678e-01
7.083333333333333703e-01 5.409604519774011688e-01
7.125706214689265794e-01 5.409604519774011688e-01
7.316384180790960201e-01 5.204802259887005844e-01
7.351694915254237683e-01 5.211864406779660452e-01
7.690677966101695517e-01 4.901129943502824937e-01
8.107344632768361814e-01 4.597457627118644030e-01
8.608757062146892292e-01 4.138418079096045088e-01
8.813559322033898136e-01 4.032485875706214862e-01
8.983050847457627608e-01 3.834745762711864181e-01
8.968926553672316171e-01 3.792372881355932090e-01
9.081920903954802116e-01 3.622881355932203729e-01
9.039548022598870025e-01 3.552259887005649874e-01
9.081920903954802116e-01 3.524011299435028111e-01
9.053672316384180352e-01 3.255649717514124131e-01
9.011299435028248261e-01 3.170903954802259950e-01
9.011299435028248261e-01 3.072033898305084332e-01
8.961864406779660452e-01 3.050847457627118287e-01
8.940677966101695517e-01 2.944915254237288060e-01
8.255649717514124131e-01 2.175141242937853048e-01
8.199152542372880603e-01 2.161016949152542166e-01
7.930790960451976623e-01 1.892655367231638186e-01
7.888418079096044533e-01 1.892655367231638186e-01
7.662429378531072643e-01 1.709039548022598942e-01
7.422316384180791538e-01 1.610169491525423879e-01
7.379943502824859447e-01 1.553672316384180907e-01
7.281073446327683829e-01 1.511299435028248817e-01
7.048022598870056221e-01 1.151129943502824937e-01
7.062146892655367658e-01 1.122881355932203173e-01
6.701977401129943779e-01 6.073446327683618140e-02
6.659604519774011688e-01 6.355932203389830226e-02
6.624293785310734206e-01 5.579096045197740050e-02
6.419491525423728362e-01 3.672316384180790427e-02
6.362994350282485945e-01 3.672316384180790427e-02
6.334745762711864181e-01 2.966101694915251885e-02
6.250000000000000000e-01 2.683615819209039799e-02
6.137005649717514055e-01 1.129943502824859447e-02
