5.482548954470117808e-01 0.000000000000000000e+00
5.436965398622779500e-01 1.129228997127251777e-03
5.368590064851772592e-01 7.867667687603330240e-03
5.345798286928102883e-01 7.954639088098347521e-03
5.277422953157095975e-01 1.940090327103904944e-03
5.209047619386089067e-01 2.881038594680918052e-04
5.049505173920405543e-01 2.899661746555148856e-03
4.935546284302060327e-01 1.013636431119263603e-02
4.721435062846054409e-01 2.790956805743838309e-02
4.618292875525275010e-01 4.158463481163976461e-02
4.618740571163061359e-01 4.614299039637359545e-02
4.639253171294362987e-01 4.894637908098492529e-02
4.684836727141701296e-01 5.079475490702411999e-02
4.821587394683715666e-01 4.988982055503732305e-02
5.049505173920405543e-01 5.825769696964694377e-02
5.209047619386089067e-01 5.875319539512491307e-02
5.300214731080765684e-01 6.207613144486445744e-02
5.505340732393786407e-01 7.522442242013199776e-02
5.733258511630476839e-01 9.459925991950746127e-02
5.780217433387001558e-01 1.008432574131792880e-01
5.810791256174386854e-01 1.076807907902799788e-01
5.869785730369317944e-01 1.145183241673806696e-01
5.939350266245349008e-01 1.373101020910497128e-01
5.915985696708168096e-01 1.418684576757835436e-01
5.824425623325153456e-01 1.413556426725008919e-01
5.596507844088463024e-01 1.297059361837892832e-01
5.436965398622779500e-01 1.160588795270360851e-01
5.323006509004434283e-01 1.110385080736775998e-01
5.163464063538750759e-01 9.797054373738345312e-02
5.095088729767743851e-01 8.982723141673926159e-02
5.026713395996736944e-01 8.678154442634422594e-02
4.958338062225729481e-01 8.987471428741355961e-02
4.844379172607384265e-01 9.049757782625883484e-02
4.730420282989039604e-01 8.118534895401474660e-02
4.684836727141701296e-01 8.050159561630459981e-02
4.593669615447025234e-01 8.401983489494557755e-02
4.403660609695621564e-01 9.856407962081237262e-02
4.294324032181693895e-01 1.122391463750137541e-01
4.213086220290586659e-01 1.259142131292151912e-01
4.224485816438159347e-01 1.304725687139490220e-01
4.251792946591989586e-01 1.332462850839050139e-01
4.297376502439327894e-01 1.350119311504131003e-01
4.707628505065370450e-01 1.405959167417120126e-01
4.912754506378391728e-01 1.474773717741864609e-01
5.072296951844075252e-01 1.510041619935208468e-01
5.323006509004434283e-01 1.627974460576142590e-01
5.436965398622779500e-01 1.725032885908327485e-01
5.710466733706807130e-01 1.910942290148452405e-01
5.767446178515980293e-01 1.988479024849560961e-01
5.765736795171705342e-01 2.034062580696899269e-01
5.705947674290907656e-01 2.193605026162582239e-01
5.715646683234915093e-01 2.330355693704596609e-01
5.846559946116408613e-01 2.467106361246610424e-01
5.863420930866429792e-01 2.535481695017617887e-01
5.824425623325153456e-01 2.623121507747916414e-01
5.642091399935800222e-01 2.764399113636925032e-01
5.505340732393786407e-01 2.825886932061700829e-01
5.368590064851772592e-01 2.840181611357816549e-01
5.254631175233427376e-01 2.887863949009344400e-01
5.049505173920405543e-01 2.907806754692554563e-01
4.730420282989039604e-01 2.982678434439285375e-01
4.616461393370694388e-01 2.977603556604722645e-01
4.525294281676017771e-01 2.950979424308631804e-01
4.365751836210334802e-01 2.968715407050026567e-01
4.229001168668320432e-01 2.940926056987886450e-01
4.160625834897313524e-01 2.942450136417369411e-01
4.092250501126306617e-01 2.921634194757157799e-01
4.023875167355299154e-01 2.922741991843468279e-01
3.955499833584292246e-01 2.906943844831261781e-01
3.925552497475284786e-01 2.922941919719991288e-01
3.921945271641112951e-01 2.968525475567329597e-01
3.997047345424313836e-01 3.082484365185674813e-01
4.115042279049975216e-01 3.174240919412859574e-01
4.229001168668320432e-01 3.218235393345071915e-01
4.324954553726966799e-01 3.287610366498695535e-01
4.333881977249272599e-01 3.310402144422365245e-01
4.327701156117430004e-01 3.355985700269702998e-01
4.007145032496435832e-01 3.675070591201069492e-01
3.707705503832774419e-01 4.130906149674450356e-01
3.454080719263573629e-01 4.287396124882499326e-01
3.317330051721559259e-01 4.390693787872202436e-01
3.248954717950552351e-01 4.406145840701809480e-01
3.203371162103214043e-01 4.380403378221847666e-01
3.066620494561199672e-01 4.219794083576758892e-01
2.998245160790192765e-01 4.169652172144687197e-01
2.937978440318952389e-01 4.062530815903442893e-01
2.784979238790146749e-01 3.925780148361428523e-01
2.701952047782495425e-01 3.815188225936352318e-01
2.648847205220346002e-01 3.766237702895745554e-01
2.558363846863380697e-01 3.583903479506392875e-01
2.505576461208025574e-01 3.515528145735385968e-01
2.454641264523033661e-01 3.378777478193372152e-01
2.378982194705049347e-01 3.264818588575026936e-01
2.337283601003791178e-01 3.234090387981508607e-01
2.246116489309114561e-01 3.195873460355928564e-01
2.132157599690769900e-01 3.210249812584703433e-01
2.109365821767100746e-01 3.202141199284936901e-01
2.072939676692665545e-01 3.105276143109343412e-01
2.040990487996093283e-01 3.066239161771995292e-01
1.858656264606741160e-01 2.979710329548389547e-01
1.835864486683072005e-01 2.979693446749927532e-01
1.769820130199712960e-01 3.059692587262005103e-01
1.676322041217389036e-01 3.112814961961019034e-01
1.539571373675374666e-01 3.117692559440894406e-01
1.357237150286022542e-01 3.165864286089764557e-01
1.266070038591346480e-01 3.232865409721256134e-01
1.111220017992300413e-01 3.401569256117040752e-01
1.090648075719828358e-01 3.447152811964379060e-01
1.093654459298405990e-01 3.492736367811717368e-01
1.129319371049332110e-01 3.536585766643123296e-01
1.197694704820339573e-01 3.587362945798379110e-01
1.380028928209691697e-01 3.675257409052903323e-01
1.539571373675374666e-01 3.667531772349393870e-01
1.630738485370050728e-01 3.688784288087345598e-01
1.904239820454079468e-01 3.861120865338846242e-01
2.042365853905280804e-01 4.062530815903442893e-01
2.197480463204142254e-01 4.427199262682147696e-01
2.345339315614742848e-01 4.609533486071499819e-01
2.368767158644113358e-01 4.677908819842506727e-01
2.361609440903091328e-01 4.723492375689845035e-01
2.214397931698675048e-01 4.951410154926534912e-01
2.182260214954007127e-01 5.088160822468549283e-01
2.021658176364410364e-01 5.475621047170923239e-01
1.962559958082291112e-01 5.543996380941930147e-01
1.901063916972912105e-01 5.657955270560275363e-01
1.865778695207888083e-01 5.817497716025958887e-01
1.843661673867485473e-01 5.863081271873296085e-01
1.830700724497241194e-01 5.977040161491641301e-01
1.888636218644798026e-01 6.296125052423008350e-01
1.883279524684990935e-01 6.364500386194015258e-01
1.924562489102684681e-01 6.478459275812360474e-01
1.907292290711714022e-01 6.524042831659698782e-01
1.753447789726947925e-01 6.706377055049050906e-01
1.735010869370836595e-01 6.865919500514734430e-01
1.725342452465915000e-01 7.207796169369768968e-01
1.699310299985227757e-01 7.344546836911783894e-01
1.639899886300153486e-01 7.435713948606459400e-01
1.487322297869227983e-01 7.618048171995812634e-01
1.425815982074205568e-01 7.845965951232503066e-01
1.402820706133360851e-01 7.872045004818238878e-01
1.243278260667677326e-01 7.926980361852089541e-01
1.060944037278325203e-01 8.125043997936152174e-01
9.925687035073182951e-02 8.166905986878585377e-01
8.993797405452197413e-02 8.301801509705882820e-01
8.787997453716700491e-02 8.461343955171566344e-01
8.932345380566603099e-02 8.529719288942573252e-01
9.502103992529520315e-02 8.643678178560918468e-01
9.925687035073182951e-02 8.688591387998736426e-01
1.425612484057029450e-01 8.878019095212461576e-01
1.651675118579002399e-01 9.031138403263292425e-01
1.688773105083097303e-01 9.076721959110629623e-01
1.772091338838959751e-01 9.236264404576313147e-01
1.853195734479195500e-01 9.327431516270989764e-01
1.917225833457100181e-01 9.441390405889333870e-01
2.018198710072424684e-01 9.481556244033505498e-01
2.154949377614438499e-01 9.494877562145687122e-01
2.360075378927459777e-01 9.584687647941338984e-01
2.396652506401735216e-01 9.646516407202355703e-01
2.396853020577017213e-01 9.806058852668039227e-01
2.428250784821944230e-01 9.942809520210053043e-01
2.474034268545804993e-01 9.993871868827504112e-01
2.519617824393143302e-01 1.000000000000000000e+00
2.652364530948566612e-01 9.920017742286384443e-01
2.701952047782495425e-01 9.834548575072625809e-01
2.724743825706164579e-01 9.822542192059263710e-01
2.838702715324509240e-01 9.814114567278990897e-01
2.929869827019185857e-01 9.758338567640356676e-01
3.112204050408537981e-01 9.597473385063032270e-01
3.226162940026883197e-01 9.535609987841644486e-01
3.272346279503791089e-01 9.486973961736673289e-01
3.350794170101549785e-01 9.304639738347320055e-01
3.367435785728355446e-01 9.236264404576313147e-01
3.360502938750047908e-01 9.076721959110629623e-01
3.385705385492566721e-01 9.051472244352054553e-01
3.431288941339904475e-01 9.048625198394382174e-01
3.499664275110911937e-01 9.074857177280511999e-01
3.613623164729257153e-01 9.143697797745973244e-01
3.659206720576594907e-01 9.137865286425088662e-01
3.700183427694680449e-01 9.099513737034299332e-01
3.708249742715918895e-01 9.053930181186961024e-01
3.687803951367613631e-01 9.008346625339622715e-01
3.560944055377380790e-01 8.848804179873939191e-01
3.550645883624381494e-01 8.803220624026601993e-01
3.580890292179306766e-01 8.757637068179263684e-01
3.772887661683675953e-01 8.598094622713580160e-01
3.841540943965947030e-01 8.508700204857411187e-01
3.932708055660623092e-01 8.437552537865280478e-01
4.001083389431630000e-01 8.407009984585677165e-01
4.365751836210334802e-01 8.105018927097062953e-01
4.479710725828680018e-01 8.045026398743256868e-01
4.707628505065370450e-01 7.976625712605259766e-01
4.776003838836377358e-01 7.930037509422640518e-01
4.889962728454722574e-01 7.894725410561007628e-01
4.979135559581078230e-01 7.845965951232503066e-01
5.026713395996736944e-01 7.768314893887908745e-01
5.117880507691412451e-01 7.729676084326508878e-01
5.277422953157095975e-01 7.568295388479510111e-01
5.389643486832109698e-01 7.321755058988114184e-01
5.437565182252349638e-01 7.139420835598762061e-01
5.547057825914788465e-01 6.911503056362071629e-01
5.683738194141777500e-01 6.706377055049050906e-01
5.777144807419669625e-01 6.592418165430705690e-01
6.394220071416878426e-01 6.077192493329303113e-01
6.559339228502183428e-01 5.908664827720634394e-01
6.827263851966589581e-01 5.677287582191958837e-01
7.055181631203280013e-01 5.554374779817886632e-01
7.305891188363640154e-01 5.439565201767085911e-01
7.374266522134647062e-01 5.420136145176417397e-01
7.807310302684358216e-01 5.202719495716464637e-01
8.012436303997380049e-01 5.073754698686607778e-01
8.103603415692055556e-01 4.987570187209279249e-01
8.240354083234070481e-01 4.905142845741486957e-01
8.377104750776084297e-01 4.759652407972588817e-01
8.696189641707450235e-01 4.499738478958440480e-01
8.764564975478458253e-01 4.464032403790934578e-01
9.031228777185384970e-01 4.267656817216464171e-01
9.115676244009462970e-01 4.130906149674450356e-01
9.121200254628328841e-01 4.085322593827112048e-01
9.095726106951469436e-01 3.880196592514090770e-01
9.090594236245942428e-01 3.652278813277400338e-01
9.062630782324663237e-01 3.606695257430062584e-01
8.937475675303215850e-01 3.492736367811717368e-01
8.635954228623468065e-01 3.128067921033012566e-01
8.445480084547092314e-01 2.967313146954367875e-01
8.370267217398983384e-01 2.877358363872652980e-01
8.126395193615725265e-01 2.708140163628054431e-01
8.012436303997380049e-01 2.652900050927948783e-01
7.826735113414758915e-01 2.512689917093948733e-01
7.761726746837021018e-01 2.444542501102178189e-01
7.624976079295007203e-01 2.349855325928180139e-01
7.556600745523999185e-01 2.265778989587534653e-01
7.488225411752992278e-01 2.214734903612650130e-01
7.342313343280876259e-01 2.056854358620567869e-01
7.283699194069541694e-01 1.942895469002223208e-01
7.211264610376978412e-01 1.851728357307546591e-01
7.075848751862878760e-01 1.578227022223518405e-01
7.032174836506746018e-01 1.464268132605173189e-01
6.899098652029582723e-01 1.213558575444814158e-01
6.781680296119252382e-01 1.035729703505489652e-01
6.713304962348245475e-01 9.823486505080381015e-02
6.630852353977324531e-01 8.716819065897785102e-02
6.485387183111555043e-01 7.435362980597626237e-02
6.371428293493209827e-01 5.822263269591820833e-02
6.325844737645871518e-01 5.470203040387905391e-02
6.114598721890383004e-01 3.018874584980524300e-02
6.082532511916878271e-01 2.335121247270455225e-02
6.029551624638174179e-01 1.818376627104512089e-02
5.983968068790835870e-01 1.821231160123581994e-02
5.953966646830088916e-01 2.107203468033763682e-02
5.951930569633979706e-01 2.335121247270455225e-02
6.010309385899338386e-01 3.702627922690598927e-02
6.085391480551163301e-01 6.437641273530880781e-02
6.075135180485512487e-01 6.484260819283838018e-02
6.042371999720237419e-01 5.981805715057503248e-02
5.915592735019828963e-01 4.648751727196398509e-02
5.642091399935800222e-01 1.328888498512725835e-02
