4.635854341736694861e-01 3.305322128851540531e-01
4.579831932773109071e-01 3.305322128851540531e-01
4.551820728291316454e-01 3.333333333333333703e-01
4.411764705882352811e-01 3.333333333333333703e-01
4.383753501400560193e-01 3.361344537815126321e-01
4.355742296918767575e-01 3.361344537815126321e-01
4.327731092436974958e-01 3.389355742296918939e-01
4.215686274509803932e-01 3.389355742296918939e-01
4.187675070028011315e-01 3.361344537815126321e-01
4.131652661064425525e-01 3.361344537815126321e-01
4.103641456582632907e-01 3.333333333333333703e-01
3.991596638655462437e-01 3.333333333333333703e-01
3.963585434173669264e-01 3.305322128851540531e-01
3.879551820728291411e-01 3.305322128851540531e-01
3.851540616246498794e-01 3.333333333333333703e-01
3.739495798319327768e-01 3.333333333333333703e-01
3.683473389355742533e-01 3.389355742296918939e-01
3.655462184873949916e-01 3.389355742296918939e-01
3.627450980392156743e-01 3.417366946778711556e-01
2.759103641456582823e-01 3.417366946778711556e-01
2.731092436974790205e-01 3.445378151260504174e-01
2.058823529411764608e-01 3.445378151260504174e-01
2.030812324929971990e-01 3.473389355742296791e-01
1.946778711484593583e-01 3.473389355742296791e-01
1.918767507002800965e-01 3.501400560224089409e-01
1.890756302521008347e-01 3.501400560224089409e-01
1.862745098039215730e-01 3.529411764705882026e-01
1.834733893557423112e-01 3.529411764705882026e-01
1.736694677871148396e-01 3.627450980392156743e-01
1.736694677871148396e-01 3.655462184873949916e-01
1.680672268907563160e-01 3.711484593837535151e-01
1.680672268907563160e-01 3.767507002801120386e-01
1.652661064425770543e-01 3.795518207282913004e-01
1.652661064425770543e-01 3.851540616246498794e-01
1.624649859943977370e-01 3.879551820728291411e-01
1.624649859943977370e-01 3.935574229691876647e-01
1.596638655462184753e-01 3.963585434173669264e-01
1.596638655462184753e-01 4.019607843137255054e-01
1.568627450980392135e-01 4.047619047619047672e-01
1.568627450980392135e-01 4.159663865546218142e-01
1.540616246498599518e-01 4.187675070028011315e-01
1.540616246498599518e-01 4.327731092436974958e-01
1.512605042016806900e-01 4.355742296918767575e-01
1.512605042016806900e-01 4.467787114845938601e-01
1.484593837535014282e-01 4.495798319327731218e-01
1.484593837535014282e-01 4.775910364145658504e-01
1.456582633053221110e-01 4.803921568627451122e-01
1.456582633053221110e-01 4.859943977591036357e-01
1.484593837535014282e-01 4.887955182072828975e-01
1.484593837535014282e-01 5.308123249299719904e-01
1.512605042016806900e-01 5.336134453781512521e-01
1.512605042016806900e-01 5.588235294117647189e-01
1.540616246498599518e-01 5.616246498599439807e-01
1.540616246498599518e-01 5.728291316526610277e-01
1.568627450980392135e-01 5.756302521008402895e-01
1.568627450980392135e-01 5.924369747899159711e-01
1.526610644257703209e-01 5.966386554621848637e-01
8.823529411764707842e-02 5.966386554621848637e-01
8.543417366946776115e-02 5.994397759103641254e-01
2.941176470588235947e-02 5.994397759103641254e-01
2.661064425770309771e-02 6.022408963585433872e-01
1.820728291316525693e-02 6.022408963585433872e-01
1.540616246498599518e-02 5.994397759103641254e-01
9.803921568627471661e-03 5.994397759103641254e-01
7.002801120448154393e-03 6.022408963585433872e-01
4.201680672268892636e-03 6.022408963585433872e-01
2.801120448179261757e-03 6.036414565826330181e-01
2.801120448179261757e-03 6.092436974789916526e-01
0.000000000000000000e+00 6.120448179271709144e-01
0.000000000000000000e+00 6.316526610644257467e-01
2.801120448179261757e-03 6.344537815126050084e-01
2.801120448179261757e-03 6.372549019607842702e-01
7.002801120448154393e-03 6.414565826330531628e-01
1.260504201680673342e-02 6.414565826330531628e-01
1.540616246498599518e-02 6.386554621848739011e-01
2.380952380952383596e-02 6.386554621848739011e-01
2.941176470588235947e-02 6.442577030812324246e-01
3.781512605042014474e-02 6.442577030812324246e-01
4.061624649859946201e-02 6.470588235294117974e-01
1.134453781512604897e-01 6.470588235294117974e-01
1.162464985994397515e-01 6.498599439775910591e-01
1.526610644257703209e-01 6.498599439775910591e-01
1.554621848739495826e-01 6.526610644257703209e-01
1.890756302521008347e-01 6.526610644257703209e-01
1.918767507002800965e-01 6.554621848739495826e-01
1.974789915966386755e-01 6.554621848739495826e-01
2.002801120448179373e-01 6.582633053221288444e-01
2.086834733893557225e-01 6.582633053221288444e-01
2.114845938375350398e-01 6.610644257703081061e-01
2.899159663865545911e-01 6.610644257703081061e-01
2.927170868347338528e-01 6.638655462184873679e-01
4.187675070028011315e-01 6.638655462184873679e-01
4.215686274509803932e-01 6.666666666666666297e-01
4.635854341736694861e-01 6.666666666666666297e-01
4.663865546218487479e-01 6.638655462184873679e-01
4.691876750700280096e-01 6.638655462184873679e-01
4.719887955182072714e-01 6.666666666666666297e-01
4.803921568627451122e-01 6.666666666666666297e-01
4.831932773109243739e-01 6.638655462184873679e-01
4.971988795518207382e-01 6.638655462184873679e-01
5.000000000000000000e-01 6.666666666666666297e-01
5.028011204481792618e-01 6.666666666666666297e-01
5.056022408963585235e-01 6.638655462184873679e-01
5.112044817927170470e-01 6.638655462184873679e-01
5.140056022408963088e-01 6.666666666666666297e-01
5.224089635854342051e-01 6.666666666666666297e-01
5.252100840336134668e-01 6.638655462184873679e-01
5.280112044817927286e-01 6.638655462184873679e-01
5.308123249299719904e-01 6.666666666666666297e-01
5.896358543417367093e-01 6.666666666666666297e-01
5.924369747899159711e-01 6.694677871148460024e-01
8.809523809523809312e-01 6.694677871148460024e-01
8.837535014005601930e-01 6.666666666666666297e-01
8.949579831932772400e-01 6.666666666666666297e-01
8.977591036414565018e-01 6.638655462184873679e-01
9.089635854341736598e-01 6.638655462184873679e-01
9.117647058823529216e-01 6.610644257703081061e-01
9.761904761904761640e-01 6.610644257703081061e-01
9.789915966386555368e-01 6.582633053221288444e-01
9.817927170868347986e-01 6.582633053221288444e-01
9.845938375350140603e-01 6.554621848739495826e-01
9.873949579831933221e-01 6.554621848739495826e-01
9.915966386554622147e-01 6.512605042016806900e-01
9.915966386554622147e-01 6.484593837535014282e-01
9.943977591036414765e-01 6.456582633053221665e-01
9.943977591036414765e-01 5.504201680672269337e-01
9.971988795518207382e-01 5.476190476190476719e-01
9.971988795518207382e-01 4.131652661064425525e-01
1.000000000000000000e+00 4.103641456582632907e-01
1.000000000000000000e+00 3.879551820728291411e-01
9.971988795518207382e-01 3.851540616246498794e-01
9.971988795518207382e-01 3.795518207282913004e-01
1.000000000000000000e+00 3.767507002801120386e-01
1.000000000000000000e+00 3.571428571428571508e-01
9.971988795518207382e-01 3.543417366946778335e-01
9.971988795518207382e-01 3.515406162464985718e-01
9.901960784313725839e-01 3.445378151260504174e-01
9.873949579831933221e-01 3.445378151260504174e-01
9.845938375350140603e-01 3.417366946778711556e-01
9.453781512605041737e-01 3.417366946778711556e-01
9.425770308123249119e-01 3.389355742296918939e-01
9.341736694677871267e-01 3.389355742296918939e-01
9.313725490196078649e-01 3.417366946778711556e-01
9.117647058823529216e-01 3.417366946778711556e-01
9.089635854341736598e-01 3.389355742296918939e-01
9.061624649859943981e-01 3.389355742296918939e-01
9.033613445378151363e-01 3.361344537815126321e-01
9.005602240896358746e-01 3.361344537815126321e-01
8.977591036414565018e-01 3.333333333333333703e-01
5.952380952380952328e-01 3.333333333333333703e-01
5.896358543417367093e-01 3.389355742296918939e-01
4.859943977591036357e-01 3.389355742296918939e-01
4.831932773109243739e-01 3.361344537815126321e-01
4.775910364145658504e-01 3.361344537815126321e-01
4.747899159663865332e-01 3.333333333333333703e-01
4.663865546218487479e-01 3.333333333333333703e-01
