4.211195928753180828e-01 3.422391857506361657e-01
4.033078880407124922e-01 3.422391857506361657e-01
4.007633587786259555e-01 3.447837150127226469e-01
3.422391857506361657e-01 3.447837150127226469e-01
3.396946564885496289e-01 3.422391857506361657e-01
3.040712468193383922e-01 3.422391857506361657e-01
3.015267175572519109e-01 3.447837150127226469e-01
2.862595419847328015e-01 3.447837150127226469e-01
2.837150127226463203e-01 3.473282442748091281e-01
2.557251908396946938e-01 3.473282442748091281e-01
2.531806615776081015e-01 3.498727735368956648e-01
2.379134860050890476e-01 3.498727735368956648e-01
2.353689567430025664e-01 3.524173027989822016e-01
1.972010178117048484e-01 3.524173027989822016e-01
1.946564885496183117e-01 3.549618320610686828e-01
1.793893129770992578e-01 3.549618320610686828e-01
1.768447837150127211e-01 3.575063613231552195e-01
1.692111959287531664e-01 3.575063613231552195e-01
1.666666666666666852e-01 3.600508905852417563e-01
1.641221374045801484e-01 3.600508905852417563e-01
1.615776081424936117e-01 3.625954198473282375e-01
1.590330788804071305e-01 3.625954198473282375e-01
1.399491094147582437e-01 3.816793893129770687e-01
1.399491094147582437e-01 3.842239185750636055e-01
1.374045801526717625e-01 3.867684478371501422e-01
1.374045801526717625e-01 3.893129770992366234e-01
1.348600508905852258e-01 3.918575063613231602e-01
1.348600508905852258e-01 3.969465648854961781e-01
1.323155216284987445e-01 3.994910941475827149e-01
1.323155216284987445e-01 4.045801526717557328e-01
1.297709923664122078e-01 4.071246819338422140e-01
1.297709923664122078e-01 4.173027989821883055e-01
1.272264631043257266e-01 4.198473282442748422e-01
1.272264631043257266e-01 4.300254452926208781e-01
1.246819338422391898e-01 4.325699745547073594e-01
1.246819338422391898e-01 4.427480916030534508e-01
1.221374045801526531e-01 4.452926208651399320e-01
1.221374045801526531e-01 4.554707379134860235e-01
1.195928753180661719e-01 4.580152671755725047e-01
1.195928753180661719e-01 4.783715012722646320e-01
1.221374045801526531e-01 4.809160305343511688e-01
1.221374045801526531e-01 4.910941475826972047e-01
1.195928753180661719e-01 4.936386768447837414e-01
1.195928753180661719e-01 5.038167938931297218e-01
1.221374045801526531e-01 5.063613231552163141e-01
1.221374045801526531e-01 5.139949109414758688e-01
1.246819338422391898e-01 5.165394402035623500e-01
1.246819338422391898e-01 5.521628498727735312e-01
1.272264631043257266e-01 5.547073791348600125e-01
1.272264631043257266e-01 5.776081424936386766e-01
1.297709923664122078e-01 5.801526717557251578e-01
1.297709923664122078e-01 5.826972010178117500e-01
1.272264631043257266e-01 5.852417302798982313e-01
1.272264631043257266e-01 5.877862595419847125e-01
1.259541984732824305e-01 5.890585241730279531e-01
1.157760814249363945e-01 5.890585241730279531e-01
1.132315521628498578e-01 5.916030534351145453e-01
5.979643765903308594e-02 5.916030534351145453e-01
5.725190839694654921e-02 5.941475826972010266e-01
1.399491094147581327e-02 5.941475826972010266e-01
1.145038167938933205e-02 5.966921119592875078e-01
8.905852417302795310e-03 5.966921119592875078e-01
2.544529262086536736e-03 6.030534351145038219e-01
2.544529262086536736e-03 6.081424936386767843e-01
0.000000000000000000e+00 6.106870229007633766e-01
0.000000000000000000e+00 6.234096692111958937e-01
2.544529262086536736e-03 6.259541984732823749e-01
2.544529262086536736e-03 6.335877862595420407e-01
5.089058524173017961e-03 6.361323155216285219e-01
5.089058524173017961e-03 6.386768447837150031e-01
7.633587786259554697e-03 6.412213740458014843e-01
7.633587786259554697e-03 6.437659033078880766e-01
8.905852417302795310e-03 6.450381679389313172e-01
1.145038167938933205e-02 6.450381679389313172e-01
1.399491094147581327e-02 6.475826972010177984e-01
3.689567430025447736e-02 6.475826972010177984e-01
3.944020356234095859e-02 6.450381679389313172e-01
9.541984732824426718e-02 6.450381679389313172e-01
9.796437659033080392e-02 6.424936386768447250e-01
1.055979643765903031e-01 6.424936386768447250e-01
1.081424936386768398e-01 6.450381679389313172e-01
1.132315521628498578e-01 6.450381679389313172e-01
1.157760814249363945e-01 6.424936386768447250e-01
1.259541984732824305e-01 6.424936386768447250e-01
1.310432569974554484e-01 6.475826972010177984e-01
1.335877862595419852e-01 6.475826972010177984e-01
1.361323155216285219e-01 6.501272264631043907e-01
1.972010178117048484e-01 6.501272264631043907e-01
1.997455470737913297e-01 6.475826972010177984e-01
2.201017811704834570e-01 6.475826972010177984e-01
2.226463104325699938e-01 6.501272264631043907e-01
2.353689567430025664e-01 6.501272264631043907e-01
2.379134860050890476e-01 6.526717557251908719e-01
2.506361323155216203e-01 6.526717557251908719e-01
2.531806615776081015e-01 6.552162849872773531e-01
2.811704834605597836e-01 6.552162849872773531e-01
2.837150127226463203e-01 6.577608142493638343e-01
4.720101781170483735e-01 6.577608142493638343e-01
4.745547073791348547e-01 6.552162849872773531e-01
5.916030534351145453e-01 6.552162849872773531e-01
5.941475826972010266e-01 6.526717557251908719e-01
5.992366412213741000e-01 6.526717557251908719e-01
6.017811704834605813e-01 6.552162849872773531e-01
6.348600508905852813e-01 6.552162849872773531e-01
6.374045801526717625e-01 6.526717557251908719e-01
7.748091603053435250e-01 6.526717557251908719e-01
7.773536895674300062e-01 6.552162849872773531e-01
8.180661577608142609e-01 6.552162849872773531e-01
8.206106870229007422e-01 6.526717557251908719e-01
8.918575063613232157e-01 6.526717557251908719e-01
8.944020356234096969e-01 6.501272264631043907e-01
9.503816793893129500e-01 6.501272264631043907e-01
9.529262086513994312e-01 6.475826972010177984e-01
9.580152671755725047e-01 6.475826972010177984e-01
9.605597964376590969e-01 6.450381679389313172e-01
9.656488549618320594e-01 6.450381679389313172e-01
9.681933842239185406e-01 6.424936386768447250e-01
9.732824427480916141e-01 6.424936386768447250e-01
9.758269720101780953e-01 6.399491094147582437e-01
9.783715012722646875e-01 6.399491094147582437e-01
9.860050890585241312e-01 6.323155216284986890e-01
9.885496183206106124e-01 6.323155216284986890e-01
9.923664122137404453e-01 6.284987277353689672e-01
9.923664122137404453e-01 6.259541984732823749e-01
9.974554707379135188e-01 6.208651399491094125e-01
9.974554707379135188e-01 6.183206106870229313e-01
1.000000000000000000e+00 6.157760814249363390e-01
1.000000000000000000e+00 4.783715012722646320e-01
9.974554707379135188e-01 4.758269720101780953e-01
9.974554707379135188e-01 4.478371501272264688e-01
9.949109414758270376e-01 4.452926208651399320e-01
9.949109414758270376e-01 4.223918575063613234e-01
9.923664122137404453e-01 4.198473282442748422e-01
9.923664122137404453e-01 3.969465648854961781e-01
9.898218829516539641e-01 3.944020356234096969e-01
9.898218829516539641e-01 3.918575063613231602e-01
9.834605597964376500e-01 3.854961832061069016e-01
9.809160305343511688e-01 3.854961832061069016e-01
9.783715012722646875e-01 3.829516539440203649e-01
9.758269720101780953e-01 3.829516539440203649e-01
9.732824427480916141e-01 3.804071246819338281e-01
9.656488549618320594e-01 3.804071246819338281e-01
9.631043256997455781e-01 3.778625954198473469e-01
9.478371501272264688e-01 3.778625954198473469e-01
9.452926208651399875e-01 3.753180661577608102e-01
9.223918575063613234e-01 3.753180661577608102e-01
9.198473282442747312e-01 3.727735368956742734e-01
8.791348600508905875e-01 3.727735368956742734e-01
8.765903307888041063e-01 3.702290076335877922e-01
8.333333333333332593e-01 3.702290076335877922e-01
8.307888040712467781e-01 3.676844783715013110e-01
8.002544529262086703e-01 3.676844783715013110e-01
7.977099236641220781e-01 3.651399491094147187e-01
6.984732824427480891e-01 3.651399491094147187e-01
6.959287531806616078e-01 3.625954198473282375e-01
6.450381679389313172e-01 3.625954198473282375e-01
6.424936386768447250e-01 3.600508905852417563e-01
5.508905852417302906e-01 3.600508905852417563e-01
5.483460559796438094e-01 3.575063613231552195e-01
5.279898218829516265e-01 3.575063613231552195e-01
5.254452926208651453e-01 3.549618320610686828e-01
4.949109414758269820e-01 3.549618320610686828e-01
4.923664122137404453e-01 3.524173027989822016e-01
4.745547073791348547e-01 3.524173027989822016e-01
4.720101781170483735e-01 3.498727735368956648e-01
4.414758269720101547e-01 3.498727735368956648e-01
4.389312977099236734e-01 3.473282442748091281e-01
4.287531806615776375e-01 3.473282442748091281e-01
4.262086513994911008e-01 3.447837150127226469e-01
4.236641221374045641e-01 3.447837150127226469e-01
