4.971771495483438552e-01 3.449233728800473742e-01
4.943752091000334081e-01 3.446177651388424579e-01
4.831674473067915088e-01 3.446177651388424579e-01
4.803655068584810617e-01 3.449233728800473742e-01
4.719596855135496094e-01 3.469333896002514406e-01
4.663558046169287152e-01 3.477253133283578768e-01
4.635538641686182126e-01 3.484014639700406812e-01
4.551480428236868159e-01 3.518361006486148135e-01
4.523461023753763133e-01 3.524670587024216761e-01
4.495441619270658662e-01 3.526890264302442457e-01
4.467422214787554191e-01 3.524670587024216761e-01
4.439402810304449165e-01 3.518361006486148135e-01
4.355344596855135197e-01 3.484014639700406812e-01
4.327325192372030171e-01 3.477400088202196038e-01
4.299305787888925701e-01 3.474197055871529605e-01
3.991092338574773746e-01 3.474197055871529605e-01
3.963072934091669275e-01 3.477400088202196038e-01
3.935053529608564249e-01 3.484014639700406812e-01
3.907034125125459778e-01 3.495449846157221430e-01
3.822975911676145255e-01 3.534952613133401922e-01
3.794956507193040784e-01 3.546380410969253161e-01
3.766937102709936314e-01 3.552967573020265890e-01
3.738917698226831288e-01 3.556164268986282684e-01
3.598820675811307823e-01 3.556164268986282684e-01
3.570801271328203352e-01 3.553121059268600224e-01
3.542781866845098326e-01 3.547216115173625894e-01
3.486743057878888830e-01 3.530513575819672067e-01
3.458723653395784359e-01 3.524822134284041342e-01
3.430704248912679333e-01 3.522195315113750835e-01
3.346646035463365365e-01 3.528144864503178213e-01
3.290607226497155868e-01 3.528144864503178213e-01
3.262587822014051397e-01 3.525101654785495198e-01
3.234568417530946371e-01 3.519196710690520868e-01
3.206549013047841346e-01 3.511191166552491416e-01
3.178529608564736875e-01 3.505272537766683238e-01
3.150510204081632404e-01 3.502216460354634076e-01
2.870316159250584920e-01 3.502216460354634076e-01
2.842296754767480449e-01 3.505272537766683238e-01
2.814277350284375423e-01 3.511191166552491416e-01
2.758238541318166481e-01 3.526394858069331617e-01
2.702199732351956429e-01 3.539149596909096918e-01
2.590122114419537991e-01 3.575235519656730920e-01
2.562102709936433520e-01 3.581140463751705250e-01
2.534083305453328494e-01 3.584183673469387710e-01
2.253889260622281010e-01 3.586274673803948043e-01
2.225869856139176539e-01 3.589477706134615032e-01
2.197850451656072068e-01 3.596092257632825806e-01
2.141811642689862571e-01 3.620277824244451659e-01
2.085772833723653075e-01 3.650815639487645092e-01
2.001714620274338552e-01 3.706777122175248795e-01
1.973695215791234081e-01 3.728080686877525141e-01
1.932541715456674303e-01 3.767146202743392180e-01
1.906943105110896486e-01 3.795165607226497206e-01
1.885884403527218200e-01 3.823185011709601677e-01
1.869588635341077332e-01 3.851204416192706703e-01
1.826826837292293559e-01 3.935262629642020671e-01
1.801674445644960154e-01 3.991301438608230168e-01
1.773718014440043289e-01 4.075359652057544135e-01
1.760963275600277433e-01 4.131398461023753632e-01
1.745759584083437788e-01 4.187437269989963129e-01
1.739840955297629610e-01 4.215456674473068155e-01
1.736784877885579892e-01 4.243476078956172626e-01
1.734693877551020114e-01 4.327534292405486593e-01
1.731650667833337098e-01 4.355553696888591619e-01
1.725745723738362769e-01 4.383573101371696090e-01
1.717740179600333317e-01 4.411592505854801116e-01
1.711821550814524584e-01 4.439611910337905587e-01
1.708765473402475421e-01 4.467631314821010613e-01
1.708765473402475421e-01 5.084058213449313968e-01
1.711821550814524584e-01 5.112077617932418994e-01
1.717740179600333317e-01 5.140097022415524020e-01
1.725745723738362769e-01 5.168116426898627935e-01
1.731650667833337098e-01 5.196135831381732961e-01
1.734693877551020114e-01 5.224155235864837987e-01
1.736784877885579892e-01 5.448310471729675974e-01
1.739840955297629610e-01 5.476329876212779890e-01
1.745759584083437788e-01 5.504349280695884916e-01
1.753765128221467795e-01 5.532368685178989942e-01
1.759670072316441569e-01 5.560388089662093858e-01
1.762713282034125140e-01 5.588407494145198884e-01
1.763343657134984754e-01 5.812562730010036871e-01
1.761639268225919097e-01 5.840582134493141897e-01
1.755844345935094752e-01 5.868601538976245813e-01
1.739489541361804448e-01 5.896620943459350839e-01
1.721520575443291623e-01 5.912516567156497205e-01
1.693501170960187152e-01 5.927166687690932356e-01
1.665481766477082126e-01 5.934616954084167562e-01
1.637462361993977655e-01 5.937813650050184355e-01
1.021035463365673746e-01 5.939904650384744134e-01
9.930160588825687196e-02 5.942960727796793297e-01
9.089578454332547519e-02 5.962789844815605811e-01
8.809384409501502811e-02 5.965833054533288271e-01
3.485697557711603389e-02 5.967924054867849160e-01
3.205503512880558681e-02 5.970980132279898323e-01
2.925309468049508421e-02 5.976898761065706500e-01
2.364921378387419004e-02 5.992102452582546146e-01
2.084727333556368745e-02 5.997706333479166929e-01
9.639511542321788085e-03 6.027155788154450189e-01
6.837571094011341000e-03 6.039142722032065924e-01
4.035630645700838404e-03 6.063145358739621127e-01
2.175721899839555551e-03 6.092756774841083800e-01
9.810562225426866512e-04 6.120776179324188826e-01
2.784832263754699611e-04 6.148795583807293852e-01
0.000000000000000000e+00 6.176814988290397768e-01
0.000000000000000000e+00 6.204834392773502794e-01
2.784832263754699611e-04 6.232853797256607820e-01
9.810562225426866512e-04 6.260873201739711735e-01
2.144320843091240825e-03 6.288892606222816761e-01
3.704492229082312349e-03 6.316912010705921787e-01
5.951242993015193328e-03 6.344931415189026813e-01
6.837571094011341000e-03 6.353447116551538265e-01
9.639511542321788085e-03 6.372186654095319813e-01
1.244145199063229068e-02 6.381925785170625698e-01
1.804533288725324036e-02 6.390569081581962685e-01
2.645115423218463713e-02 6.410669248784002239e-01
2.925309468049508421e-02 6.413725326196052512e-01
7.968802275008357583e-02 6.415816326530612290e-01
8.248996319839407843e-02 6.418859536248294750e-01
9.089578454332547519e-02 6.438688653267107265e-01
9.369772499163597779e-02 6.441744730679157538e-01
1.581423553027768159e-01 6.443835731013717316e-01
1.609442957510872629e-01 6.446878940731399776e-01
1.637462361993977655e-01 6.452783884826374106e-01
1.749539979926396094e-01 6.488808833447508029e-01
1.777559384409501120e-01 6.494727462233317317e-01
1.805578788892605591e-01 6.497783539645366480e-01
2.113792238206757546e-01 6.499874539979926258e-01
2.141811642689862571e-01 6.502917749697609828e-01
2.225869856139176539e-01 6.523024448229366445e-01
2.281908665105386036e-01 6.530666103997485594e-01
2.365966878554700004e-01 6.550766271199526258e-01
2.393986283037805030e-01 6.553822348611575421e-01
3.150510204081632404e-01 6.553822348611575421e-01
3.234568417530946371e-01 6.547853196094011174e-01
3.318626630980260339e-01 6.553822348611575421e-01
3.374665439946469836e-01 6.553822348611575421e-01
3.458723653395784359e-01 6.547415392898963127e-01
3.514762462361993300e-01 6.547853196094011174e-01
3.542781866845098326e-01 6.543958137509492401e-01
3.598820675811307823e-01 6.530666103997485594e-01
3.626840080294412294e-01 6.527893944463031284e-01
4.467422214787554191e-01 6.525802944128471506e-01
4.495441619270658662e-01 6.522746866716422343e-01
4.579499832719972630e-01 6.502917749697609828e-01
4.607519237203077656e-01 6.499874539979926258e-01
4.663558046169287152e-01 6.499874539979926258e-01
4.691577450652391623e-01 6.502646699514380568e-01
4.747616259618601120e-01 6.515533434420832659e-01
4.775635664101705591e-01 6.518520382025760895e-01
4.803655068584810617e-01 6.515938733026387375e-01
4.831674473067915088e-01 6.509712198696808727e-01
4.859693877551020114e-01 6.507137498954499444e-01
4.887713282034124584e-01 6.509712198696808727e-01
4.915732686517229610e-01 6.515938733026387375e-01
4.943752091000334081e-01 6.518520382025760895e-01
4.971771495483438552e-01 6.515533434420832659e-01
5.027810304449648049e-01 6.502646699514380568e-01
5.055829708932753075e-01 6.499874539979926258e-01
5.111868517898962017e-01 6.499874539979926258e-01
5.139887922382067043e-01 6.502917749697609828e-01
5.167907326865172069e-01 6.508822693792583047e-01
5.223946135831381010e-01 6.522746866716422343e-01
5.251965540314486036e-01 6.525802944128471506e-01
5.336023753763800004e-01 6.525802944128471506e-01
5.364043158246905030e-01 6.522746866716422343e-01
5.448101371696218997e-01 6.502917749697609828e-01
5.476120776179324023e-01 6.499874539979926258e-01
5.812353629976579894e-01 6.499874539979926258e-01
5.840373034459684920e-01 6.502917749697609828e-01
5.868392438942789946e-01 6.508822693792583047e-01
5.896411843425894972e-01 6.516828237930613055e-01
5.924431247908998888e-01 6.522746866716422343e-01
5.952450652392103914e-01 6.525802944128471506e-01
6.064528270324522907e-01 6.527893944463031284e-01
6.092547674807627933e-01 6.530937154180713744e-01
6.120567079290731849e-01 6.536842098275688073e-01
6.148586483773836875e-01 6.544847642413718081e-01
6.176605888256941901e-01 6.550766271199526258e-01
6.204625292740046927e-01 6.553822348611575421e-01
8.558255269320842462e-01 6.553822348611575421e-01
8.586274673803947488e-01 6.550766271199526258e-01
8.670332887253261456e-01 6.530937154180713744e-01
8.698352291736366482e-01 6.527893944463031284e-01
8.922507527601204469e-01 6.525802944128471506e-01
8.950526932084308385e-01 6.522746866716422343e-01
9.034585145533622352e-01 6.502646699514380568e-01
9.090623954499832404e-01 6.495005043746261419e-01
9.174682167949146372e-01 6.474898345214504802e-01
9.202701572432250288e-01 6.471855135496822342e-01
9.735070257611240230e-01 6.469764135162261454e-01
9.763089662094345256e-01 6.466561102831595020e-01
9.791109066577450282e-01 6.459076038370199502e-01
9.819128471060554197e-01 6.445546549469266528e-01
9.847147875543660334e-01 6.423450909147494503e-01
9.864723683810334709e-01 6.400970224155235755e-01
9.881578499696627160e-01 6.372950819672130729e-01
9.906124202721807714e-01 6.316912010705921787e-01
9.912738754220018489e-01 6.288892606222816761e-01
9.915941786550686032e-01 6.260873201739711735e-01
9.918032786885245811e-01 6.120776179324188826e-01
9.921075996602928271e-01 6.092756774841083800e-01
9.926980940697902600e-01 6.064737370357978774e-01
9.934986484835932607e-01 6.036717965874874858e-01
9.940905113621740785e-01 6.008698561391769832e-01
9.943961191033789948e-01 5.980679156908664806e-01
9.946052191368350837e-01 5.532368685178989942e-01
9.949095401086032187e-01 5.504349280695884916e-01
9.955000345181006516e-01 5.476329876212779890e-01
9.963005889319037633e-01 5.448310471729675974e-01
9.968924518104846921e-01 5.420291067246570949e-01
9.971980595516896084e-01 5.392271662763465923e-01
9.974071595851454752e-01 4.915941786550686032e-01
9.977114805569137213e-01 4.887922382067581006e-01
9.983019749664110432e-01 4.859902977584476536e-01
9.991025293802142659e-01 4.831883573101371510e-01
9.996943922587950837e-01 4.803864168618267039e-01
1.000000000000000000e+00 4.775844764135162013e-01
1.000000000000000000e+00 4.495650719304115084e-01
9.996943922587950837e-01 4.467631314821010613e-01
9.991025293802142659e-01 4.439611910337905587e-01
9.983019749664110432e-01 4.411592505854801116e-01
9.977114805569137213e-01 4.383573101371696090e-01
9.974071595851454752e-01 4.355553696888591619e-01
9.971980595516896084e-01 3.739126798260287710e-01
9.968924518104846921e-01 3.711107393777183239e-01
9.963005889319037633e-01 3.683087989294078213e-01
9.934708514553362013e-01 3.599029775844764245e-01
9.919948292548869118e-01 3.571010371361659219e-01
9.903186684509869275e-01 3.549181300427147745e-01
9.875167280026764249e-01 3.526434046047629001e-01
9.847147875543660334e-01 3.512904557146696027e-01
9.819128471060554197e-01 3.505419492685300509e-01
9.791109066577450282e-01 3.502216460354634076e-01
9.090623954499832404e-01 3.500125460020073742e-01
9.062604550016727378e-01 3.497082250302390727e-01
9.034585145533622352e-01 3.491177306207416398e-01
9.006565741050518437e-01 3.483171762069386945e-01
8.978546336567413411e-01 3.477253133283578768e-01
8.950526932084308385e-01 3.474197055871529605e-01
6.905110404817664804e-01 3.474197055871529605e-01
6.877091000334559778e-01 3.476975551770634110e-01
6.821052191368350837e-01 3.489889676124283691e-01
6.793032786885245811e-01 3.492862501045500556e-01
6.765013382402140785e-01 3.489889676124283691e-01
6.708974573435930733e-01 3.476975551770634110e-01
6.680955168952826817e-01 3.474197055871529605e-01
6.316702910672464810e-01 3.474197055871529605e-01
6.288683506189360894e-01 3.477253133283578768e-01
6.204625292740046927e-01 3.497353300485619432e-01
6.120567079290731849e-01 3.504994956253738581e-01
6.036508865841417881e-01 3.525101654785495198e-01
6.008489461358312855e-01 3.528144864503178213e-01
5.251965540314486036e-01 3.528144864503178213e-01
5.223946135831381010e-01 3.524948168537160864e-01
5.195926731348277094e-01 3.518361006486148135e-01
5.111868517898962017e-01 3.483966483664145963e-01
