5.276923076923076827e-01 3.399999999999999689e-01
2.569230769230769207e-01 3.399999999999999689e-01
2.538461538461538325e-01 3.430769230769230571e-01
2.199999999999999734e-01 3.430769230769230571e-01
2.169230769230769407e-01 3.461538461538461453e-01
2.015384615384615552e-01 3.461538461538461453e-01
1.984615384615384670e-01 3.492307692307692335e-01
1.738461538461538725e-01 3.492307692307692335e-01
1.707692307692307843e-01 3.523076923076923217e-01
1.646153846153846079e-01 3.523076923076923217e-01
1.615384615384615197e-01 3.553846153846154099e-01
1.153846153846153633e-01 3.553846153846154099e-01
1.123076923076923306e-01 3.584615384615384981e-01
1.076923076923075318e-02 3.584615384615384981e-01
0.000000000000000000e+00 3.692307692307692513e-01
0.000000000000000000e+00 3.907692307692307576e-01
3.076923076923088196e-03 3.938461538461538458e-01
3.076923076923088196e-03 3.969230769230769340e-01
7.692307692307664979e-03 4.015384615384615108e-01
1.692307692307692957e-02 4.015384615384615108e-01
2.000000000000001776e-02 4.046153846153845990e-01
4.461538461538461231e-02 4.046153846153845990e-01
4.769230769230770051e-02 4.076923076923076872e-01
1.153846153846153633e-01 4.076923076923076872e-01
1.184615384615384515e-01 4.107692307692307754e-01
1.215384615384615397e-01 4.107692307692307754e-01
1.323076923076922928e-01 4.215384615384615286e-01
1.323076923076922928e-01 5.292307692307692824e-01
1.292307692307692046e-01 5.323076923076922595e-01
1.292307692307692046e-01 5.476923076923077005e-01
1.323076923076922928e-01 5.507692307692307887e-01
1.323076923076922928e-01 5.630769230769230305e-01
1.292307692307692046e-01 5.661538461538461187e-01
1.292307692307692046e-01 5.753846153846153832e-01
1.323076923076922928e-01 5.784615384615384714e-01
1.323076923076922928e-01 5.815384615384615596e-01
1.353846153846153810e-01 5.846153846153846478e-01
1.353846153846153810e-01 5.876923076923077360e-01
1.384615384615384692e-01 5.907692307692307132e-01
1.384615384615384692e-01 6.030769230769230660e-01
1.415384615384615574e-01 6.061538461538461542e-01
1.415384615384615574e-01 6.184615384615385070e-01
1.446153846153845901e-01 6.215384615384615952e-01
1.446153846153845901e-01 6.246153846153845723e-01
1.584615384615384870e-01 6.384615384615384137e-01
1.615384615384615197e-01 6.384615384615384137e-01
1.646153846153846079e-01 6.415384615384615019e-01
1.738461538461538725e-01 6.415384615384615019e-01
1.769230769230769051e-01 6.446153846153845901e-01
1.984615384615384670e-01 6.446153846153845901e-01
2.015384615384615552e-01 6.476923076923076783e-01
2.199999999999999734e-01 6.476923076923076783e-01
2.230769230769230616e-01 6.507692307692307665e-01
2.723076923076923062e-01 6.507692307692307665e-01
2.753846153846153944e-01 6.538461538461538547e-01
2.999999999999999889e-01 6.538461538461538547e-01
3.030769230769230771e-01 6.569230769230769429e-01
3.399999999999999689e-01 6.569230769230769429e-01
3.430769230769230571e-01 6.538461538461538547e-01
3.769230769230769162e-01 6.538461538461538547e-01
3.800000000000000044e-01 6.569230769230769429e-01
4.107692307692307754e-01 6.569230769230769429e-01
4.138461538461538636e-01 6.538461538461538547e-01
4.292307692307692490e-01 6.538461538461538547e-01
4.323076923076922817e-01 6.569230769230769429e-01
5.707692307692308065e-01 6.569230769230769429e-01
5.738461538461538947e-01 6.538461538461538547e-01
5.861538461538461364e-01 6.538461538461538547e-01
5.892307692307692246e-01 6.507692307692307665e-01
5.923076923076923128e-01 6.538461538461538547e-01
6.476923076923076783e-01 6.538461538461538547e-01
6.507692307692307665e-01 6.569230769230769429e-01
6.569230769230769429e-01 6.569230769230769429e-01
6.600000000000000311e-01 6.600000000000000311e-01
6.846153846153846256e-01 6.600000000000000311e-01
6.876923076923077138e-01 6.569230769230769429e-01
6.907692307692308020e-01 6.569230769230769429e-01
6.938461538461537792e-01 6.538461538461538547e-01
6.999999999999999556e-01 6.538461538461538547e-01
7.030769230769230438e-01 6.507692307692307665e-01
9.769230769230770051e-01 6.507692307692307665e-01
9.846153846153846700e-01 6.430769230769231015e-01
9.846153846153846700e-01 6.400000000000000133e-01
9.876923076923076472e-01 6.369230769230769251e-01
9.876923076923076472e-01 6.338461538461538369e-01
9.907692307692308464e-01 6.307692307692307487e-01
9.907692307692308464e-01 6.276923076923076605e-01
9.938461538461538236e-01 6.246153846153845723e-01
9.938461538461538236e-01 5.784615384615384714e-01
9.969230769230769118e-01 5.753846153846153832e-01
9.969230769230769118e-01 5.630769230769230305e-01
1.000000000000000000e+00 5.600000000000000533e-01
1.000000000000000000e+00 4.892307692307692468e-01
9.969230769230769118e-01 4.861538461538461586e-01
9.969230769230769118e-01 3.753846153846153721e-01
9.938461538461538236e-01 3.723076923076923395e-01
9.938461538461538236e-01 3.692307692307692513e-01
9.830769230769230704e-01 3.584615384615384981e-01
9.338461538461537703e-01 3.584615384615384981e-01
9.307692307692307931e-01 3.553846153846154099e-01
8.630769230769230749e-01 3.553846153846154099e-01
8.599999999999999867e-01 3.523076923076923217e-01
8.507692307692307221e-01 3.523076923076923217e-01
8.476923076923077449e-01 3.553846153846154099e-01
8.138461538461538858e-01 3.553846153846154099e-01
8.107692307692306866e-01 3.523076923076923217e-01
6.938461538461537792e-01 3.523076923076923217e-01
6.907692307692308020e-01 3.492307692307692335e-01
6.876923076923077138e-01 3.492307692307692335e-01
6.846153846153846256e-01 3.461538461538461453e-01
6.661538461538460965e-01 3.461538461538461453e-01
6.630769230769231193e-01 3.492307692307692335e-01
6.446153846153845901e-01 3.492307692307692335e-01
6.415384615384615019e-01 3.461538461538461453e-01
5.799999999999999600e-01 3.461538461538461453e-01
5.769230769230768718e-01 3.430769230769230571e-01
5.307692307692307709e-01 3.430769230769230571e-01
