3.986486486486486291e-01 3.527027027027027084e-01
3.608108108108107892e-01 3.527027027027027084e-01
3.581081081081081141e-01 3.554054054054054390e-01
3.527027027027027084e-01 3.554054054054054390e-01
3.499999999999999778e-01 3.581081081081081141e-01
3.391891891891891664e-01 3.581081081081081141e-01
3.364864864864864913e-01 3.554054054054054390e-01
3.337837837837838162e-01 3.554054054054054390e-01
3.310810810810810856e-01 3.527027027027027084e-01
2.932432432432432456e-01 3.527027027027027084e-01
2.905405405405405705e-01 3.554054054054054390e-01
2.851351351351351093e-01 3.554054054054054390e-01
2.824324324324324342e-01 3.581081081081081141e-01
2.175675675675675658e-01 3.581081081081081141e-01
2.148648648648648907e-01 3.608108108108107892e-01
1.959459459459459429e-01 3.608108108108107892e-01
1.932432432432432678e-01 3.635135135135135198e-01
1.905405405405405372e-01 3.635135135135135198e-01
1.878378378378378621e-01 3.662162162162162504e-01
1.851351351351351315e-01 3.662162162162162504e-01
1.824324324324324564e-01 3.689189189189189255e-01
1.797297297297297258e-01 3.689189189189189255e-01
1.702702702702702520e-01 3.783783783783783994e-01
1.702702702702702520e-01 3.810810810810810745e-01
1.675675675675675769e-01 3.837837837837837496e-01
1.675675675675675769e-01 4.027027027027026973e-01
1.648648648648648463e-01 4.054054054054053724e-01
1.648648648648648463e-01 4.081081081081081030e-01
1.621621621621621712e-01 4.108108108108108336e-01
1.621621621621621712e-01 4.135135135135135087e-01
1.594594594594594406e-01 4.162162162162161838e-01
1.594594594594594406e-01 4.189189189189189144e-01
1.567567567567567655e-01 4.216216216216216450e-01
1.567567567567567655e-01 4.297297297297297258e-01
1.540540540540540349e-01 4.324324324324324564e-01
1.540540540540540349e-01 4.459459459459459429e-01
1.513513513513513598e-01 4.486486486486486180e-01
1.513513513513513598e-01 4.540540540540540793e-01
1.540540540540540349e-01 4.567567567567567544e-01
1.540540540540540349e-01 4.621621621621621601e-01
1.567567567567567655e-01 4.648648648648648907e-01
1.567567567567567655e-01 4.756756756756757021e-01
1.540540540540540349e-01 4.783783783783783772e-01
1.540540540540540349e-01 5.432432432432432456e-01
1.567567567567567655e-01 5.459459459459459207e-01
1.567567567567567655e-01 5.567567567567567322e-01
1.594594594594594406e-01 5.594594594594595183e-01
1.594594594594594406e-01 5.648648648648648685e-01
1.648648648648648463e-01 5.702702702702702187e-01
1.648648648648648463e-01 5.810810810810811411e-01
1.608108108108108336e-01 5.851351351351351537e-01
1.554054054054054279e-01 5.851351351351351537e-01
1.527027027027026973e-01 5.878378378378378288e-01
1.310810810810810745e-01 5.878378378378378288e-01
1.283783783783783994e-01 5.905405405405405039e-01
1.175675675675675880e-01 5.905405405405405039e-01
1.148648648648648574e-01 5.878378378378378288e-01
8.513513513513515374e-02 5.878378378378378288e-01
8.243243243243242313e-02 5.905405405405405039e-01
7.162162162162161172e-02 5.905405405405405039e-01
6.891891891891893662e-02 5.878378378378378288e-01
6.351351351351353092e-02 5.878378378378378288e-01
6.081081081081080031e-02 5.905405405405405039e-01
5.270270270270271951e-02 5.905405405405405039e-01
4.999999999999998890e-02 5.878378378378378288e-01
4.459459459459458319e-02 5.878378378378378288e-01
4.189189189189190810e-02 5.905405405405405039e-01
2.027027027027028527e-02 5.905405405405405039e-01
1.756756756756755466e-02 5.932432432432432901e-01
9.459459459459473862e-03 5.932432432432432901e-01
2.702702702702675097e-03 5.999999999999999778e-01
2.702702702702675097e-03 6.081081081081081141e-01
0.000000000000000000e+00 6.108108108108107892e-01
0.000000000000000000e+00 6.162162162162162504e-01
2.702702702702675097e-03 6.189189189189189255e-01
2.702702702702675097e-03 6.297297297297297369e-01
9.459459459459473862e-03 6.364864864864865357e-01
1.756756756756755466e-02 6.364864864864865357e-01
2.027027027027028527e-02 6.391891891891892108e-01
1.310810810810810745e-01 6.391891891891892108e-01
1.337837837837838051e-01 6.418918918918918859e-01
1.472972972972972916e-01 6.418918918918918859e-01
1.500000000000000222e-01 6.445945945945945610e-01
1.554054054054054279e-01 6.445945945945945610e-01
1.581081081081081030e-01 6.472972972972972361e-01
1.635135135135135087e-01 6.472972972972972361e-01
1.662162162162162393e-01 6.445945945945945610e-01
8.905405405405405483e-01 6.445945945945945610e-01
8.932432432432432234e-01 6.472972972972972361e-01
9.013513513513513598e-01 6.472972972972972361e-01
9.040540540540540349e-01 6.445945945945945610e-01
9.499999999999999556e-01 6.445945945945945610e-01
9.527027027027026307e-01 6.418918918918918859e-01
9.581081081081080919e-01 6.418918918918918859e-01
9.837837837837837274e-01 6.162162162162162504e-01
9.837837837837837274e-01 6.135135135135134643e-01
9.864864864864865135e-01 6.108108108108107892e-01
9.864864864864865135e-01 6.054054054054054390e-01
9.891891891891891886e-01 6.027027027027027639e-01
9.891891891891891886e-01 5.918918918918918415e-01
9.918918918918919747e-01 5.891891891891891664e-01
9.918918918918919747e-01 5.864864864864864913e-01
9.945945945945946498e-01 5.837837837837838162e-01
9.945945945945946498e-01 5.432432432432432456e-01
9.972972972972973249e-01 5.405405405405405705e-01
9.972972972972973249e-01 5.216216216216216228e-01
1.000000000000000000e+00 5.189189189189189477e-01
1.000000000000000000e+00 5.108108108108108114e-01
9.972972972972973249e-01 5.081081081081081363e-01
9.972972972972973249e-01 4.351351351351351315e-01
9.945945945945946498e-01 4.324324324324324564e-01
9.945945945945946498e-01 4.243243243243243201e-01
9.918918918918919747e-01 4.216216216216216450e-01
9.918918918918919747e-01 4.081081081081081030e-01
9.891891891891891886e-01 4.054054054054053724e-01
9.891891891891891886e-01 4.027027027027026973e-01
9.864864864864865135e-01 4.000000000000000222e-01
9.864864864864865135e-01 3.945945945945945610e-01
9.810810810810810523e-01 3.891891891891892108e-01
9.810810810810810523e-01 3.864864864864864802e-01
9.756756756756757021e-01 3.810810810810810745e-01
9.756756756756757021e-01 3.783783783783783994e-01
9.743243243243242535e-01 3.770270270270270063e-01
9.716216216216215784e-01 3.770270270270270063e-01
9.662162162162162282e-01 3.716216216216216006e-01
9.635135135135135531e-01 3.716216216216216006e-01
9.608108108108108780e-01 3.689189189189189255e-01
9.581081081081080919e-01 3.689189189189189255e-01
9.554054054054054168e-01 3.662162162162162504e-01
9.527027027027026307e-01 3.662162162162162504e-01
9.499999999999999556e-01 3.635135135135135198e-01
9.472972972972972805e-01 3.635135135135135198e-01
9.445945945945946054e-01 3.608108108108107892e-01
8.229729729729728938e-01 3.608108108108107892e-01
8.202702702702702187e-01 3.581081081081081141e-01
4.067567567567567655e-01 3.581081081081081141e-01
4.040540540540540349e-01 3.554054054054054390e-01
4.013513513513513598e-01 3.554054054054054390e-01
