4.766757577233396437e-01 3.140408522705951944e-01
4.712373577493140786e-01 3.123695667204198223e-01
4.685181577623013238e-01 3.118119998222240730e-01
4.657989577752885690e-01 3.118119998222240730e-01
4.630797577882757587e-01 3.123695667204198223e-01
4.576413578142502492e-01 3.140408522705951944e-01
4.494837578532119293e-01 3.175624391390216017e-01
4.413261578921735540e-01 3.202681952541235333e-01
4.386069579051607992e-01 3.208412525407638993e-01
4.358877579181480444e-01 3.211365870054841976e-01
4.168533580090585944e-01 3.211365870054841976e-01
4.141341580220457841e-01 3.208412525407638993e-01
4.114149580350330293e-01 3.202681952541235333e-01
4.005381580869818992e-01 3.167720809851071184e-01
3.978189580999691444e-01 3.161707571784553306e-01
3.923805581259436348e-01 3.154703571818004981e-01
3.869421581519180697e-01 3.144866227602693964e-01
3.842229581649052594e-01 3.144866227602693964e-01
3.760653582038669396e-01 3.161829884283969272e-01
3.733461582168541848e-01 3.171159131061445091e-01
3.706269582298413745e-01 3.185939676931975884e-01
3.679077582428286197e-01 3.203113571586793107e-01
3.651885582558158649e-01 3.217389371518610264e-01
3.624693582688030546e-01 3.228671079661448728e-01
3.597501582817902999e-01 3.235455571432324096e-01
3.570309582947774896e-01 3.238557869924969523e-01
2.672973587233559156e-01 3.240587123646621048e-01
2.645781587363431608e-01 3.243695571392968824e-01
2.618589587493303505e-01 3.250114797168761616e-01
2.591397587623175403e-01 3.261212325407667478e-01
2.509821588012792759e-01 3.299548587519651188e-01
2.482629588142664656e-01 3.310638925911949526e-01
2.455437588272537108e-01 3.317031571042706739e-01
2.428245588402409005e-01 3.320133869535353277e-01
2.319477588921898259e-01 3.322163123257004802e-01
2.292285589051770711e-01 3.325128955619418014e-01
2.210709589441386957e-01 3.344372524758277843e-01
2.183517589571259410e-01 3.347325869405480825e-01
2.129133589831003759e-01 3.349355123127132350e-01
2.101941589960876211e-01 3.352320955489546117e-01
2.020365590350493012e-01 3.371827570780995265e-01
1.965981590610237362e-01 3.379512955359673665e-01
1.938789590740109814e-01 3.386473833006124479e-01
1.911597590869981711e-01 3.397762970657124404e-01
1.884405590999854163e-01 3.412062623220406543e-01
1.802829591389470965e-01 3.466299170329787405e-01
1.766481101767157225e-01 3.497693570179843947e-01
1.745231991664563664e-01 3.524885570049971495e-01
1.729779896823110397e-01 3.552077569920099598e-01
1.717464542616856660e-01 3.579269569790227701e-01
1.663200830151592702e-01 3.742421569010994098e-01
1.657456976699172579e-01 3.769613568881121646e-01
1.654491144336758812e-01 3.796805568751249194e-01
1.652461890615107842e-01 3.851189568491504844e-01
1.649508545967904305e-01 3.878381568361632947e-01
1.629995592214946720e-01 3.959957567972016146e-01
1.622579592250366631e-01 4.041533567582399344e-01
1.603072976958916929e-01 4.123109567192782543e-01
1.600107144596503161e-01 4.150301567062910646e-01
1.598077890874852192e-01 4.231877566673293289e-01
1.595124546227648654e-01 4.259069566543421392e-01
1.575880977088789381e-01 4.340645566153804591e-01
1.572915144726375614e-01 4.367837566023932139e-01
1.570885891004724644e-01 4.694141564465465488e-01
1.567932546357521106e-01 4.721333564335593036e-01
1.548688977218661278e-01 4.802909563945976790e-01
1.545723144856247511e-01 4.830101563816104338e-01
1.545723144856247511e-01 5.047637562777126385e-01
1.548688977218661278e-01 5.074829562647253933e-01
1.567932546357521106e-01 5.156405562257637687e-01
1.570885891004724644e-01 5.183597562127765235e-01
1.572915144726375614e-01 5.455517560829042933e-01
1.575880977088789381e-01 5.482709560699170481e-01
1.595124546227648654e-01 5.564285560309554235e-01
1.598077890874852192e-01 5.591477560179681783e-01
1.600107144596503161e-01 5.700245559660193084e-01
1.603072976958916929e-01 5.727437559530320632e-01
1.622579592250366631e-01 5.809013559140703276e-01
1.629995592214946720e-01 5.863397558880959481e-01
1.642089785705570515e-01 5.917781558621214577e-01
1.644282688920903346e-01 5.944973558491342125e-01
1.637947192176968936e-01 5.972165558361470783e-01
1.620371272260913709e-01 5.999357558231598331e-01
1.612485592298576464e-01 6.007404170438064295e-01
1.585293592428448917e-01 6.026297780325150510e-01
1.558101592558320814e-01 6.035543834981844658e-01
1.530909592688193266e-01 6.038928005803798627e-01
1.503717592818065163e-01 6.040145558036789097e-01
1.204605594246659916e-01 6.041363110269780679e-01
1.177413594376532369e-01 6.044328942632193336e-01
1.095837594766149170e-01 6.063572511771053719e-01
1.068645594896021067e-01 6.066525856418256701e-01
7.151495965843601699e-02 6.068555110139908226e-01
6.879575967142326220e-02 6.071520942502321994e-01
6.063815971038494235e-02 6.090764511641181267e-01
5.791895972337213205e-02 6.093717856288384249e-01
4.432295978830830263e-02 6.095747110010035774e-01
4.160375980129549234e-02 6.098712942372449541e-01
3.344615984025717248e-02 6.118219557663898689e-01
2.800775986623160740e-02 6.125635557628479333e-01
1.985015990519328755e-02 6.145411557534026237e-01
1.169255994415496769e-02 6.153933619031786151e-01
8.973359957142212906e-03 6.163251157448822459e-01
6.254159970129402613e-03 6.181815877360155032e-01
5.465591973895733702e-03 6.189701557322492276e-01
3.609119982762476475e-03 6.216893557192619824e-01
2.578991237682459747e-03 6.244085557062747371e-01
4.868245138039406505e-04 6.325661556673131125e-01
5.551115123125782702e-17 6.352853556543258673e-01
5.551115123125782702e-17 6.380045556413386221e-01
4.920457119356735909e-04 6.407237556283513769e-01
3.156055066893537209e-03 6.488813555893897522e-01
4.449173771853665027e-03 6.516005555764025070e-01
6.254159970129402613e-03 6.544742555626774649e-01
8.973359957142212906e-03 6.568036401669365976e-01
1.169255994415496769e-02 6.578806126892653428e-01
1.713095991818053276e-02 6.587487555422618657e-01
1.985015990519328755e-02 6.593481174441611081e-01
3.072695985324441770e-02 6.628442317131775230e-01
3.344615984025717248e-02 6.634186170584196462e-01
3.616535982726992726e-02 6.637152002946609120e-01
1.503717592818065163e-01 6.637152002946609120e-01
1.530909592688193266e-01 6.634186170584196462e-01
1.612485592298576464e-01 6.614942601445336079e-01
1.639677592168704012e-01 6.611989256798133097e-01
1.721253591779087766e-01 6.611989256798133097e-01
1.748445591649215314e-01 6.614942601445336079e-01
1.775637591519342862e-01 6.620673174311739739e-01
1.884405590999854163e-01 6.648676200291665506e-01
1.911597590869981711e-01 6.660349755074620459e-01
1.938789590740109814e-01 6.674625555006437061e-01
1.993173590480364910e-01 6.710404502203973776e-01
2.020365590350493012e-01 6.724704154767255915e-01
2.047557590220620560e-01 6.735993292418256395e-01
2.074749590090748108e-01 6.742954170064706654e-01
2.156325589701131862e-01 6.750639554643385054e-01
2.237901589311515060e-01 6.770146169934834202e-01
2.265093589181642608e-01 6.773112002297247969e-01
2.509821588012792759e-01 6.775141256018899494e-01
2.537013587882920307e-01 6.778094600666102476e-01
2.618589587493303505e-01 6.797607554419060616e-01
2.700165587103686704e-01 6.805023554383640150e-01
2.781741586714070458e-01 6.824799554289188164e-01
2.836125586454325553e-01 6.832215554253768808e-01
2.917701586064709307e-01 6.851722169545217955e-01
2.944893585934836855e-01 6.854688001907631723e-01
3.135237585025730800e-01 6.856717255629283247e-01
3.162429584895858903e-01 6.859670600276486230e-01
3.244005584506242101e-01 6.878914169415345503e-01
3.271197584376369649e-01 6.881880001777759270e-01
3.842229581649052594e-01 6.881880001777759270e-01
3.869421581519180697e-01 6.878914169415345503e-01
3.950997581129563896e-01 6.859670600276486230e-01
3.978189580999691444e-01 6.856717255629283247e-01
5.473749573856718786e-01 6.854688001907631723e-01
5.500941573726846334e-01 6.851722169545217955e-01
5.555325573467101430e-01 6.838581618739492107e-01
5.582517573337228978e-01 6.833733615784980397e-01
5.609709573207357636e-01 6.833733615784980397e-01
5.636901573077485184e-01 6.838209173272761232e-01
5.664093572947612731e-01 6.845978316092797833e-01
5.691285572817740279e-01 6.850467154166597350e-01
5.718477572687867827e-01 6.850467154166597350e-01
5.745669572557996485e-01 6.845598909028558499e-01
5.800053572298251581e-01 6.832478600406358682e-01
5.827245572168379129e-01 6.829931106503485116e-01
5.854437572038506676e-01 6.829931106503485116e-01
5.881629571908635334e-01 6.832478600406358682e-01
5.963205571519017978e-01 6.851722169545217955e-01
5.990397571389145526e-01 6.854688001907631723e-01
6.235125570220295677e-01 6.854688001907631723e-01
6.262317570090423224e-01 6.851722169545217955e-01
6.343893569700806978e-01 6.832478600406358682e-01
6.371085569570934526e-01 6.829525255759155700e-01
8.410485559830516156e-01 6.827496002037504175e-01
8.437677559700644814e-01 6.824530169675090407e-01
8.492061559440899909e-01 6.811017173402633684e-01
8.519253559311027457e-01 6.805286600536231134e-01
8.546445559181155005e-01 6.802333255889028152e-01
8.655213558661666307e-01 6.802333255889028152e-01
8.682405558531793854e-01 6.805286600536231134e-01
8.709597558401922512e-01 6.811017173402633684e-01
8.736789558272048950e-01 6.818786316222670285e-01
8.763981558142177608e-01 6.824530169675090407e-01
8.791173558012305156e-01 6.827496002037504175e-01
9.335013555414859443e-01 6.827496002037504175e-01
9.362205555284988101e-01 6.824530169675090407e-01
9.389397555155115649e-01 6.818786316222670285e-01
9.416589555025243197e-01 6.811017173402633684e-01
9.443781554895371855e-01 6.805286600536231134e-01
9.470973554765498292e-01 6.802333255889028152e-01
9.715701553596649553e-01 6.800304002167376627e-01
9.742893553466775991e-01 6.797195554421028296e-01
9.770085553336904649e-01 6.790377292158511491e-01
9.797277553207032197e-01 6.779088154507511010e-01
9.824469553077159745e-01 6.764375340292066996e-01
9.851661552947288403e-01 6.743938495851861115e-01
9.889250493944228282e-01 6.706349554854920125e-01
9.909687338384434163e-01 6.679157554984791467e-01
9.924400152599879288e-01 6.651965555114663919e-01
9.935689290250879768e-01 6.624773555244536372e-01
9.942507552513395463e-01 6.597581555374408824e-01
9.945616000259744904e-01 6.570389555504281276e-01
9.947645253981395319e-01 6.488813555893897522e-01
9.950598598628597191e-01 6.461621556023769974e-01
9.956329171495000852e-01 6.434429556153642427e-01
9.964098314315039673e-01 6.407237556283513769e-01
9.969842167767458685e-01 6.380045556413386221e-01
9.972808000129872452e-01 6.352853556543258673e-01
9.974837253851522867e-01 5.673053559790064426e-01
9.977790598498725849e-01 5.645861559919936878e-01
9.983521171365128399e-01 5.618669560049809331e-01
9.991290314185166110e-01 5.591477560179681783e-01
9.997034167637586233e-01 5.564285560309554235e-01
1.000000000000000000e+00 5.537093560439425577e-01
1.000000000000000000e+00 4.340645566153804591e-01
9.997034167637586233e-01 4.313453566283677043e-01
9.991290314185166110e-01 4.286261566413548940e-01
9.983521171365128399e-01 4.259069566543421392e-01
9.977790598498725849e-01 4.231877566673293289e-01
9.974837253851522867e-01 4.204685566803165742e-01
9.972808000129872452e-01 3.688037569270738447e-01
9.969842167767458685e-01 3.660845569400610344e-01
9.964098314315039673e-01 3.633653569530482796e-01
9.956329171495000852e-01 3.606461569660355249e-01
9.950598598628597191e-01 3.579269569790227701e-01
9.947645253981395319e-01 3.552077569920099598e-01
9.945616000259744904e-01 3.416117570569460749e-01
9.942507552513395463e-01 3.388925570699332646e-01
9.935689290250879768e-01 3.361733570829205098e-01
9.924400152599879288e-01 3.334541570959077550e-01
9.909259152672194038e-01 3.307349571088950002e-01
9.888010042569601588e-01 3.280157571218821899e-01
9.878853552817414840e-01 3.271001081466635707e-01
9.851661552947288403e-01 3.249751971364042702e-01
9.824469553077159745e-01 3.234299876522589989e-01
9.797277553207032197e-01 3.221984522316335697e-01
9.715701553596649553e-01 3.194912809721199287e-01
9.688509553726520895e-01 3.189168956268779165e-01
9.661317553856393348e-01 3.186203123906365953e-01
5.800053572298251581e-01 3.186203123906365953e-01
5.772861572428124033e-01 3.189168956268779165e-01
5.691285572817740279e-01 3.208412525407638993e-01
5.664093572947612731e-01 3.211365870054841976e-01
5.500941573726846334e-01 3.211365870054841976e-01
5.473749573856718786e-01 3.208412525407638993e-01
5.392173574246335033e-01 3.189168956268779165e-01
5.364981574376207485e-01 3.186203123906365953e-01
5.283405574765823731e-01 3.186203123906365953e-01
5.256213574895696183e-01 3.189168956268779165e-01
5.174637575285312430e-01 3.208412525407638993e-01
5.147445575415184882e-01 3.211365870054841976e-01
4.957101576324290937e-01 3.211365870054841976e-01
4.929909576454163389e-01 3.208263571562195993e-01
4.902717576584035286e-01 3.201870926431438225e-01
4.875525576713907738e-01 3.190780588039140442e-01
