5.319952487798210727e-01 3.404351971434016466e-03
5.208472505863197544e-01 1.049524514198707514e-03
5.096992523928183250e-01 -1.110223024625156540e-16
4.985512541993170066e-01 -1.110223024625156540e-16
4.874032560058156327e-01 1.392539843229456675e-03
4.762552578123142588e-01 5.207054060264004747e-03
4.651072596188129404e-01 1.182433473398591950e-02
4.539592614253115666e-01 2.049499999559817320e-02
4.428112632318101927e-01 2.730054678550064562e-02
4.316632650383088743e-01 3.136282363132630868e-02
4.205152668448075004e-01 3.437101362004885141e-02
4.093672686513061265e-01 3.845378698442214471e-02
3.982192704578047526e-01 4.560915735150300465e-02
3.759232740708020604e-01 6.525770641715356035e-02
3.647752758773006865e-01 7.375765803121570041e-02
3.536272776837993126e-01 8.118965682688333851e-02
3.424792794902979942e-01 8.969754861059886508e-02
3.313312812967966203e-01 9.989394177777111139e-02
2.867392885227911803e-01 1.442584243845622671e-01
2.755912903292898064e-01 1.544416919651644404e-01
2.521804941229369712e-01 1.721284198683156741e-01
2.426937662484671687e-01 1.832764180618170480e-01
2.371215588582728517e-01 1.944244162553183664e-01
2.291113301192881924e-01 2.167204126423211141e-01
2.183472043674217211e-01 2.501644072228251803e-01
2.159923769101864122e-01 2.613124054163265542e-01
2.147764643632488202e-01 2.724604036098279281e-01
2.141953296900800940e-01 3.616443891578388081e-01
2.135172094791117914e-01 3.727923873513401265e-01
2.114903007166569759e-01 3.839403855448415004e-01
2.060234939102284502e-01 3.950883837383428743e-01
1.975553029747803002e-01 4.053289867300476357e-01
1.864073047812789263e-01 4.141241165027177984e-01
1.752593065877776080e-01 4.182346511740024919e-01
1.641113083942762341e-01 4.174804835580482321e-01
1.529633102007748602e-01 4.123463424802055188e-01
1.457424477345296565e-01 4.062363819318441926e-01
1.418153120072734863e-01 4.004765828652018800e-01
1.391212124438440112e-01 3.950883837383428743e-01
1.369273435685844365e-01 3.839403855448415004e-01
1.362413129105228271e-01 3.727923873513401265e-01
1.359085368450451692e-01 3.504963909643374342e-01
1.352122669234304131e-01 3.393483927708360604e-01
1.323297345970135264e-01 3.282003945773347420e-01
1.306673138137721679e-01 3.254133950289593846e-01
1.223063151686461514e-01 3.170523963838333126e-01
1.195193156202707940e-01 3.153899756005918986e-01
1.083713174267694201e-01 3.126106158536101631e-01
9.722331923326804626e-02 3.119775613852990848e-01
8.607532103976672788e-02 3.127170637530273245e-01
7.492732284626535399e-02 3.157584323078018729e-01
7.285698032461501716e-02 3.170523963838333126e-01
6.413511182915232478e-02 3.282003945773347420e-01
6.368485009180208101e-02 3.393483927708360604e-01
6.642925864957982540e-02 3.504963909643374342e-01
7.056102355381066449e-02 3.616443891578388081e-01
8.008064276590276531e-02 3.839403855448415004e-01
8.039809973752065630e-02 3.950883837383428743e-01
7.782151468496273372e-02 4.062363819318441926e-01
7.694345017913256646e-02 4.173843801253455665e-01
8.406248803260674141e-02 4.285323783188469404e-01
8.607532103976672788e-02 4.300111944057399826e-01
1.083713174267694201e-01 4.395771543068530129e-01
1.195193156202707940e-01 4.470744569468135254e-01
1.234329745605424744e-01 4.508283747058496327e-01
1.324552003165035408e-01 4.619763728993510066e-01
1.464114165256468758e-01 4.842723692863537543e-01
1.505185737548315750e-01 4.954203674798550727e-01
1.502758463505557973e-01 5.065683656733565021e-01
1.447662527055532666e-01 5.177163638668578205e-01
1.418153120072734863e-01 5.211367724035002036e-01
1.306673138137721679e-01 5.298676818977743341e-01
1.195193156202707940e-01 5.316513616087344962e-01
1.141597011041643461e-01 5.288643620603591389e-01
1.083713174267694201e-01 5.245644199000086827e-01
1.039327625904679642e-01 5.177163638668578205e-01
9.794587467173576645e-02 5.065683656733565021e-01
9.092676469804966688e-02 4.954203674798550727e-01
8.607532103976672788e-02 4.888709185411729830e-01
7.492732284626535399e-02 4.783348485093801838e-01
6.377932465276398011e-02 4.753776898766452486e-01
5.263132645926260622e-02 4.812709851573340747e-01
5.029024683862731715e-02 4.842723692863537543e-01
4.451480145873093486e-02 4.954203674798550727e-01
4.067419936462007835e-02 5.065683656733565021e-01
3.930598486859304685e-02 5.177163638668578205e-01
4.049439294214424168e-02 5.288643620603591389e-01
4.562160032243978147e-02 5.511603584473618866e-01
4.672455129703428911e-02 5.623083566408632050e-01
4.781741814843254446e-02 5.957523512213673822e-01
4.961588432495489531e-02 6.069003494148687006e-01
5.263132645926260622e-02 6.145645981729008778e-01
5.467059442148847204e-02 6.180483476083700189e-01
6.377932465276398011e-02 6.259942612143762908e-01
7.492732284626535399e-02 6.278634329743875142e-01
8.607532103976672788e-02 6.203080769719175880e-01
8.765286795394139352e-02 6.180483476083700189e-01
9.803619410154418290e-02 5.957523512213673822e-01
1.083713174267694201e-01 5.856281487803304264e-01
1.195193156202707940e-01 5.809812536149779882e-01
1.306673138137721679e-01 5.797381633402265422e-01
1.418153120072734863e-01 5.807998774538932762e-01
1.529633102007748602e-01 5.843160427297582338e-01
1.864073047812789263e-01 6.027451864518362790e-01
1.921206538554483534e-01 6.069003494148687006e-01
1.975553029747803002e-01 6.124743485116193042e-01
2.014371952028745083e-01 6.180483476083700189e-01
2.121988599238711082e-01 6.403443439953727667e-01
2.181888785785415785e-01 6.514923421888740851e-01
2.316720215842025810e-01 6.737883385758768329e-01
2.405938861644453808e-01 6.960843349628795806e-01
2.456428545043751188e-01 7.072323331563808990e-01
2.516328731590457002e-01 7.183803313498822174e-01
2.651160161647066471e-01 7.406763277368849652e-01
2.740378807449494469e-01 7.629723241238877129e-01
2.790868490848792405e-01 7.741203223173891423e-01
2.852462530504472626e-01 7.852683205108904607e-01
2.934924028130853069e-01 7.964163187043917791e-01
3.036887959802575532e-01 8.075643168978932085e-01
3.313312812967966203e-01 8.352068022144322201e-01
3.424792794902979942e-01 8.454031953816044664e-01
3.536272776837993126e-01 8.536493451442425107e-01
3.647752758773006865e-01 8.596812084525120579e-01
3.759232740708020604e-01 8.643094552435025557e-01
3.870712722643033787e-01 8.671047617950027320e-01
3.982192704578047526e-01 8.683791428639342502e-01
4.874032560058156327e-01 8.692110830276282840e-01
4.985512541993170066e-01 8.704218759427893026e-01
5.096992523928183250e-01 8.727712587122622434e-01
5.319952487798210727e-01 8.788257515040441836e-01
5.431432469733223911e-01 8.811585237221795097e-01
5.542912451668238205e-01 8.842517560838338841e-01
5.654392433603251389e-01 8.890376036953989702e-01
5.765872415538264573e-01 8.950561955772475820e-01
5.877352397473278867e-01 9.031636598968811880e-01
5.988832379408292050e-01 9.124186017933728632e-01
6.100312361343306344e-01 9.207671712809932796e-01
6.546232289083360190e-01 9.505627300890787668e-01
6.657712271018374484e-01 9.596548636806616628e-01
6.697526550280878954e-01 9.636362916069121098e-01
6.880672234888400851e-01 9.867993545200761663e-01
6.992152216823415145e-01 9.959234184503548137e-01
7.103632198758428329e-01 9.998230476477221185e-01
7.215112180693441513e-01 1.000000000000000000e+00
7.326592162628455807e-01 9.967816790929474591e-01
7.438072144563468990e-01 9.901643984192256553e-01
7.549552126498482174e-01 9.814937331576134572e-01
7.661032108433496468e-01 9.746881863677109292e-01
7.772512090368509652e-01 9.706908842137372817e-01
7.995472054238537130e-01 9.648050333530051592e-01
8.106952036173551424e-01 9.600131921940242563e-01
8.218432018108563497e-01 9.539813288857547091e-01
8.329912000043577791e-01 9.458625963738769293e-01
8.441391981978592085e-01 9.366076544773852541e-01
8.552871963913604159e-01 9.282310751219958744e-01
8.687463649420510414e-01 9.190442988329067253e-01
8.775831927783632747e-01 9.114961750560568454e-01
8.809713098763880534e-01 9.078963006394054069e-01
8.882335124810831761e-01 8.967483024459039775e-01
8.918278571367259655e-01 8.856003042524026592e-01
8.925901134234610623e-01 8.744523060589013408e-01
8.923020341432204017e-01 8.633043078653999114e-01
8.929566419000465327e-01 8.521563096718985930e-01
8.958844898126945289e-01 8.410083114783972746e-01
9.005294890599868651e-01 8.298603132848958452e-01
9.067595943004176373e-01 8.075643168978932085e-01
9.107388770607593997e-01 7.964163187043917791e-01
9.222696601133304473e-01 7.741203223173891423e-01
9.256910926749344348e-01 7.629723241238877129e-01
9.270836325181639470e-01 7.518243259303862835e-01
9.275032729242627116e-01 7.406763277368849652e-01
9.270836325181639470e-01 7.295283295433836468e-01
9.255718412519511329e-01 7.183803313498822174e-01
9.212286574038638376e-01 7.072323331563808990e-01
9.127690620766018004e-01 6.960843349628795806e-01
8.998791891653659114e-01 6.838215369500280083e-01
8.887311909718645930e-01 6.717283823879472981e-01
8.775831927783632747e-01 6.614834726453140412e-01
8.441391981978592085e-01 6.384187806710407420e-01
8.218432018108563497e-01 6.241200251959020395e-01
8.106952036173551424e-01 6.181461370662078014e-01
7.995472054238537130e-01 6.145324404858042433e-01
7.883992072303522836e-01 6.131399006425746201e-01
7.326592162628455807e-01 6.119751844134029284e-01
7.215112180693441513e-01 6.105877642019499341e-01
7.103632198758428329e-01 6.067990039767459098e-01
6.992152216823415145e-01 5.993590565192647990e-01
6.953830973033253704e-01 5.957523512213673822e-01
6.861416601645080604e-01 5.846043530278659528e-01
6.716438332930567690e-01 5.623083566408632050e-01
6.656751236691347273e-01 5.511603584473618866e-01
6.620838123147561038e-01 5.400123602538605683e-01
6.606963921033031095e-01 5.288643620603591389e-01
6.601972280050867337e-01 5.177163638668578205e-01
6.605300040705642806e-01 4.508283747058496327e-01
6.617407969857254102e-01 4.396803765123483143e-01
6.640901797551983510e-01 4.285323783188469404e-01
6.672753220961986642e-01 4.173843801253455665e-01
6.696301495534339177e-01 4.062363819318441926e-01
6.708460621003715652e-01 3.950883837383428743e-01
6.710839449909278276e-01 3.393483927708360604e-01
6.724401188783070138e-01 3.282003945773347420e-01
6.769192252953387667e-01 3.198393959322086699e-01
6.794528612484073138e-01 3.170523963838333126e-01
6.880672234888400851e-01 3.120651340341090707e-01
7.103632198758428329e-01 3.041962371768115458e-01
7.438072144563468990e-01 2.962847545878751765e-01
7.883992072303522836e-01 2.819273544566902601e-01
7.995472054238537130e-01 2.795779716872172638e-01
8.106952036173551424e-01 2.783671787720561897e-01
8.329912000043577791e-01 2.775352386083621559e-01
8.441391981978592085e-01 2.763193260614244529e-01
8.552871963913604159e-01 2.739644986041891439e-01
8.887311909718645930e-01 2.628658150006669136e-01
9.110271873588673408e-01 2.528585067862545999e-01
9.221751855523686592e-01 2.467417761985046809e-01
9.339565927341371143e-01 2.390164090293238064e-01
9.435064513264721509e-01 2.278684108358224880e-01
9.482756575133439725e-01 2.167204126423211141e-01
9.537611804339558574e-01 1.944244162553183664e-01
9.571232751272340522e-01 1.832764180618170480e-01
9.594781025844693056e-01 1.721284198683156741e-01
9.606940151314069531e-01 1.609804216748143002e-01
9.606940151314069531e-01 9.409243251380616790e-02
9.594196340624754349e-01 8.294443432030479402e-02
9.564415734422293536e-01 7.179643612680342013e-02
9.502637692359945376e-01 6.064843793330210175e-02
9.444711819393714070e-01 5.436286448377475322e-02
9.333231837458699776e-01 4.901992257628778882e-02
9.221751855523686592e-01 4.886080049918994916e-02
9.110271873588673408e-01 5.084898790836944737e-02
8.998791891653659114e-01 5.185197060874241481e-02
8.887311909718645930e-01 5.014007898041150657e-02
8.775831927783632747e-01 4.600488098421134930e-02
8.552871963913604159e-01 3.404047998088843840e-02
8.441391981978592085e-01 3.159932725600533843e-02
8.329912000043577791e-01 3.528105428890621065e-02
8.106952036173551424e-01 5.360206171665499175e-02
7.995472054238537130e-01 6.054890223514586278e-02
7.883992072303522836e-01 6.421928110465796591e-02
7.772512090368509652e-01 6.529343718059438251e-02
7.661032108433496468e-01 6.461780092644275886e-02
7.549552126498482174e-01 6.217679252434665793e-02
7.326592162628455807e-01 5.480472920283757654e-02
7.215112180693441513e-01 4.998095690331366692e-02
7.103632198758428329e-01 4.279099638260086547e-02
6.992152216823415145e-01 3.412033112098861176e-02
6.880672234888400851e-01 2.730397905095421907e-02
6.769192252953387667e-01 2.328522523789516852e-02
6.546232289083360190e-01 1.791444485821358512e-02
6.434752307148347006e-01 1.455235016493539035e-02
6.323272325213333822e-01 1.219752270770008140e-02
6.211792343278319528e-01 1.098161016076243390e-02
5.654392433603251389e-01 1.014966999706840012e-02
5.542912451668238205e-01 8.938877081907270483e-03
5.431432469733223911e-01 6.589494312434329704e-03
