6.335117478096564669e-01 0.000000000000000000e+00
6.117490678910721957e-01 5.663618542911141862e-03
5.682237080539036533e-01 6.984961530608346791e-03
5.495699824094029129e-01 1.666456443734881665e-02
5.371341653130690119e-01 1.774473925044472988e-02
5.278073024908186417e-01 1.373806537099497849e-02
5.215893939426516912e-01 5.941479950136385746e-03
5.153714853944847407e-01 2.934449268555072710e-03
5.060446225722343705e-01 3.972596925272964263e-03
5.010094683674687355e-01 7.310900285149413147e-03
4.986548774130667439e-01 1.352880883331630812e-02
4.998539855527874276e-01 1.974671738148325861e-02
5.096377582496587344e-01 3.840044302598405457e-02
5.281833856691351414e-01 8.503475713723601670e-02
5.289313090360642233e-01 1.005795285076533929e-01
5.206907118477994700e-01 1.316690712484880343e-01
5.223257252180925070e-01 1.409959340707384046e-01
5.088276380917768904e-01 1.689765225374896263e-01
5.061236637825924367e-01 1.783033853597399965e-01
4.936088054759005250e-01 2.021274371339665810e-01
4.656282170091493033e-01 2.124755353045387207e-01
4.438655370905650877e-01 2.254218808743329028e-01
3.879043601570626998e-01 2.439403893707470794e-01
3.785774973348122741e-01 2.588506802770657034e-01
3.661416802384784286e-01 2.622188036898741581e-01
3.505969088680610524e-01 2.694465040275134671e-01
3.461277870990661087e-01 2.746809678563274515e-01
3.410607895081320118e-01 2.902257392267447722e-01
3.298142254054379219e-01 2.995526020489951424e-01
3.195073661272264109e-01 3.201494241147981312e-01
3.163984118531429912e-01 3.188540265005966878e-01
3.138467229678103543e-01 3.057705105971620929e-01
3.027472762678491969e-01 2.964436477749117227e-01
3.019466322197080776e-01 2.902257392267447722e-01
3.048952810390341273e-01 2.777899221304108712e-01
3.041919438426021749e-01 2.715720135822439762e-01
3.001667784919397342e-01 2.653541050340770813e-01
2.853088691123083498e-01 2.587660828818525438e-01
2.759820062900579241e-01 2.589068474001170461e-01
2.609441296382412068e-01 2.715720135822439762e-01
2.518436160299570292e-01 2.840078306785778217e-01
2.412043903417320778e-01 3.088794648712455682e-01
2.293476921788059619e-01 3.190331772344755512e-01
2.226661676423984937e-01 3.275331905157463641e-01
2.169909162928301272e-01 3.430779618861636848e-01
2.041501192315972046e-01 3.679495960788313758e-01
1.999518334828077615e-01 3.990391388196660727e-01
2.002909272325643086e-01 4.208018187382503439e-01
2.040565959015396280e-01 4.394555443827511398e-01
2.142529010322691274e-01 4.705450871235857813e-01
2.013671037120547402e-01 4.727067818922844333e-01
1.827133780675539443e-01 4.851137914544652041e-01
1.796044237934704690e-01 4.837330705765527372e-01
1.722324337344695033e-01 4.581092700272518803e-01
1.706536441495366541e-01 4.456734529309180348e-01
1.671686066971366236e-01 4.380953768878396160e-01
1.548947143025779516e-01 4.301286815605007141e-01
1.451688031474782092e-01 4.114749559159999182e-01
1.466550601922466668e-01 4.052570473678329677e-01
1.544688217850787026e-01 3.959301845455825974e-01
1.556654758830278151e-01 3.897122759974156470e-01
1.513971407442340489e-01 3.772764589010818015e-01
1.454059267785523524e-01 3.732545577369897338e-01
1.360790639563019822e-01 3.731076338517426150e-01
1.205342925858846614e-01 3.809035722208458097e-01
9.213732631456866828e-02 4.114749559159999182e-01
5.521990576001245543e-02 4.736540413976692565e-01
4.329461713713889104e-02 5.140704469607543237e-01
2.949709122139221318e-02 5.451599897015889651e-01
2.304973394625237093e-02 5.700316238942566560e-01
1.906280808637583757e-02 6.011211666350912974e-01
1.122864189956679359e-02 6.197748922795921489e-01
1.604951394380266239e-02 6.353196636500094696e-01
1.113477866260337290e-02 6.539733892945102101e-01
1.565723025934318002e-02 6.633002521167605803e-01
3.315229089873544810e-02 7.441330632429307146e-01
4.273003174395101356e-02 7.721136517096819363e-01
5.216457008476838020e-02 7.845494688060157262e-01
5.435433971871450609e-02 7.907673773541827877e-01
7.389997847463264380e-02 8.197948585866967619e-01
8.542338507748553633e-02 8.280748286431842686e-01
9.158992829416756631e-02 8.374016914654347499e-01
1.080984754895507605e-01 8.470544930422261309e-01
1.422969725044688771e-01 8.555712357065945461e-01
1.609506981489696731e-01 8.658154948720171440e-01
1.909299000776316646e-01 8.747091427544362308e-01
1.898639728979459318e-01 8.778180970285197615e-01
1.702775609712200988e-01 8.844622331787788116e-01
1.329701096822185069e-01 8.862320129607614838e-01
1.272280614821255651e-01 8.902539141248535515e-01
1.262599500406550446e-01 8.964718226730206130e-01
1.279097904914230921e-01 8.995807769471040327e-01
1.454059267785523524e-01 9.093408547091856864e-01
1.764954695193869938e-01 9.186539646762033051e-01
2.200208293565555362e-01 9.286375418933456860e-01
2.697640977418910291e-01 9.310404332919962611e-01
3.039625947568090902e-01 9.182638323489075161e-01
3.132894575790595160e-01 9.219494394784333302e-01
3.226163204013099417e-01 9.224033276409440152e-01
3.350521374976437317e-01 9.188509331804316504e-01
3.443790003198941574e-01 9.221206954342091588e-01
3.537058631421445831e-01 9.224033276409440152e-01
3.692506345125619038e-01 9.150987469875724312e-01
3.816864516088957493e-01 9.119333184825249017e-01
4.252118114460642362e-01 8.820151852985324004e-01
4.386945213081609451e-01 8.684912342062693913e-01
4.563013541868989331e-01 8.402575913218601755e-01
4.666372635717904171e-01 8.311837829172677994e-01
4.712296949684893765e-01 8.156390115468504787e-01
4.815097917592590093e-01 8.032031944505165777e-01
4.892615389062074938e-01 7.783315602578488868e-01
4.969509313205401901e-01 7.658957431615149858e-01
4.989993310317710207e-01 7.565688803392646156e-01
5.036746820190396434e-01 7.472420175170142453e-01
5.087774936680012905e-01 7.223703833243464434e-01
5.184531681398482084e-01 7.037166576798457029e-01
5.204653873974061096e-01 6.601912978426771605e-01
5.230046641718986145e-01 6.477554807463432596e-01
5.226655704221421228e-01 6.322107093759259389e-01
5.170187671367230120e-01 5.917943038128409272e-01
5.169869224192537027e-01 5.638137153460897055e-01
5.184804396685682715e-01 5.608841238185880984e-01
5.557878909575698634e-01 5.633449047809502286e-01
5.962042965206548750e-01 5.771822187246486990e-01
6.086401136169887760e-01 5.774986658561178654e-01
6.272938392614895164e-01 5.920533833356812492e-01
6.459475649059902569e-01 6.008571988193672775e-01
6.552744277282407381e-01 6.125769872754640577e-01
6.648105470881697787e-01 6.197748922795921489e-01
6.774131908251415091e-01 6.477554807463432596e-01
6.898490079214754100e-01 6.850629320353449625e-01
6.915057025377518984e-01 6.974987491316787525e-01
6.990847750405335681e-01 7.161524747761796039e-01
6.977714411516739990e-01 7.316972461465969246e-01
7.015413199707374314e-01 7.410241089688472949e-01
7.141353023981479309e-01 7.534599260651810848e-01
7.171222311970979479e-01 7.627867888874315661e-01
7.288424375404810585e-01 7.845494688060157262e-01
7.477334324418688505e-01 8.000942401764330469e-01
7.544500690715032487e-01 8.094211029986835282e-01
7.738865849885858683e-01 8.280748286431842686e-01
7.785703726479341613e-01 8.374016914654347499e-01
7.787058911675737161e-01 8.436196000136015893e-01
7.765236444174958841e-01 8.463873275990662082e-01
7.609788730470785634e-01 8.535742324488881927e-01
7.486278456127651859e-01 8.653822799321859716e-01
7.454609030066101649e-01 8.778180970285197615e-01
7.357813000998698616e-01 8.964718226730206130e-01
7.350310623749204408e-01 9.089076397693544029e-01
7.402179672834767743e-01 9.213434568656883039e-01
7.484264701654665952e-01 9.275613654138552544e-01
7.499099237781434724e-01 9.306703196879386741e-01
7.506714938768479506e-01 9.617598624287733156e-01
7.536757634787126792e-01 9.679777709769402660e-01
7.640878273211619831e-01 9.772213582382777153e-01
7.765236444174958841e-01 9.782851501471707678e-01
7.889594615138297851e-01 9.720860319819791817e-01
7.920684157879132048e-01 9.736060502662292615e-01
7.955336044059020395e-01 9.959583594436913767e-01
8.013952786101636860e-01 9.998445522862957624e-01
8.138310957064974760e-01 9.963747372482563147e-01
8.293758670769147967e-01 9.801136012573538059e-01
8.355937756250817472e-01 9.815711774306457027e-01
8.449206384473321174e-01 9.953437987150934863e-01
8.542475012695824876e-01 1.000000000000000000e+00
8.604654098177494381e-01 9.994374273218324944e-01
8.680434858608279125e-01 9.959583594436913767e-01
8.801474818759855712e-01 9.710867252510237968e-01
8.791508594854551273e-01 9.555419538806064761e-01
8.814298447200149544e-01 9.524329996065229453e-01
8.915549525585841906e-01 9.473002920785549286e-01
9.016331459970713391e-01 9.337792739620220939e-01
9.112045151190022452e-01 9.120165940434379337e-01
9.122732181507184901e-01 9.026897312211874524e-01
9.219208593907959326e-01 8.747091427544362308e-01
9.394149121048113171e-01 8.591643713840189100e-01
9.505418082052570217e-01 8.436196000136015893e-01
9.510341566969704452e-01 8.342927371913513301e-01
9.482933680606073779e-01 8.311837829172677994e-01
9.350803123957526219e-01 8.290025004830318123e-01
9.298261796725515449e-01 8.249658743691008489e-01
9.299953278627177689e-01 8.187479658209338984e-01
9.448235530225677081e-01 7.969852859023496272e-01
9.572762072541681766e-01 7.690046974355984055e-01
9.613672168176673472e-01 7.534599260651810848e-01
9.609963609148702846e-01 7.223703833243464434e-01
9.689027262323541834e-01 6.850629320353449625e-01
9.727137024392953357e-01 6.757360692130944813e-01
9.769119881880846679e-01 6.539733892945102101e-01
9.769119881880846679e-01 6.259928008277590994e-01
9.743727114135920520e-01 6.042301209091748282e-01
9.796818487124117070e-01 5.762495324424236065e-01
9.805906199617588914e-01 5.544868525238393353e-01
9.857892408207655777e-01 5.327241726052550641e-01
9.848490640128428897e-01 5.202883555089212742e-01
9.888652213373966271e-01 4.923077670421700525e-01
9.881618841409645082e-01 4.860898584940031020e-01
9.808227133955871313e-01 4.736540413976692565e-01
9.764772343068178762e-01 4.487824072050015101e-01
9.539393463413722296e-01 4.114749559159999182e-01
9.164265867512517705e-01 3.738448772966689315e-01
9.039907696549179805e-01 3.652219286496827255e-01
8.760101811881667588e-01 3.356713355273177601e-01
8.635743640918329689e-01 3.280050853609197681e-01
8.449206384473321174e-01 3.124476964812732405e-01
8.273126519677502788e-01 2.902257392267447722e-01
8.181656954155561712e-01 2.746809678563274515e-01
8.045042328842471058e-01 2.610195053250183861e-01
7.769727155904190274e-01 2.404824708414093348e-01
7.547609644989116129e-01 2.154055283476228877e-01
7.358432710386867415e-01 2.031750195524077429e-01
7.233401397452647874e-01 1.783033853597399965e-01
7.226430753443416899e-01 1.472138426189053551e-01
7.399552068493829848e-01 1.192332541521541334e-01
7.450580184983446319e-01 9.747057423356991768e-02
7.691398780165477067e-01 6.016312294456832577e-02
7.796325986915793038e-01 5.291686798266603819e-02
7.982863243360801553e-01 5.075298456140492354e-02
8.234110129464058403e-01 3.529148875190057932e-02
8.279046655007860078e-01 2.907358020373368435e-02
8.262669128028312659e-01 2.290581607934222275e-02
7.920684157879132048e-01 2.087072392672889576e-02
7.236714217580769715e-01 5.895630055902378874e-03
7.081266503876596508e-01 6.234723805658926032e-03
6.925818790172423300e-01 1.013953900993019852e-02
6.796761037166865194e-01 1.974671738148325861e-02
6.790061120204111678e-01 2.285567165556673386e-02
6.812633423631572205e-01 2.596462592965020910e-02
6.894729247431587993e-01 2.944966338205023959e-02
7.019087418394927003e-01 3.115418806408176700e-02
7.081266503876596508e-01 3.432771292693470588e-02
7.112073414410696737e-01 3.840044302598405457e-02
7.123596112069886521e-01 5.083626012231790003e-02
7.077071883030611188e-01 6.638103149273522074e-02
7.057949346820970860e-01 8.814371141131949194e-02
6.956908332913257498e-01 1.048219556941630271e-01
6.770371076468250093e-01 1.208511793356057407e-01
6.404629002903902135e-01 1.627586139893226758e-01
6.384342587436220295e-01 1.689765225374896263e-01
6.371388611294204196e-01 2.031750195524077429e-01
6.343804262097680891e-01 2.062839738264912182e-01
5.930953422465714553e-01 2.098123901851732254e-01
5.713326623279871841e-01 2.021041575246679267e-01
5.679387205787793658e-01 1.969571110042407924e-01
5.551320959153803747e-01 1.534317511670723055e-01
5.577728386864077015e-01 1.130153456039872384e-01
5.620335580260411579e-01 9.436161995948644243e-02
5.744416166020706038e-01 8.064036984598343949e-02
5.899863879724879245e-01 6.901809092164529202e-02
6.397296563578234174e-01 4.508196756239146730e-02
6.490565191800737876e-01 3.794116569003996853e-02
6.588405811602776607e-01 2.285567165556673386e-02
6.567137584106867987e-01 1.974671738148325861e-02
6.419273654136410379e-01 1.663776310739978337e-02
6.399714639124742810e-01 1.352880883331630812e-02
6.400296431737436675e-01 4.201946011065937903e-03
