4.043209403600001028e-01 0.000000000000000000e+00
3.963527931766560597e-01 2.565610114589222945e-03
3.883846459933120721e-01 1.267036132870230647e-02
3.844005724016400505e-01 1.467189909494770461e-02
3.764324252182960628e-01 1.571987405746294586e-02
3.724483516266240413e-01 1.849452656721856103e-02
3.647292090427595723e-01 3.049101482658655993e-02
3.652371784256977505e-01 3.845916200993054757e-02
3.684642780349520752e-01 4.196687897651130150e-02
4.003368667683280813e-01 5.495061417217939059e-02
4.242413083183600997e-01 6.188165917387317139e-02
4.561138970517361058e-01 7.769517247077173394e-02
4.640458253842467129e-01 8.626804510999452891e-02
4.734905872554132089e-01 1.221247074350425565e-01
4.733680003756694510e-01 1.659495169434345718e-01
4.686865883041436698e-01 1.818858113101226026e-01
4.499883839045404343e-01 2.137584000434986087e-01
4.369223230430722138e-01 2.217265472268425963e-01
4.282253819100321213e-01 2.296377790731627400e-01
4.242413083183600997e-01 2.282521850063053415e-01
4.175334293119735696e-01 2.177424736351705747e-01
3.919629343117582154e-01 1.978221056768105779e-01
3.839186280155507114e-01 1.818858113101226026e-01
3.808341839445788524e-01 1.539972961684185626e-01
3.764673732322580957e-01 1.420450753934025534e-01
3.765569275180358222e-01 1.380610018017305873e-01
3.795627687546098139e-01 1.340769282100585658e-01
3.844005724016400505e-01 1.324643269943818202e-01
4.122890875433440905e-01 1.322038189841232558e-01
4.282253819100321213e-01 1.354351351163103900e-01
4.361935290933761089e-01 1.352285744826512426e-01
4.436221663111811764e-01 1.300928546183865442e-01
4.453699608905878349e-01 1.221247074350425565e-01
4.441047609396961970e-01 1.181406338433705350e-01
4.401776026850480750e-01 1.153916230651169106e-01
4.282253819100321213e-01 1.139786998234988968e-01
4.083050139516720689e-01 9.982170723068262141e-02
3.878960331943334117e-01 7.829989792665054127e-02
3.764324252182960628e-01 6.365012732393993122e-02
3.724483516266240413e-01 6.138446682980580604e-02
3.604961308516080321e-01 5.892573360585845466e-02
3.246394685265600599e-01 4.704777967066609001e-02
3.047191005682000631e-01 3.804147687531977962e-02
2.728465118348240570e-01 3.477389393763391512e-02
2.648783646514800694e-01 3.724180619025302397e-02
2.529261438764640602e-01 4.703203464915334253e-02
2.407475552837393673e-01 5.439545637661852284e-02
2.360096409276979945e-01 6.236360355996256599e-02
2.374032911089118403e-01 7.033175074330655363e-02
2.406640507109846228e-01 7.431582433497851969e-02
2.569102174681360262e-01 8.616132885307475897e-02
2.728465118348240570e-01 8.977017431557715588e-02
3.087031741598720291e-01 1.066060982029652937e-01
3.206553949348880383e-01 1.096905422739372082e-01
3.326076157099040476e-01 1.165391924976984517e-01
3.411804883491268425e-01 1.261087810267145781e-01
3.449843689168195504e-01 1.340769282100585658e-01
3.464329457108554777e-01 1.420450753934025534e-01
3.460002323219091291e-01 1.539972961684185626e-01
3.431807340878028079e-01 1.659495169434345718e-01
3.420161587302371631e-01 2.057902528601545655e-01
3.366260347635732231e-01 2.257106208185145624e-01
3.165682849572245550e-01 2.535991359602186024e-01
3.088749014698579654e-01 2.735195039185785992e-01
2.913010413962481282e-01 2.934398718769385961e-01
2.837612134453421087e-01 3.053920926519546053e-01
2.728465118348240570e-01 3.140361094624573024e-01
2.489420702847920386e-01 3.251407333003287214e-01
2.253696348673994154e-01 3.412487549770025774e-01
2.091013343680720449e-01 3.576736621426693241e-01
1.666211496968693639e-01 3.850735644853946482e-01
1.489267888938561879e-01 4.010098588520826235e-01
1.412003559996621860e-01 4.129620796270986327e-01
1.296602807686121905e-01 4.448346683604746388e-01
1.170499566250052248e-01 4.687391099105066572e-01
1.081203921791548117e-01 5.045957722355546293e-01
1.080809229186311948e-01 5.324842873772586138e-01
1.102899853682703935e-01 5.444365081522746230e-01
1.096654976425917027e-01 5.484205817439467001e-01
1.055154209845999835e-01 5.552305679994790077e-01
9.703209187129840929e-02 5.643568761106346754e-01
9.629075828388250491e-02 5.882613176606666938e-01
1.011136622583171940e-01 6.121657592106987122e-01
1.101002675781908025e-01 6.360702007607307307e-01
1.121044657708267778e-01 6.679427894941066812e-01
1.170499566250052248e-01 6.878631574524667336e-01
1.357050820801145585e-01 7.197357461858426841e-01
1.372900406952299868e-01 7.277038933691867273e-01
1.355743642769909885e-01 7.396561141442027365e-01
1.369703245833652216e-01 7.635605556942347549e-01
1.468411297854886888e-01 7.834809236525948073e-01
1.705517334116161132e-01 8.073853652026268257e-01
1.730122677501764739e-01 8.153535123859707578e-01
1.701879259252756516e-01 8.273057331609867671e-01
1.652765248596800296e-01 8.326059739213360622e-01
1.493402304929919988e-01 8.388263459635716401e-01
1.428877634803927821e-01 8.432420275276747423e-01
1.398703940327870043e-01 8.512101747110187855e-01
1.414070313236100440e-01 8.591783218943627176e-01
1.536281741043677984e-01 8.790986898527227700e-01
1.512358784116101251e-01 8.910509106277387792e-01
1.453911049152820656e-01 9.030031314027547884e-01
1.446050610602671038e-01 9.109712785860988316e-01
1.558425392794001163e-01 9.308916465444587729e-01
1.769605868352565614e-01 9.508120145028187142e-01
1.815575948256473171e-01 9.627642352778347234e-01
1.849705250003313428e-01 9.667483088695068005e-01
2.011331871847280017e-01 9.760565535336859222e-01
2.130854079597440109e-01 9.852561416453649024e-01
2.250376287347600202e-01 9.910704355541495314e-01
2.409739231014480509e-01 9.940360510092920432e-01
2.608942910598080478e-01 1.000000000000000000e+00
2.728465118348240570e-01 1.000000000000000000e+00
2.847987326098400107e-01 9.971805017658936787e-01
3.126872477515440507e-01 9.958067503833685219e-01
3.166713213432160723e-01 9.941985759161269254e-01
3.286235421182320815e-01 9.812972918962374891e-01
3.445598364849200568e-01 9.720739582624560171e-01
3.565120572599360660e-01 9.554909846511777660e-01
3.724483516266240413e-01 9.455150075684366495e-01
3.777906321245478871e-01 9.348757201361308500e-01
3.776023515904537442e-01 9.229234993611148408e-01
3.724483516266240413e-01 9.152458575438302546e-01
3.644802044432801091e-01 9.107637747531991401e-01
3.608546974748585434e-01 9.069872049944267545e-01
3.536833650098489823e-01 8.910509106277387792e-01
3.485439100765920784e-01 8.871754935885669546e-01
3.326076157099040476e-01 8.836835364463135889e-01
3.203624483472651274e-01 8.790986898527227700e-01
3.161533917762986978e-01 8.751146162610508039e-01
3.152631574013319837e-01 8.711305426693787268e-01
3.201734505487987548e-01 8.512101747110187855e-01
3.319871452325124928e-01 8.233216595693146900e-01
3.407474902032339159e-01 8.073853652026268257e-01
3.463734819259051134e-01 7.874649972442666623e-01
3.463734819259051134e-01 7.476242613275467797e-01
3.431194406479309844e-01 7.316879669608586934e-01
3.426867272589847468e-01 7.077835254108266749e-01
3.440778920988307177e-01 6.998153782274827428e-01
3.489615952112028463e-01 6.878631574524667336e-01
3.503575555175770795e-01 6.798950102691226904e-01
3.512518350959316082e-01 6.161498328023706783e-01
3.561951423151439866e-01 6.081816856190267462e-01
3.644802044432801091e-01 6.037156676412652745e-01
4.003368667683280813e-01 5.949729493266372460e-01
4.083050139516720689e-01 5.958117797093999135e-01
4.282253819100321213e-01 6.057990533730267524e-01
4.331058720598302547e-01 6.121657592106987122e-01
4.347749574357352986e-01 6.241179799857147215e-01
4.393737983639212641e-01 6.400542743524026967e-01
4.428157054687227867e-01 6.440383479440746628e-01
4.680661178267521150e-01 6.571695292717283365e-01
4.816655997983247950e-01 6.719268630857786473e-01
5.143043565300992048e-01 7.157516725941707181e-01
5.397794424768481703e-01 7.439721938685139868e-01
5.836042519852401300e-01 7.679038490359755276e-01
5.915723991685841732e-01 7.693582747268917776e-01
6.114927671269441145e-01 7.696717194238333892e-01
6.234449879019601237e-01 7.764243865283622092e-01
6.433653558603201761e-01 7.813104955019077869e-01
6.632857238186801174e-01 7.813104955019077869e-01
6.832060917770401698e-01 7.786804415380391697e-01
6.951583125520561790e-01 7.842320194936476252e-01
7.310149748771042066e-01 7.793901338040029048e-01
7.429671956521202159e-01 7.713539628077685784e-01
7.589034900188081911e-01 7.640941369788336601e-01
7.867920051605121756e-01 7.440536293350105135e-01
8.135828673738983996e-01 7.157516725941707181e-01
8.210624159629500429e-01 7.037994518191547089e-01
8.425690354439201446e-01 6.799340698141391748e-01
8.585053298106082309e-01 6.724604443703776635e-01
8.784256977689681722e-01 6.564885779180497094e-01
8.869985704081910782e-01 6.440383479440746628e-01
8.947796772702669710e-01 6.281020535773866875e-01
9.037092417161174396e-01 5.882613176606666938e-01
9.035000656911578165e-01 5.763090968856506846e-01
8.983460657273282246e-01 5.689507568847054220e-01
8.903779185439841815e-01 5.677101380502919126e-01
8.840893317963449682e-01 5.723250232939787185e-01
8.704575505856242401e-01 5.960483705898438345e-01
8.664734769939521630e-01 5.988659841326171573e-01
8.624894034022801970e-01 5.971821780941931612e-01
8.599239014682489302e-01 5.763090968856506846e-01
8.550587899574950690e-01 5.563887289272906322e-01
8.504222574275044355e-01 5.444365081522746230e-01
8.385849618522481785e-01 5.306280712720478077e-01
8.346008882605762125e-01 5.281856816599282967e-01
8.306168146689041354e-01 5.280537227796234800e-01
8.266327410772321693e-01 5.301381107066074350e-01
8.223547604173220282e-01 5.364683609689306909e-01
8.208350220445752576e-01 5.444365081522746230e-01
8.205377031198235471e-01 5.842772440689947278e-01
8.152449307277030988e-01 6.041976120273546691e-01
8.067123731188721170e-01 6.210250807500745651e-01
8.027282995272002619e-01 6.227089783496355668e-01
7.987442259355281848e-01 6.203150006482096579e-01
7.974478210366506836e-01 6.081816856190267462e-01
8.000203745078606765e-01 5.962294648440107370e-01
7.943036439114770086e-01 5.683409497023066415e-01
7.907760787521842527e-01 5.648853756687135519e-01
7.828079315688402096e-01 5.633134282651968139e-01
7.748397843854961664e-01 5.668751113053707158e-01
7.640080843081379358e-01 5.763090968856506846e-01
7.543642586315753018e-01 5.962294648440107370e-01
7.387756182275485584e-01 6.360702007607307307e-01
7.310149748771042066e-01 6.412874399879202603e-01
7.150786805104161203e-01 6.407182866176813762e-01
7.110946069187441543e-01 6.373428909358481720e-01
7.090091933981033101e-01 6.320861271690587646e-01
7.088496130694685871e-01 6.201339063940427554e-01
7.154963656450268328e-01 6.041976120273546691e-01
7.180024764526915515e-01 5.922453912523386599e-01
7.239785868401995561e-01 5.802931704773226507e-01
7.248604731347451091e-01 5.603728025189627093e-01
7.216064318567710911e-01 5.444365081522746230e-01
7.203192696194615774e-01 5.085798458272267064e-01
7.123438503330820071e-01 4.926435514605386756e-01
7.102542163955007926e-01 4.846754042771946325e-01
7.122898289962458218e-01 4.727231835021786788e-01
7.114480328018764066e-01 4.647550363188346356e-01
7.076441146116712044e-01 4.567868891354906480e-01
6.951583125520561790e-01 4.419101888091409025e-01
6.672697974103521945e-01 4.243388231055397752e-01
6.407213797494832885e-01 3.930417116687386359e-01
6.113180270571340058e-01 3.532009757520185866e-01
6.073011897023725680e-01 3.452328285686746545e-01
6.035246199436001824e-01 3.414562588099022689e-01
5.915723991685841732e-01 3.345953520789104463e-01
5.870450428144113886e-01 3.292965342019866237e-01
5.831797195533405809e-01 3.213283870186426361e-01
5.796539417290907936e-01 3.014080190602825837e-01
5.753956865679159538e-01 2.934398718769385961e-01
5.708116406869807591e-01 2.775035775102505653e-01
5.728472532877256773e-01 2.655513567352346116e-01
5.713137608109312149e-01 2.575832095518906240e-01
5.524595228503426103e-01 2.336787680018586055e-01
5.435230978345398922e-01 2.177424736351705747e-01
5.233612037240706893e-01 1.699335905351065934e-01
5.202767596530989413e-01 1.579813697600905842e-01
5.114089829490547912e-01 1.380610018017305873e-01
5.100178181092087648e-01 1.221247074350425565e-01
5.114663949032446366e-01 1.141565602516985689e-01
5.152702754709374000e-01 1.061884130683545813e-01
5.238431481101600840e-01 9.661882453933845483e-02
5.401114486094874545e-01 8.626804510999452891e-02
5.487104074448461155e-01 7.431582433497851969e-02
5.527118718339421033e-01 6.236360355996256599e-02
5.521160914054464852e-01 5.837952996829054442e-02
5.487151503895981719e-01 5.439545637661852284e-02
5.278272217018321610e-01 5.089332717103589587e-02
5.118909273351440747e-01 4.311910522876122309e-02
5.004367157590871029e-01 3.447508841825852599e-02
4.919705593767841334e-01 2.476920700875978598e-02
4.840024121934400902e-01 1.857501290240387570e-02
4.640820442350800934e-01 1.313614880225777437e-02
4.361935290933761089e-01 8.065509685584282273e-03
