8.996364056008616661e-01 1.124648547328743753e-04
8.969972303431297256e-01 0.000000000000000000e+00
8.943580550853977851e-01 1.977025036818902404e-03
8.891024560807763155e-01 2.614432989690723685e-02
8.811621787967378605e-01 3.601374570446730372e-02
8.679663025080781580e-01 4.234713537265505368e-02
8.494920757039543524e-01 3.672378243867757686e-02
8.415745499307585309e-01 3.229495020094358404e-02
8.362961994152946499e-01 3.094092619865812521e-02
8.204611478689028958e-01 3.530266194799197566e-02
7.967085705493153203e-01 3.438111074160293823e-02
7.623992921987998717e-01 2.058929165281003781e-02
7.439250653946760661e-01 1.702538852131091351e-02
6.832240344668409904e-01 1.682843514386828110e-02
6.726673334359132284e-01 1.467406819984135025e-02
6.621106324049853553e-01 1.438621326357897301e-02
6.515539313740574823e-01 1.654179222839025076e-02
6.357188798276658392e-01 1.731324345757329075e-02
6.278013540544699067e-01 1.918096748612219127e-02
6.093271272503462122e-01 1.995241871530523126e-02
5.908529004462225176e-01 2.445931800158612779e-02
5.697394983843667715e-01 2.621502209131076899e-02
5.591827973534390095e-01 3.446244477172316634e-02
5.037601169410678148e-01 6.010014727540502477e-02
4.932034159101399973e-01 6.877172312223861494e-02
4.694508385905523662e-01 8.121354933726071534e-02
4.615333128173564892e-01 8.724594992636230950e-02
4.404199107555007986e-01 9.439513266858207130e-02
4.166673334359132230e-01 1.052501356483993011e-01
3.918539111597862390e-01 1.290721649484535827e-01
3.823580550853977189e-01 1.405195876288659051e-01
3.687686175740937378e-01 1.607422680412370908e-01
3.476810228055261520e-01 2.003298969072164759e-01
3.424937384907851823e-01 2.135257731958762895e-01
3.339393397800844987e-01 2.531134020618556746e-01
3.286609892646206177e-01 2.953402061855670002e-01
3.278895380354374112e-01 3.243711340206185678e-01
3.233696804418355608e-01 3.428453608247422624e-01
2.926260963225111311e-01 3.663187946074544232e-01
2.817902517547078434e-01 3.771546391752577110e-01
2.562105531028441852e-01 4.088247422680412191e-01
2.513889829204493109e-01 4.167422680412370961e-01
2.319250653946760554e-01 4.336977241781754255e-01
2.108116633328204204e-01 4.482878817350710587e-01
1.870590860132327893e-01 4.561784688186580894e-01
1.633065086936451582e-01 4.540099767209843651e-01
1.474714571472534042e-01 4.461737849779087162e-01
1.184405293122018366e-01 4.216907216494845123e-01
1.052682170883432189e-01 4.061855670103092786e-01
1.040432374211416322e-01 4.009072164948453421e-01
1.038068933682105288e-01 3.745154639175257705e-01
9.756508567522370612e-02 3.507628865979381394e-01
8.900901237553027201e-02 3.375670103092783814e-01
8.420070294215303841e-02 3.270103092783505083e-01
7.357454993075857042e-02 3.161237113402062260e-01
6.822910173925061939e-02 3.085360824742268138e-01
6.563303165521966465e-02 3.006185567010309367e-01
6.037867364209875687e-02 2.944189846333398197e-01
5.510032312663482035e-02 2.918969072164948608e-01
4.982197261117093934e-02 2.918969072164948608e-01
4.454362209570700282e-02 2.944189846333398197e-01
4.098322528574782631e-02 2.979793814432989407e-01
3.843291630665068848e-02 3.032577319587628772e-01
3.839231361037792611e-02 3.164536082474226908e-01
4.047489357337025195e-02 3.243711340206185678e-01
3.660253225770998542e-02 3.428453608247422624e-01
3.054362209570699038e-02 3.534020618556701354e-01
3.054362209570699038e-02 3.586804123711340164e-01
3.306569951255194928e-02 3.639587628865978974e-01
4.803808563140765653e-02 3.797938144329897070e-01
4.966802072113657429e-02 3.850721649484535880e-01
4.815186951838740237e-02 3.929896907216494650e-01
4.373949838436680393e-02 4.035463917525773381e-01
4.373949838436680393e-02 4.088247422680412191e-01
4.626157580121176283e-02 4.141030927835051556e-01
5.246114786890287984e-02 4.193574507966260634e-01
7.357454993075857042e-02 4.246370423035904507e-01
8.413125096168638795e-02 4.314861221252973555e-01
1.026054777658100825e-01 4.488208149239076850e-01
1.131621787967379555e-01 4.650495249646250384e-01
1.184405293122018366e-01 4.677189532117366766e-01
1.263580550853977136e-01 4.686528152260110991e-01
1.316364056008616501e-01 4.711939311418011922e-01
1.395539313740575271e-01 4.792476330738480450e-01
1.553889829204492812e-01 4.874767152506221390e-01
1.659456839513770987e-01 4.868603561387066514e-01
1.712240344668410352e-01 4.880235640648011852e-01
1.791415602400369123e-01 4.933015011756194390e-01
1.870590860132327893e-01 4.952371134020618348e-01
2.002549623018926028e-01 4.959410898379970623e-01
2.081724880750884799e-01 5.006725915392818971e-01
2.187291891060162974e-01 5.000962199312715128e-01
2.240075396214801784e-01 5.011287786126157329e-01
2.342457195006127924e-01 5.064742268041236839e-01
2.329147561163255609e-01 5.223092783505154379e-01
2.303305636764629849e-01 5.249484536082473785e-01
2.213683643637482379e-01 5.284605868358445147e-01
2.160900138482843014e-01 5.284329896907216106e-01
2.055333128173564838e-01 5.228325630998933438e-01
1.791415602400369123e-01 5.234319126019387758e-01
1.738632097245729757e-01 5.222857142857142421e-01
1.527498076627173407e-01 5.096366868112335302e-01
1.421931066317894676e-01 5.092648301504141273e-01
1.369147561163255866e-01 5.068748159057437919e-01
1.237188798276657731e-01 4.967450637777389710e-01
1.158013540544698960e-01 4.933941038162416026e-01
8.430888775787986900e-02 4.695257731958762948e-01
8.142138350955085979e-02 4.589690721649484773e-01
7.197581876501707443e-02 4.457731958762886637e-01
6.301784889983069737e-02 4.379263622974963188e-01
5.246114786890287984e-02 4.351929307805595948e-01
4.190444683797506231e-02 4.291340206185567108e-01
3.662609632251112579e-02 4.291340206185567108e-01
3.134774580704718927e-02 4.316560980354016697e-01
2.778734899708806827e-02 4.352164948453608462e-01
2.526527158024310937e-02 4.404948453608247272e-01
2.526527158024310937e-02 4.457731958762886637e-01
2.778734899708806827e-02 4.510515463917526002e-01
3.580795199261421757e-02 4.589690721649484773e-01
4.183619230544749490e-02 4.774432989690721718e-01
4.993573016538355169e-02 4.879999999999999893e-01
5.285911874110055253e-02 4.959175257731958664e-01
5.370195414679179713e-02 5.064742268041236839e-01
5.022256171279099179e-02 5.170309278350515569e-01
4.013619941529461554e-02 5.275876288659794300e-01
3.816561522285477626e-02 5.328659793814433110e-01
3.843291630665068848e-02 5.434226804123711840e-01
4.098322528574782631e-02 5.487010309278350650e-01
4.454362209570700282e-02 5.522614277377941860e-01
4.982197261117093934e-02 5.547835051546391449e-01
5.773949838436681636e-02 5.539086892488953584e-01
6.829619941529463389e-02 5.460391041592606021e-01
7.621372518849051092e-02 5.433986879100280998e-01
8.241329725618162794e-02 5.381443298969071920e-01
8.670217168689076104e-02 5.275876288659794300e-01
9.204877673488226497e-02 5.190402999062793121e-01
9.468795199261420548e-02 5.178373424971363104e-01
1.131621787967379555e-01 5.245478645066273815e-01
1.316364056008616501e-01 5.382137818773737870e-01
1.553889829204492812e-01 5.485852776270573328e-01
1.712240344668410352e-01 5.593714895129755504e-01
1.870590860132327893e-01 5.667746686303387627e-01
1.949766117864286663e-01 5.728070692194403568e-01
2.055333128173564838e-01 5.762941991075549719e-01
2.240075396214801784e-01 5.752442115937130840e-01
2.477601169410678095e-01 5.831879460745439392e-01
2.503992921987998055e-01 5.854395501405810220e-01
2.705416769488483975e-01 6.225979381443298433e-01
2.899869210647791906e-01 6.419933865006808293e-01
2.987960601007223493e-01 6.463505154639175299e-01
3.009834846386623131e-01 6.489896907216494704e-01
3.041369607158497246e-01 6.701030927835052164e-01
3.049084119450329311e-01 6.885773195876288000e-01
3.110779572346201727e-01 7.123298969072164866e-01
3.186643879278130420e-01 7.255257731958763001e-01
3.273359637746466877e-01 7.360824742268041732e-01
3.371386147319367366e-01 7.545567010309277567e-01
3.427704262194183338e-01 7.608441479684657782e-01
3.506879519926142663e-01 7.666613798572561311e-01
3.744405293122018419e-01 7.888419868791003431e-01
3.823580550853977189e-01 7.911858995676754880e-01
4.193065086936451635e-01 8.102560691719321584e-01
4.456982612709647351e-01 8.161712926249008460e-01
4.588941375596245487e-01 8.172695622781814828e-01
4.694508385905523662e-01 8.268235294117647349e-01
4.905642406524080568e-01 8.366478217492516745e-01
5.169559932297276283e-01 8.425630452022203620e-01
5.596833305919742818e-01 8.442886597938144000e-01
5.610547705013650965e-01 8.469278350515463405e-01
5.563056636708294533e-01 8.574845360824742135e-01
5.553422064933066782e-01 8.627628865979382056e-01
5.570253763094199506e-01 8.785979381443298486e-01
5.510273131553655723e-01 8.917938144329897732e-01
5.486488478333536589e-01 9.023505154639175352e-01
5.442054777658100750e-01 9.102680412371133567e-01
5.411484330922705643e-01 9.234639175257731702e-01
5.389610085543306006e-01 9.261030927835052218e-01
5.275126942606555014e-01 9.310279823269513866e-01
5.192417075154418526e-01 9.392989690721649243e-01
5.167180348048501237e-01 9.445773195876288053e-01
5.157545776273272375e-01 9.551340206185566784e-01
5.167180348048501237e-01 9.604123711340206704e-01
5.211938996532010648e-01 9.683298969072164919e-01
5.407085705493153149e-01 9.878445678033307420e-01
5.612413540544698431e-01 1.000000000000000000e+00
8.519513071941138271e-01 1.000000000000000000e+00
8.943580550853977851e-01 9.739617083946980891e-01
9.101931066317894281e-01 9.615311519497982129e-01
9.290207944079308389e-01 9.392989690721649243e-01
9.368615469377423732e-01 9.234639175257731702e-01
9.377862748115095570e-01 9.129072164948452972e-01
9.368228176339865598e-01 9.076288659793814162e-01
9.292816242286611184e-01 8.944329896907217137e-01
9.292361212069760734e-01 8.917938144329897732e-01
9.553357737418659568e-01 8.495670103092782810e-01
9.586118219371027038e-01 8.363711340206185785e-01
9.594644785588315461e-01 8.205360824742268244e-01
9.711753611526614538e-01 7.941443298969071973e-01
9.744468734834945689e-01 7.809484536082473838e-01
9.747347284197569461e-01 7.360824742268041732e-01
9.711320959845020084e-01 7.176082474226803676e-01
9.666248834662345413e-01 7.096907216494845461e-01
9.603374365286967418e-01 7.040589101620029489e-01
9.524199107555008093e-01 6.995346097201766700e-01
9.181106324049853606e-01 6.723888070692194407e-01
8.943580550853977851e-01 6.619476085854317793e-01
8.494920757039543524e-01 6.607871980304662607e-01
8.257394983843667768e-01 6.559936558287073893e-01
8.125436220957069633e-01 6.552222045995241828e-01
8.046260963225111418e-01 6.533544805709754488e-01
7.887910447761193877e-01 6.525830293417922423e-01
7.360075396214802446e-01 6.413914200199534177e-01
7.201724880750884905e-01 6.335552282768778243e-01
7.138332926030852565e-01 6.278762886597938353e-01
6.994125469852503496e-01 6.014845360824742082e-01
6.855439546530731620e-01 5.803711340206185731e-01
6.822698711044301589e-01 5.671752577319587596e-01
6.829428108738040404e-01 5.539793814432989461e-01
6.854626206229529339e-01 5.487010309278350650e-01
6.947019570499960439e-01 5.381443298969071920e-01
6.972652715802430956e-01 5.328659793814433110e-01
7.013790061994649161e-01 5.143917525773196164e-01
7.095922229793594216e-01 5.011958762886598029e-01
7.224924082613205512e-01 4.589690721649484773e-01
7.283667015769175190e-01 4.457731958762886637e-01
7.409666350654442457e-01 3.903505154639175245e-01
7.468409283810413246e-01 3.771546391752577110e-01
7.477656562548085084e-01 3.718762886597938300e-01
7.474778013185461312e-01 2.795051546391752462e-01
7.403317267745332941e-01 2.478350515463917381e-01
7.400450838590552083e-01 2.399175257731958610e-01
7.448824132822847721e-01 2.240824742268041070e-01
7.465642406524080066e-01 2.220877487413090434e-01
7.676776427142637527e-01 2.132065181243764651e-01
7.993477458070472608e-01 2.058849351513136750e-01
8.125436220957069633e-01 2.000106418357166516e-01
8.257394983843667768e-01 1.979674093781177979e-01
8.494920757039543524e-01 1.900498836049219209e-01
8.890797045699337930e-01 1.708879499746494002e-01
9.049147561163255471e-01 1.660429844487156803e-01
9.233889829204493527e-01 1.558645066273932622e-01
9.421271272503461969e-01 1.422680412371133962e-01
9.497807354977688687e-01 1.298819119025304558e-01
9.603374365286967418e-01 1.241472754050073068e-01
9.692640587239664818e-01 1.158762886597938246e-01
9.737712712422339489e-01 1.079587628865979476e-01
9.744468734834945689e-01 7.101030927835050299e-02
9.711708252882578218e-01 5.781443298969074496e-02
9.666248834662345413e-01 4.989690721649486793e-02
9.603374365286967418e-01 4.426509572901327072e-02
9.497807354977688687e-01 4.077796584089854459e-02
9.339456839513771147e-01 4.149321758003260419e-02
9.283074459007679691e-01 3.670103092783505438e-02
9.257469345851442322e-01 3.142268041237111786e-02
9.242343437451915333e-01 2.086597938144330033e-02
9.181106324049853606e-01 1.074914089347084323e-02
