5.777966556380219609e-01 1.919012560164246040e-03
5.718054189394616849e-01 6.534643930691252933e-04
5.658141822409012978e-01 0.000000000000000000e+00
4.999105785567378724e-01 0.000000000000000000e+00
4.939193418581775408e-01 6.534643930691252933e-04
4.879281051596172647e-01 1.919012560164246040e-03
4.759456317624966015e-01 5.169935135060754750e-03
4.699543950639363254e-01 6.368182474772721147e-03
4.519806849682553862e-01 1.116117183362108634e-02
4.459894482696950546e-01 1.241630711794683428e-02
4.399982115711347230e-01 1.408171389176543498e-02
4.340069748725743914e-01 1.665697934364646082e-02
4.280157381740141154e-01 1.999300886898119911e-02
4.220245014754537838e-01 2.479711369480264160e-02
4.202036354200089918e-01 2.669230081373508146e-02
4.161966621413996092e-01 3.268353751229535753e-02
4.142078098453008672e-01 3.867477421085568912e-02
4.136276924661078658e-01 4.466601090941602070e-02
4.139907977205660727e-01 5.065724760797635229e-02
4.152249233175638876e-01 5.664848430653662836e-02
4.184758458924603408e-01 6.863095770365729154e-02
4.196740932321724182e-01 7.462219440221756761e-02
4.226526150003028226e-01 8.660466779933823078e-02
4.232882779665563255e-01 9.259590449789856237e-02
4.226526150003028226e-01 9.858714119645883844e-02
4.167698922398312411e-01 1.225520879907001093e-01
4.092071836203370339e-01 1.405257980863810485e-01
4.032424499204432800e-01 1.584995081820619878e-01
4.019769017533481037e-01 1.644907448806223194e-01
4.013234373602789229e-01 1.704819815791826509e-01
4.013234373602789229e-01 1.884556916748635902e-01
4.019769017533481037e-01 1.944469283734239218e-01
4.032424499204432800e-01 2.004381650719841979e-01
4.092071836203370339e-01 2.184118751676651926e-01
4.203057040619324058e-01 2.423768219619064079e-01
4.227492478502796192e-01 2.483680586604667395e-01
4.241577448453957011e-01 2.543592953590270711e-01
4.248412769382097220e-01 2.603505320575874027e-01
4.249760666137151199e-01 2.663417687561476788e-01
4.247518554949476499e-01 2.723330054547080104e-01
4.240062182295929460e-01 2.783242421532683419e-01
4.219710082906452109e-01 2.843154788518286180e-01
4.182375877131562225e-01 2.903067155503889496e-01
4.130376464276133142e-01 2.962979522489492812e-01
4.011774431671980001e-01 3.082804256460698888e-01
3.956976248288954778e-01 3.142716623446302204e-01
3.912659202105235878e-01 3.202628990431904965e-01
3.846291990819398210e-01 3.322453724403111597e-01
3.794577310606825349e-01 3.442278458374318229e-01
3.780119549591068329e-01 3.502190825359920989e-01
3.762606703856815060e-01 3.622015559331127621e-01
3.748193542617970775e-01 3.681927926316730382e-01
3.674752576635619272e-01 3.861665027273539774e-01
3.660294815619862252e-01 3.921577394259143090e-01
3.643361541734071452e-01 4.041402128230349167e-01
3.630155749443954027e-01 4.101314495215952483e-01
3.613037930305210699e-01 4.161226862201555798e-01
3.600382448634258936e-01 4.221139229187159114e-01
3.593847804703567128e-01 4.281051596172762430e-01
3.593847804703567128e-01 4.520701064115174583e-01
3.599788911199086616e-01 4.580613431100777899e-01
3.627402480146996733e-01 4.700438165071983976e-01
3.633759109809532317e-01 4.760350532057587292e-01
3.625469823147461357e-01 4.820262899043190608e-01
3.603933370763292565e-01 4.880175266028793923e-01
3.554824873234109228e-01 5.000000000000000000e-01
3.510476731675093998e-01 5.179737100956809392e-01
3.433300829348401306e-01 5.419386568899222656e-01
3.420645347677449544e-01 5.479298935884825417e-01
3.414110703746757736e-01 5.539211302870428177e-01
3.409639631583653019e-01 5.838773137798444202e-01
3.403132501943195720e-01 5.898685504784046962e-01
3.390506281501541874e-01 5.958597871769650833e-01
3.313476095377194675e-01 6.198247339712062987e-01
3.300820613706243467e-01 6.258159706697665747e-01
3.294285969775551659e-01 6.318072073683269618e-01
3.289814897612446942e-01 6.437896807654475140e-01
3.283307767971990199e-01 6.497809174640079011e-01
3.270681547530335243e-01 6.557721541625681771e-01
3.253563728391591914e-01 6.617633908611284532e-01
3.241222472421613210e-01 6.677546275596888403e-01
3.237056246087811617e-01 6.737458642582491164e-01
3.241829975443495382e-01 6.797371009568095035e-01
3.256245208256677293e-01 6.857283376553697796e-01
3.307080687948970033e-01 6.977108110524904427e-01
3.426660018157099419e-01 7.216757578467316581e-01
3.496303913678499575e-01 7.336582312438523212e-01
3.553719932039702822e-01 7.396494679424125973e-01
3.681033711884109660e-01 7.491547953968593632e-01
3.740946078869712421e-01 7.546275596888134540e-01
3.830814629348117117e-01 7.636144147366539237e-01
3.882814042203546201e-01 7.696056514352141997e-01
3.920148247978436640e-01 7.755968881337744758e-01
3.939873859876598106e-01 7.815881248323348629e-01
3.945646666070523056e-01 7.875793615308951390e-01
3.941422076090769222e-01 7.935705982294554151e-01
3.927067284505315614e-01 7.995618349280158021e-01
3.902210200005961083e-01 8.055530716265760782e-01
3.869864654258376446e-01 8.115443083251363543e-01
3.825629905282055265e-01 8.175355450236967414e-01
3.657414413360938754e-01 8.355092551193776806e-01
3.613097367177220409e-01 8.415004918179380677e-01
3.546730155891382186e-01 8.534829652150586199e-01
3.492948166347338845e-01 8.654654386121791720e-01
3.433300829348401306e-01 8.834391487078602223e-01
3.420645347677449544e-01 8.894303854064204984e-01
3.414110703746757736e-01 8.954216221049808855e-01
3.414110703746757736e-01 9.074040955021014376e-01
3.420959573378422602e-01 9.133953322006618247e-01
3.435103108693206009e-01 9.193865688992221008e-01
3.486817788905779425e-01 9.313690422963427640e-01
3.553185000191617093e-01 9.433515156934633161e-01
3.597502046375335993e-01 9.493427523920237032e-01
3.652300229758361216e-01 9.553339890905839793e-01
3.800858445855315737e-01 9.701898107002795424e-01
3.860770812840919053e-01 9.756696290385820092e-01
3.920683179826521814e-01 9.801013336569538437e-01
3.980595546812125129e-01 9.835857690398295272e-01
4.160332647768934522e-01 9.927292914840979421e-01
4.280157381740141154e-01 9.979007595053551727e-01
4.340069748725743914e-01 9.993151130368336243e-01
4.399982115711347230e-01 1.000000000000000000e+00
4.519806849682553862e-01 1.000000000000000000e+00
4.579719216668156623e-01 9.993465356069308747e-01
4.639631583653759939e-01 9.980809874398357540e-01
4.699543950639363254e-01 9.963692055259614211e-01
4.759456317624966015e-01 9.950486262969496787e-01
4.939193418581775408e-01 9.934146526518878861e-01
4.999105785567378724e-01 9.920897507412753669e-01
5.118930519538584800e-01 9.888388281663789137e-01
5.178842886524188671e-01 9.875836928820531657e-01
5.238755253509791432e-01 9.859182861082345095e-01
5.298667620495394193e-01 9.833430206563533726e-01
5.358579987480998064e-01 9.801923659188209736e-01
5.538317088437807456e-01 9.682423808865729953e-01
5.598229455423410217e-01 9.636871556414614570e-01
5.658141822409012978e-01 9.582073373031588792e-01
5.746787671520365848e-01 9.493427523920237032e-01
5.801585854903390516e-01 9.433515156934633161e-01
5.845902901087108861e-01 9.373602789949030401e-01
5.878319771081105261e-01 9.313690422963427640e-01
5.903193225079635953e-01 9.253778055977823769e-01
5.918215960914700036e-01 9.193865688992221008e-01
5.925064830546364902e-01 9.133953322006618247e-01
5.925064830546364902e-01 8.774479120092999462e-01
5.918530186615672539e-01 8.714566753107395591e-01
5.889577498103399922e-01 8.594742019136190070e-01
5.878895851532889294e-01 8.534829652150586199e-01
5.878274382924297825e-01 8.474917285164982328e-01
5.888756885805978003e-01 8.415004918179380677e-01
5.903106097100149219e-01 8.355092551193776806e-01
5.909492924528301216e-01 8.295180184208172935e-01
5.903021735088264110e-01 8.235267817222570175e-01
5.828698802618028640e-01 7.995618349280158021e-01
5.787000960925667847e-01 7.815881248323348629e-01
5.769752764132193290e-01 7.755968881337744758e-01
5.759071117561683772e-01 7.696056514352141997e-01
5.759071117561683772e-01 7.636144147366539237e-01
5.771685421131729221e-01 7.576231780380935366e-01
5.796439536200781451e-01 7.516319413395332605e-01
5.828785081948365532e-01 7.456407046409729844e-01
5.872356794933009105e-01 7.396494679424125973e-01
5.922095363751246344e-01 7.336582312438523212e-01
5.965727635058315492e-01 7.276669945452920452e-01
5.998144505052311892e-01 7.216757578467316581e-01
6.023017959050842585e-01 7.156845211481713820e-01
6.038354920586879171e-01 7.096932844496111059e-01
6.055867766321133550e-01 6.917195743539301667e-01
6.068493986762788506e-01 6.857283376553697796e-01
6.145524172887134595e-01 6.617633908611284532e-01
6.158179654558085803e-01 6.557721541625681771e-01
6.163820084056156334e-01 6.497809174640079011e-01
6.163820084056156334e-01 6.437896807654475140e-01
6.158179654558085803e-01 6.377984440668872379e-01
6.145524172887134595e-01 6.318072073683269618e-01
6.128406353748391266e-01 6.258159706697665747e-01
6.116108324594419221e-01 6.198247339712062987e-01
6.111955646964142286e-01 6.138334972726460226e-01
6.116701862029592096e-01 6.078422605740856355e-01
6.131056653615044594e-01 6.018510238755253594e-01
6.181875763808161173e-01 5.898685504784046962e-01
6.271744314286565869e-01 5.718948403827237570e-01
6.323458994499139285e-01 5.599123669856032048e-01
6.367910105488456818e-01 5.419386568899222656e-01
6.427671978691309462e-01 5.239649467942412153e-01
6.505263404787419157e-01 5.059912366985602761e-01
6.667321446633722726e-01 4.580613431100777899e-01
6.742845563398360831e-01 4.400876330143968507e-01
6.756989098713144237e-01 4.340963963158365191e-01
6.762943753912188383e-01 4.281051596172762430e-01
6.762943753912188383e-01 4.221139229187159114e-01
6.755459866968407390e-01 4.161226862201555798e-01
6.734930454504808317e-01 4.101314495215952483e-01
6.694860721718715046e-01 4.041402128230349167e-01
6.676652061164267682e-01 4.022450257041025323e-01
6.616739694178663811e-01 3.973319893019437443e-01
6.496914960207458289e-01 3.899942372847675087e-01
6.448845735532962031e-01 3.861665027273539774e-01
6.403301886792452935e-01 3.801752660287937013e-01
6.381659813548712368e-01 3.741840293302333698e-01
6.378563481162126125e-01 3.681927926316730382e-01
6.385173640829546748e-01 3.622015559331127621e-01
6.387075620733851933e-01 3.562103192345524305e-01
6.372275839603480652e-01 3.502190825359920989e-01
6.334552445676473464e-01 3.442278458374318229e-01
6.317177859250648897e-01 3.423794855793653724e-01
6.269686348835230572e-01 3.382366091388714913e-01
6.197353125279442265e-01 3.332993863039467319e-01
6.137440758293838394e-01 3.286623779441133486e-01
6.077528391308235634e-01 3.228591016125667013e-01
6.055485161945608485e-01 3.202628990431904965e-01
6.018150956170718047e-01 3.142716623446302204e-01
6.000297605740856355e-01 3.082804256460698888e-01
5.998720585504095926e-01 3.022891889475095573e-01
6.009402232074605443e-01 2.962979522489492812e-01
6.025699438915927963e-01 2.903067155503889496e-01
6.035589734418312924e-01 2.843154788518286180e-01
6.035589734418312924e-01 2.783242421532683419e-01
6.024748448963775926e-01 2.723330054547080104e-01
5.966052101916989869e-01 2.543592953590270711e-01
5.888460675820881285e-01 2.363855852633461319e-01
5.828844518820375242e-01 2.184118751676651926e-01
5.816218298378720286e-01 2.124206384691048610e-01
5.809711168738262987e-01 2.064294017705445294e-01
5.805240096575159381e-01 1.884556916748635902e-01
5.798705452644467018e-01 1.824644549763032586e-01
5.786049970973515810e-01 1.764732182777429825e-01
5.753540745224551278e-01 1.644907448806223194e-01
5.726267981642643168e-01 1.525082714835017117e-01
5.649928030160986658e-01 1.285433246892604409e-01
5.636809388709593804e-01 1.225520879907001093e-01
5.632656711079316869e-01 1.165608512921397777e-01
5.637402926144766679e-01 1.105696145935795016e-01
5.652739887680803266e-01 1.045783778950191700e-01
5.681562111321567521e-01 9.858714119645883844e-02
5.728504020845593958e-01 9.259590449789856237e-02
5.777966556380219609e-01 8.872883353791866101e-02
5.897791290351426241e-01 8.152281524252369405e-02
6.017616024322632873e-01 7.362365495245759561e-02
6.077528391308235634e-01 7.047825568571342014e-02
6.137440758293838394e-01 6.790621132883140065e-02
6.317177859250648897e-01 6.317991447791804216e-02
6.377090226236251658e-01 6.018876053750410460e-02
6.423450986403682617e-01 5.664848430653662836e-02
6.437002593221854418e-01 5.529332362471939266e-02
6.471773163347427360e-01 5.065724760797635229e-02
6.498412769382098109e-01 4.466601090941602070e-02
6.506095080955252019e-01 3.867477421085568912e-02
6.492013039272271913e-01 3.268353751229535753e-02
6.453178932307966909e-01 2.669230081373508146e-02
6.437002593221854418e-01 2.504165396821339540e-02
6.377090226236251658e-01 2.086748735680138411e-02
6.317177859250648897e-01 1.878199611016717618e-02
6.197353125279442265e-01 1.687588991532468219e-02
6.137440758293838394e-01 1.543457379144030917e-02
5.957703657337029002e-01 7.883746260057999944e-03
