5.964928057553957608e-01 2.379407949050504900e-03
5.904676258992805904e-01 8.686232831915940977e-04
5.844424460431655310e-01 1.798561151079569598e-04
5.241906474820143824e-01 0.000000000000000000e+00
5.181654676258993231e-01 1.798561151079569598e-04
5.121402877697841527e-01 8.370226895406673862e-04
5.061151079136690933e-01 2.109740778805491157e-03
4.940647482014388636e-01 5.379081350304404374e-03
4.880395683453237488e-01 6.584117321527360733e-03
4.699640287769784597e-01 1.140426120641951924e-02
4.639388489208633448e-01 1.266650741906472089e-02
4.579136690647482300e-01 1.434134950104437589e-02
4.518884892086331151e-01 1.693120503597111970e-02
4.458633093525180002e-01 2.028613472858070699e-02
4.398381294964028854e-01 2.511745705476425838e-02
4.380069473832698401e-01 2.702338129496401065e-02
4.339772727272727115e-01 3.304856115107912551e-02
4.319771526528777272e-01 3.907374100719424037e-02
4.313937486374537222e-01 4.509892086330935523e-02
4.317589110529758134e-01 5.112410071942441459e-02
4.330000285485897660e-01 5.714928057553952945e-02
4.362693691200885682e-01 6.919964028776975917e-02
4.374744050913116356e-01 7.522482014388487404e-02
4.404698015780923459e-01 8.727517985611510376e-02
4.411090658723021973e-01 9.330035971223021862e-02
4.404597750371131992e-01 9.932553956834527797e-02
4.349305233232768630e-01 1.174010791366906226e-01
4.209496688363595363e-01 1.595773381294963711e-01
4.196769507470946570e-01 1.656025179856114860e-01
4.190197841726618910e-01 1.716276978417266008e-01
4.188399280575539896e-01 1.897032374100719454e-01
4.190197841726618910e-01 1.957284172661870603e-01
4.197085513407455837e-01 2.017535971223021196e-01
4.211309178463681357e-01 2.077787769784172345e-01
4.287261174666824326e-01 2.258543165467625791e-01
4.347215085074797591e-01 2.439298561151079237e-01
4.359912838959601467e-01 2.499550359712229830e-01
4.366456834532373987e-01 2.559802158273380979e-01
4.368255395683453557e-01 2.680305755395683276e-01
4.365557553956834758e-01 2.740557553956834425e-01
4.358058937465412175e-01 2.800809352517985573e-01
4.337581752779594568e-01 2.861061151079136722e-01
4.297370926787981160e-01 2.921312949640287870e-01
4.277877697841726556e-01 2.942024505395683387e-01
4.231586681874013323e-01 2.981564748201438464e-01
4.157374100719424814e-01 3.032332467359445394e-01
4.097122302158273666e-01 3.078315232429440496e-01
4.008627473021583176e-01 3.162320143884891910e-01
3.953581252644943200e-01 3.222571942446043058e-01
3.908297469167523186e-01 3.282823741007194207e-01
3.875696942446043569e-01 3.343075539568345356e-01
3.849798387096774466e-01 3.403327338129495949e-01
3.817987016636690822e-01 3.523830935251798246e-01
3.796382721409080063e-01 3.584082733812949950e-01
3.758916451744265252e-01 3.644334532374100544e-01
3.667290274922919147e-01 3.764838129496402841e-01
3.634689748201439530e-01 3.825089928057553990e-01
3.609762996054769468e-01 3.885341726618705138e-01
3.597032374100719854e-01 3.945593525179855732e-01
3.597032374100719854e-01 4.005845323741007435e-01
3.607819389649571384e-01 4.066097122302158029e-01
3.624193502340984363e-01 4.126348920863309178e-01
3.634110403984505133e-01 4.186600719424460326e-01
3.634110403984505133e-01 4.246852517985611475e-01
3.623368240891158276e-01 4.307104316546762623e-01
3.606022324997145145e-01 4.367356115107913772e-01
3.564088245532606170e-01 4.548111510791366663e-01
3.486343989324669490e-01 4.789118705035971257e-01
3.458916712783619563e-01 4.909622302158273555e-01
3.426223307068630985e-01 5.030125899280575297e-01
3.412899226073686787e-01 5.090377697841727000e-01
3.396466917375191019e-01 5.271133093525179891e-01
3.383186308096380324e-01 5.331384892086330485e-01
3.365971508507480392e-01 5.391636690647482189e-01
3.353244327614831599e-01 5.451888489208632782e-01
3.347571942446043725e-01 5.512140287769784486e-01
3.347571942446043725e-01 5.572392086330935079e-01
3.353244327614831599e-01 5.632643884892086783e-01
3.365971508507480392e-01 5.692895683453237377e-01
3.383186308096380324e-01 5.753147482014389080e-01
3.395884061981184199e-01 5.813399280575539674e-01
3.401528776978417490e-01 5.873651079136690267e-01
3.401528776978417490e-01 5.933902877697841971e-01
3.395884061981184199e-01 5.994154676258992565e-01
3.383186308096380324e-01 6.054406474820144268e-01
3.305719709946328688e-01 6.295413669064748863e-01
3.292992529053679895e-01 6.355665467625899456e-01
3.286420863309352791e-01 6.415917266187050050e-01
3.284622302158273222e-01 6.476169064748201754e-01
3.286420863309352791e-01 6.837679856115108645e-01
3.293308534990189718e-01 6.897931654676259239e-01
3.308416381648779381e-01 6.958183453237409832e-01
3.333430755395683787e-01 7.018435251798561536e-01
3.365115802095166586e-01 7.078687050359712130e-01
3.485292674950948300e-01 7.259442446043165020e-01
3.531103002213614173e-01 7.319694244604316724e-01
3.586864883093525691e-01 7.379946043165468428e-01
3.675359712230216180e-01 7.463950954620919287e-01
3.735611510791366774e-01 7.509933719690913279e-01
3.795863309352518478e-01 7.550101585398347748e-01
3.856115107913669071e-01 7.596041436081903964e-01
3.945865182853717235e-01 7.681205035971223616e-01
3.998786819600922970e-01 7.741456834532374209e-01
4.036332541109969307e-01 7.801708633093524803e-01
4.054287039118705249e-01 7.861960431654676507e-01
4.055228473471222950e-01 7.922212230215828210e-01
4.043187224414017122e-01 7.982464028776978804e-01
4.018292865707434602e-01 8.042715827338129397e-01
3.985764067317574821e-01 8.102967625899279991e-01
3.941278707802988723e-01 8.163219424460431695e-01
3.772110196458218212e-01 8.343974820143884585e-01
3.727542073484070295e-01 8.404226618705036289e-01
3.692500310096750171e-01 8.464478417266187993e-01
3.600547062350120120e-01 8.645233812949639773e-01
3.548539394291019278e-01 8.765737410071943181e-01
3.534315729234793757e-01 8.825989208633093774e-01
3.527428057553956831e-01 8.886241007194244368e-01
3.525629496402877816e-01 9.127248201438848962e-01
3.527428057553956831e-01 9.187499999999999556e-01
3.534315729234793757e-01 9.247751798561151260e-01
3.548539394291019278e-01 9.308003597122302963e-01
3.600547062350120120e-01 9.428507194244604150e-01
3.667290274922919147e-01 9.549010791366906448e-01
3.712574058400338606e-01 9.609262589928058151e-01
3.795863309352518478e-01 9.697757419064748641e-01
3.856115107913669071e-01 9.752803639441387507e-01
3.916366906474820220e-01 9.798087422918808631e-01
3.976618705035971368e-01 9.833129186306126535e-01
4.157374100719424814e-01 9.925082434052758806e-01
4.277877697841726556e-01 9.977090102111858538e-01
4.338129496402877705e-01 9.991313767168084059e-01
4.398381294964028854e-01 9.998201438848921541e-01
4.820143884892086339e-01 1.000000000000000000e+00
4.880395683453237488e-01 9.998201438848921541e-01
4.940647482014388636e-01 9.991629773104593326e-01
5.000899280575540340e-01 9.978902592211944533e-01
5.121402877697841527e-01 9.946209186496955956e-01
5.241906474820143824e-01 9.918650793650793940e-01
5.362410071942446121e-01 9.877966175446739605e-01
5.422661870503597825e-01 9.852866844455470119e-01
5.482913669064748419e-01 9.818029786696957917e-01
5.603417266187050716e-01 9.739077828646174328e-01
5.663669064748201309e-01 9.693267501383509011e-01
5.723920863309353013e-01 9.638158860666569128e-01
5.813068932609015693e-01 9.549010791366906448e-01
5.868177573325955576e-01 9.488758992805755854e-01
5.912745696300103493e-01 9.428507194244604150e-01
5.945346223021582555e-01 9.368255395683453557e-01
5.970360596768486960e-01 9.308003597122302963e-01
5.985468443427076624e-01 9.247751798561151260e-01
5.992356115107914105e-01 9.187499999999999556e-01
5.994154676258992565e-01 8.343974820143884585e-01
5.992356115107914105e-01 8.283723021582733992e-01
5.985784449363585891e-01 8.223471223021583398e-01
5.973057268470938208e-01 8.163219424460431695e-01
5.855600197261545681e-01 7.801708633093524803e-01
5.839079542817359192e-01 7.741456834532374209e-01
5.834220526804363427e-01 7.681205035971223616e-01
5.847021520714462683e-01 7.620953237410071912e-01
5.876664457907359029e-01 7.560701438848920208e-01
5.954520928711576344e-01 7.440197841726619021e-01
6.047347970680059248e-01 7.319694244604316724e-01
6.083817767214800831e-01 7.259442446043165020e-01
6.104731058902878038e-01 7.199190647482014427e-01
6.123317255286679917e-01 7.078687050359712130e-01
6.136597864565491722e-01 7.018435251798561536e-01
6.169320697288324107e-01 6.897931654676259239e-01
6.181371057000554226e-01 6.837679856115108645e-01
6.214064462715541692e-01 6.717176258992805238e-01
6.226791643608190485e-01 6.656924460431654644e-01
6.233363309352518700e-01 6.596672661870504051e-01
6.235161870503597159e-01 6.476169064748201754e-01
6.233363309352518700e-01 6.415917266187050050e-01
6.227388543710487001e-01 6.355665467625899456e-01
6.199618530981666487e-01 6.235161870503597159e-01
6.193225888039568527e-01 6.174910071942446566e-01
6.201562137386864570e-01 6.114658273381294862e-01
6.223508693045564089e-01 6.054406474820144268e-01
6.308165762471990012e-01 5.873651079136690267e-01
6.332755569737759105e-01 5.813399280575539674e-01
6.349503990557554545e-01 5.753147482014389080e-01
6.362126452684007116e-01 5.692895683453237377e-01
6.410327891532927591e-01 5.512140287769784486e-01
6.437710315618473400e-01 5.391636690647482189e-01
6.575575254082448584e-01 4.969874100719424703e-01
6.588899335077392783e-01 4.909622302158273555e-01
6.605331643775889106e-01 4.789118705035971257e-01
6.618612253054699801e-01 4.728866906474820109e-01
6.696078851204750881e-01 4.487859712230215514e-01
6.708806032097398564e-01 4.427607913669064921e-01
6.715377697841726778e-01 4.367356115107913772e-01
6.715377697841726778e-01 4.246852517985611475e-01
6.708490026160889297e-01 4.186600719424460326e-01
6.693382179502300744e-01 4.126348920863309178e-01
6.668367805755395228e-01 4.066097122302158029e-01
6.635767279033916166e-01 4.005845323741007435e-01
6.544141102212569505e-01 3.885341726618705138e-01
6.507732207091470045e-01 3.825089928057553990e-01
6.489777709082733548e-01 3.764838129496402841e-01
6.485410902047592518e-01 3.704586330935251692e-01
6.488836274730216402e-01 3.644334532374100544e-01
6.488836274730216402e-01 3.584082733812949950e-01
6.477068345323740983e-01 3.523830935251798246e-01
6.448616107114308882e-01 3.463579136690647653e-01
6.392852763243951353e-01 3.403327338129495949e-01
6.312478066327426030e-01 3.343075539568345356e-01
6.266187050359712796e-01 3.303535296762589724e-01
6.246693821413457082e-01 3.282823741007194207e-01
6.206482995421844784e-01 3.222571942446043058e-01
6.186635847571942959e-01 3.162320143884891910e-01
6.180830335731415381e-01 3.102068345323740761e-01
6.184481959886636293e-01 3.041816546762590168e-01
6.196849663126642316e-01 2.981564748201438464e-01
6.214064462715541692e-01 2.921312949640287870e-01
6.226791643608190485e-01 2.861061151079136722e-01
6.232464028776978360e-01 2.800809352517985573e-01
6.232464028776978360e-01 2.740557553956834425e-01
6.226475637671681218e-01 2.680305755395683276e-01
6.212251972615456808e-01 2.620053956834532127e-01
6.187662165349687715e-01 2.559802158273380979e-01
6.102717006722491178e-01 2.379046762589928088e-01
6.078143130656764592e-01 2.318794964028776939e-01
6.063978362764333996e-01 2.258543165467625791e-01
6.057104316546761957e-01 2.198291366906474642e-01
6.052607913669065809e-01 2.077787769784172345e-01
6.046036247924737594e-01 2.017535971223021196e-01
6.033309067032088802e-01 1.957284172661870603e-01
6.000615661317101335e-01 1.836780575539568305e-01
5.973188384776050297e-01 1.716276978417266008e-01
5.913072001415261569e-01 1.535521582733812562e-01
5.835040983606557541e-01 1.354766187050359671e-01
5.798040139317117703e-01 1.234262589928057374e-01
5.786641997877108867e-01 1.174010791366906226e-01
5.788768138031947785e-01 1.113758992805755077e-01
5.810532823741006991e-01 1.053507194244603928e-01
5.844424460431655310e-01 1.006058902877697836e-01
5.856334699682115286e-01 9.932553956834527797e-02
5.904676258992805904e-01 9.547611910471620611e-02
5.964928057553957608e-01 9.181959517132048942e-02
6.085431654676258795e-01 8.571867505995206526e-02
6.205935251798561092e-01 8.052114759805056865e-02
6.266187050359712796e-01 7.884934240107910330e-02
6.326438848920863389e-01 7.753133430755393407e-02
6.386690647482015093e-01 7.585649222557427906e-02
6.446942446043165686e-01 7.323344714059254468e-02
6.507194244604317390e-01 6.959752952355091615e-02
6.569119704236610069e-01 6.317446043165464431e-02
6.597571942446043280e-01 5.714928057553952945e-02
6.606804072870735567e-01 5.112410071942441459e-02
6.597571942446043280e-01 4.509892086330935523e-02
6.569119704236610069e-01 3.907374100719424037e-02
6.512098460766271302e-01 3.304856115107912551e-02
6.446942446043165686e-01 2.884132349292983788e-02
6.205935251798561092e-01 1.599515030832476814e-02
6.085431654676258795e-01 8.049349993689280947e-03
6.025179856115108201e-01 4.880845323740889974e-03
