5.593305897043905350e-01 1.919012560164246040e-03
5.533393530058301479e-01 6.534643930691252933e-04
5.473481163072698719e-01 0.000000000000000000e+00
4.814445126231063909e-01 0.000000000000000000e+00
4.754532759245460594e-01 6.534643930691252933e-04
4.694620392259857833e-01 1.919012560164246040e-03
4.574795658288651201e-01 5.169935135060754750e-03
4.514883291303047885e-01 6.368182474772721147e-03
4.335146190346238493e-01 1.116117183362108634e-02
4.275233823360635732e-01 1.241630711794683428e-02
4.215321456375032416e-01 1.408171389176543498e-02
4.155409089389429100e-01 1.665697934364646082e-02
4.095496722403826340e-01 1.999300886898119911e-02
4.035584355418223024e-01 2.479711369480264160e-02
4.017375694863775104e-01 2.669230081373508146e-02
3.977305962077681278e-01 3.268353751229535753e-02
3.957417439116693858e-01 3.867477421085568912e-02
3.951616265324764399e-01 4.466601090941602070e-02
3.955247317869345913e-01 5.065724760797635229e-02
3.997912185268184815e-01 6.863095770365729154e-02
4.014251921718803295e-01 8.061343110077789920e-02
4.043798147666249343e-01 9.259590449789856237e-02
4.054479794236759416e-01 9.858714119645883844e-02
4.054479794236759416e-01 1.045783778950191700e-01
4.041865490666713412e-01 1.105696145935795016e-01
3.969390853184129320e-01 1.285433246892604409e-01
3.954933092168372299e-01 1.345345613878207724e-01
3.937999818282581499e-01 1.465170347849413801e-01
3.895020725182769539e-01 1.644907448806223194e-01
3.888486081252077731e-01 1.704819815791826509e-01
3.888486081252077731e-01 1.884556916748635902e-01
3.895020725182769539e-01 1.944469283734239218e-01
3.907676206853720746e-01 2.004381650719841979e-01
3.967323543852658840e-01 2.184118751676651926e-01
4.078308748268612005e-01 2.423768219619064079e-01
4.102744186152084138e-01 2.483680586604667395e-01
4.116829156103245513e-01 2.543592953590270711e-01
4.123664477031385722e-01 2.603505320575874027e-01
4.122770262598765001e-01 2.723330054547080104e-01
4.115313889945217962e-01 2.783242421532683419e-01
4.094961790555740611e-01 2.843154788518286180e-01
4.057627584780850172e-01 2.903067155503889496e-01
4.005628171925421643e-01 2.962979522489492812e-01
3.827113772335665187e-01 3.142716623446302204e-01
3.772315588952639964e-01 3.202628990431904965e-01
3.727998542768921064e-01 3.262541357417508836e-01
3.695581672774925219e-01 3.322453724403111597e-01
3.670708218776393972e-01 3.382366091388714913e-01
3.655371257240356275e-01 3.442278458374318229e-01
3.637858411506103007e-01 3.622015559331127621e-01
3.623445250267258722e-01 3.681927926316730382e-01
3.550004284284907219e-01 3.861665027273539774e-01
3.535546523269150754e-01 3.921577394259143090e-01
3.518613249383359398e-01 4.041402128230349167e-01
3.475634156283546883e-01 4.221139229187159114e-01
3.469099512352855630e-01 4.281051596172762430e-01
3.469099512352855630e-01 4.580613431100777899e-01
3.475634156283546883e-01 4.640525798086381215e-01
3.488289637954499200e-01 4.700438165071983976e-01
3.505407457093242529e-01 4.760350532057587292e-01
3.517705486247214020e-01 4.820262899043190608e-01
3.521858163877491510e-01 4.880175266028793923e-01
3.517705486247214020e-01 4.940087633014396684e-01
3.505407457093242529e-01 5.000000000000000000e-01
3.472868970114981191e-01 5.119824733971206632e-01
3.460886496717860417e-01 5.179737100956809392e-01
3.428377270968895885e-01 5.299561834928016024e-01
3.415721789297944122e-01 5.359474201913618785e-01
3.409187145367252314e-01 5.419386568899222656e-01
3.404716073204148152e-01 5.838773137798444202e-01
3.397880752276007943e-01 5.898685504784046962e-01
3.383795782324846568e-01 5.958597871769650833e-01
3.359360344441374435e-01 6.018510238755253594e-01
3.248375140025420715e-01 6.258159706697665747e-01
3.188727803026483176e-01 6.437896807654475140e-01
3.175478783920359094e-01 6.497809174640079011e-01
3.160046810605885437e-01 6.617633908611284532e-01
3.139354275510634618e-01 6.737458642582491164e-01
3.141318615411802240e-01 6.797371009568095035e-01
3.158015504571723975e-01 6.857283376553697796e-01
3.183102455682395027e-01 6.917195743539301667e-01
3.301911725806387921e-01 7.156845211481713820e-01
3.368524340855302279e-01 7.276669945452920452e-01
3.416286113005814751e-01 7.336582312438523212e-01
3.483952195977608191e-01 7.396494679424125973e-01
3.556285419533397607e-01 7.445866907773373011e-01
3.616197786519000923e-01 7.491547953968593632e-01
3.705442249841305324e-01 7.576231780380935366e-01
3.760104942513831650e-01 7.636144147366539237e-01
3.805028728893268264e-01 7.696056514352141997e-01
3.837061173287961702e-01 7.755968881337744758e-01
3.859284849288455721e-01 7.815881248323348629e-01
3.867734628863318536e-01 7.875793615308951390e-01
3.859284849288455721e-01 7.935705982294554151e-01
3.837061173287961702e-01 7.995618349280158021e-01
3.805028728893268264e-01 8.055530716265760782e-01
3.760104942513831650e-01 8.115443083251363543e-01
3.706066336997405619e-01 8.175355450236967414e-01
3.527551937407649163e-01 8.355092551193776806e-01
3.472753754024624495e-01 8.415004918179380677e-01
3.428436707840905040e-01 8.474917285164982328e-01
3.396019837846909750e-01 8.534829652150586199e-01
3.370267183328097271e-01 8.594742019136190070e-01
3.353613115589911819e-01 8.654654386121791720e-01
3.341061762746654340e-01 8.714566753107395591e-01
3.308552536997689808e-01 8.834391487078602223e-01
3.295897055326737490e-01 8.894303854064204984e-01
3.289362411396046237e-01 8.954216221049808855e-01
3.289362411396046237e-01 9.074040955021014376e-01
3.295897055326737490e-01 9.133953322006618247e-01
3.308552536997689808e-01 9.193865688992221008e-01
3.368199873996626792e-01 9.373602789949030401e-01
3.395334399750039589e-01 9.433515156934633161e-01
3.428436707840905040e-01 9.493427523920237032e-01
3.473465382818005098e-01 9.553339890905839793e-01
3.556285419533397607e-01 9.636159927621232857e-01
3.616197786519000923e-01 9.682423808865729953e-01
3.795934887475810315e-01 9.802083200265709895e-01
3.915759621447016392e-01 9.867625951618452795e-01
4.035584355418223024e-01 9.927292914840979421e-01
4.155409089389429100e-01 9.979007595053551727e-01
4.215321456375032416e-01 9.993151130368336243e-01
4.275233823360635732e-01 1.000000000000000000e+00
4.454970924317445125e-01 1.000000000000000000e+00
4.514883291303047885e-01 9.993465356069308747e-01
4.574795658288651201e-01 9.980809874398357540e-01
4.634708025274254517e-01 9.963692055259614211e-01
4.694620392259857833e-01 9.950486262969496787e-01
4.814445126231063909e-01 9.934146526518878861e-01
4.874357493216667225e-01 9.920897507412753669e-01
4.934269860202269986e-01 9.902828698321859413e-01
5.054094594173476063e-01 9.873964667352231883e-01
5.114006961159079934e-01 9.853409457757462686e-01
5.173919328144682694e-01 9.820270883100625792e-01
5.473481163072698719e-01 9.622511441880127192e-01
5.533393530058301479e-01 9.576247560635628986e-01
5.616213566773693433e-01 9.493427523920237032e-01
5.661242241750794602e-01 9.433515156934633161e-01
5.727609453036631715e-01 9.313690422963427640e-01
5.779324133249205131e-01 9.193865688992221008e-01
5.793467668563988537e-01 9.133953322006618247e-01
5.800316538195653404e-01 9.074040955021014376e-01
5.800316538195653404e-01 8.834391487078602223e-01
5.793781894264961041e-01 8.774479120092999462e-01
5.781126412594009834e-01 8.714566753107395591e-01
5.764008593455266505e-01 8.654654386121791720e-01
5.751710564301294459e-01 8.594742019136190070e-01
5.747557886671017524e-01 8.534829652150586199e-01
5.751710564301294459e-01 8.474917285164982328e-01
5.763057603503113357e-01 8.415004918179380677e-01
5.778357804749437721e-01 8.355092551193776806e-01
5.784744632177589718e-01 8.295180184208172935e-01
5.778273442737552612e-01 8.235267817222570175e-01
5.723277080262673122e-01 8.055530716265760782e-01
5.645004471781481792e-01 7.815881248323348629e-01
5.631885830330088938e-01 7.755968881337744758e-01
5.627733152699812003e-01 7.696056514352141997e-01
5.632479367765261813e-01 7.636144147366539237e-01
5.646834159350714311e-01 7.576231780380935366e-01
5.671691243850068842e-01 7.516319413395332605e-01
5.704036789597654034e-01 7.456407046409729844e-01
5.747608502582297607e-01 7.396494679424125973e-01
5.797347071400533736e-01 7.336582312438523212e-01
5.840979342707603994e-01 7.276669945452920452e-01
5.873396212701599284e-01 7.216757578467316581e-01
5.898269666700131086e-01 7.156845211481713820e-01
5.913292402535195169e-01 7.096932844496111059e-01
5.920141272166860036e-01 7.037020477510507188e-01
5.924612344329963642e-01 6.917195743539301667e-01
5.931119473970420941e-01 6.857283376553697796e-01
5.943745694412075897e-01 6.797371009568095035e-01
6.019824890584269950e-01 6.557721541625681771e-01
6.030666176038808057e-01 6.497809174640079011e-01
6.030666176038808057e-01 6.437896807654475140e-01
6.019939929691385805e-01 6.377984440668872379e-01
5.991031840956024812e-01 6.258159706697665747e-01
5.985418925748188235e-01 6.198247339712062987e-01
5.985418925748188235e-01 6.138334972726460226e-01
5.991360032243707723e-01 6.078422605740856355e-01
6.005445002194867987e-01 6.018510238755253594e-01
6.029880440078341231e-01 5.958597871769650833e-01
6.140865644494294395e-01 5.718948403827237570e-01
6.243011319354994093e-01 5.419386568899222656e-01
6.320602745451103788e-01 5.239649467942412153e-01
6.362836053326200725e-01 5.119824733971206632e-01
6.389937285182984983e-01 5.059912366985602761e-01
6.422985193424891603e-01 5.000000000000000000e-01
6.467219942401212229e-01 4.940087633014396684e-01
6.521947585320754248e-01 4.880175266028793923e-01
6.760374351896113465e-01 4.640525798086381215e-01
6.812466044099999563e-01 4.580613431100777899e-01
6.846735680032181026e-01 4.520701064115174583e-01
6.860645724489364827e-01 4.460788697129571823e-01
6.856780410490294075e-01 4.400876330143968507e-01
6.844333179100428044e-01 4.340963963158365191e-01
6.837891708096395238e-01 4.281051596172762430e-01
6.847045838963945474e-01 4.161226862201555798e-01
6.839162171235599885e-01 4.101314495215952483e-01
6.805333081162656672e-01 4.041402128230349167e-01
6.791553236755968337e-01 4.026742719287063066e-01
6.731640869770365576e-01 3.980964214165926274e-01
6.671728502784761705e-01 3.953949399001364107e-01
6.551903768813555073e-01 3.913363602011117326e-01
6.432079034842348442e-01 3.883062301196970045e-01
6.372166667856745681e-01 3.857553394245116785e-01
6.310558667843249037e-01 3.801752660287937013e-01
6.281315947427756896e-01 3.741840293302333698e-01
6.268984258048206915e-01 3.681927926316730382e-01
6.264421040132637231e-01 3.562103192345524305e-01
6.247527547252768043e-01 3.502190825359920989e-01
6.208936035355153704e-01 3.442278458374318229e-01
6.192429566899936288e-01 3.425771989919100813e-01
6.132517199914333528e-01 3.381840544309894225e-01
6.012692465943126896e-01 3.330941309726073163e-01
5.952780098957524135e-01 3.299451654935423583e-01
5.904710874283027877e-01 3.262541357417508836e-01
5.856375653898870937e-01 3.202628990431904965e-01
5.827553430258107792e-01 3.142716623446302204e-01
5.811622931286898330e-01 3.082804256460698888e-01
5.804787610358757011e-01 3.022891889475095573e-01
5.800316538195653404e-01 2.783242421532683419e-01
5.793781894264961041e-01 2.723330054547080104e-01
5.781126412594009834e-01 2.663417687561476788e-01
5.721479075595072850e-01 2.483680586604667395e-01
5.645970800281249202e-01 2.303943485647858003e-01
5.631885830330088938e-01 2.244031118662254687e-01
5.625050509401947618e-01 2.184118751676651926e-01
5.620579437238844012e-01 2.004381650719841979e-01
5.614044793308151649e-01 1.944469283734239218e-01
5.571065700208339688e-01 1.764732182777429825e-01
5.554132426322548888e-01 1.584995081820619878e-01
5.541476944651597680e-01 1.525082714835017117e-01
5.462368385325369058e-01 1.285433246892604409e-01
5.427358150393305491e-01 1.165608512921397777e-01
5.417988560864721581e-01 1.105696145935795016e-01
5.425447972299758392e-01 1.045783778950191700e-01
5.457622007105921158e-01 9.858714119645883844e-02
5.473481163072698719e-01 9.682884346970749290e-02
5.533393530058301479e-01 9.177891767536766610e-02
5.713130631015110872e-01 8.152281524252369405e-02
5.832955364986317504e-01 7.362365495245759561e-02
5.892867731971920264e-01 7.047825568571342014e-02
5.952780098957524135e-01 6.790621132883140065e-02
6.072604832928729657e-01 6.474601515693456655e-02
6.132517199914333528e-01 6.258525521692825944e-02
6.192429566899936288e-01 5.873976504093980644e-02
6.216524757970234294e-01 5.664848430653662836e-02
6.272504749698002424e-01 5.065724760797635229e-02
6.307439914238370804e-01 4.466601090941602070e-02
6.319620575500519699e-01 3.867477421085568912e-02
6.306370050542199346e-01 3.268353751229535753e-02
6.268518272971652650e-01 2.669230081373508146e-02
6.252341933885539049e-01 2.504165396821339540e-02
6.192429566899936288e-01 2.086446147968096243e-02
6.132517199914333528e-01 1.859476996333714327e-02
6.012692465943126896e-01 1.562783949139384676e-02
