5.939478417266187416e-01 1.022412838959652071e-03
5.879226618705036822e-01 2.697841726617689062e-04
5.818974820143885118e-01 0.000000000000000000e+00
5.216456834532374742e-01 0.000000000000000000e+00
5.156205035971223039e-01 1.798561151079569598e-04
5.095953237410072445e-01 8.370226895406673862e-04
5.035701438848920741e-01 2.109740778805491157e-03
4.915197841726618999e-01 5.379081350304404374e-03
4.854946043165467850e-01 6.584117321527360733e-03
4.674190647482014960e-01 1.140426120641951924e-02
4.613938848920863811e-01 1.266650741906472089e-02
4.553687050359712662e-01 1.434134950104437589e-02
4.493435251798561514e-01 1.693120503597111970e-02
4.433183453237410365e-01 2.028613472858070699e-02
4.372931654676259217e-01 2.511745705476425838e-02
4.354619833544929319e-01 2.702338129496401065e-02
4.314323086984957478e-01 3.304856115107912551e-02
4.294321886241007635e-01 3.907374100719424037e-02
4.288487846086767585e-01 4.509892086330935523e-02
4.292139470241988497e-01 5.112410071942441459e-02
4.305391332095614421e-01 5.714928057553952945e-02
4.381060865593239817e-01 8.124999999999998890e-02
4.391934144991699318e-01 8.727517985611510376e-02
4.391934144991699318e-01 9.330035971223021862e-02
4.381060865593239817e-01 9.932553956834527797e-02
4.322063332940205838e-01 1.174010791366906226e-01
4.246007783936785462e-01 1.354766187050359671e-01
4.229362915917266319e-01 1.415017985611510820e-01
4.216740453790813747e-01 1.475269784172661969e-01
4.184047048075825725e-01 1.595773381294963711e-01
4.171319867183176933e-01 1.656025179856114860e-01
4.164748201438849273e-01 1.716276978417266008e-01
4.162949640287769704e-01 1.897032374100719454e-01
4.164748201438849273e-01 1.957284172661870603e-01
4.171635873119686200e-01 2.017535971223021196e-01
4.185859538175911165e-01 2.077787769784172345e-01
4.261811534379054134e-01 2.258543165467625791e-01
4.321765444787027954e-01 2.439298561151079237e-01
4.334463198671831830e-01 2.499550359712229830e-01
4.341007194244604905e-01 2.559802158273380979e-01
4.342805755395683920e-01 2.680305755395683276e-01
4.340107913669065121e-01 2.740557553956834425e-01
4.332609297177642538e-01 2.800809352517985573e-01
4.312132112491825486e-01 2.861061151079136722e-01
4.271106115107914381e-01 2.921312949640287870e-01
4.252428057553957474e-01 2.940372192042285393e-01
4.192176258992805771e-01 2.984207370945348159e-01
4.071672661870504029e-01 3.040230973116244684e-01
4.011420863309352880e-01 3.083390287769783855e-01
3.992361620907356468e-01 3.102068345323740761e-01
3.943099627440904698e-01 3.162320143884891910e-01
3.876356414868105671e-01 3.282823741007194207e-01
3.822269725203444324e-01 3.403327338129495949e-01
3.779797145889846055e-01 3.523830935251798246e-01
3.753844424460431872e-01 3.584082733812949950e-01
3.668183158391320475e-01 3.764838129496402841e-01
3.643593351125551383e-01 3.825089928057553990e-01
3.629369686069326417e-01 3.885341726618705138e-01
3.622482014388489491e-01 3.945593525179855732e-01
3.617985611510791677e-01 4.307104316546762623e-01
3.611441615938019156e-01 4.367356115107913772e-01
3.598743862053215281e-01 4.427607913669064921e-01
3.521146147598051002e-01 4.668615107913668960e-01
3.505769230769231193e-01 4.728866906474820109e-01
3.493718871057001074e-01 4.789118705035971257e-01
3.445517432208080599e-01 4.969874100719424703e-01
3.433467072495849925e-01 5.030125899280575297e-01
3.400773666780861348e-01 5.150629496402877594e-01
3.387449585785916595e-01 5.210881294964029298e-01
3.371017277087421382e-01 5.391636690647482189e-01
3.343306161522395792e-01 5.512140287769784486e-01
3.336883149730216491e-01 5.572392086330935079e-01
3.343306161522395792e-01 5.632643884892086783e-01
3.371017277087421382e-01 5.753147482014389080e-01
3.376978417266187638e-01 5.813399280575539674e-01
3.378776978417266097e-01 5.933902877697841971e-01
3.376978417266187638e-01 5.994154676258992565e-01
3.370104371048616154e-01 6.054406474820144268e-01
3.355939603156185003e-01 6.114658273381294862e-01
3.282082559758645601e-01 6.295413669064748863e-01
3.267858894702420081e-01 6.355665467625899456e-01
3.260971223021582599e-01 6.415917266187050050e-01
3.259172661870503585e-01 6.717176258992805238e-01
3.260971223021582599e-01 6.777428057553956942e-01
3.267858894702420081e-01 6.837679856115108645e-01
3.282082559758645601e-01 6.897931654676259239e-01
3.334090227817746444e-01 7.018435251798561536e-01
3.399757515416238496e-01 7.138938848920863833e-01
3.520094833224329811e-01 7.319694244604316724e-01
3.569369402437234107e-01 7.379946043165468428e-01
3.589658273381295395e-01 7.400234914109529161e-01
3.637418845411475865e-01 7.440197841726619021e-01
3.710161870503597692e-01 7.489849786837197154e-01
3.770413669064748285e-01 7.535789637520753370e-01
3.830665467625899434e-01 7.590827338129496615e-01
3.921043165467626435e-01 7.681205035971223616e-01
3.973337179313153333e-01 7.741456834532374209e-01
4.010882900822199670e-01 7.801708633093524803e-01
4.030720267535971568e-01 7.861960431654676507e-01
4.036525779376499146e-01 7.922212230215828210e-01
4.030720267535971568e-01 7.982464028776978804e-01
4.010882900822199670e-01 8.042715827338129397e-01
3.973337179313153333e-01 8.102967625899279991e-01
3.921043165467626435e-01 8.163219424460431695e-01
3.801769196887388458e-01 8.283723021582733992e-01
3.746660556170449130e-01 8.343974820143884585e-01
3.702092433196300658e-01 8.404226618705036289e-01
3.667050669808981089e-01 8.464478417266187993e-01
3.575097422062350483e-01 8.645233812949639773e-01
3.523089754003249641e-01 8.765737410071943181e-01
3.508866088947024675e-01 8.825989208633093774e-01
3.501978417266187193e-01 8.886241007194244368e-01
3.500179856115108179e-01 9.127248201438848962e-01
3.501978417266187193e-01 9.187499999999999556e-01
3.508866088947024675e-01 9.247751798561151260e-01
3.523089754003249641e-01 9.308003597122302963e-01
3.575097422062350483e-01 9.428507194244604150e-01
3.641840634635149510e-01 9.549010791366906448e-01
3.687124418112568969e-01 9.609262589928058151e-01
3.744872145761651838e-01 9.669514388489208745e-01
3.770413669064748285e-01 9.692551840880236913e-01
3.830665467625899434e-01 9.739077828646174328e-01
4.011420863309352880e-01 9.859415146454265644e-01
4.131924460431655177e-01 9.925082434052758806e-01
4.252428057553957474e-01 9.977090102111858538e-01
4.312679856115108068e-01 9.991313767168084059e-01
4.372931654676259217e-01 9.998201438848921541e-01
4.433183453237410365e-01 1.000000000000000000e+00
4.794694244604316702e-01 1.000000000000000000e+00
4.854946043165467850e-01 9.998201438848921541e-01
4.915197841726618999e-01 9.991629773104593326e-01
4.975449640287770148e-01 9.978902592211944533e-01
5.095953237410072445e-01 9.946209186496955956e-01
5.156205035971223039e-01 9.934158826784726948e-01
5.216456834532374742e-01 9.918650793650793940e-01
5.336960431654677040e-01 9.877966175446739605e-01
5.397212230215827633e-01 9.852866844455470119e-01
5.457464028776979337e-01 9.818029786696957917e-01
5.577967625899280524e-01 9.739077828646174328e-01
5.638219424460432228e-01 9.693267501383509011e-01
5.698471223021582821e-01 9.638158860666569128e-01
5.787619292321245501e-01 9.549010791366906448e-01
5.842727933038185384e-01 9.488758992805755854e-01
5.887296056012333301e-01 9.428507194244604150e-01
5.919896582733813473e-01 9.368255395683453557e-01
5.944910956480717878e-01 9.308003597122302963e-01
5.960018803139307542e-01 9.247751798561151260e-01
5.966906474820143913e-01 9.187499999999999556e-01
5.968705035971223483e-01 9.127248201438848962e-01
5.969604316546762712e-01 8.645233812949639773e-01
5.971402877697842282e-01 8.584982014388489180e-01
5.977364017876607427e-01 8.524730215827338586e-01
6.005075133441634128e-01 8.404226618705036289e-01
6.011498145233813428e-01 8.343974820143884585e-01
6.003131527036436044e-01 8.283723021582733992e-01
5.981457129378464632e-01 8.223471223021583398e-01
5.930094940441089646e-01 8.102967625899279991e-01
5.870141030033116936e-01 7.922212230215828210e-01
5.855589374654123214e-01 7.861960431654676507e-01
5.837332790017986106e-01 7.741456834532374209e-01
5.836391355665467850e-01 7.681205035971223616e-01
5.847125250619177317e-01 7.620953237410071912e-01
5.873309031346352072e-01 7.560701438848920208e-01
5.914566615938019467e-01 7.500449640287769615e-01
5.963920184607031105e-01 7.440197841726619021e-01
6.007799653134635598e-01 7.379946043165468428e-01
6.074542865707434069e-01 7.259442446043165020e-01
6.126550533766536022e-01 7.138938848920863833e-01
6.141090204759269700e-01 7.078687050359712130e-01
6.158702268954068249e-01 6.897931654676259239e-01
6.171400022838872124e-01 6.837679856115108645e-01
6.247910243233985028e-01 6.596672661870504051e-01
6.258812949640287782e-01 6.536420863309352347e-01
6.258812949640287782e-01 6.476169064748201754e-01
6.248025934091436806e-01 6.415917266187050050e-01
6.231651821400023827e-01 6.355665467625899456e-01
6.218954067515218842e-01 6.295413669064748863e-01
6.212410071942445766e-01 6.235161870503597159e-01
6.212410071942445766e-01 6.114658273381294862e-01
6.219284118160017805e-01 6.054406474820144268e-01
6.233448886052448401e-01 5.994154676258992565e-01
6.309384951055549973e-01 5.813399280575539674e-01
6.369501334416338700e-01 5.632643884892086783e-01
6.384878251245158509e-01 5.572392086330935079e-01
6.396928610957388628e-01 5.512140287769784486e-01
6.445130049806309103e-01 5.331384892086330485e-01
6.457180409518539221e-01 5.271133093525179891e-01
6.472512473891854912e-01 5.210881294964029298e-01
6.550125613794679502e-01 4.969874100719424703e-01
6.563449694789623701e-01 4.909622302158273555e-01
6.579882003488118913e-01 4.789118705035971257e-01
6.593162612766929609e-01 4.728866906474820109e-01
6.729924631723193107e-01 4.307104316546762623e-01
6.740827338129496971e-01 4.246852517985611475e-01
6.739226899730216269e-01 4.186600719424460326e-01
6.721137911099692719e-01 4.126348920863309178e-01
6.683531288177007035e-01 4.066097122302158029e-01
6.628528241236798513e-01 4.005845323741007435e-01
6.491568267125430447e-01 3.885341726618705138e-01
6.447852967625899989e-01 3.825089928057553990e-01
6.426088281916839673e-01 3.764838129496402841e-01
6.422974407359358651e-01 3.704586330935251692e-01
6.429622016672376095e-01 3.644334532374100544e-01
6.431696739382688488e-01 3.584082733812949950e-01
6.416736084816357932e-01 3.523830935251798246e-01
6.382272295371250737e-01 3.463579136690647653e-01
6.329885479371605284e-01 3.403327338129495949e-01
6.272092937894582221e-01 3.343075539568345356e-01
6.221211364241939767e-01 3.282823741007194207e-01
6.191393264698585863e-01 3.222571942446043058e-01
6.184000299760192831e-01 3.162320143884891910e-01
6.202851809461522592e-01 3.041816546762590168e-01
6.218371212121212022e-01 2.921312949640287870e-01
6.246082327686238722e-01 2.800809352517985573e-01
6.252505339478418023e-01 2.740557553956834425e-01
6.243206746078546754e-01 2.680305755395683276e-01
6.220823680039019310e-01 2.620053956834532127e-01
6.189470528840086416e-01 2.559802158273380979e-01
6.110191846522782244e-01 2.439298561151079237e-01
6.078559652278178183e-01 2.379046762589928088e-01
6.052693490368995510e-01 2.318794964028776939e-01
6.035975438399281412e-01 2.258543165467625791e-01
6.023367459878251617e-01 2.198291366906474642e-01
5.990644627155419233e-01 2.077787769784172345e-01
5.977364017876607427e-01 2.017535971223021196e-01
5.960931709178112214e-01 1.897032374100719454e-01
5.947607628183168016e-01 1.836780575539568305e-01
5.887622361127491377e-01 1.656025179856114860e-01
5.861653177458033825e-01 1.595773381294963711e-01
5.776008373628966908e-01 1.415017985611510820e-01
5.751434497563240322e-01 1.354766187050359671e-01
5.735085777531820916e-01 1.294514388489208523e-01
5.724889319313780645e-01 1.234262589928057374e-01
5.719653495953237465e-01 1.174010791366906226e-01
5.724078237410071823e-01 1.113758992805755077e-01
5.750032858328721908e-01 1.053507194244603928e-01
5.809422705737848913e-01 9.932553956834527797e-02
5.879226618705036822e-01 9.493878581345444045e-02
6.059982014388489713e-01 8.571867505995206526e-02
6.180485611510792010e-01 8.052114759805056865e-02
6.240737410071942604e-01 7.884934240107910330e-02
6.300989208633094307e-01 7.753133430755393407e-02
6.361241007194244901e-01 7.585649222557427906e-02
6.421492805755395494e-01 7.323344714059254468e-02
6.481744604316547198e-01 6.959752952355091615e-02
6.545901612043698581e-01 6.317446043165464431e-02
6.578649580335731439e-01 5.714928057553952945e-02
6.594589074503109938e-01 5.112410071942441459e-02
6.589035087719298245e-01 4.509892086330935523e-02
6.556764000564254680e-01 3.907374100719424037e-02
6.541996402877698902e-01 3.743646387238036555e-02
6.481744604316547198e-01 3.233649444081093671e-02
6.300989208633094307e-01 2.202033016443988300e-02
6.180485611510792010e-01 1.393230869849565456e-02
6.059982014388489713e-01 6.204233042137741183e-03
5.999730215827339119e-01 2.975514325381678482e-03
