5.553297596710147221e-01 2.102514510480768539e-03
5.493291789245106083e-01 6.859551260420260199e-04
5.433285981780063834e-01 1.110223024625156540e-16
4.713216292199565727e-01 1.110223024625156540e-16
4.653210484734524588e-01 6.544835487002909069e-04
4.593204677269482894e-01 1.922005489048528304e-03
4.473193062339400061e-01 5.177998265295746805e-03
4.413187254874358367e-01 6.378114414596458559e-03
4.233169832479233841e-01 1.117857901179986069e-02
4.173164025014192147e-01 1.243567182924654180e-02
4.113158217549151008e-01 1.410367600348905182e-02
4.053152410084109314e-01 1.668295788888146669e-02
3.993146602619067620e-01 2.002419035000313485e-02
3.933140795154026481e-01 2.483578775007561079e-02
3.914903736022494196e-01 2.673393063927598234e-02
3.874771509710758233e-01 3.273451138578015174e-02
3.854210079180779291e-01 3.873509213228426562e-02
3.846714520223033507e-01 4.473567287878843501e-02
3.846714520223033507e-01 5.073625362529260441e-02
3.852363746643393538e-01 5.673683437179671829e-02
3.865038966046876467e-01 6.273741511830088768e-02
3.897598893809347542e-01 7.473857661130917096e-02
3.909600055302356325e-01 8.073915735781334035e-02
3.942189289930501106e-01 9.274031885082162363e-02
3.954835202468310329e-01 9.874089959732579302e-02
3.960456871686620084e-01 1.047414803438299624e-01
3.960456871686620084e-01 1.107420610903340763e-01
3.954835202468310329e-01 1.167426418368382457e-01
3.942189289930501106e-01 1.227432225833424151e-01
3.864908385052648332e-01 1.467455455693589816e-01
3.807806084400431335e-01 1.707478685553756037e-01
3.801409295953427359e-01 1.767484493018797731e-01
3.807890577984931468e-01 1.827490300483838870e-01
3.864773522714347598e-01 2.007507722878963397e-01
3.918639391683307882e-01 2.127519337809046784e-01
4.008648102880870145e-01 2.307536760204171311e-01
4.060411177116170500e-01 2.427548375134254144e-01
4.074518114257268397e-01 2.487554182599295838e-01
4.081364095683345239e-01 2.547559990064337532e-01
4.083155313816629883e-01 2.667571604994420364e-01
4.080468486616702917e-01 2.727577412459462058e-01
4.073000484861007409e-01 2.787583219924503197e-01
4.052616643946028718e-01 2.847589027389544891e-01
4.015224211026016676e-01 2.907594834854586585e-01
3.993146602619067620e-01 2.933597351422770894e-01
3.933140795154026481e-01 2.991720623751654706e-01
3.873134987688984787e-01 3.038163027023889629e-01
3.800688951847044361e-01 3.087612257249711112e-01
3.732917335551285687e-01 3.147618064714752251e-01
3.686025969866173480e-01 3.207623872179793945e-01
3.651927138135653284e-01 3.267629679644835639e-01
3.624750292854181932e-01 3.327635487109876777e-01
3.564879347727440972e-01 3.507652909505001304e-01
3.522294581139346903e-01 3.687670331900125831e-01
3.444998313791585165e-01 3.927693561760292051e-01
3.432323094388102791e-01 3.987699369225333745e-01
3.425778258901100437e-01 4.047705176690374884e-01
3.421300213567888271e-01 4.227722599085499411e-01
3.414782935282936749e-01 4.287728406550541105e-01
3.402137022745127526e-01 4.347734214015582799e-01
3.384992506326544026e-01 4.407740021480623938e-01
3.372632002696479558e-01 4.467745828945665632e-01
3.368459278635986820e-01 4.527751636410707325e-01
3.373240453191754806e-01 4.587757443875748464e-01
3.386797596540865873e-01 4.647763251340790158e-01
3.462439502170052696e-01 4.827780673735914685e-01
3.521326745535072189e-01 5.007798096131039767e-01
3.534465847071894817e-01 5.067803903596080906e-01
3.538625001298044692e-01 5.127809711061122044e-01
3.534465847071894817e-01 5.187815518526164293e-01
3.522148637675210359e-01 5.247821325991205432e-01
3.505004121256627414e-01 5.307827133456246571e-01
3.492328901853144485e-01 5.367832940921288820e-01
3.485784066366142131e-01 5.427838748386329959e-01
3.481306021032929965e-01 5.727867785711537874e-01
3.474460039606853123e-01 5.787873593176579012e-01
3.459488396884886630e-01 5.847879400641620151e-01
3.434592544798640290e-01 5.907885208106662400e-01
3.403089495879492721e-01 5.967891015571703539e-01
3.323974696156238862e-01 6.087902630501786927e-01
3.258575509567851469e-01 6.207914245431869205e-01
3.206780174145741347e-01 6.327925860361952592e-01
3.162259736349097849e-01 6.507943282757077119e-01
3.105157435696880852e-01 6.687960705152201646e-01
3.088704230424208497e-01 6.747966512617242785e-01
3.082106049598238862e-01 6.807972320082285034e-01
3.090600236239140486e-01 6.867978127547326173e-01
3.112891918534433366e-01 6.927983935012367311e-01
3.144117063661945322e-01 6.987989742477409560e-01
3.263803288248517953e-01 7.168007164872534087e-01
3.309426584868354615e-01 7.228012972337575226e-01
3.364310232551744884e-01 7.288018779802616365e-01
3.603108854096297997e-01 7.528042009662783141e-01
3.657921851299941740e-01 7.588047817127824279e-01
3.702225589641232606e-01 7.648053624592865418e-01
3.734621582123847094e-01 7.708059432057907667e-01
3.759517434210094544e-01 7.768065239522948806e-01
3.773894613804493203e-01 7.828071046987989945e-01
3.778125792536002336e-01 7.888076854453032194e-01
3.772343982962547693e-01 7.948082661918073333e-01
3.752587606620820804e-01 8.008088469383114472e-01
3.715195173700809317e-01 8.068094276848156721e-01
3.663114661561339691e-01 8.128100084313197859e-01
3.544327654946869410e-01 8.248111699243281247e-01
3.489444007263479142e-01 8.308117506708322386e-01
3.445057843362483441e-01 8.368123314173363525e-01
3.410159145609569786e-01 8.428129121638405774e-01
3.318581317032892608e-01 8.608146544033530301e-01
3.266785981610783596e-01 8.728158158963612578e-01
3.252620387766396171e-01 8.788163966428654827e-01
3.245760836505975910e-01 8.848169773893695966e-01
3.245760836505975910e-01 9.208204618683945020e-01
3.252620387766396171e-01 9.268210426148986159e-01
3.267666553349098946e-01 9.328216233614028408e-01
3.292578800464708300e-01 9.388222041079069546e-01
3.325046228432400053e-01 9.448227848544110685e-01
3.369432392333395754e-01 9.508233656009152934e-01
3.424316040016786578e-01 9.568239463474194073e-01
3.513100142898735734e-01 9.657023566356144340e-01
3.573105950363777428e-01 9.711907214039534608e-01
3.633111757828818567e-01 9.756293377940530309e-01
3.693117565293860260e-01 9.791192075693442298e-01
3.873134987688984787e-01 9.882769904270121142e-01
3.993146602619067620e-01 9.936635773239079761e-01
4.173164025014192147e-01 9.993518717968497000e-01
4.233169832479233841e-01 1.000000000000000000e+00
4.293175639944275535e-01 9.993603211552997134e-01
4.413187254874358367e-01 9.966005232655340551e-01
4.473193062339400061e-01 9.960068430130248895e-01
4.593204677269482894e-01 9.955590384797037284e-01
4.653210484734524588e-01 9.949045549310033820e-01
4.713216292199565727e-01 9.936370329906552001e-01
5.073251136989814780e-01 9.816624158308997483e-01
5.133256944454857029e-01 9.789447313027526132e-01
5.193262751919898168e-01 9.757205120315859403e-01
5.373280174315022695e-01 9.637518895729287882e-01
5.433285981780063834e-01 9.591895599109451220e-01
5.521419511494344290e-01 9.508233656009152934e-01
5.576240993682074487e-01 9.448227848544110685e-01
5.621339896246398959e-01 9.388222041079069546e-01
5.653807324214091823e-01 9.328216233614028408e-01
5.678719571329701177e-01 9.268210426148986159e-01
5.693765736912403952e-01 9.208204618683945020e-01
5.700625288172823657e-01 9.148198811218903881e-01
5.700625288172823657e-01 8.728158158963612578e-01
5.694674915813389138e-01 8.668152351498571440e-01
5.667018280212443582e-01 8.548140736568488052e-01
5.660651736628072861e-01 8.488134929103446913e-01
5.667018280212443582e-01 8.428129121638405774e-01
5.681405233282338374e-01 8.368123314173363525e-01
5.691310953879742396e-01 8.308117506708322386e-01
5.691310953879742396e-01 8.248111699243281247e-01
5.678632307463742368e-01 8.188105891778238998e-01
5.605925640962273748e-01 8.008088469383114472e-01
5.547006665282360194e-01 7.768065239522948806e-01
5.540640121697989473e-01 7.708059432057907667e-01
5.549854640544119588e-01 7.648053624592865418e-01
5.572112977016981938e-01 7.588047817127824279e-01
5.604195379827816570e-01 7.528042009662783141e-01
5.647835048093750032e-01 7.468036202197740892e-01
5.697651190140199384e-01 7.408030394732699753e-01
5.741351511176482347e-01 7.348024587267658614e-01
5.773818939144174101e-01 7.288018779802616365e-01
5.799611757998099915e-01 7.228012972337575226e-01
5.816291799740525015e-01 7.168007164872534087e-01
5.828862727914991826e-01 7.108001357407491838e-01
5.876867373887024737e-01 6.927983935012367311e-01
5.888868535380034075e-01 6.867978127547326173e-01
5.921428463142505150e-01 6.747966512617242785e-01
5.934103682545986969e-01 6.687960705152201646e-01
5.940648518032989323e-01 6.627954897687160507e-01
5.945126563366200934e-01 6.267920052896911454e-01
5.951972544792278885e-01 6.207914245431869205e-01
5.966079481933376227e-01 6.147908437966828066e-01
6.017842556168676582e-01 6.027896823036744678e-01
6.107851267366238845e-01 5.847879400641620151e-01
6.161717136335199685e-01 5.727867785711537874e-01
6.264022119554286672e-01 5.427838748386329959e-01
6.341734558730324212e-01 5.247821325991205432e-01
6.384033734484368949e-01 5.127809711061122044e-01
6.411177233943410325e-01 5.067803903596080906e-01
6.444276684338398065e-01 5.007798096131039767e-01
6.489270534718785122e-01 4.947792288665997518e-01
6.546654605071648980e-01 4.887786481200956379e-01
6.573396323615853243e-01 4.863666499768929397e-01
6.633402131080894382e-01 4.818672649388541784e-01
6.833135747357389489e-01 4.707769058805831852e-01
6.873425360941060047e-01 4.675720502546094060e-01
6.898529831411128743e-01 4.647763251340790158e-01
6.917893950401761138e-01 4.587757443875748464e-01
6.908513502594346711e-01 4.527751636410707325e-01
6.854609980634225330e-01 4.407740021480623938e-01
6.839487650161650834e-01 4.347734214015582799e-01
6.841970703802127129e-01 4.287728406550541105e-01
6.875884615345365658e-01 4.167716791620458272e-01
6.881651963577397613e-01 4.107710984155416578e-01
6.864933973092233188e-01 4.047705176690374884e-01
6.818086671834411305e-01 3.987699369225333745e-01
6.633402131080894382e-01 3.858739519848709554e-01
6.573396323615853243e-01 3.827183834256346895e-01
6.513390516150810994e-01 3.801391015402423301e-01
6.393378901220728716e-01 3.769709521793737639e-01
6.333373093755686467e-01 3.747130632024576746e-01
6.273367286290645328e-01 3.706272132214288861e-01
6.254385857398642168e-01 3.687670331900125831e-01
6.210729645164856372e-01 3.627664524435084692e-01
6.154934771557010187e-01 3.507652909505001304e-01
6.111951664209683832e-01 3.447647102039960165e-01
6.093349863895520802e-01 3.428665673147955895e-01
6.033344056430479663e-01 3.379604802503706762e-01
5.853326634035355136e-01 3.276737703992208539e-01
5.793320826570312887e-01 3.227829909387410767e-01
5.773907182978681440e-01 3.207623872179793945e-01
5.733860526445863082e-01 3.147618064714752251e-01
5.713466944328373653e-01 3.087612257249711112e-01
5.705998942572677590e-01 3.027606449784669418e-01
5.700625288172823657e-01 2.787583219924503197e-01
5.694080452685821303e-01 2.727577412459462058e-01
5.681405233282338374e-01 2.667571604994420364e-01
5.621664869149826105e-01 2.487554182599295838e-01
5.546038829678086035e-01 2.307536760204171311e-01
5.531931892536988693e-01 2.247530952739129617e-01
5.525085911110910741e-01 2.187525145274087923e-01
5.520607865777699130e-01 1.947501915413922258e-01
5.514063030290696776e-01 1.887496107948880564e-01
5.501387810887213847e-01 1.827490300483838870e-01
5.468827883124742772e-01 1.707478685553756037e-01
5.456826721631734545e-01 1.647472878088714343e-01
5.408822075659701634e-01 1.467455455693589816e-01
5.381506776951359150e-01 1.347443840763506984e-01
5.345621247436604939e-01 1.227432225833424151e-01
5.336245340020192574e-01 1.167426418368382457e-01
5.338358761773892569e-01 1.107420610903340763e-01
5.361612378419042813e-01 1.047414803438299624e-01
5.408908622497391461e-01 9.874089959732579302e-02
5.433285981780063834e-01 9.640067310618927188e-02
5.493291789245106083e-01 9.168466112689960257e-02
5.553297596710147221e-01 8.768427396256356365e-02
5.673309211640230609e-01 7.819174100316533815e-02
5.733315019105271748e-01 7.382777417657188090e-02
5.793320826570312887e-01 7.058817492831048757e-02
5.853326634035355136e-01 6.801211916159888293e-02
5.973338248965437414e-01 6.484699428699375323e-02
6.033344056430479663e-01 6.268286438424180984e-02
6.093349863895520802e-01 5.883137670784066575e-02
6.117482634289070909e-01 5.673683437179671829e-02
6.173549933488220454e-01 5.073625362529260441e-02
6.208539583582877164e-01 4.473567287878843501e-02
6.220739242038518801e-01 3.873509213228426562e-02
6.207468051306714862e-01 3.273451138578015174e-02
6.169557239376123325e-01 2.673393063927598234e-02
6.153355671360561940e-01 2.508070941319834324e-02
6.093349863895520802e-01 2.068071321955694541e-02
6.033344056430479663e-01 1.797501842058840671e-02
5.913332441500396275e-01 1.391010888263410905e-02
5.733315019105271748e-01 9.469964721054990875e-03
