5.907104316546762934e-01 2.290989788814146166e-03
5.846852517985611231e-01 8.686232831915940977e-04
5.786600719424460637e-01 1.798561151079569598e-04
5.726348920863308933e-01 0.000000000000000000e+00
5.123830935251798557e-01 0.000000000000000000e+00
5.063579136690646854e-01 1.798561151079569598e-04
5.003327338129496260e-01 8.370226895406673862e-04
4.943075539568345111e-01 2.109740778805491157e-03
4.822571942446042814e-01 5.379081350304404374e-03
4.762320143884891666e-01 6.584117321527360733e-03
4.641816546762589923e-01 9.856400593810599187e-03
4.581564748201438775e-01 1.118446152169172425e-02
4.461061151079136478e-01 1.304308116007191209e-02
4.400809352517985329e-01 1.513441032887979931e-02
4.340557553956834180e-01 1.889507262114831221e-02
4.316325852361588833e-01 2.099820143884889578e-02
4.259274467218677751e-01 2.702338129496401065e-02
4.221667844295991512e-01 3.304856115107912551e-02
4.201695986960431450e-01 3.907374100719424037e-02
4.195861946806191400e-01 4.509892086330935523e-02
4.199513570961412312e-01 5.112410071942441459e-02
4.211924745917551283e-01 5.714928057553952945e-02
4.244618151632539860e-01 6.919964028776975917e-02
4.256668511344769978e-01 7.522482014388487404e-02
4.286622476212578192e-01 8.727517985611510376e-02
4.293015119154676151e-01 9.330035971223021862e-02
4.286622476212578192e-01 9.932553956834527797e-02
4.244060532823740739e-01 1.174010791366906226e-01
4.227461964854345999e-01 1.234262589928057374e-01
4.151406415850925624e-01 1.415017985611510820e-01
4.091421148795249541e-01 1.595773381294963711e-01
4.078693967902600748e-01 1.656025179856114860e-01
4.072122302158273088e-01 1.716276978417266008e-01
4.070323741007193519e-01 1.897032374100719454e-01
4.072122302158273088e-01 1.957284172661870603e-01
4.079009973839110015e-01 2.017535971223021196e-01
4.093233638895334980e-01 2.077787769784172345e-01
4.169185635098478504e-01 2.258543165467625791e-01
4.211658214412076773e-01 2.379046762589928088e-01
4.263736510791366618e-01 2.499550359712229830e-01
4.286622476212578192e-01 2.559802158273380979e-01
4.299308245711123133e-01 2.620053956834532127e-01
4.299308245711123133e-01 2.680305755395683276e-01
4.286622476212578192e-01 2.740557553956834425e-01
4.263020403349451204e-01 2.800809352517985573e-01
4.234861602243628620e-01 2.861061151079136722e-01
4.198691955526487884e-01 2.921312949640287870e-01
4.159802158273381290e-01 2.972240065090784866e-01
4.099550359712230141e-01 3.027958633093525975e-01
4.013018521353129975e-01 3.102068345323740761e-01
3.956009310198899120e-01 3.162320143884891910e-01
3.910725526721479661e-01 3.222571942446043058e-01
3.843982314148680635e-01 3.343075539568345356e-01
3.791974646089579792e-01 3.463579136690647653e-01
3.777434975096845005e-01 3.523830935251798246e-01
3.760405766296054386e-01 3.644334532374100544e-01
3.747125157017243136e-01 3.704586330935251692e-01
3.669527442562078856e-01 3.945593525179855732e-01
3.654150525733259602e-01 4.005845323741007435e-01
3.642100166021029484e-01 4.066097122302158029e-01
3.609406760306040907e-01 4.186600719424460326e-01
3.596679579413392114e-01 4.246852517985611475e-01
3.590107913669064454e-01 4.307104316546762623e-01
3.585611510791366641e-01 4.728866906474820109e-01
3.579067515218593565e-01 4.789118705035971257e-01
3.566369761333789690e-01 4.849370503597122406e-01
3.488772046878625410e-01 5.090377697841727000e-01
3.473395130049806157e-01 5.150629496402877594e-01
3.461344770337575483e-01 5.210881294964029298e-01
3.428651364622587461e-01 5.331384892086330485e-01
3.415924183729939223e-01 5.391636690647482189e-01
3.409352517985611009e-01 5.451888489208632782e-01
3.404856115107913750e-01 5.873651079136690267e-01
3.398312119535140674e-01 5.933902877697841971e-01
3.385614365650336799e-01 5.994154676258992565e-01
3.308147767500285719e-01 6.235161870503597159e-01
3.295420586607636926e-01 6.295413669064748863e-01
3.288848920863308711e-01 6.355665467625899456e-01
3.284352517985611453e-01 6.476169064748201754e-01
3.277808522412838377e-01 6.536420863309352347e-01
3.265110768528034502e-01 6.596672661870504051e-01
3.247895968939134015e-01 6.656924460431654644e-01
3.235484793982995044e-01 6.717176258992805238e-01
3.231294964028776917e-01 6.777428057553956942e-01
3.236095738793580701e-01 6.837679856115108645e-01
3.250592640641585263e-01 6.897931654676259239e-01
3.274298266304989102e-01 6.958183453237409832e-01
3.301716127098320852e-01 7.018435251798561536e-01
3.393669374844951458e-01 7.199190647482014427e-01
3.428711138232271027e-01 7.259442446043165020e-01
3.473994921709691042e-01 7.319694244604316724e-01
3.529041142086331018e-01 7.379946043165468428e-01
3.617535971223021507e-01 7.463950954620919287e-01
3.677787769784172101e-01 7.509933719690913279e-01
3.752000350938761164e-01 7.560701438848920208e-01
3.798291366906474398e-01 7.599434737923946859e-01
3.819809866392599451e-01 7.620953237410071912e-01
3.866759319816873153e-01 7.681205035971223616e-01
3.900217326139088780e-01 7.741456834532374209e-01
3.925215237645948152e-01 7.801708633093524803e-01
3.939651355838406088e-01 7.861960431654676507e-01
3.944424460431654733e-01 7.922212230215828210e-01
3.939651355838406088e-01 7.982464028776978804e-01
3.925215237645948152e-01 8.042715827338129397e-01
3.900217326139088780e-01 8.102967625899279991e-01
3.867688527749228999e-01 8.163219424460431695e-01
3.823203168234642901e-01 8.223471223021583398e-01
3.654034656889872945e-01 8.404226618705036289e-01
3.609466533915724473e-01 8.464478417266187993e-01
3.542723321342925447e-01 8.584982014388489180e-01
3.490715653283824604e-01 8.705485611510791477e-01
3.476491988227599084e-01 8.765737410071943181e-01
3.469604316546762157e-01 8.825989208633093774e-01
3.467805755395683143e-01 8.886241007194244368e-01
3.469604316546762157e-01 9.247751798561151260e-01
3.476491988227599084e-01 9.308003597122302963e-01
3.491599834886189302e-01 9.368255395683453557e-01
3.516614208633093153e-01 9.428507194244604150e-01
3.549214735354573325e-01 9.488758992805755854e-01
3.593782858328721241e-01 9.549010791366906448e-01
3.648891499045661124e-01 9.609262589928058151e-01
3.738039568345323804e-01 9.698410659227720831e-01
3.798291366906474398e-01 9.753519299944659604e-01
3.858543165467625546e-01 9.799329627207324922e-01
4.039298561151078992e-01 9.919506500063106635e-01
4.099550359712230141e-01 9.951191546762589990e-01
4.159802158273381290e-01 9.976205920509494396e-01
4.220053956834531883e-01 9.991313767168084059e-01
4.280305755395683587e-01 9.998201438848921541e-01
4.822571942446042814e-01 1.000000000000000000e+00
4.882823741007193963e-01 9.998201438848921541e-01
4.943075539568345111e-01 9.991629773104593326e-01
5.003327338129496260e-01 9.978902592211944533e-01
5.184082733812949151e-01 9.918917325156269005e-01
5.304586330935251448e-01 9.864830635491608213e-01
5.425089928057553745e-01 9.799163347893115050e-01
5.605845323741006636e-01 9.678826030085023735e-01
5.666097122302158340e-01 9.633015702822358417e-01
5.754591951438848829e-01 9.549010791366906448e-01
5.809638171815487695e-01 9.488758992805755854e-01
5.854921955292908820e-01 9.428507194244604150e-01
5.888211803438605507e-01 9.368255395683453557e-01
5.915500058969218600e-01 9.308003597122302963e-01
5.936273838072398945e-01 9.247751798561151260e-01
5.972616192760077380e-01 9.127248201438848962e-01
5.979124044514387837e-01 9.066996402877698369e-01
5.972701032722209646e-01 9.006744604316547775e-01
5.944989917157182946e-01 8.886241007194244368e-01
5.939028776978416690e-01 8.825989208633093774e-01
5.934532374100719432e-01 8.343974820143884585e-01
5.927644702419881950e-01 8.283723021582733992e-01
5.913421037363657540e-01 8.223471223021583398e-01
5.839444509965797669e-01 8.042715827338129397e-01
5.822845941996402930e-01 7.982464028776978804e-01
5.795686308096379413e-01 7.861960431654676507e-01
5.778340392202366838e-01 7.801708633093524803e-01
5.767598229109019980e-01 7.741456834532374209e-01
5.767598229109019980e-01 7.681205035971223616e-01
5.780283998607564921e-01 7.620953237410071912e-01
5.805178357314149107e-01 7.560701438848920208e-01
5.837707155704008333e-01 7.500449640287769615e-01
5.881525722817971813e-01 7.440197841726619021e-01
5.931546083887606624e-01 7.379946043165468428e-01
5.975425552415210007e-01 7.319694244604316724e-01
6.008026079136690178e-01 7.259442446043165020e-01
6.033040452883594584e-01 7.199190647482014427e-01
6.048464305478693515e-01 7.138938848920863833e-01
6.065493514279485243e-01 7.018435251798561536e-01
6.078774123558297049e-01 6.958183453237409832e-01
6.111496956281129433e-01 6.837679856115108645e-01
6.123547315993359552e-01 6.777428057553956942e-01
6.156240721708347019e-01 6.656924460431654644e-01
6.168967902600995812e-01 6.596672661870504051e-01
6.175539568345324026e-01 6.536420863309352347e-01
6.175539568345324026e-01 6.415917266187050050e-01
6.169564802703292328e-01 6.355665467625899456e-01
6.141794789974471813e-01 6.235161870503597159e-01
6.135402147032373854e-01 6.174910071942446566e-01
6.143738396379669897e-01 6.114658273381294862e-01
6.165684952038369415e-01 6.054406474820144268e-01
6.192798261390887182e-01 5.994154676258992565e-01
6.283175959232613073e-01 5.813399280575539674e-01
6.335183627291715025e-01 5.692895683453237377e-01
6.351932048111510465e-01 5.632643884892086783e-01
6.379886574611278727e-01 5.512140287769784486e-01
6.438194766767231236e-01 5.331384892086330485e-01
6.500238825333175541e-01 5.150629496402877594e-01
6.576190821536319620e-01 4.969874100719424703e-01
6.590730492529053297e-01 4.909622302158273555e-01
6.608342556723851846e-01 4.789118705035971257e-01
6.622837375261081405e-01 4.728866906474820109e-01
6.698773440264181867e-01 4.548111510791366663e-01
6.757802329564919219e-01 4.367356115107913772e-01
6.768705035971223083e-01 4.307104316546762623e-01
6.768705035971223083e-01 4.246852517985611475e-01
6.755974414017174023e-01 4.186600719424460326e-01
6.730715766369954611e-01 4.126348920863309178e-01
6.694356590199538326e-01 4.066097122302158029e-01
6.637657374100719432e-01 4.005845323741007435e-01
6.560973266841072515e-01 3.945593525179855732e-01
6.504506583412514864e-01 3.885341726618705138e-01
6.469284233630046010e-01 3.825089928057553990e-01
6.444925698785234358e-01 3.764838129496402841e-01
6.433836836780575386e-01 3.704586330935251692e-01
6.431677515130752587e-01 3.584082733812949950e-01
6.419746702637889602e-01 3.523830935251798246e-01
6.390792366107114209e-01 3.463579136690647653e-01
6.335029022236756679e-01 3.403327338129495949e-01
6.254654325320231356e-01 3.343075539568345356e-01
6.208363309352518122e-01 3.303535296762589724e-01
6.188870080406262408e-01 3.282823741007194207e-01
6.148659254414650110e-01 3.222571942446043058e-01
6.128182069728831394e-01 3.162320143884891910e-01
6.120683453237409921e-01 3.102068345323740761e-01
6.117985611510791122e-01 3.041816546762590168e-01
6.115287769784172323e-01 2.680305755395683276e-01
6.108400098103335951e-01 2.620053956834532127e-01
6.094176433047110431e-01 2.559802158273380979e-01
6.069586625781342448e-01 2.499550359712229830e-01
5.984641467154145911e-01 2.318794964028776939e-01
5.960067591088419325e-01 2.258543165467625791e-01
5.945902823195988729e-01 2.198291366906474642e-01
5.939028776978416690e-01 2.138039568345323493e-01
5.934532374100719432e-01 2.017535971223021196e-01
5.927960708356391217e-01 1.957284172661870603e-01
5.915233527463743535e-01 1.897032374100719454e-01
5.882540121748754958e-01 1.776528776978417157e-01
5.870489762036524839e-01 1.716276978417266008e-01
5.855112845207705030e-01 1.656025179856114860e-01
5.718219709946328333e-01 1.234262589928057374e-01
5.707346430547869387e-01 1.174010791366906226e-01
5.708932385341726201e-01 1.113758992805755077e-01
5.726886883350462698e-01 1.053507194244603928e-01
5.764432604859508480e-01 9.932553956834527797e-02
5.786600719424460637e-01 9.671462829736204858e-02
5.846852517985611231e-01 9.087847369163487565e-02
5.907104316546762934e-01 8.621519451105780218e-02
5.967356115107913528e-01 8.219840794031446629e-02
6.027607913669064121e-01 7.766899687796929852e-02
6.087859712230215825e-01 7.266696077100581741e-02
6.148111510791366419e-01 6.828510405960941387e-02
6.208363309352518122e-01 6.503222422062349128e-02
6.268615107913668716e-01 6.244560802970522406e-02
6.389118705035971013e-01 5.926750786870499388e-02
6.449370503597122717e-01 5.698495748855458842e-02
6.509622302158273310e-01 5.278409925121124724e-02
6.525890287769784415e-01 5.112410071942441459e-02
6.563956513360739153e-01 4.509892086330935523e-02
6.576401378896882255e-01 3.907374100719424037e-02
6.563956513360739153e-01 3.304856115107912551e-02
6.525890287769784415e-01 2.702338129496401065e-02
6.509622302158273310e-01 2.536338276317723350e-02
6.449370503597122717e-01 2.116252452583389232e-02
6.389118705035971013e-01 1.887997414568343135e-02
6.268615107913668716e-01 1.589623462520306507e-02
6.087859712230215825e-01 9.886189409128443017e-03
