2.334156124652885800e-01 2.367554962949902642e-01
2.251465597037952127e-01 2.354311940759025168e-01
7.216908361616791723e-02 2.354311940759025168e-01
6.803455723542123357e-02 2.358821470106567397e-01
4.736192533168781527e-02 2.410750704346461548e-01
4.322739895094113161e-02 2.431705749254344795e-01
4.019861799760343635e-02 2.455823819808700681e-01
3.734639159901698147e-02 2.497169083616167518e-01
3.632540733146882861e-02 2.538514347423634354e-01
3.647649259487817375e-02 2.579859611231101191e-01
3.739238188133897633e-02 2.621204875038568027e-01
3.905660479492473192e-02 2.662550138846034864e-01
4.322739895094113161e-02 2.715885529157666678e-01
4.736192533168781527e-02 2.744113068357127982e-01
5.149645171243449893e-02 2.758280326584860997e-01
5.976550447392786625e-02 2.763444924406047720e-01
6.390003085467454991e-02 2.758280326584860997e-01
6.803455723542123357e-02 2.745591050052557658e-01
7.630360999691460089e-02 2.702844251878735449e-01
8.043813637766128455e-02 2.690219661547955665e-01
8.870718913915465187e-02 2.683222770749768005e-01
1.507250848503549068e-01 2.684456957729095539e-01
1.548596112311015904e-01 2.688947499584648515e-01
1.755322431348350087e-01 2.740157232386279951e-01
1.879358222770750597e-01 2.790991573133164705e-01
1.962048750385684270e-01 2.813165028430377745e-01
2.003394014193151107e-01 2.831728208099036914e-01
2.040942263977482685e-01 2.869276457883369047e-01
2.057536621560071555e-01 2.910621721690835884e-01
2.063560629435359783e-01 2.951966985498302720e-01
2.062231504996084874e-01 3.076002776920703230e-01
2.051630155301861769e-01 3.117348040728169511e-01
2.014946367315825770e-01 3.158693304535636903e-01
1.962048750385684270e-01 3.176185531531103834e-01
7.216908361616791723e-02 3.181217216908361900e-01
6.390003085467454991e-02 3.194460239099239374e-01
3.909287257019444795e-02 3.276967870673390126e-01
3.082381980870108062e-02 3.318537047648432159e-01
2.668929342795439696e-02 3.348647488254847815e-01
1.428571428571434598e-02 3.455493234010665882e-01
1.169223864688234693e-02 3.489455414995371596e-01
5.017484315540554629e-03 3.613491206417771551e-01
1.448676732589582183e-03 3.696181734032705224e-01
5.551115123125782702e-17 3.778872261647638897e-01
5.551115123125782702e-17 3.902908053070039962e-01
4.509529347543339561e-04 3.944253316877506244e-01
3.376925450359613556e-03 4.068289108299907308e-01
4.585479315501017616e-03 4.233670163529774655e-01
5.458828599834542050e-03 4.275015427337240936e-01
1.784411813799635649e-02 4.647122801604443021e-01
2.319866869666831199e-02 4.771158593026842976e-01
3.071689240230246476e-02 4.977884912064177159e-01
3.343715252105983193e-02 5.019230175871643995e-01
4.080234020838779951e-02 5.101920703486577668e-01
4.385496099087587973e-02 5.143265967294045060e-01
5.094272050072734537e-02 5.267301758716445015e-01
5.400102057769451402e-02 5.308647022523912407e-01
8.457266275840796821e-02 5.614363444331046393e-01
8.870718913915465187e-02 5.644946445100718080e-01
1.011107682813947028e-01 5.715085731916956790e-01
1.093798210428880702e-01 5.769720544805395646e-01
1.631286639925949578e-01 6.045847842376691483e-01
1.713977167540883251e-01 6.100482655265129228e-01
1.838012958963283761e-01 6.169883633799091438e-01
1.920703486578217434e-01 6.224518446687530293e-01
2.251465597037952127e-01 6.393615653604853843e-01
2.334156124652885800e-01 6.429303729434363568e-01
2.540882443690219983e-01 6.480626231220183442e-01
2.582227707497686264e-01 6.485135760567726226e-01
3.367787719839556715e-01 6.488838321505707718e-01
3.409132983647022996e-01 6.494862329380995947e-01
3.450478247454490388e-01 6.511535791422400354e-01
3.487182716344792155e-01 6.549004936747917505e-01
3.503964580792720551e-01 6.590350200555383786e-01
3.508043576294117560e-01 6.631695464362850068e-01
3.501651483806355047e-01 6.673040728170317459e-01
3.482852369115054247e-01 6.714385991977784851e-01
3.425453482518391324e-01 6.797076519592717414e-01
3.406032088861463691e-01 6.838421783400184806e-01
3.395038007349023279e-01 6.879767047207652197e-01
3.380585063399009771e-01 7.003802838630052152e-01
3.363990705816421456e-01 7.045148102437519544e-01
3.326442456032089323e-01 7.082696352221851122e-01
3.285097192224623042e-01 7.101259531890509180e-01
3.202406664609689368e-01 7.123432987187722221e-01
3.161061400802221977e-01 7.141739192884273280e-01
3.118306639364955557e-01 7.169183893859919499e-01
3.085129233617355804e-01 7.210529157667386890e-01
3.075217420862991213e-01 7.251874421474853172e-01
3.085001717382825914e-01 7.293219685282319453e-01
3.116500394254174688e-01 7.334564949089786845e-01
3.243751928417155650e-01 7.423531097104067999e-01
3.326442456032089323e-01 7.468592512598991595e-01
3.409132983647022996e-01 7.505707229604301478e-01
3.491823511261956670e-01 7.534852251632515596e-01
3.615859302684357734e-01 7.588397757219234041e-01
3.781240357914225081e-01 7.644320998098953490e-01
3.822585621721691362e-01 7.645688059240974832e-01
3.863930885529158754e-01 7.631123250399707292e-01
3.905276149336625036e-01 7.598571685693715771e-01
3.952158725261163963e-01 7.541291268127121583e-01
3.995891185847990079e-01 7.458600740512186800e-01
4.008305879308458053e-01 7.417255476704720518e-01
4.009340076038469536e-01 7.375910212897254237e-01
3.993037322512852372e-01 7.334564949089786845e-01
3.953832796366324454e-01 7.293219685282319453e-01
3.901141622955878741e-01 7.251874421474853172e-01
3.866713739823891549e-01 7.210529157667386890e-01
3.850687480715829225e-01 7.169183893859919499e-01
3.845109534094416359e-01 7.127838630052452107e-01
3.844492440604752592e-01 6.838421783400184806e-01
3.857696282256604103e-01 6.755731255785251133e-01
3.897607269759433835e-01 6.631695464362850068e-01
3.933466101932625580e-01 6.549004936747917505e-01
3.946621413144092427e-01 6.530916383832150451e-01
3.987966676951558709e-01 6.500174754492547002e-01
4.029311940759026101e-01 6.490167445944983182e-01
4.112002468373959774e-01 6.488221228016044506e-01
4.194692995988893447e-01 6.502658229737934281e-01
4.318728787411293402e-01 6.554766162032563681e-01
4.401419315026227075e-01 6.583911184060777799e-01
4.608145634063561258e-01 6.677375312279164588e-01
4.690836161678494931e-01 6.691862079605059854e-01
5.104288799753163852e-01 6.691862079605059854e-01
5.186979327368097525e-01 6.677375312279164588e-01
5.269669854983031199e-01 6.641687236449654863e-01
5.559086701635298500e-01 6.496978813123520657e-01
5.641777229250232173e-01 6.461312965930466889e-01
5.724467756865165846e-01 6.446875964208577114e-01
6.055229867324900539e-01 6.443790496760258835e-01
6.096575131132366820e-01 6.439280967412716050e-01
6.261956186362234167e-01 6.398159325825362176e-01
6.303301450169701559e-01 6.382496283414209604e-01
6.356636840481333373e-01 6.342278617710582767e-01
6.384112647611569491e-01 6.300933353903115375e-01
6.397297323356989640e-01 6.259588090095649093e-01
6.397943343103981162e-01 6.218242826288182812e-01
6.389042038229448828e-01 6.176897562480715420e-01
6.369078006227035793e-01 6.135552298673249139e-01
6.335512295229006607e-01 6.094207034865781747e-01
6.303301450169701559e-01 6.069473707409529517e-01
6.261956186362234167e-01 6.047693613082381070e-01
6.137920394939834212e-01 6.005938178006984263e-01
6.096575131132366820e-01 5.997204685163648463e-01
5.972539339709966866e-01 5.985519106523425892e-01
5.848503548287566911e-01 5.955449823754359606e-01
5.724467756865165846e-01 5.935060582908469051e-01
5.600431965442765891e-01 5.895971261074623992e-01
5.587224450615380089e-01 5.887480715828448119e-01
5.552921179839448440e-01 5.846135452020980727e-01
5.545416090215087301e-01 5.804790188213514446e-01
5.552921179839448440e-01 5.763444924406047054e-01
5.589209679552167298e-01 5.722099660598580773e-01
5.641777229250232173e-01 5.704980137303301557e-01
6.179265658747301604e-01 5.702661215674174056e-01
6.220610922554767885e-01 5.707151757529727032e-01
6.344646713977168950e-01 5.736411482685780383e-01
6.385991977784635232e-01 5.740921012033322057e-01
6.634063560629436251e-01 5.744006479481641447e-01
6.716754088244369925e-01 5.757210321133492403e-01
7.088861462511570899e-01 5.881041699333842132e-01
7.212897253933971964e-01 5.934587204920561687e-01
7.336933045356373029e-01 5.975839545739566327e-01
7.543659364393706657e-01 6.025828329338047684e-01
7.750385683431040285e-01 6.037913867989461725e-01
7.874421474853441349e-01 6.067583190747336541e-01
7.957112002468375023e-01 6.078859171785737647e-01
8.081147793890774977e-01 6.108518856952981357e-01
8.287874112928109716e-01 6.120604395604395398e-01
8.411909904350509670e-01 6.150273718362271325e-01
8.494600431965444454e-01 6.161549699400671321e-01
8.618636223387844408e-01 6.191209384567915031e-01
8.784017278617711755e-01 6.203294923219329071e-01
8.908053070040111709e-01 6.232554648375382422e-01
8.949398333847579101e-01 6.237064177722925207e-01
9.652267818574514768e-01 6.237064177722925207e-01
9.734958346189448442e-01 6.223821155532046623e-01
9.858994137611849506e-01 6.182065720456648705e-01
9.900339401419315788e-01 6.160285626129501368e-01
9.932550246478621947e-01 6.135552298673249139e-01
9.966115957476648912e-01 6.094207034865781747e-01
9.986079989479061947e-01 6.052861771058315465e-01
9.996705670139797162e-01 6.011516507250848074e-01
1.000000000000000000e+00 5.970171243443381792e-01
9.996705670139797162e-01 5.928825979635914400e-01
9.986757780689021757e-01 5.887480715828448119e-01
9.969364968962289852e-01 5.846135452020980727e-01
9.944415012836711476e-01 5.804790188213514446e-01
9.905507559395249073e-01 5.763444924406047054e-01
9.734958346189448442e-01 5.633871820866575009e-01
9.652267818574514768e-01 5.592302643891532421e-01
9.569577290959581095e-01 5.563157621863318303e-01
9.280160444307312684e-01 5.426921588661665075e-01
8.784017278617711755e-01 5.261633456420260480e-01
8.494600431965444454e-01 5.190946392491365691e-01
8.329219376735577107e-01 5.137687638050180139e-01
8.205183585313176042e-01 5.117268566566622878e-01
7.833076211045975068e-01 5.024313609946332582e-01
7.709040419623574003e-01 4.972123686779530427e-01
7.626349892008640330e-01 4.942978664751316309e-01
7.171551990126505682e-01 4.724052103934729407e-01
7.088861462511570899e-01 4.694907081906515289e-01
6.964825671089170944e-01 4.642717158739713135e-01
6.840789879666770990e-01 4.612112699186829978e-01
6.675408824436903643e-01 4.558853944745644426e-01
6.551373033014502578e-01 4.538434873262087166e-01
6.427337241592101513e-01 4.508775188094842346e-01
6.220610922554767885e-01 4.495417487480121710e-01
6.179265658747301604e-01 4.481365880339962526e-01
6.137920394939834212e-01 4.453213514347423296e-01
6.096950997166979969e-01 4.399051218759642001e-01
6.082899390026821340e-01 4.357705954952174610e-01
6.077753779697625536e-01 4.316360691144708328e-01
6.078721494488233956e-01 4.192324899722307263e-01
6.087272446775687795e-01 4.150979635914840982e-01
6.110787565566184742e-01 4.109634372107373590e-01
6.212438021569570701e-01 4.026943844492439917e-01
6.245042214804634728e-01 3.985598580684973635e-01
6.265006246807047763e-01 3.944253316877506244e-01
6.276051162660234439e-01 3.902908053070039962e-01
6.280160444307314460e-01 3.820217525455106289e-01
6.274995846486127737e-01 3.778872261647638897e-01
6.260828588258394722e-01 3.737526997840172616e-01
6.233176639986449663e-01 3.696181734032705224e-01
6.179265658747301604e-01 3.649299158108166852e-01
6.096575131132366820e-01 3.603499434330966755e-01
6.013884603517434257e-01 3.567811358501458141e-01
5.807158284480099519e-01 3.516488856715638267e-01
5.765813020672632128e-01 3.511979327368096593e-01
4.897562480715829114e-01 3.508893859919777203e-01
4.814871953100895441e-01 3.495690018267925692e-01
4.690836161678494931e-01 3.456600696434080633e-01
4.677628646851109129e-01 3.448110151187904204e-01
4.642600020569784269e-01 3.406764887380437923e-01
4.631998670875561164e-01 3.365419623572970531e-01
4.626966985498303098e-01 3.076002776920703230e-01
4.622240610361561530e-01 3.034657513113235838e-01
4.611195694508374854e-01 2.993312249305769557e-01
4.591231662505961264e-01 2.951966985498302720e-01
4.558627469270897237e-01 2.910621721690835884e-01
4.484109842641160748e-01 2.859816100910474446e-01
4.401419315026227075e-01 2.822169968791254924e-01
4.277383523603827120e-01 2.781007601024571008e-01
4.153347732181426055e-01 2.760588529541013192e-01
4.029311940759026101e-01 2.730519246771946351e-01
3.905276149336625036e-01 2.719243265733546355e-01
3.781240357914225081e-01 2.689173982964480070e-01
3.698549830299291408e-01 2.677898001926079519e-01
3.574514038876890343e-01 2.647828719157012678e-01
3.491823511261956670e-01 2.636552738118612682e-01
3.037025609379822022e-01 2.523792927734612723e-01
2.954335081764888349e-01 2.512516946696212172e-01
2.830299290342487284e-01 2.482447663927145887e-01
2.747608762727553611e-01 2.471171682888745336e-01
2.623572971305153656e-01 2.441102400119679050e-01
2.499537179882753146e-01 2.420713159273787940e-01
