1.562500000000000000e-01 2.354166666666666630e-01
5.208333333333331483e-02 2.354166666666666630e-01
4.166666666666668517e-02 2.458333333333333481e-01
4.999999999999998890e-02 2.625000000000000111e-01
6.041666666666667407e-02 2.729166666666666963e-01
8.124999999999998890e-02 2.729166666666666963e-01
9.166666666666667407e-02 2.666666666666666630e-01
9.166666666666667407e-02 2.625000000000000111e-01
9.999999999999997780e-02 2.541666666666666519e-01
1.062500000000000111e-01 2.395833333333333148e-01
1.145833333333333148e-01 2.395833333333333148e-01
1.229166666666666741e-01 2.520833333333333259e-01
1.520833333333333481e-01 2.520833333333333259e-01
1.562500000000000000e-01 2.562499999999999778e-01
1.687500000000000111e-01 2.562499999999999778e-01
1.729166666666666630e-01 2.604166666666666297e-01
1.854166666666666741e-01 2.604166666666666297e-01
1.895833333333333259e-01 2.645833333333333370e-01
1.979166666666666852e-01 2.645833333333333370e-01
2.062499999999999889e-01 2.770833333333333481e-01
2.104166666666666408e-01 2.729166666666666963e-01
2.125000000000000222e-01 2.750000000000000222e-01
2.125000000000000222e-01 2.958333333333333370e-01
2.062499999999999889e-01 3.020833333333333703e-01
1.437499999999999889e-01 3.020833333333333703e-01
1.395833333333333370e-01 3.062500000000000222e-01
1.104166666666666630e-01 3.062500000000000222e-01
1.062500000000000111e-01 3.104166666666666741e-01
8.124999999999998890e-02 3.104166666666666741e-01
7.708333333333333703e-02 3.145833333333333259e-01
3.958333333333335924e-02 3.145833333333333259e-01
1.458333333333333703e-02 3.270833333333333370e-01
8.333333333333359239e-03 3.333333333333333703e-01
0.000000000000000000e+00 3.499999999999999778e-01
0.000000000000000000e+00 4.083333333333333259e-01
4.166666666666651864e-03 4.124999999999999778e-01
4.166666666666651864e-03 4.333333333333333481e-01
8.333333333333359239e-03 4.375000000000000000e-01
8.333333333333359239e-03 4.458333333333333037e-01
1.250000000000001110e-02 4.500000000000000111e-01
1.250000000000001110e-02 4.583333333333333148e-01
2.500000000000002220e-02 4.749999999999999778e-01
2.500000000000002220e-02 4.791666666666666852e-01
3.749999999999997780e-02 4.916666666666666408e-01
3.749999999999997780e-02 4.958333333333333481e-01
5.416666666666664076e-02 5.124999999999999556e-01
5.416666666666664076e-02 5.166666666666667185e-01
1.062500000000000111e-01 5.687499999999999778e-01
1.104166666666666630e-01 5.687499999999999778e-01
1.229166666666666741e-01 5.812500000000000444e-01
1.270833333333333259e-01 5.812500000000000444e-01
1.354166666666666852e-01 5.895833333333333481e-01
1.479166666666666408e-01 5.937500000000000000e-01
1.562500000000000000e-01 6.020833333333333037e-01
1.729166666666666630e-01 6.104166666666666075e-01
1.812500000000000222e-01 6.104166666666666075e-01
1.854166666666666741e-01 6.145833333333333703e-01
1.937499999999999778e-01 6.145833333333333703e-01
1.979166666666666852e-01 6.187500000000000222e-01
2.104166666666666408e-01 6.187500000000000222e-01
2.145833333333333481e-01 6.229166666666666741e-01
2.312500000000000111e-01 6.229166666666666741e-01
2.354166666666666630e-01 6.270833333333333259e-01
2.437500000000000222e-01 6.270833333333333259e-01
2.479166666666666741e-01 6.312499999999999778e-01
2.687499999999999889e-01 6.312499999999999778e-01
2.729166666666666963e-01 6.354166666666666297e-01
3.437500000000000000e-01 6.354166666666666297e-01
3.479166666666666519e-01 6.395833333333333925e-01
3.666666666666666963e-01 6.416666666666666075e-01
3.666666666666666963e-01 6.791666666666666963e-01
3.624999999999999889e-01 6.833333333333333481e-01
3.708333333333333481e-01 6.958333333333333037e-01
3.708333333333333481e-01 7.041666666666666075e-01
3.750000000000000000e-01 7.083333333333333703e-01
3.729166666666666741e-01 7.187500000000000000e-01
3.479166666666666519e-01 7.187500000000000000e-01
3.437500000000000000e-01 7.229166666666666519e-01
3.395833333333333481e-01 7.229166666666666519e-01
3.354166666666666963e-01 7.270833333333333037e-01
3.312499999999999889e-01 7.270833333333333037e-01
3.270833333333333370e-01 7.312499999999999556e-01
3.104166666666666741e-01 7.312499999999999556e-01
3.041666666666666963e-01 7.375000000000000444e-01
3.041666666666666963e-01 7.416666666666666963e-01
3.104166666666666741e-01 7.479166666666666741e-01
3.312499999999999889e-01 7.479166666666666741e-01
3.354166666666666963e-01 7.520833333333333259e-01
3.395833333333333481e-01 7.520833333333333259e-01
3.437500000000000000e-01 7.562499999999999778e-01
3.520833333333333037e-01 7.562499999999999778e-01
3.562500000000000111e-01 7.604166666666667407e-01
3.604166666666666630e-01 7.604166666666667407e-01
3.645833333333333703e-01 7.645833333333333925e-01
4.020833333333333481e-01 7.645833333333333925e-01
4.062500000000000000e-01 7.604166666666667407e-01
4.104166666666666519e-01 7.604166666666667407e-01
4.145833333333333037e-01 7.562499999999999778e-01
4.187500000000000111e-01 7.562499999999999778e-01
4.333333333333333481e-01 7.416666666666666963e-01
4.333333333333333481e-01 7.333333333333333925e-01
4.187500000000000111e-01 7.270833333333333037e-01
4.124999999999999778e-01 7.208333333333333259e-01
4.124999999999999778e-01 7.125000000000000222e-01
4.166666666666666852e-01 7.083333333333333703e-01
4.062500000000000000e-01 6.979166666666666297e-01
3.958333333333333148e-01 6.958333333333333037e-01
3.958333333333333148e-01 6.624999999999999778e-01
4.000000000000000222e-01 6.583333333333333259e-01
4.000000000000000222e-01 6.541666666666666741e-01
4.062500000000000000e-01 6.479166666666666963e-01
4.437499999999999778e-01 6.479166666666666963e-01
4.479166666666666852e-01 6.562500000000000000e-01
4.520833333333333370e-01 6.562500000000000000e-01
4.562499999999999889e-01 6.604166666666666519e-01
5.104166666666666297e-01 6.604166666666666519e-01
5.145833333333332815e-01 6.562500000000000000e-01
5.187500000000000444e-01 6.562500000000000000e-01
5.312500000000000000e-01 6.437500000000000444e-01
5.354166666666666519e-01 6.437500000000000444e-01
5.395833333333333037e-01 6.395833333333333925e-01
5.604166666666666741e-01 6.395833333333333925e-01
5.645833333333333259e-01 6.354166666666666297e-01
6.312499999999999778e-01 6.354166666666666297e-01
6.416666666666666075e-01 6.291666666666666519e-01
6.416666666666666075e-01 6.250000000000000000e-01
6.479166666666666963e-01 6.187500000000000222e-01
6.520833333333333481e-01 6.187500000000000222e-01
6.583333333333333259e-01 6.125000000000000444e-01
6.583333333333333259e-01 6.041666666666666297e-01
6.541666666666666741e-01 5.999999999999999778e-01
6.541666666666666741e-01 5.958333333333333259e-01
6.437500000000000444e-01 5.854166666666666963e-01
6.229166666666666741e-01 5.854166666666666963e-01
6.187500000000000222e-01 5.812500000000000444e-01
6.062499999999999556e-01 5.812500000000000444e-01
5.958333333333333259e-01 5.749999999999999556e-01
5.979166666666666519e-01 5.687499999999999778e-01
6.020833333333333037e-01 5.687499999999999778e-01
6.145833333333333703e-01 5.562500000000000222e-01
6.604166666666666519e-01 5.562500000000000222e-01
6.645833333333333037e-01 5.604166666666666741e-01
6.937499999999999778e-01 5.604166666666666741e-01
6.979166666666666297e-01 5.645833333333333259e-01
7.479166666666666741e-01 5.645833333333333259e-01
7.520833333333333259e-01 5.687499999999999778e-01
7.645833333333333925e-01 5.687499999999999778e-01
7.687500000000000444e-01 5.729166666666666297e-01
7.895833333333333037e-01 5.729166666666666297e-01
7.937499999999999556e-01 5.770833333333333925e-01
8.062500000000000222e-01 5.770833333333333925e-01
8.104166666666666741e-01 5.812500000000000444e-01
8.437500000000000000e-01 5.812500000000000444e-01
8.479166666666666519e-01 5.854166666666666963e-01
9.937500000000000222e-01 5.854166666666666963e-01
1.000000000000000000e+00 5.791666666666666075e-01
1.000000000000000000e+00 5.708333333333333037e-01
9.958333333333333481e-01 5.666666666666666519e-01
9.958333333333333481e-01 5.625000000000000000e-01
9.812499999999999556e-01 5.479166666666667185e-01
9.770833333333333037e-01 5.479166666666667185e-01
9.729166666666666519e-01 5.437499999999999556e-01
9.687500000000000000e-01 5.437499999999999556e-01
9.645833333333333481e-01 5.395833333333333037e-01
9.604166666666666963e-01 5.395833333333333037e-01
9.562500000000000444e-01 5.354166666666666519e-01
9.479166666666667407e-01 5.354166666666666519e-01
9.437499999999999778e-01 5.312500000000000000e-01
9.395833333333333259e-01 5.312500000000000000e-01
9.354166666666666741e-01 5.270833333333333481e-01
9.312500000000000222e-01 5.270833333333333481e-01
9.270833333333332593e-01 5.229166666666666963e-01
9.229166666666666075e-01 5.229166666666666963e-01
9.187499999999999556e-01 5.187500000000000444e-01
9.145833333333333037e-01 5.187500000000000444e-01
9.104166666666666519e-01 5.145833333333332815e-01
9.020833333333333481e-01 5.145833333333332815e-01
8.979166666666666963e-01 5.104166666666666297e-01
8.895833333333333925e-01 5.104166666666666297e-01
8.854166666666667407e-01 5.062499999999999778e-01
8.770833333333333259e-01 5.062499999999999778e-01
8.729166666666666741e-01 5.020833333333333259e-01
8.604166666666666075e-01 5.020833333333333259e-01
8.562499999999999556e-01 4.979166666666666741e-01
8.479166666666666519e-01 4.979166666666666741e-01
8.437500000000000000e-01 4.937500000000000222e-01
8.354166666666666963e-01 4.937500000000000222e-01
8.312500000000000444e-01 4.895833333333333148e-01
8.270833333333333925e-01 4.895833333333333148e-01
8.229166666666667407e-01 4.854166666666666630e-01
8.145833333333333259e-01 4.854166666666666630e-01
8.104166666666666741e-01 4.812500000000000111e-01
8.062500000000000222e-01 4.812500000000000111e-01
8.020833333333332593e-01 4.770833333333333592e-01
7.937499999999999556e-01 4.770833333333333592e-01
7.895833333333333037e-01 4.729166666666666519e-01
7.854166666666666519e-01 4.729166666666666519e-01
7.812500000000000000e-01 4.687500000000000000e-01
7.729166666666666963e-01 4.687500000000000000e-01
7.687500000000000444e-01 4.645833333333333481e-01
7.645833333333333925e-01 4.645833333333333481e-01
7.562499999999999778e-01 4.562499999999999889e-01
7.520833333333333259e-01 4.562499999999999889e-01
7.479166666666666741e-01 4.520833333333333370e-01
7.312499999999999556e-01 4.520833333333333370e-01
7.270833333333333037e-01 4.479166666666666852e-01
6.937499999999999778e-01 4.479166666666666852e-01
6.895833333333333259e-01 4.437499999999999778e-01
6.520833333333333481e-01 4.437499999999999778e-01
6.479166666666666963e-01 4.395833333333333259e-01
6.354166666666666297e-01 4.395833333333333259e-01
6.312499999999999778e-01 4.354166666666666741e-01
6.020833333333333037e-01 4.354166666666666741e-01
5.916666666666666741e-01 4.291666666666666963e-01
5.916666666666666741e-01 4.083333333333333259e-01
5.979166666666666519e-01 4.062500000000000000e-01
6.020833333333333037e-01 4.104166666666666519e-01
6.354166666666666297e-01 4.104166666666666519e-01
6.458333333333333703e-01 4.000000000000000222e-01
6.458333333333333703e-01 3.541666666666666297e-01
6.395833333333333925e-01 3.479166666666666519e-01
6.312499999999999778e-01 3.479166666666666519e-01
6.270833333333333259e-01 3.437500000000000000e-01
6.062499999999999556e-01 3.437500000000000000e-01
6.020833333333333037e-01 3.395833333333333481e-01
5.895833333333333481e-01 3.395833333333333481e-01
5.854166666666666963e-01 3.354166666666666963e-01
5.687499999999999778e-01 3.354166666666666963e-01
5.645833333333333259e-01 3.312499999999999889e-01
5.479166666666667185e-01 3.312499999999999889e-01
5.437499999999999556e-01 3.270833333333333370e-01
5.104166666666666297e-01 3.270833333333333370e-01
5.062499999999999778e-01 3.229166666666666297e-01
4.895833333333333148e-01 3.229166666666666297e-01
4.854166666666666630e-01 3.187499999999999778e-01
4.687500000000000000e-01 3.187499999999999778e-01
4.645833333333333481e-01 3.145833333333333259e-01
4.604166666666666963e-01 3.145833333333333259e-01
4.562499999999999889e-01 3.104166666666666741e-01
4.520833333333333370e-01 3.104166666666666741e-01
4.458333333333333037e-01 3.041666666666666963e-01
4.458333333333333037e-01 2.750000000000000222e-01
4.395833333333333259e-01 2.645833333333333370e-01
4.354166666666666741e-01 2.645833333333333370e-01
4.312500000000000222e-01 2.604166666666666297e-01
4.104166666666666519e-01 2.604166666666666297e-01
4.062500000000000000e-01 2.562499999999999778e-01
3.604166666666666630e-01 2.562499999999999778e-01
3.562500000000000111e-01 2.520833333333333259e-01
3.229166666666666297e-01 2.520833333333333259e-01
3.187499999999999778e-01 2.479166666666666741e-01
2.812500000000000000e-01 2.479166666666666741e-01
2.770833333333333481e-01 2.437500000000000222e-01
2.437500000000000222e-01 2.437500000000000222e-01
2.395833333333333148e-01 2.395833333333333148e-01
1.604166666666666519e-01 2.395833333333333148e-01
