1.432432432432432234e-01 1.270270270270270063e-01
1.351351351351348651e-02 1.270270270270270063e-01
0.000000000000000000e+00 1.405405405405405483e-01
0.000000000000000000e+00 1.567567567567567655e-01
2.702702702702675097e-03 1.594594594594594406e-01
1.351351351351348651e-02 1.594594594594594406e-01
1.891891891891889221e-02 1.486486486486486291e-01
1.054054054054053835e-01 1.486486486486486291e-01
1.108108108108107892e-01 1.540540540540540349e-01
1.270270270270270063e-01 1.540540540540540349e-01
1.324324324324324120e-01 1.594594594594594406e-01
1.378378378378378177e-01 1.594594594594594406e-01
1.432432432432432234e-01 1.648648648648648463e-01
1.540540540540540349e-01 1.648648648648648463e-01
1.594594594594594406e-01 1.702702702702702520e-01
1.756756756756756577e-01 1.702702702702702520e-01
1.783783783783783883e-01 1.729729729729729826e-01
1.783783783783783883e-01 2.432432432432432567e-01
1.648648648648648463e-01 2.513513513513513375e-01
1.270270270270270063e-01 2.513513513513513375e-01
1.216216216216216006e-01 2.567567567567567433e-01
1.054054054054053835e-01 2.567567567567567433e-01
9.999999999999997780e-02 2.621621621621621490e-01
8.918918918918916638e-02 2.621621621621621490e-01
8.378378378378376068e-02 2.675675675675675547e-01
7.297297297297294927e-02 2.675675675675675547e-01
6.756756756756754356e-02 2.729729729729729604e-01
5.675675675675673215e-02 2.729729729729729604e-01
5.135135135135132645e-02 2.783783783783783661e-01
4.054054054054051504e-02 2.783783783783783661e-01
2.702702702702702853e-02 2.864864864864864469e-01
2.702702702702702853e-02 2.918918918918919081e-01
2.162162162162162282e-02 2.972972972972972583e-01
2.162162162162162282e-02 3.783783783783783994e-01
2.702702702702702853e-02 3.837837837837837496e-01
2.702702702702702853e-02 4.054054054054053724e-01
3.243243243243243423e-02 4.108108108108108336e-01
3.243243243243243423e-02 4.324324324324324564e-01
3.783783783783783994e-02 4.378378378378378066e-01
3.783783783783783994e-02 4.486486486486486180e-01
4.324324324324324564e-02 4.540540540540540793e-01
4.324324324324324564e-02 4.594594594594594295e-01
4.864864864864865135e-02 4.648648648648648907e-01
4.864864864864865135e-02 4.756756756756757021e-01
5.405405405405405705e-02 4.810810810810810523e-01
5.405405405405405705e-02 5.081081081081081363e-01
5.945945945945946276e-02 5.135135135135134865e-01
5.945945945945946276e-02 5.189189189189189477e-01
6.486486486486486847e-02 5.243243243243242979e-01
6.486486486486486847e-02 5.459459459459459207e-01
7.027027027027027417e-02 5.513513513513513820e-01
7.027027027027027417e-02 5.567567567567567322e-01
7.567567567567567988e-02 5.621621621621621934e-01
7.567567567567567988e-02 5.675675675675675436e-01
8.108108108108108558e-02 5.729729729729730048e-01
8.108108108108108558e-02 5.783783783783783550e-01
1.108108108108107892e-01 6.081081081081081141e-01
1.162162162162161949e-01 6.081081081081081141e-01
1.270270270270270063e-01 6.189189189189189255e-01
1.324324324324324120e-01 6.189189189189189255e-01
1.675675675675675769e-01 6.540540540540540349e-01
1.675675675675675769e-01 6.594594594594594961e-01
1.918918918918918748e-01 6.837837837837837940e-01
2.135135135135134976e-01 6.837837837837837940e-01
2.189189189189189033e-01 6.891891891891892552e-01
2.999999999999999889e-01 6.891891891891892552e-01
3.054054054054053946e-01 6.837837837837837940e-01
3.108108108108108003e-01 6.837837837837837940e-01
3.162162162162162060e-01 6.783783783783783328e-01
3.216216216216216117e-01 6.783783783783783328e-01
3.270270270270270174e-01 6.837837837837837940e-01
3.378378378378378288e-01 6.837837837837837940e-01
3.432432432432432345e-01 6.891891891891892552e-01
3.918918918918918859e-01 6.891891891891892552e-01
4.000000000000000222e-01 6.972972972972972805e-01
4.000000000000000222e-01 7.297297297297297147e-01
3.972972972972972916e-01 7.324324324324325008e-01
3.756756756756756688e-01 7.324324324324325008e-01
3.621621621621621268e-01 7.459459459459459874e-01
3.702702702702702631e-01 7.594594594594594739e-01
3.756756756756756688e-01 7.594594594594594739e-01
3.837837837837837496e-01 7.675675675675674992e-01
3.837837837837837496e-01 7.945945945945945832e-01
3.810810810810810745e-01 7.972972972972973693e-01
3.432432432432432345e-01 7.972972972972973693e-01
3.378378378378378288e-01 8.027027027027027195e-01
3.270270270270270174e-01 8.027027027027027195e-01
3.216216216216216117e-01 8.081081081081080697e-01
3.108108108108108003e-01 8.081081081081080697e-01
2.972972972972972583e-01 8.162162162162162060e-01
2.972972972972972583e-01 8.216216216216216672e-01
2.918918918918919081e-01 8.270270270270270174e-01
2.999999999999999889e-01 8.405405405405406150e-01
3.054054054054053946e-01 8.405405405405406150e-01
3.108108108108108003e-01 8.459459459459459651e-01
3.648648648648648574e-01 8.459459459459459651e-01
3.702702702702702631e-01 8.513513513513513153e-01
3.918918918918918859e-01 8.513513513513513153e-01
3.972972972972972916e-01 8.621621621621622378e-01
4.027027027027026973e-01 8.621621621621622378e-01
4.081081081081081030e-01 8.675675675675675880e-01
4.189189189189189144e-01 8.675675675675675880e-01
4.243243243243243201e-01 8.729729729729729382e-01
4.405405405405405372e-01 8.729729729729729382e-01
4.540540540540540793e-01 8.648648648648649129e-01
4.540540540540540793e-01 8.594594594594594517e-01
4.594594594594594295e-01 8.540540540540539904e-01
4.594594594594594295e-01 8.486486486486486402e-01
4.648648648648648907e-01 8.432432432432432901e-01
4.594594594594594295e-01 8.378378378378378288e-01
4.594594594594594295e-01 8.324324324324323676e-01
4.540540540540540793e-01 8.270270270270270174e-01
4.540540540540540793e-01 8.216216216216216672e-01
4.459459459459459429e-01 8.135135135135135309e-01
4.405405405405405372e-01 8.135135135135135309e-01
4.297297297297297258e-01 8.027027027027027195e-01
4.216216216216216450e-01 8.000000000000000444e-01
4.216216216216216450e-01 7.837837837837837718e-01
4.432432432432432678e-01 7.729729729729729604e-01
4.432432432432432678e-01 7.621621621621621490e-01
4.378378378378378066e-01 7.567567567567567988e-01
4.378378378378378066e-01 7.405405405405405261e-01
4.432432432432432678e-01 7.351351351351351759e-01
4.432432432432432678e-01 7.189189189189189033e-01
4.459459459459459429e-01 7.162162162162162282e-01
4.621621621621621601e-01 7.162162162162162282e-01
4.675675675675675658e-01 7.108108108108108780e-01
5.324324324324324342e-01 7.108108108108108780e-01
5.378378378378378954e-01 7.054054054054054168e-01
6.027027027027027639e-01 7.054054054054054168e-01
6.189189189189189255e-01 6.891891891891892552e-01
6.567567567567567099e-01 6.891891891891892552e-01
6.621621621621621712e-01 6.837837837837837940e-01
6.675675675675676324e-01 6.837837837837837940e-01
6.756756756756756577e-01 6.756756756756756577e-01
6.756756756756756577e-01 6.702702702702703075e-01
6.810810810810811189e-01 6.648648648648648463e-01
6.810810810810811189e-01 6.594594594594594961e-01
6.864864864864864691e-01 6.540540540540540349e-01
6.864864864864864691e-01 6.432432432432432234e-01
6.918918918918919303e-01 6.378378378378378732e-01
6.918918918918919303e-01 6.270270270270270618e-01
6.864864864864864691e-01 6.216216216216216006e-01
6.837837837837837940e-01 6.135135135135134643e-01
6.783783783783783328e-01 6.135135135135134643e-01
6.729729729729729826e-01 6.081081081081081141e-01
6.621621621621621712e-01 6.081081081081081141e-01
6.567567567567567099e-01 6.027027027027027639e-01
6.351351351351350871e-01 6.027027027027027639e-01
6.270270270270270618e-01 5.945945945945946276e-01
6.270270270270270618e-01 5.891891891891891664e-01
6.513513513513513598e-01 5.648648648648648685e-01
8.243243243243243423e-01 5.648648648648648685e-01
8.297297297297296925e-01 5.702702702702702187e-01
8.621621621621622378e-01 5.702702702702702187e-01
8.675675675675675880e-01 5.756756756756756799e-01
8.837837837837838606e-01 5.756756756756756799e-01
8.891891891891892108e-01 5.810810810810811411e-01
9.054054054054054834e-01 5.810810810810811411e-01
9.108108108108108336e-01 5.864864864864864913e-01
9.756756756756757021e-01 5.864864864864864913e-01
9.810810810810810523e-01 5.810810810810811411e-01
9.864864864864865135e-01 5.810810810810811411e-01
9.945945945945946498e-01 5.729729729729730048e-01
9.945945945945946498e-01 5.675675675675675436e-01
1.000000000000000000e+00 5.621621621621621934e-01
1.000000000000000000e+00 5.567567567567567322e-01
9.945945945945946498e-01 5.513513513513513820e-01
9.918918918918919747e-01 5.432432432432432456e-01
9.864864864864865135e-01 5.432432432432432456e-01
9.810810810810810523e-01 5.378378378378378954e-01
9.756756756756757021e-01 5.378378378378378954e-01
9.702702702702703519e-01 5.324324324324324342e-01
9.648648648648648907e-01 5.324324324324324342e-01
9.594594594594594295e-01 5.270270270270269730e-01
9.486486486486487291e-01 5.270270270270269730e-01
9.432432432432432678e-01 5.216216216216216228e-01
9.324324324324324564e-01 5.216216216216216228e-01
9.270270270270271062e-01 5.162162162162162726e-01
9.216216216216216450e-01 5.162162162162162726e-01
9.162162162162161838e-01 5.108108108108108114e-01
9.108108108108108336e-01 5.108108108108108114e-01
9.054054054054054834e-01 5.054054054054053502e-01
8.945945945945945610e-01 5.054054054054053502e-01
8.891891891891892108e-01 5.000000000000000000e-01
8.783783783783783994e-01 5.000000000000000000e-01
8.729729729729729382e-01 4.945945945945945943e-01
8.675675675675675880e-01 4.945945945945945943e-01
8.621621621621622378e-01 4.891891891891891886e-01
8.513513513513513153e-01 4.891891891891891886e-01
8.297297297297296925e-01 4.675675675675675658e-01
8.243243243243243423e-01 4.675675675675675658e-01
8.135135135135135309e-01 4.567567567567567544e-01
8.081081081081080697e-01 4.567567567567567544e-01
7.972972972972973693e-01 4.459459459459459429e-01
7.918918918918919081e-01 4.459459459459459429e-01
7.702702702702702853e-01 4.243243243243243201e-01
7.648648648648648241e-01 4.243243243243243201e-01
7.594594594594594739e-01 4.189189189189189144e-01
7.540540540540541237e-01 4.189189189189189144e-01
7.486486486486486625e-01 4.135135135135135087e-01
7.432432432432432012e-01 4.135135135135135087e-01
7.378378378378378510e-01 4.081081081081081030e-01
7.162162162162162282e-01 4.081081081081081030e-01
7.081081081081080919e-01 4.000000000000000222e-01
7.081081081081080919e-01 3.837837837837837496e-01
7.108108108108108780e-01 3.810810810810810745e-01
7.432432432432432012e-01 3.810810810810810745e-01
7.567567567567567988e-01 3.675675675675675880e-01
7.567567567567567988e-01 3.567567567567567766e-01
7.729729729729729604e-01 3.405405405405405039e-01
7.729729729729729604e-01 3.189189189189188811e-01
7.783783783783784216e-01 3.135135135135135309e-01
7.783783783783784216e-01 2.864864864864864469e-01
7.702702702702702853e-01 2.837837837837837718e-01
7.648648648648648241e-01 2.783783783783783661e-01
7.486486486486486625e-01 2.783783783783783661e-01
7.432432432432432012e-01 2.729729729729729604e-01
6.999999999999999556e-01 2.729729729729729604e-01
6.945945945945946054e-01 2.675675675675675547e-01
6.567567567567567099e-01 2.675675675675675547e-01
6.513513513513513598e-01 2.621621621621621490e-01
6.189189189189189255e-01 2.621621621621621490e-01
6.135135135135134643e-01 2.567567567567567433e-01
5.972972972972973027e-01 2.567567567567567433e-01
5.918918918918918415e-01 2.513513513513513375e-01
5.756756756756756799e-01 2.513513513513513375e-01
5.702702702702702187e-01 2.459459459459459318e-01
5.162162162162162726e-01 2.459459459459459318e-01
5.108108108108108114e-01 2.405405405405405261e-01
4.567567567567567544e-01 2.405405405405405261e-01
4.513513513513513487e-01 2.351351351351351204e-01
4.432432432432432678e-01 2.324324324324324453e-01
4.432432432432432678e-01 2.000000000000000111e-01
4.297297297297297258e-01 1.864864864864864691e-01
4.135135135135135087e-01 1.864864864864864691e-01
4.081081081081081030e-01 1.810810810810810634e-01
3.810810810810810745e-01 1.810810810810810634e-01
3.756756756756756688e-01 1.756756756756756577e-01
3.486486486486486402e-01 1.756756756756756577e-01
3.432432432432432345e-01 1.702702702702702520e-01
3.162162162162162060e-01 1.702702702702702520e-01
3.108108108108108003e-01 1.648648648648648463e-01
2.945945945945945832e-01 1.648648648648648463e-01
2.891891891891891775e-01 1.594594594594594406e-01
2.675675675675675547e-01 1.594594594594594406e-01
2.621621621621621490e-01 1.540540540540540349e-01
2.405405405405405261e-01 1.540540540540540349e-01
2.351351351351351204e-01 1.486486486486486291e-01
2.189189189189189033e-01 1.486486486486486291e-01
2.135135135135134976e-01 1.432432432432432234e-01
1.972972972972972805e-01 1.432432432432432234e-01
1.918918918918918748e-01 1.378378378378378177e-01
1.756756756756756577e-01 1.378378378378378177e-01
1.702702702702702520e-01 1.324324324324324120e-01
1.486486486486486291e-01 1.324324324324324120e-01
