2.844432897364562729e-02 1.433611027351279765e-01
2.323018385398967212e-02 1.423164340430598251e-01
1.801603873433371694e-02 1.423979050605544416e-01
1.280189361467776177e-02 1.440606544630583241e-01
7.587748495021806594e-03 1.476012428003387056e-01
2.515807333174691074e-03 1.542519381060222794e-01
7.291422222435728351e-04 1.594660832256782346e-01
5.551115123125782702e-17 1.803226637043020553e-01
1.988953325555209428e-03 1.907509539436139101e-01
4.506662742497835605e-03 1.959650990632698653e-01
8.618451600070076157e-03 2.011792441829258204e-01
1.801603873433371694e-02 2.075864564062318007e-01
2.844432897364562729e-02 2.121541786686532149e-01
4.930090945226939247e-02 2.164306186579195712e-01
5.451505457192534765e-02 2.156782266647762070e-01
5.972919969158130282e-02 2.128067877997585344e-01
6.479850744680237806e-02 2.063933893025817756e-01
7.015748993089321317e-02 1.942035635498726154e-01
7.537163505054916834e-02 1.898819297570046860e-01
8.058578017020506801e-02 1.885919719800063787e-01
9.101407040951697835e-02 1.888658399388152831e-01
9.622821552917293353e-02 1.901098705272628031e-01
1.118706508881407991e-01 1.964352269019274400e-01
1.170847960077967542e-01 1.977699954508430613e-01
1.327272313667645642e-01 1.992436903127505210e-01
1.483696667257324298e-01 2.030357958543184127e-01
1.640121020847002953e-01 2.058377836750774903e-01
1.692262472043562505e-01 2.080565217976443892e-01
1.748551538676212380e-01 2.116075344222377308e-01
1.792033133467748618e-01 2.168216795418936860e-01
1.810201468797684732e-01 2.220358246615496411e-01
1.811029110880169601e-01 2.272499697812055963e-01
1.796079825765282689e-01 2.324641149008615515e-01
1.764571843042563870e-01 2.376782600205175067e-01
1.640121020847002953e-01 2.517043103923919389e-01
1.587979569650443401e-01 2.545807804500688776e-01
1.431555216060764746e-01 2.579881962527257877e-01
1.275130862471086646e-01 2.645610246128420329e-01
1.118706508881407991e-01 2.697493907168139748e-01
1.014423606488288887e-01 2.714145571753062702e-01
6.494334481123725800e-02 2.718036724827433970e-01
5.451505457192534765e-02 2.737071480194515072e-01
4.408676433261343730e-02 2.790470906396745887e-01
3.852828887486703380e-02 2.846055660974210477e-01
3.311182984688598729e-02 2.950338563367329581e-01
2.663943258607243125e-02 3.211045819350126784e-01
2.607072559827983138e-02 3.263187270546685781e-01
2.607072559827983138e-02 4.097450489691638054e-01
2.663943258607243125e-02 4.149591940888197605e-01
3.037988284382092674e-02 4.306016294477875705e-01
3.180192242190887919e-02 4.462440648067554361e-01
3.815777673687564819e-02 4.723147904050352119e-01
4.488570592352847388e-02 4.931713708836589771e-01
5.123646332244474744e-02 5.192420964819387530e-01
5.271015818435215161e-02 5.348845318409065630e-01
5.396841032550980799e-02 5.400986769605625737e-01
5.846911462099779744e-02 5.505269671998744840e-01
6.936605718951688315e-02 5.713835476784981937e-01
8.374434884845821658e-02 5.922401281571220144e-01
9.622821552917293353e-02 6.047239948378367869e-01
1.222989411274527094e-01 6.243308213026409481e-01
1.431555216060764746e-01 6.382668091679031264e-01
1.587979569650443401e-01 6.502940474804341786e-01
1.692262472043562505e-01 6.555364307981913496e-01
2.005111179222919260e-01 6.659530023083871653e-01
2.474384239991954670e-01 6.775230017430098339e-01
2.630808593581633326e-01 6.789450413210977864e-01
2.787232947171311981e-01 6.826854915788462819e-01
2.995798751957549633e-01 6.842096263061304695e-01
3.152223105547228288e-01 6.879512919823217443e-01
3.256506007940347391e-01 6.893733315604096967e-01
3.621496166316263698e-01 6.983795822216336546e-01
3.777920519905941799e-01 7.001232736090510222e-01
3.830061971102501350e-01 7.022260017748647165e-01
3.877315161249383912e-01 7.069513207895529172e-01
3.898342442907519190e-01 7.121654659092089279e-01
3.905939456052718306e-01 7.173796110288648276e-01
3.898904980885459226e-01 7.330220463878326376e-01
3.878693901545446909e-01 7.382361915074886483e-01
3.835276116222157139e-01 7.434503366271445479e-01
3.709932157071211822e-01 7.538786268664564583e-01
3.675059657090911092e-01 7.590927719861124690e-01
3.656936058926425481e-01 7.643069171057683686e-01
3.643900696127285177e-01 7.747352073450802790e-01
3.630186408182356494e-01 7.799493524647361786e-01
3.584997150478672623e-01 7.851634975843921893e-01
3.412930361530025491e-01 7.905198466618569286e-01
3.360788910333466495e-01 7.940796857390037822e-01
3.310069498714994785e-01 8.008059329433599993e-01
3.292760610725454784e-01 8.060200780630160100e-01
3.287711876459499805e-01 8.112342231826719097e-01
3.292760610725454784e-01 8.164483683023278093e-01
3.310069498714994785e-01 8.216625134219838200e-01
3.344941998695295515e-01 8.268766585416397197e-01
3.412930361530025491e-01 8.327070208118005912e-01
3.517213263923144595e-01 8.377750766196091492e-01
3.621496166316263698e-01 8.396785521563174814e-01
3.830061971102501350e-01 8.400676674637543861e-01
3.934344873495620454e-01 8.417328339222467370e-01
4.142910678281858661e-01 8.484480814963454298e-01
4.299335031871536761e-01 8.521484425490044590e-01
4.455759385461215416e-01 8.568786840317235143e-01
4.507900836657774968e-01 8.576835659569402859e-01
4.560042287854334520e-01 8.570180763824578607e-01
4.612183739050894071e-01 8.541466375174403547e-01
4.661911234173538032e-01 8.477332390202635404e-01
4.677981284608456747e-01 8.425190939006075297e-01
4.677981284608456747e-01 8.373049487809516300e-01
4.661955124283974072e-01 8.320908036612957304e-01
4.628030650689064496e-01 8.268766585416397197e-01
4.560042287854334520e-01 8.209641904148869962e-01
4.351476483068096313e-01 8.091383413208493858e-01
4.317640009419264624e-01 8.060200780630160100e-01
4.287603205352311653e-01 8.008059329433599993e-01
4.276819405218477144e-01 7.955917878237039886e-01
4.274820767503005881e-01 7.851634975843921893e-01
4.293027598259049893e-01 7.747352073450802790e-01
4.410883546316635706e-01 7.486644817468004476e-01
4.494430961765331078e-01 7.278079012681767379e-01
4.552127960440570664e-01 7.173796110288648276e-01
4.591224920432668832e-01 7.121654659092089279e-01
4.664325190247453623e-01 7.050329089059059751e-01
4.716466641444012620e-01 7.017837305370366874e-01
4.768608092640572171e-01 7.000124968995491415e-01
4.872890995033691275e-01 6.991301031100689567e-01
5.394305506999286237e-01 6.991301031100689567e-01
5.498588409392405341e-01 7.000124968995491415e-01
5.550729860588964337e-01 7.017837305370366874e-01
5.707154214178643548e-01 7.125844597134669556e-01
5.759295665375202544e-01 7.148145880264534791e-01
5.811437116571762651e-01 7.155714800599518588e-01
5.863578567768321648e-01 7.147725384690368777e-01
5.915720018964880644e-01 7.123103032736437523e-01
5.967861470161440751e-01 7.073757279504551132e-01
6.072144372554559855e-01 6.907502270249076259e-01
6.118699239694345149e-01 6.860947403109290965e-01
6.384993079733916055e-01 6.712437376933375610e-01
6.650045456649761322e-01 6.548098695929933655e-01
6.701285090294177849e-01 6.495957244733374658e-01
6.754684516496408664e-01 6.391674342340255555e-01
6.773719271863489766e-01 6.287391439947136451e-01
6.773719271863489766e-01 6.183108537554017348e-01
6.753829738607940447e-01 6.078825635160898244e-01
6.728652644438513075e-01 6.026684183964339248e-01
6.686047887237861476e-01 5.974542732767780251e-01
6.645700335716714369e-01 5.943731875242539431e-01
6.593558884520154262e-01 5.918490672731477886e-01
6.541417433323595265e-01 5.904352317695488184e-01
6.384993079733916055e-01 5.890864113508784694e-01
6.323168216172281308e-01 5.870259830374661147e-01
6.285810971479591780e-01 5.818118379178101041e-01
6.291883345454346577e-01 5.765976927981542044e-01
6.329889046083007065e-01 5.713835476784981937e-01
6.437134530930476162e-01 5.637019946004336868e-01
6.489275982127036269e-01 5.609110697686807701e-01
6.541417433323595265e-01 5.594480436155357950e-01
6.593558884520154262e-01 5.593665725980411230e-01
6.645700335716714369e-01 5.604086131927707992e-01
6.802124689306392469e-01 5.667250081863465239e-01
7.062831945289189672e-01 5.731884440660713897e-01
7.114973396485749779e-01 5.737571510538639341e-01
7.740670810844463290e-01 5.741462663613010609e-01
7.792812262041022286e-01 5.747125787933554664e-01
8.262085322810057697e-01 5.863848996211149522e-01
8.418509676399736907e-01 5.927867724035376096e-01
8.470651127596295904e-01 5.940176776297320105e-01
8.679216932382534111e-01 5.955691592719792871e-01
8.835641285972213321e-01 5.993108249481706729e-01
8.992065639561891421e-01 6.007833043916352977e-01
9.044207090758451528e-01 6.020376750351852380e-01
9.200631444348128518e-01 6.084381691435942763e-01
9.357055797937807728e-01 6.122977670448307430e-01
9.565621602724045935e-01 6.190143495255140405e-01
9.669904505117163929e-01 6.206844571307675862e-01
9.826328858706843139e-01 6.199553149085240689e-01
9.878470309903402136e-01 6.181686497975930061e-01
9.945732781946965417e-01 6.130967086357458351e-01
9.981331172718435063e-01 6.078825635160898244e-01
9.998640060707972843e-01 6.026684183964339248e-01
1.000000000000000000e+00 5.922401281571220144e-01
9.987454490683097541e-01 5.870259830374661147e-01
9.943212611805798407e-01 5.765976927981542044e-01
9.885453539974369264e-01 5.661694025588422940e-01
9.846265295929057526e-01 5.609552574391862834e-01
9.722045956313724036e-01 5.485333234776530453e-01
9.669904505117163929e-01 5.446144990731216495e-01
9.565621602724045935e-01 5.393721157553645895e-01
9.409197249134366725e-01 5.341696893648247846e-01
9.148489993151569522e-01 5.278138350498580156e-01
8.992065639561891421e-01 5.263917954717700631e-01
8.835641285972213321e-01 5.225996899302021159e-01
8.731358383579093108e-01 5.211776503521140524e-01
8.574934029989416118e-01 5.174372000943655570e-01
8.366368225203177911e-01 5.157526301326305074e-01
8.314226774006617804e-01 5.139813964951429615e-01
8.262085322810057697e-01 5.107322181262738958e-01
8.157802420416939704e-01 5.015440846815680809e-01
8.001378066827260493e-01 4.901130742269377838e-01
7.897095164434142500e-01 4.806875042029442602e-01
7.785109547659712081e-01 4.723147904050352119e-01
7.642905589850914616e-01 4.566723550460673464e-01
7.479963554861666086e-01 4.454526320653790505e-01
7.271397750075427879e-01 4.350892133622455971e-01
7.167114847682308776e-01 4.314136684418324319e-01
7.062831945289189672e-01 4.266689267727928891e-01
6.968856073946554375e-01 4.201733392084757157e-01
6.927738185370830859e-01 4.149591940888197605e-01
6.905958096430575566e-01 4.097450489691638054e-01
6.901286556314135678e-01 4.045309038495078502e-01
6.928404766423059691e-01 3.993167587298518950e-01
6.958549042896071679e-01 3.974617263315127769e-01
7.010690494092630676e-01 3.966676366126073994e-01
7.375680652468546983e-01 3.964762169855616802e-01
7.479963554861666086e-01 3.948061093803082455e-01
7.636387908451345297e-01 3.896150296957379688e-01
7.740670810844463290e-01 3.840186537089745333e-01
7.792812262041022286e-01 3.791119463911851173e-01
7.916279283270613032e-01 3.628177428922602643e-01
7.947839969616508071e-01 3.576035977726043091e-01
7.965681227161922617e-01 3.523894526529483540e-01
7.974529110614106964e-01 3.419611624136364991e-01
7.972194418769485980e-01 3.054621465760448129e-01
7.965681227161922617e-01 3.002480014563888577e-01
7.947814576052613100e-01 2.950338563367329581e-01
7.912942076072312370e-01 2.898197112170769474e-01
7.844953713237582393e-01 2.839072430903241684e-01
7.740670810844463290e-01 2.781313359071815317e-01
7.636387908451345297e-01 2.736306316116936532e-01
7.375680652468546983e-01 2.671065790670605899e-01
7.219256298878868883e-01 2.656845394889725265e-01
7.062831945289189672e-01 2.619440892312240310e-01
6.854266140502951465e-01 2.604199545039399544e-01
6.697841786913273365e-01 2.567299441115681313e-01
6.645700335716714369e-01 2.561612371237755870e-01
5.081456799819928927e-01 2.557721218163384602e-01
5.029315348623369930e-01 2.552058093842839992e-01
4.872890995033691275e-01 2.515157989919121206e-01
4.664325190247453623e-01 2.499916642646280440e-01
4.403617934264655864e-01 2.434480107676776917e-01
4.351476483068096313e-01 2.408541484115805931e-01
4.299335031871536761e-01 2.367688161042984518e-01
4.265680095190120813e-01 2.324641149008615515e-01
4.142910678281858661e-01 2.111730223289330355e-01
4.090769227085299109e-01 2.060490589644913273e-01
3.986486324692180006e-01 2.007091163442682458e-01
3.673637617512822695e-01 1.941602026756967248e-01
3.256506007940347391e-01 1.926360679484125926e-01
3.100081654350668736e-01 1.889460575560407696e-01
2.735091495974751874e-01 1.874219228287566374e-01
2.578667142385073774e-01 1.837319124363848144e-01
2.265818435205717019e-01 1.822077777091007378e-01
2.109394081616038363e-01 1.785177673167288592e-01
1.535838118453883849e-01 1.769936325894447826e-01
1.379413764864205194e-01 1.733036221970729041e-01
1.222989411274527094e-01 1.718299273351654444e-01
5.451505457192534765e-02 1.548826814672710217e-01
