1.587677725118483152e-01 1.800947867298578475e-01
3.554502369668244288e-02 1.800947867298578475e-01
3.080568720379145420e-02 1.848341232227488362e-01
2.132701421800947683e-02 1.848341232227488362e-01
0.000000000000000000e+00 2.014218009478673244e-01
0.000000000000000000e+00 2.203791469194312791e-01
1.658767772511848815e-02 2.417061611374407559e-01
3.080568720379145420e-02 2.417061611374407559e-01
4.265402843601895366e-02 2.298578199052132565e-01
4.265402843601895366e-02 2.251184834123222678e-01
5.213270142180093103e-02 2.156398104265402904e-01
5.213270142180093103e-02 2.109004739336493017e-01
6.398104265402843049e-02 1.990521327014218023e-01
8.767772511848342942e-02 1.990521327014218023e-01
1.018957345971563955e-01 2.085308056872037796e-01
1.066350710900473842e-01 2.085308056872037796e-01
1.113744075829383728e-01 2.132701421800947683e-01
1.161137440758293615e-01 2.132701421800947683e-01
1.208530805687204057e-01 2.180094786729857570e-01
1.255924170616113944e-01 2.180094786729857570e-01
1.303317535545023831e-01 2.227488151658768012e-01
1.350710900473933718e-01 2.227488151658768012e-01
1.398104265402843605e-01 2.274881516587677899e-01
1.587677725118483152e-01 2.274881516587677899e-01
1.635071090047393594e-01 2.322274881516587786e-01
1.729857819905213367e-01 2.322274881516587786e-01
1.777251184834123254e-01 2.369668246445497672e-01
1.990521327014218023e-01 2.393364928909952338e-01
1.990521327014218023e-01 2.582938388625592441e-01
2.037914691943127909e-01 2.630331753554502328e-01
2.014218009478673244e-01 2.654028436018956993e-01
1.540284360189573265e-01 2.654028436018956993e-01
1.492890995260663378e-01 2.701421800947867435e-01
1.303317535545023831e-01 2.701421800947867435e-01
1.255924170616113944e-01 2.748815165876777322e-01
9.241706161137441811e-02 2.748815165876777322e-01
8.767772511848342942e-02 2.796208530805687209e-01
4.976303317535546444e-02 2.796208530805687209e-01
4.502369668246447576e-02 2.843601895734597096e-01
4.028436018957348708e-02 2.843601895734597096e-01
3.554502369668244288e-02 2.890995260663506983e-01
3.080568720379145420e-02 2.890995260663506983e-01
1.895734597156395473e-02 3.009478672985781977e-01
1.895734597156395473e-02 3.056872037914691864e-01
1.421800947867296605e-02 3.104265402843602306e-01
1.421800947867296605e-02 3.199052132701422080e-01
9.478672985781977367e-03 3.246445497630331412e-01
9.478672985781977367e-03 3.957345971563981379e-01
1.421800947867296605e-02 4.004739336492890711e-01
1.421800947867296605e-02 4.289099526066350587e-01
1.895734597156395473e-02 4.336492890995260474e-01
1.895734597156395473e-02 4.431279620853080803e-01
2.369668246445499893e-02 4.478672985781990690e-01
2.369668246445499893e-02 4.620853080568720350e-01
2.843601895734598761e-02 4.668246445497630237e-01
2.843601895734598761e-02 4.763033175355450011e-01
3.317535545023697630e-02 4.810426540284360453e-01
3.317535545023697630e-02 4.905213270142180226e-01
3.791469194312796498e-02 4.952606635071090113e-01
3.791469194312796498e-02 5.000000000000000000e-01
4.739336492890994235e-02 5.094786729857819774e-01
4.739336492890994235e-02 5.142180094786730216e-01
5.213270142180093103e-02 5.189573459715639547e-01
5.213270142180093103e-02 5.236966824644549989e-01
7.345971563981040786e-02 5.450236966824644202e-01
7.819905213270139654e-02 5.450236966824644202e-01
8.530805687203790733e-02 5.521327014218009310e-01
8.530805687203790733e-02 5.568720379146919752e-01
1.279620853080568610e-01 5.995260663507109289e-01
1.303317535545023831e-01 6.066350710900474397e-01
1.350710900473933718e-01 6.066350710900474397e-01
1.587677725118483152e-01 6.303317535545023276e-01
1.635071090047393594e-01 6.303317535545023276e-01
1.682464454976303481e-01 6.350710900473933718e-01
1.777251184834123254e-01 6.350710900473933718e-01
1.824644549763033141e-01 6.398104265402844160e-01
1.872037914691943028e-01 6.398104265402844160e-01
1.919431279620852915e-01 6.445497630331753491e-01
2.203791469194312791e-01 6.445497630331753491e-01
2.251184834123222678e-01 6.492890995260662823e-01
3.104265402843602306e-01 6.492890995260662823e-01
3.151658767772511638e-01 6.540284360189573265e-01
3.246445497630331412e-01 6.540284360189573265e-01
3.293838862559241853e-01 6.587677725118483707e-01
3.672985781990520948e-01 6.587677725118483707e-01
3.791469194312796498e-01 6.800947867298577920e-01
3.791469194312796498e-01 6.943127962085308136e-01
3.672985781990520948e-01 7.014218009478673244e-01
3.578199052132701175e-01 7.014218009478673244e-01
3.459715639810426735e-01 7.132701421800947683e-01
3.530805687203791843e-01 7.251184834123223233e-01
3.601895734597156395e-01 7.274881516587677899e-01
3.578199052132701175e-01 7.488151658767772112e-01
3.388625592417061627e-01 7.488151658767772112e-01
3.341232227488151740e-01 7.535545023696682554e-01
3.246445497630331412e-01 7.535545023696682554e-01
3.127962085308056972e-01 7.606635071090047662e-01
3.127962085308056972e-01 7.701421800947867435e-01
3.199052132701422080e-01 7.772511848341232543e-01
3.246445497630331412e-01 7.772511848341232543e-01
3.293838862559241853e-01 7.819905213270141875e-01
3.341232227488151740e-01 7.819905213270141875e-01
3.436018957345971514e-01 7.914691943127962759e-01
3.483412322274881401e-01 7.914691943127962759e-01
3.530805687203791843e-01 7.962085308056872091e-01
3.625592417061611616e-01 7.962085308056872091e-01
3.672985781990520948e-01 8.009478672985781422e-01
3.720379146919431390e-01 8.009478672985781422e-01
3.767772511848341277e-01 8.056872037914691864e-01
3.909952606635070937e-01 8.056872037914691864e-01
3.957345971563981379e-01 8.104265402843602306e-01
4.099526066350711040e-01 8.104265402843602306e-01
4.146919431279620927e-01 8.151658767772511638e-01
4.194312796208530814e-01 8.151658767772511638e-01
4.241706161137440700e-01 8.199052132701420970e-01
4.573459715639810463e-01 8.199052132701420970e-01
4.644549763033175571e-01 8.127962085308056972e-01
4.644549763033175571e-01 8.080568720379146530e-01
4.478672985781990690e-01 7.914691943127962759e-01
4.431279620853080803e-01 7.914691943127962759e-01
4.383886255924170916e-01 7.867298578199052317e-01
4.336492890995260474e-01 7.867298578199052317e-01
4.241706161137440700e-01 7.772511848341232543e-01
3.981042654028436045e-01 7.654028436018958104e-01
3.981042654028436045e-01 7.559241706161137220e-01
4.052132701421801153e-01 7.535545023696682554e-01
4.170616113744075593e-01 7.417061611374407004e-01
4.170616113744075593e-01 7.274881516587677899e-01
4.028436018957345932e-01 7.132701421800947683e-01
4.146919431279620927e-01 6.872037914691943028e-01
4.526066350710900577e-01 6.872037914691943028e-01
4.573459715639810463e-01 6.919431279620853470e-01
5.426540284360189537e-01 6.919431279620853470e-01
5.473933649289099979e-01 6.872037914691943028e-01
5.521327014218009310e-01 6.872037914691943028e-01
5.663507109004739526e-01 6.729857819905213923e-01
5.710900473933648858e-01 6.729857819905213923e-01
5.805687203791469742e-01 6.635071090047393039e-01
6.563981042654027931e-01 6.635071090047393039e-01
6.682464454976303481e-01 6.516587677725118599e-01
6.682464454976303481e-01 6.232227488151658168e-01
6.635071090047393039e-01 6.184834123222748836e-01
6.635071090047393039e-01 5.947867298578198847e-01
6.587677725118483707e-01 5.900473933649289515e-01
6.587677725118483707e-01 5.853080568720379073e-01
6.469194312796208157e-01 5.734597156398104634e-01
6.421800947867298825e-01 5.734597156398104634e-01
6.374407582938388384e-01 5.687203791469194192e-01
5.995260663507109289e-01 5.687203791469194192e-01
5.971563981042653513e-01 5.663507109004739526e-01
6.090047393364929063e-01 5.592417061611374418e-01
6.279620853080568610e-01 5.592417061611374418e-01
6.327014218009479052e-01 5.639810426540283750e-01
7.843601895734597651e-01 5.639810426540283750e-01
7.890995260663506983e-01 5.687203791469194192e-01
8.175355450236967414e-01 5.687203791469194192e-01
8.222748815165876746e-01 5.734597156398104634e-01
8.838862559241706940e-01 5.734597156398104634e-01
8.886255924170616272e-01 5.781990521327013965e-01
9.360189573459716250e-01 5.781990521327013965e-01
9.407582938388625582e-01 5.829383886255924407e-01
9.881516587677725560e-01 5.829383886255924407e-01
1.000000000000000000e+00 5.710900473933648858e-01
9.952606635071090668e-01 5.663507109004739526e-01
9.952606635071090668e-01 5.616113744075829084e-01
9.905213270142180226e-01 5.568720379146919752e-01
9.905213270142180226e-01 5.521327014218009310e-01
9.786729857819904677e-01 5.402843601895734871e-01
9.739336492890995345e-01 5.402843601895734871e-01
9.644549763033175571e-01 5.308056872037915097e-01
9.597156398104265129e-01 5.308056872037915097e-01
9.549763033175355798e-01 5.260663507109004655e-01
9.502369668246445356e-01 5.260663507109004655e-01
9.454976303317534914e-01 5.213270142180095323e-01
9.407582938388625582e-01 5.213270142180095323e-01
9.312796208530805808e-01 5.118483412322274440e-01
9.265402843601895366e-01 5.118483412322274440e-01
9.218009478672986035e-01 5.071090047393365108e-01
9.075829383886255819e-01 5.071090047393365108e-01
9.028436018957346487e-01 5.023696682464454666e-01
8.981042654028436045e-01 5.023696682464454666e-01
8.933649289099525603e-01 4.976303317535544779e-01
8.886255924170616272e-01 4.976303317535544779e-01
8.838862559241706940e-01 4.928909952606634892e-01
8.744075829383886056e-01 4.928909952606634892e-01
8.696682464454976724e-01 4.881516587677725005e-01
8.649289099526066282e-01 4.881516587677725005e-01
8.601895734597155840e-01 4.834123222748815119e-01
8.554502369668246509e-01 4.834123222748815119e-01
8.507109004739337177e-01 4.786729857819905232e-01
8.459715639810426735e-01 4.786729857819905232e-01
8.412322274881516293e-01 4.739336492890995345e-01
8.364928909952606961e-01 4.739336492890995345e-01
8.317535545023696519e-01 4.691943127962085458e-01
8.270142180094786077e-01 4.691943127962085458e-01
8.222748815165876746e-01 4.644549763033175571e-01
8.127962085308056972e-01 4.644549763033175571e-01
8.080568720379146530e-01 4.597156398104265129e-01
7.985781990521326756e-01 4.597156398104265129e-01
7.938388625592416314e-01 4.549763033175355242e-01
7.843601895734597651e-01 4.549763033175355242e-01
7.796208530805687209e-01 4.502369668246445356e-01
7.748815165876776767e-01 4.502369668246445356e-01
7.701421800947867435e-01 4.454976303317535469e-01
7.511848341232227888e-01 4.454976303317535469e-01
7.464454976303317446e-01 4.407582938388625582e-01
7.369668246445497672e-01 4.407582938388625582e-01
7.322274881516588341e-01 4.360189573459715695e-01
7.132701421800947683e-01 4.360189573459715695e-01
7.085308056872037241e-01 4.312796208530805808e-01
6.943127962085308136e-01 4.312796208530805808e-01
6.895734597156397694e-01 4.265402843601895921e-01
6.753554502369668588e-01 4.265402843601895921e-01
6.540284360189573265e-01 4.146919431279620927e-01
6.563981042654027931e-01 3.933649289099526158e-01
6.800947867298577920e-01 3.933649289099526158e-01
6.919431279620853470e-01 3.862559241706161051e-01
6.919431279620853470e-01 3.815165876777251164e-01
6.966824644549762802e-01 3.767772511848341277e-01
6.966824644549762802e-01 3.341232227488151740e-01
7.061611374407582575e-01 3.293838862559241853e-01
7.061611374407582575e-01 3.199052132701422080e-01
6.990521327014218578e-01 3.127962085308056972e-01
6.137440758293838394e-01 3.127962085308056972e-01
6.090047393364929063e-01 3.080568720379146530e-01
5.663507109004739526e-01 3.080568720379146530e-01
5.616113744075829084e-01 3.033175355450237198e-01
5.379146919431279095e-01 3.033175355450237198e-01
5.331753554502369763e-01 2.985781990521326756e-01
5.094786729857819774e-01 2.985781990521326756e-01
5.047393364928910442e-01 2.938388625592417425e-01
4.905213270142180226e-01 2.938388625592417425e-01
4.857819905213270339e-01 2.890995260663506983e-01
4.763033175355450011e-01 2.890995260663506983e-01
4.715639810426540124e-01 2.843601895734597096e-01
4.478672985781990690e-01 2.843601895734597096e-01
4.454976303317535469e-01 2.819905213270141875e-01
4.454976303317535469e-01 2.345971563981042451e-01
4.383886255924170916e-01 2.227488151658768012e-01
4.336492890995260474e-01 2.227488151658768012e-01
4.289099526066350587e-01 2.180094786729857570e-01
3.530805687203791843e-01 2.180094786729857570e-01
3.483412322274881401e-01 2.132701421800947683e-01
3.151658767772511638e-01 2.132701421800947683e-01
3.104265402843602306e-01 2.085308056872037796e-01
2.867298578199052317e-01 2.085308056872037796e-01
2.819905213270141875e-01 2.037914691943127909e-01
2.582938388625592441e-01 2.037914691943127909e-01
2.535545023696682554e-01 1.990521327014218023e-01
2.393364928909952338e-01 1.990521327014218023e-01
2.345971563981042451e-01 1.943127962085308136e-01
2.109004739336493017e-01 1.943127962085308136e-01
2.061611374407583130e-01 1.895734597156398249e-01
1.872037914691943028e-01 1.895734597156398249e-01
1.824644549763033141e-01 1.848341232227488362e-01
1.635071090047393594e-01 1.848341232227488362e-01
