1.981132075471698228e-01 2.924528301886792359e-01
1.819407008086253441e-01 2.924528301886792359e-01
1.792452830188679402e-01 2.951482479784366397e-01
1.684636118598382692e-01 2.951482479784366397e-01
1.657681940700808654e-01 2.978436657681940991e-01
1.603773584905660576e-01 2.978436657681940991e-01
1.442048517520215789e-01 3.059299191374663107e-01
1.361185983827493118e-01 3.140161725067385223e-01
1.334231805929919079e-01 3.140161725067385223e-01
1.280323450134771002e-01 3.194070080862533301e-01
1.239892183288409666e-01 3.207547169811321153e-01
1.239892183288409666e-01 3.234501347708894636e-01
1.145552560646900253e-01 3.328840970350404049e-01
1.091644204851752176e-01 3.301886792452830566e-01
9.568733153638814271e-02 3.301886792452830566e-01
9.299191374663073884e-02 3.274932614555255972e-01
7.951482479784366397e-02 3.274932614555255972e-01
7.681940700808626010e-02 3.301886792452830566e-01
6.873315363881399298e-02 3.301886792452830566e-01
6.603773584905658911e-02 3.328840970350404049e-01
6.064690026954178137e-02 3.328840970350404049e-01
4.986522911051211038e-02 3.382749326145552682e-01
4.447439353099730264e-02 3.436657681940700759e-01
4.177897574123989877e-02 3.436657681940700759e-01
2.964959568733155360e-02 3.557951482479784211e-01
2.695417789757414972e-02 3.638814016172506882e-01
2.156334231805928647e-02 3.692722371967654960e-01
2.156334231805928647e-02 3.719676549865228998e-01
1.347708894878707486e-02 3.827493261455525708e-01
1.347708894878707486e-02 4.231805929919137399e-01
1.617250673854447873e-02 4.258760107816711438e-01
1.617250673854447873e-02 4.366576819407008148e-01
1.212938005390834517e-02 4.380053908355795445e-01
2.695417789757403870e-03 4.474393530997304858e-01
0.000000000000000000e+00 4.528301886792452935e-01
0.000000000000000000e+00 4.690026954177897722e-01
2.695417789757403870e-03 4.743935309973045800e-01
1.212938005390834517e-02 4.838274932614555213e-01
1.752021563342315291e-02 4.865229110512129251e-01
2.291105121293801616e-02 4.865229110512129251e-01
2.560646900269542003e-02 4.892183288409703290e-01
4.716981132075470651e-02 4.892183288409703290e-01
4.986522911051211038e-02 4.919137466307277884e-01
6.064690026954178137e-02 4.919137466307277884e-01
6.738544474393531880e-02 4.959568733153638664e-01
6.738544474393531880e-02 5.067385444743934819e-01
7.277628032345012654e-02 5.175202156334232084e-01
8.490566037735847171e-02 5.296495956873314981e-01
1.037735849056603543e-01 5.296495956873314981e-01
1.064690026954178137e-01 5.269541778975741497e-01
1.105121293800538917e-01 5.283018867924528239e-01
1.105121293800538917e-01 5.336927223719676316e-01
1.132075471698112956e-01 5.363881401617250910e-01
1.132075471698112956e-01 5.444743935309972471e-01
1.159029649595687550e-01 5.471698113207547065e-01
1.159029649595687550e-01 5.552560646900269736e-01
1.185983827493261589e-01 5.579514824797843220e-01
1.185983827493261589e-01 5.687331536388140485e-01
1.212938005390835627e-01 5.741239892183288562e-01
1.307277628032345040e-01 5.835579514824797975e-01
1.361185983827493118e-01 5.862533692722371459e-01
1.415094339622641750e-01 5.862533692722371459e-01
1.442048517520215789e-01 5.889487870619946053e-01
1.576819407008085983e-01 5.889487870619946053e-01
1.657681940700808654e-01 5.943396226415094130e-01
1.738544474393530770e-01 5.943396226415094130e-01
1.765498652291105364e-01 5.970350404312668724e-01
2.708894878706199494e-01 5.970350404312668724e-01
2.735849056603773533e-01 5.943396226415094130e-01
3.005390835579514475e-01 5.943396226415094130e-01
3.032345013477089068e-01 5.970350404312668724e-01
3.463611859838274798e-01 5.970350404312668724e-01
3.544474393530997469e-01 5.916442048517520647e-01
3.867924528301887044e-01 5.916442048517520647e-01
3.881401617250673786e-01 5.929919137466307388e-01
3.881401617250673786e-01 6.792452830188678847e-01
3.854447439353099747e-01 6.819407008086253441e-01
3.921832884097035121e-01 6.832884097035040183e-01
3.948787061994609160e-01 6.859838274932614777e-01
4.056603773584905870e-01 6.859838274932614777e-01
4.083557951482479909e-01 6.886792452830188260e-01
4.110512129380053947e-01 6.886792452830188260e-01
4.137466307277627986e-01 6.913746630727762854e-01
4.272237196765498735e-01 6.913746630727762854e-01
4.299191374663072773e-01 6.940700808625337448e-01
4.407008086253369483e-01 6.940700808625337448e-01
4.433962264150943522e-01 6.967654986522910932e-01
4.676549865229110425e-01 6.967654986522910932e-01
4.703504043126684464e-01 6.994609164420485525e-01
4.892183288409703290e-01 6.994609164420485525e-01
4.919137466307277884e-01 7.021563342318059009e-01
5.350404312668464168e-01 7.021563342318059009e-01
5.377358490566037652e-01 7.048517520215633603e-01
5.458221024258760323e-01 7.048517520215633603e-01
5.485175202156333807e-01 7.075471698113207086e-01
8.557951482479784211e-01 7.075471698113207086e-01
8.584905660377357695e-01 7.048517520215633603e-01
8.665768194070080366e-01 7.048517520215633603e-01
8.692722371967654960e-01 7.021563342318059009e-01
8.800539083557952225e-01 7.021563342318059009e-01
8.827493261455525708e-01 6.994609164420485525e-01
8.854447439353099192e-01 6.994609164420485525e-01
8.948787061994609715e-01 6.900269541778976112e-01
8.948787061994609715e-01 6.873315363881401518e-01
8.975741239892183199e-01 6.846361185983826925e-01
8.975741239892183199e-01 6.792452830188678847e-01
9.002695417789756682e-01 6.765498652291105364e-01
9.002695417789756682e-01 6.415094339622641195e-01
9.029649595687331276e-01 6.388140161725067712e-01
9.029649595687331276e-01 5.956873315363881982e-01
9.002695417789756682e-01 5.929919137466307388e-01
9.002695417789756682e-01 5.768194070080863156e-01
9.056603773584905870e-01 5.741239892183288562e-01
9.056603773584905870e-01 5.714285714285713969e-01
9.029649595687331276e-01 5.687331536388140485e-01
9.029649595687331276e-01 5.660377358490565891e-01
9.056603773584905870e-01 5.633423180592991297e-01
9.056603773584905870e-01 5.552560646900269736e-01
9.097035040431267205e-01 5.512129380053908401e-01
9.258760107816711438e-01 5.512129380053908401e-01
9.285714285714286031e-01 5.485175202156333807e-01
9.366576819407008703e-01 5.485175202156333807e-01
9.393530997304582186e-01 5.458221024258760323e-01
9.447439353099730264e-01 5.458221024258760323e-01
9.501347708894878341e-01 5.404312668463612246e-01
9.528301886792452935e-01 5.404312668463612246e-01
9.555256064690027529e-01 5.377358490566037652e-01
9.582210242587601012e-01 5.377358490566037652e-01
9.609164420485174496e-01 5.350404312668464168e-01
9.636118598382749090e-01 5.350404312668464168e-01
9.730458221024258503e-01 5.256064690026953645e-01
9.730458221024258503e-01 5.229110512129380162e-01
9.757412398921833097e-01 5.202156334231805568e-01
9.757412398921833097e-01 5.175202156334232084e-01
9.784366576819407690e-01 5.148247978436657490e-01
9.784366576819407690e-01 5.121293800539084007e-01
9.811320754716981174e-01 5.094339622641509413e-01
9.811320754716981174e-01 5.013477088948786742e-01
9.838274932614554658e-01 4.986522911051212703e-01
9.838274932614554658e-01 4.932614555256064626e-01
9.865229110512129251e-01 4.905660377358490587e-01
9.865229110512129251e-01 4.878706199460916548e-01
9.892183288409703845e-01 4.851752021563342510e-01
9.892183288409703845e-01 4.770889487870619838e-01
9.919137466307277329e-01 4.743935309973045800e-01
9.919137466307277329e-01 4.420485175202156225e-01
9.973045822102426516e-01 4.366576819407008148e-01
9.973045822102426516e-01 4.285714285714286031e-01
1.000000000000000000e+00 4.258760107816711438e-01
1.000000000000000000e+00 3.854447439353099747e-01
9.986522911051212148e-01 3.840970350404312450e-01
9.959568733153638664e-01 3.867924528301887044e-01
9.932614555256065181e-01 3.867924528301887044e-01
9.905660377358490587e-01 3.894878706199461083e-01
9.663072776280323684e-01 3.894878706199461083e-01
9.636118598382749090e-01 3.867924528301887044e-01
9.528301886792452935e-01 3.867924528301887044e-01
9.514824797843666193e-01 3.800539083557951670e-01
9.487870619946091599e-01 3.773584905660377631e-01
9.487870619946091599e-01 3.692722371967654960e-01
9.460916442048517006e-01 3.665768194070080921e-01
9.460916442048517006e-01 3.638814016172506882e-01
9.433962264150943522e-01 3.611859838274932288e-01
9.433962264150943522e-01 3.584905660377358805e-01
9.407008086253370038e-01 3.557951482479784211e-01
9.407008086253370038e-01 3.530997304582210172e-01
9.380053908355794334e-01 3.504043126684636134e-01
9.380053908355794334e-01 3.477088948787062095e-01
9.326145552560647367e-01 3.423180592991913462e-01
9.326145552560647367e-01 3.396226415094339979e-01
9.177897574123989877e-01 3.247978436657681933e-01
9.150943396226415283e-01 3.247978436657681933e-01
9.123989218328840689e-01 3.221024258760107895e-01
9.097035040431267205e-01 3.221024258760107895e-01
9.070080862533692612e-01 3.194070080862533301e-01
9.043126684636118018e-01 3.194070080862533301e-01
9.016172506738544534e-01 3.167115902964959817e-01
8.908355795148248379e-01 3.167115902964959817e-01
8.881401617250673786e-01 3.140161725067385223e-01
8.665768194070080366e-01 3.140161725067385223e-01
8.638814016172506882e-01 3.167115902964959817e-01
8.530997304582210727e-01 3.167115902964959817e-01
8.504043126684636134e-01 3.194070080862533301e-01
8.477088948787061540e-01 3.194070080862533301e-01
8.450134770889488056e-01 3.221024258760107895e-01
8.423180592991914573e-01 3.221024258760107895e-01
8.396226415094338869e-01 3.247978436657681933e-01
8.369272237196765385e-01 3.247978436657681933e-01
8.315363881401617308e-01 3.301886792452830566e-01
8.288409703504042714e-01 3.301886792452830566e-01
8.167115902964959817e-01 3.423180592991913462e-01
8.167115902964959817e-01 3.450134770889488056e-01
8.113207547169811740e-01 3.504043126684636134e-01
8.113207547169811740e-01 3.530997304582210172e-01
8.086253369272237146e-01 3.557951482479784211e-01
8.086253369272237146e-01 3.584905660377358805e-01
8.059299191374662552e-01 3.611859838274932288e-01
8.045822102425875810e-01 3.679245283018868218e-01
8.018867924528301216e-01 3.652291105121293624e-01
7.991913746630727733e-01 3.652291105121293624e-01
7.964959568733154249e-01 3.625336927223719585e-01
7.938005390835579655e-01 3.625336927223719585e-01
7.911051212938005062e-01 3.598382749326145547e-01
7.884097035040431578e-01 3.598382749326145547e-01
7.857142857142856984e-01 3.571428571428571508e-01
7.722371967654986236e-01 3.571428571428571508e-01
7.695417789757412752e-01 3.544474393530997469e-01
7.668463611859838158e-01 3.544474393530997469e-01
7.641509433962263564e-01 3.517520215633422875e-01
7.614555256064690081e-01 3.517520215633422875e-01
7.587601078167116597e-01 3.490566037735849392e-01
7.479784366576819332e-01 3.490566037735849392e-01
7.452830188679244738e-01 3.463611859838274798e-01
7.210242587601077835e-01 3.463611859838274798e-01
7.183288409703504351e-01 3.490566037735849392e-01
7.102425876010781680e-01 3.490566037735849392e-01
7.075471698113207086e-01 3.517520215633422875e-01
7.048517520215633603e-01 3.517520215633422875e-01
7.021563342318059009e-01 3.544474393530997469e-01
6.994609164420485525e-01 3.544474393530997469e-01
6.967654986522910932e-01 3.571428571428571508e-01
6.886792452830188260e-01 3.571428571428571508e-01
6.859838274932614777e-01 3.544474393530997469e-01
6.617250673854446763e-01 3.544474393530997469e-01
6.590296495956873279e-01 3.517520215633422875e-01
6.293800539083558299e-01 3.517520215633422875e-01
6.266846361185983705e-01 3.544474393530997469e-01
4.272237196765498735e-01 3.544474393530997469e-01
4.245283018867924696e-01 3.571428571428571508e-01
3.463611859838274798e-01 3.571428571428571508e-01
3.436657681940700759e-01 3.598382749326145547e-01
2.951482479784366397e-01 3.598382749326145547e-01
2.924528301886792359e-01 3.625336927223719585e-01
2.708894878706199494e-01 3.625336927223719585e-01
2.695417789757412752e-01 3.504043126684636134e-01
2.668463611859838158e-01 3.477088948787062095e-01
2.668463611859838158e-01 3.450134770889488056e-01
2.641509433962264120e-01 3.423180592991913462e-01
2.641509433962264120e-01 3.396226415094339979e-01
2.614555256064690081e-01 3.369272237196765385e-01
2.614555256064690081e-01 3.342318059299191346e-01
2.533692722371967410e-01 3.261455525606469230e-01
2.533692722371967410e-01 3.234501347708894636e-01
2.452830188679245293e-01 3.180592991913746559e-01
2.439353099730457997e-01 3.140161725067385223e-01
2.412398921832883958e-01 3.140161725067385223e-01
2.331536388140161842e-01 3.059299191374663107e-01
2.304582210242587803e-01 3.059299191374663107e-01
2.277628032345013209e-01 3.032345013477089068e-01
2.250673854447439171e-01 3.032345013477089068e-01
2.223719676549865132e-01 3.005390835579514475e-01
2.196765498652291093e-01 3.005390835579514475e-01
2.169811320754717054e-01 2.978436657681940991e-01
2.142857142857143016e-01 2.978436657681940991e-01
2.115902964959568977e-01 2.951482479784366397e-01
2.008086253369272267e-01 2.951482479784366397e-01
