4.171894089504429859e-01 2.150656392671526085e-01
3.896748560105951498e-01 2.146905126125479568e-01
3.827962177756332185e-01 2.157921376887939058e-01
3.724782604231902661e-01 2.192162425400773218e-01
3.587209839532663480e-01 2.260520906513586170e-01
3.489111078340876304e-01 2.334527683952239974e-01
3.401291928748078064e-01 2.437707257476669498e-01
3.306843915045151183e-01 2.575280022175908679e-01
3.243277927784565251e-01 2.681195417725606989e-01
3.208884736609755040e-01 2.710537860546074485e-01
3.174491545434945383e-01 2.723869355923329016e-01
2.968132398386086890e-01 2.735340642643293019e-01
2.796166442512038053e-01 2.778033431440312118e-01
2.624200486637988661e-01 2.855781868232759590e-01
2.452234530763939824e-01 2.917729468787161329e-01
2.383448148414319956e-01 2.955680576290400374e-01
2.142695810190651251e-01 3.062141015281618084e-01
1.901943471966982546e-01 3.138005542397604430e-01
1.833157089617363233e-01 3.141227682925576969e-01
1.661191133743313841e-01 3.109914479020153832e-01
1.420438795519645692e-01 3.113665745566200904e-01
1.248472839645596300e-01 3.159672804425854853e-01
1.007720501421927595e-01 3.292930805886001844e-01
9.733273102471179383e-02 3.318371373808577940e-01
7.534093089851129355e-02 3.538289375070583498e-01
6.637885896738299207e-02 3.669863327355611382e-01
6.293953984990197092e-02 3.697050802190017249e-01
5.950022073242100529e-02 3.715127699694397156e-01
5.262158249745901850e-02 3.739856028267214416e-01
4.574294426249708723e-02 3.773912904083973618e-01
3.886430602753510044e-02 3.819269463686216781e-01
2.854634867509220353e-02 3.877000891729647236e-01
1.478907220516822996e-02 3.971842006129964187e-01
3.270597802283836675e-03 4.088580433867540220e-01
1.123920354462626392e-03 4.122973625042349877e-01
9.135691405814938548e-05 4.157366816217159533e-01
1.110223024625156540e-16 4.191760007391969189e-01
3.697268051292113000e-03 4.363725963266018582e-01
5.779551473506117087e-03 4.398119154440828238e-01
7.910433970206298682e-03 4.416969268834714524e-01
1.134975308768726432e-02 4.435049548243287787e-01
1.478907220516822996e-02 4.444237297152505151e-01
2.166771044013021674e-02 4.447655616356785968e-01
2.854634867509220353e-02 4.432210650956209808e-01
3.886430602753510044e-02 4.369041274629398286e-01
5.950022073242100529e-02 4.213255751876225919e-01
6.293953984990197092e-02 4.192812860183035006e-01
6.637885896738299207e-02 4.186702185160380285e-01
6.981817808486395771e-02 4.211708058273359034e-01
7.046305041939165958e-02 4.226153198566779401e-01
7.064934687158852533e-02 4.260546389741589057e-01
6.965594605102048975e-02 4.294939580916399269e-01
6.744504789380206811e-02 4.329332772091208925e-01
6.046752923421255810e-02 4.398119154440828238e-01
5.822530071473408508e-02 4.432512345615637894e-01
5.565145886285893795e-02 4.501298727965257762e-01
5.502910587969578327e-02 4.570085110314877630e-01
5.565145886285893795e-02 4.604478301489687286e-01
5.902097134719824778e-02 4.707657875014116811e-01
6.253307486329057197e-02 4.776444257363736123e-01
6.522072089721075994e-02 4.810837448538546335e-01
8.701477367226884141e-02 4.987409635373507011e-01
1.007720501421927595e-01 5.059901474629460161e-01
1.076506883771547463e-01 5.089588715721480305e-01
1.351652413170025824e-01 5.142864024879979512e-01
1.386045604344835480e-01 5.153894957121182285e-01
1.454831986694455348e-01 5.189454019183273870e-01
1.489225177869265004e-01 5.200009634831971317e-01
1.558011560218884872e-01 5.204305822202601739e-01
1.592404751393694529e-01 5.200009634831971317e-01
1.626797942568504185e-01 5.188224555338504240e-01
1.661191133743313841e-01 5.164743385727339486e-01
1.729977516092933709e-01 5.088782423730322524e-01
1.764370707267743366e-01 5.076463433951139415e-01
1.798763898442553577e-01 5.080445091222436371e-01
1.901943471966982546e-01 5.108092886549402412e-01
1.936336663141792758e-01 5.123471556317567011e-01
1.968938542276247872e-01 5.154769360286644009e-01
2.034910005705309888e-01 5.292342124985883745e-01
2.060350573627885429e-01 5.326735316160693401e-01
2.211482192540271119e-01 5.476962179499720307e-01
2.245875383715080775e-01 5.499606356013027053e-01
2.314661766064700643e-01 5.531019012017969194e-01
2.486627721938749480e-01 5.637756501870826442e-01
2.624200486637988661e-01 5.696175511363441579e-01
2.761773251337227841e-01 5.775329266570066178e-01
2.899346016036467022e-01 5.833748276062681315e-01
3.071311971910516414e-01 5.916212059984687910e-01
3.140098354260135727e-01 5.940456440648897996e-01
3.380850692483804432e-01 6.053784824683926535e-01
3.449637074833423744e-01 6.078029205348136621e-01
3.621603030707473136e-01 6.160483592223373606e-01
3.759175795406712317e-01 6.218882835514164542e-01
3.896748560105951498e-01 6.298056356922613341e-01
4.034321324805190678e-01 6.353174734746616092e-01
4.103107707154810546e-01 6.388234261965051175e-01
4.148628107239117346e-01 6.427317433754606846e-01
4.171581424130114124e-01 6.461710624929416502e-01
4.183270298893020378e-01 6.496103816104226159e-01
4.194381945272575019e-01 6.702462963153085207e-01
4.218721742103978545e-01 6.805642536677515286e-01
4.228955520317182470e-01 6.943215301376753912e-01
4.237579446420254858e-01 6.977608492551563568e-01
4.270467432067946989e-01 7.046394874901182881e-01
4.327738237015287259e-01 7.115181257250803304e-01
4.378253236553288907e-01 7.161579618930027369e-01
4.412646427728098564e-01 7.183046393408240027e-01
4.515826001252528088e-01 7.209207804091614102e-01
4.619005574776957612e-01 7.265870069431961120e-01
4.687791957126576925e-01 7.291787564315104220e-01
4.790971530651006449e-01 7.316270479845456975e-01
4.928544295350245630e-01 7.360648791038759686e-01
5.031723868874675709e-01 7.386098115603199066e-01
5.134903442399104678e-01 7.428384826064030610e-01
5.238083015923533647e-01 7.453843244544696711e-01
5.478835354147202352e-01 7.532614746912809078e-01
5.582014927671632432e-01 7.557022818069125680e-01
5.719587692370871057e-01 7.601326284888392237e-01
5.822767265895301136e-01 7.618311955421694925e-01
6.063519604118969841e-01 7.677718376541821099e-01
6.132305986468589154e-01 7.687098337771314238e-01
6.235485559993018123e-01 7.711770842629235290e-01
6.373058324692257859e-01 7.721824236972640865e-01
6.476237898216686828e-01 7.746504758891441522e-01
6.545024280566307251e-01 7.755884720120933551e-01
6.648203854090736220e-01 7.780897950066250068e-01
6.751383427615165189e-01 7.790277911295744317e-01
6.854563001139595269e-01 7.814950416153664259e-01
7.026528957013644661e-01 7.825003810497070944e-01
7.164101721712883286e-01 7.853094873874520987e-01
7.955145118733508713e-01 7.853094873874520987e-01
8.092717883432747339e-01 7.825003810497070944e-01
8.299077030481607498e-01 7.814950416153664259e-01
8.402256604006036467e-01 7.790277911295744317e-01
8.505436177530465436e-01 7.780897950066250068e-01
8.677402133404514828e-01 7.738973893961668127e-01
8.883761280453373876e-01 7.670264809899987046e-01
8.952547662802993189e-01 7.636207934083228954e-01
9.050646423994781475e-01 7.562292742523331057e-01
9.105167448641211525e-01 7.493506360173710634e-01
9.124211924017614495e-01 7.459113168998900978e-01
9.170812145258517845e-01 7.252754021950043040e-01
9.174563411804563806e-01 7.115181257250803304e-01
9.146472348427112653e-01 6.977608492551563568e-01
9.144355844354817853e-01 6.908822110201944255e-01
9.152680456277102472e-01 6.874428919027134599e-01
9.177781122081931642e-01 6.840035727852324943e-01
9.365265956900710176e-01 6.741462385288807813e-01
9.399659148075520942e-01 6.715613300955218801e-01
9.446288378418291609e-01 6.668069771978275551e-01
9.469335009507247047e-01 6.633676580803465894e-01
9.507479072790203656e-01 6.530497007279036925e-01
9.518495323552662590e-01 6.461710624929416502e-01
9.521622695241577228e-01 6.186565095530938141e-01
9.527447642871580413e-01 6.152171904356128485e-01
9.548517178628994628e-01 6.117778713181318828e-01
9.571625103949570335e-01 6.104334102085711145e-01
9.777984250998428273e-01 6.094232605377025713e-01
9.812377442173239039e-01 6.082447525883559747e-01
9.856744658788743063e-01 6.048992330831699515e-01
9.880225828399908927e-01 6.014599139656888749e-01
9.891642999958932814e-01 5.980205948482079092e-01
9.892888776059723943e-01 5.911419566132459780e-01
9.862580406710661496e-01 5.808239992608030811e-01
9.847072328007475672e-01 5.773846801433220044e-01
9.812377442173239039e-01 5.729064000424354264e-01
9.777984250998428273e-01 5.704702156675529601e-01
9.670792138503604418e-01 5.670667227908791075e-01
9.644173241583934297e-01 5.636274036733981418e-01
9.664486720121555630e-01 5.601880845559171762e-01
9.709197868648808960e-01 5.590114753841474160e-01
9.915557015697668009e-01 5.577587242269028689e-01
9.949950206872477665e-01 5.563546767895581890e-01
9.980402511558508216e-01 5.533094463209552449e-01
9.994442985931952794e-01 5.498701272034742793e-01
9.999486668788435395e-01 5.464308080859932026e-01
1.000000000000000000e+00 5.326735316160693401e-01
9.986880600674936659e-01 5.257948933811074088e-01
9.968800321266363396e-01 5.223555742636263322e-01
9.949950206872477665e-01 5.202246917669262061e-01
9.915557015697668009e-01 5.181997303300035496e-01
9.881163824522858352e-01 5.174832055138616216e-01
9.812377442173239039e-01 5.177071195189060226e-01
9.709197868648808960e-01 5.199979764814821603e-01
9.674804677473999304e-01 5.200529792612450519e-01
9.634884009146095218e-01 5.189162551461453665e-01
9.617342882462426301e-01 5.154769360286644009e-01
9.631264360986739881e-01 5.120376169111834352e-01
9.674804677473999304e-01 5.073945361025841150e-01
9.709197868648808960e-01 5.050054376441910353e-01
9.777984250998428273e-01 5.014579722345843260e-01
9.807218463497018313e-01 4.982803404412595172e-01
9.818969470481744288e-01 4.948410213237785515e-01
9.815141180749786809e-01 4.914017022062975304e-01
9.785570984345813850e-01 4.879623830888165648e-01
9.743591059823618616e-01 4.865920293779452122e-01
9.674804677473999304e-01 4.863967228935453524e-01
9.606018295124378881e-01 4.876018093103709483e-01
9.434052339250330599e-01 4.951511238671579829e-01
9.399659148075520942e-01 4.957963877453009927e-01
9.365265956900710176e-01 4.954429021693376733e-01
9.330872765725901630e-01 4.935604237800356175e-01
9.311361243809422872e-01 4.914017022062975304e-01
9.293326865360067579e-01 4.879623830888165648e-01
9.193591468748480988e-01 4.535691919140067419e-01
9.090120427502232925e-01 4.375333665287516882e-01
9.055727236327422158e-01 4.332198871355775749e-01
8.984074754713236022e-01 4.260546389741589057e-01
8.883761280453373876e-01 4.186631198181690605e-01
8.814974898103753453e-01 4.152574322364931958e-01
8.711795324579324484e-01 4.118333273852097798e-01
8.643008942229705172e-01 4.107317023089638308e-01
8.505436177530465436e-01 4.111068289635685380e-01
8.333470221656416044e-01 4.153761078432703924e-01
8.264683839306796731e-01 4.186631198181690605e-01
8.127111074607558105e-01 4.281380726703252759e-01
8.023931501083128026e-01 4.370917266875297136e-01
7.989538309908319480e-01 4.383741672884145513e-01
7.920751927558699057e-01 4.379579074823157225e-01
7.783179162859459321e-01 4.334689088749580921e-01
7.679999589335030352e-01 4.290147087064171139e-01
7.508033633460982070e-01 4.231509515225151397e-01
7.336067677586932678e-01 4.152574322364931958e-01
7.164101721712883286e-01 4.084915585627601486e-01
7.060922148188453207e-01 4.058415913738813163e-01
6.957742574664024238e-01 4.015001557665692777e-01
6.785776618789975956e-01 3.956363985826673035e-01
6.510631089391496484e-01 3.843035601791643940e-01
6.407451515867067515e-01 3.808794553278809780e-01
6.338665133517448202e-01 3.797778302516350291e-01
6.201092368818208467e-01 3.791476174718990677e-01
6.097912795293779498e-01 3.767136377887587151e-01
5.925946839419730106e-01 3.760818455283718165e-01
5.857160457070110793e-01 3.748808988793814190e-01
5.685194501196061401e-01 3.677937590961406489e-01
5.616408118846442088e-01 3.641177480873191707e-01
5.582014927671632432e-01 3.630621865224495926e-01
5.513228545322012009e-01 3.624785684219172244e-01
5.238083015923533647e-01 3.625812346642300898e-01
5.169296633573914335e-01 3.636828597404760943e-01
5.066117060049485366e-01 3.674379674632977100e-01
4.997330677699865498e-01 3.709942665570316045e-01
4.962937486525055841e-01 3.717866938827582013e-01
4.928544295350245630e-01 3.712484519261517457e-01
4.895272621278962677e-01 3.675862139769822123e-01
4.893276701009974805e-01 3.641468948595012467e-01
4.909807706128147542e-01 3.538289375070583498e-01
4.906056439582100470e-01 3.263143845672105137e-01
4.881383934724180529e-01 3.159964272147675057e-01
4.871663248407290814e-01 3.056784698623246088e-01
4.791262998372827209e-01 2.781639169224767727e-01
4.718024681627014383e-01 2.644066404525527991e-01
4.687484875062515877e-01 2.540886831001099022e-01
4.563778046640484254e-01 2.368920875127049630e-01
4.481432810077718432e-01 2.286575638564283808e-01
4.343860045378479251e-01 2.196663451531180034e-01
