1.991451981407075245e-01 3.093968888506618553e-01
1.965059481604033986e-01 3.091155373532655792e-01
1.938666981800993283e-01 3.093968888506618553e-01
1.885881982194910766e-01 3.106107374486414274e-01
1.753919483179705585e-01 3.110688162274481972e-01
1.701134483573623624e-01 3.119935702828965929e-01
1.569171984558418442e-01 3.171810014644382281e-01
1.516386984952336481e-01 3.197944434207762310e-01
1.410816985740172003e-01 3.270652921772448374e-01
1.358031986134090041e-01 3.318362440647176781e-01
1.331639486331048783e-01 3.337848661312197152e-01
1.278854486724966821e-01 3.363047472233630097e-01
1.252461986921926118e-01 3.369777060455793061e-01
1.173284487512802898e-01 3.377230327008563515e-01
1.094106988103679678e-01 3.396424872319865895e-01
1.014929488694556459e-01 3.410253200662417550e-01
9.357519892854332388e-02 3.442605297195177050e-01
8.301819900732693158e-02 3.463038200268499511e-01
6.982194910580641345e-02 3.515291093023713564e-01
6.718269912550228762e-02 3.528722990244904656e-01
5.662569920428589532e-02 3.613551404790427690e-01
4.502822573314185783e-02 3.729730153923421776e-01
4.307597832326037768e-02 3.756122653726463034e-01
3.815094934215712552e-02 3.837399556529010325e-01
3.551169936185305520e-02 3.859916234682653768e-01
3.287244938154892937e-02 3.870146500531789213e-01
1.967619948002841124e-02 3.879087709626995450e-01
1.703694949972428541e-02 3.885705501120082506e-01
1.175844953911608926e-02 3.910942942749658924e-01
9.119199558811963424e-03 3.930778902423058829e-01
5.470824586038702808e-03 3.967262652150791435e-01
3.487228618698823279e-03 3.993655151953832694e-01
9.634844557410704446e-04 4.046440151559914655e-01
0.000000000000000000e+00 4.099225151165996617e-01
0.000000000000000000e+00 4.178402650575119837e-01
9.634844557410704446e-04 4.231187650181201798e-01
3.487228618698823279e-03 4.283972649787284315e-01
5.470824586038702808e-03 4.310365149590325018e-01
9.119199558811963424e-03 4.346848899318058179e-01
1.175844953911608926e-02 4.366684858991457530e-01
1.703694949972428541e-02 4.391922300621034503e-01
2.495469944063660739e-02 4.407347113152293439e-01
2.759394942094073322e-02 4.418409445659024493e-01
2.998576971559130389e-02 4.442327648605530199e-01
3.105011010943414806e-02 4.468720148408571458e-01
3.143464901914450049e-02 4.495112648211612716e-01
3.167099976364923242e-02 4.653467647029858600e-01
3.251636009849201425e-02 4.706252646635941117e-01
3.514393502033524852e-02 4.785430146045063782e-01
3.751313059691696594e-02 4.838215145651146298e-01
4.043672834295625185e-02 4.891000145257228260e-01
4.342944930276532167e-02 4.925413895000409492e-01
4.606869928306944750e-02 4.943065349414136334e-01
5.398644922398176949e-02 4.969950123116325114e-01
5.662569920428589532e-02 4.986859696428650457e-01
6.454344914519816179e-02 5.052889853870524695e-01
7.246119908611048377e-02 5.093262666475079081e-01
7.365208017478425129e-02 5.102140143681556106e-01
7.562374863147486304e-02 5.128532643484597919e-01
7.750173388456010892e-02 5.207710142893721139e-01
8.002547804751786176e-02 5.260495142499802546e-01
8.200907401485774129e-02 5.286887642302844359e-01
8.565744898763100190e-02 5.323371392030576965e-01
8.829669896793512773e-02 5.343207351703976871e-01
1.014929488694556459e-01 5.419987749068180261e-01
1.067714488300638420e-01 5.444085075340254765e-01
1.094106988103679678e-01 5.461426721188993305e-01
1.199676987315843602e-01 5.563470267789815127e-01
1.278854486724966821e-01 5.633289202217757197e-01
1.331639486331048783e-01 5.694286761602976865e-01
1.358031986134090041e-01 5.719258889076193064e-01
1.437209485543213261e-01 5.777432854988212574e-01
1.516386984952336481e-01 5.851534873665982239e-01
1.542779484755377184e-01 5.871057347764796486e-01
1.595564484361459701e-01 5.896294789394374014e-01
1.648349483967541662e-01 5.905929633951784163e-01
1.701134483573623624e-01 5.905929633951784163e-01
1.753919483179705585e-01 5.896294789394374014e-01
1.780311982982746843e-01 5.885337575336799798e-01
1.859489482391870063e-01 5.840902616616679977e-01
1.885881982194910766e-01 5.832400311308777452e-01
1.938666981800993283e-01 5.827933888265185436e-01
2.783226975498306333e-01 5.828721724080201394e-01
2.809619475301347591e-01 5.831588234391760217e-01
2.888796974710470811e-01 5.850266003483143296e-01
2.915189474513512069e-01 5.853144634345701647e-01
3.548609469786496717e-01 5.853144634345701647e-01
3.575001969589537976e-01 5.850266003483143296e-01
3.654179468998661195e-01 5.831588234391760217e-01
3.706964468604743157e-01 5.830370119016234920e-01
3.733356968407783860e-01 5.836731388199531967e-01
3.759749468210825118e-01 5.860148263024779203e-01
3.770915525819804603e-01 5.893915137772788304e-01
3.777006102697429424e-01 5.973092637181911524e-01
3.795683871788811947e-01 6.052270136591033634e-01
3.798550382100370770e-01 6.078662636394075447e-01
3.797308025622845307e-01 6.738475131470100798e-01
3.791374963664468911e-01 6.764867631273142612e-01
3.758512319782557620e-01 6.817652630879225129e-01
3.763844856111297488e-01 6.844045130682265832e-01
3.808518217846879605e-01 6.870437630485306535e-01
3.838926967619948338e-01 6.879303860887890920e-01
3.891711967226030300e-01 6.887032914452370091e-01
3.970889466635153520e-01 6.905965995604784746e-01
3.997281966438194778e-01 6.908844626467344208e-01
6.504569447727094333e-01 6.908844626467344208e-01
6.530961947530135037e-01 6.905965995604784746e-01
6.610139446939258256e-01 6.887288226513401668e-01
6.636531946742298960e-01 6.884421716201842845e-01
7.006026943984874356e-01 6.882452126664302394e-01
7.032419443787915059e-01 6.879573495801744043e-01
7.111596943197038279e-01 6.860895726710360965e-01
7.137989443000078982e-01 6.858029216398802141e-01
7.349129441424407938e-01 6.856059626861261691e-01
7.375521941227448641e-01 6.853180995998702230e-01
7.454699440636571861e-01 6.834247914846287575e-01
7.507484440242653267e-01 6.827049960354549807e-01
7.586661939651777598e-01 6.807855415043246872e-01
7.639446939257859004e-01 6.800657460551509104e-01
7.771409438273064740e-01 6.767634586897655069e-01
7.824194437879146147e-01 6.742009841265150794e-01
7.850586937682186850e-01 6.722487367166336547e-01
7.940169172590586522e-01 6.632905132257936875e-01
7.994567450000563680e-01 6.553727632848813656e-01
8.008710423344267415e-01 6.527335133045772952e-01
8.017265724899854673e-01 6.500942633242732249e-01
8.025792532528528422e-01 6.395372634030567216e-01
8.044470301619912611e-01 6.316195134621445106e-01
8.047348932482472073e-01 6.289802634818403293e-01
8.047348932482472073e-01 5.920307637575829007e-01
8.044470301619912611e-01 5.893915137772788304e-01
8.024574417153005346e-01 5.814737638363665084e-01
8.015114375970500138e-01 5.761952638757582568e-01
8.014266739092275049e-01 5.735560138954541864e-01
8.023512795766696293e-01 5.709167639151500051e-01
8.035334436303473993e-01 5.696832014243558007e-01
8.061726936106515806e-01 5.679867491065073715e-01
8.114511935712598323e-01 5.660060282960596156e-01
8.167296935318679729e-01 5.633925863397216682e-01
8.220081934924762246e-01 5.599198889972163418e-01
8.272866934530844762e-01 5.573094832789919906e-01
8.325651934136926169e-01 5.554490283748432233e-01
8.378436933743007575e-01 5.530798327982615614e-01
8.747931930985582971e-01 5.346158934233402604e-01
8.800716930591665488e-01 5.316814851900935057e-01
8.879894430000787597e-01 5.255936437988367738e-01
8.959071929409911927e-01 5.203232843819990405e-01
9.064641928622074740e-01 5.149426705828671347e-01
9.091034428425116554e-01 5.140053179112908932e-01
9.117426928228158367e-01 5.135863893429886140e-01
9.143819428031199070e-01 5.136574108268336936e-01
9.196604427637280477e-01 5.145646530075631553e-01
9.222996927440321180e-01 5.156701561543611811e-01
9.249389427243362993e-01 5.178678393110375255e-01
9.328566926652486213e-01 5.282488892335670538e-01
9.381351926258567619e-01 5.319319103925224113e-01
9.434136925864650136e-01 5.343350285324104387e-01
9.513314425273773356e-01 5.364983481883973671e-01
9.539706925076814059e-01 5.364118154021578766e-01
9.592491924682896576e-01 5.345711603728265926e-01
9.645276924288979092e-01 5.316814851900935057e-01
9.671669424092019796e-01 5.296978892227536262e-01
9.708153173819752402e-01 5.260495142499802546e-01
9.727989133493151197e-01 5.234102642696761842e-01
9.773233418869793354e-01 5.154925143287638623e-01
9.833559132705316230e-01 5.075747643878515403e-01
9.858796574334893759e-01 5.022962644272432886e-01
9.865552788029745557e-01 4.996570144469392183e-01
9.873012206680370495e-01 4.917392645060268963e-01
9.905956942835407730e-01 4.785430146045063782e-01
9.938361377746942615e-01 4.706252646635941117e-01
9.944591865237102368e-01 4.679860146832899859e-01
9.952445018150524181e-01 4.574290147620735381e-01
9.971122787241908370e-01 4.495112648211612716e-01
9.974001418104467831e-01 4.468720148408571458e-01
9.975971007642008281e-01 4.283972649787284315e-01
9.978837517953565994e-01 4.257580149984243056e-01
9.997515287044950183e-01 4.178402650575119837e-01
1.000000000000000000e+00 4.152010150772078578e-01
9.997515287044950183e-01 4.099225151165996617e-01
9.991940314559082381e-01 4.072832651362955914e-01
9.962669486575550515e-01 3.993655151953832694e-01
9.944984061475434789e-01 3.967262652150791435e-01
9.909201922319388345e-01 3.930778902423058829e-01
9.882809422516347642e-01 3.910942942749658924e-01
9.830024422910266235e-01 3.885705501120082506e-01
9.777239423304183719e-01 3.876070656562672356e-01
9.566099424879854762e-01 3.875507477054281891e-01
9.539706925076814059e-01 3.872009721043452868e-01
9.521402449406963786e-01 3.861692652938627512e-01
9.513314425273773356e-01 3.853046834037631152e-01
9.504441084822750074e-01 3.835300153135586254e-01
9.464207069082868351e-01 3.703337654120381073e-01
9.440515113317051732e-01 3.650552654514299111e-01
9.411750430495999797e-01 3.597767654908217150e-01
9.376874627184839106e-01 3.544982655302134633e-01
9.332101636447536208e-01 3.465805155893011413e-01
9.312265676774136303e-01 3.439412656089970710e-01
9.249389427243362993e-01 3.376222920984612852e-01
9.064641928622074740e-01 3.250729433813843716e-01
9.011856929015993334e-01 3.224595014250464242e-01
8.932679429606870114e-01 3.198319265032032455e-01
8.853501930197746894e-01 3.185284873895537494e-01
8.774324430788624785e-01 3.166351792743122839e-01
8.721539431182541158e-01 3.163867079788071912e-01
8.695146931379500455e-01 3.166351792743122839e-01
8.615969431970378345e-01 3.185284873895537494e-01
8.536791932561254015e-01 3.198319265032032455e-01
8.378436933743007575e-01 3.253527549718552292e-01
8.255381903411329603e-01 3.333842656877806787e-01
8.162420060355075613e-01 3.413020156286929452e-01
8.138112921113394016e-01 3.439412656089970710e-01
8.058192226311466921e-01 3.544982655302134633e-01
8.008941936500433290e-01 3.639922342093629970e-01
7.982549436697392586e-01 3.656897005428491609e-01
7.956156936894351883e-01 3.652836620843408211e-01
7.876979437485228663e-01 3.594232945113166044e-01
7.824194437879146147e-01 3.568608199480663989e-01
7.586661939651777598e-01 3.509454290182656422e-01
7.560269439848735784e-01 3.506575659320098071e-01
7.243559442212244015e-01 3.506575659320098071e-01
7.190774442606161498e-01 3.515823199874581473e-01
7.058811943590955762e-01 3.567697511689997825e-01
7.006026943984874356e-01 3.594232945113166044e-01
6.847671945166627916e-01 3.713546073855519269e-01
6.821279445363586103e-01 3.729494506603752146e-01
6.794886945560545399e-01 3.738459980781351222e-01
6.742101945954463993e-01 3.742926403824942683e-01
5.580831954620657509e-01 3.744108157547467175e-01
5.554439454817616806e-01 3.746986788410026081e-01
5.475261955408493586e-01 3.765664557501408605e-01
5.448869455605451773e-01 3.768531067812967428e-01
3.997281966438194778e-01 3.768531067812967428e-01
3.970889466635153520e-01 3.765664557501408605e-01
3.891711967226030300e-01 3.746986788410026081e-01
3.865319467422989597e-01 3.744108157547467175e-01
3.311076971559127613e-01 3.744108157547467175e-01
3.284684471756086355e-01 3.746986788410026081e-01
3.205506972346963135e-01 3.765664557501408605e-01
3.179114472543922432e-01 3.768531067812967428e-01
2.809619475301347591e-01 3.767288711335442519e-01
2.783226975498306333e-01 3.760900606277013947e-01
2.756834475695265629e-01 3.741276872587252500e-01
2.735940413351191647e-01 3.703337654120381073e-01
2.707727119504361735e-01 3.624160154711257853e-01
2.684035163738544005e-01 3.571375155105175891e-01
2.628406686475110998e-01 3.465805155893011413e-01
2.608884212376295086e-01 3.439412656089970710e-01
2.489010585648496754e-01 3.307450157074765529e-01
2.440124478058772750e-01 3.268341271002986881e-01
2.334554478846608827e-01 3.197874153428210686e-01
2.281769479240526866e-01 3.169109470607158752e-01
2.228984479634444349e-01 3.145417514841341022e-01
2.149806980225321684e-01 3.119141765622909235e-01
2.123414480422280426e-01 3.113566793137040878e-01
2.044236981013157206e-01 3.106107374486414274e-01
