7.706108882837019447e-01 2.755804129154950655e-01
7.502652399124125626e-01 2.757283529534033661e-01
7.339887212153811680e-01 2.789225190719729075e-01
7.190685790764357321e-01 2.873992776580109876e-01
7.136430728440918969e-01 2.897031689898632578e-01
7.014356838213182677e-01 2.976902710134888830e-01
6.962105513986917016e-01 3.019690225194509026e-01
6.850184090663723468e-01 3.141764115422244763e-01
6.788581794771785249e-01 3.223146708907401736e-01
6.728095753333268592e-01 3.331656833554278441e-01
6.716298836932091953e-01 3.372348130296856650e-01
6.648254147929807401e-01 3.507985786105451975e-01
6.620094690608007149e-01 3.630059676333187713e-01
6.580316339625678079e-01 3.658632526778112792e-01
6.444678683817083309e-01 3.666055823451622731e-01
6.363296090331925781e-01 3.682673960562167226e-01
6.322604793589347016e-01 3.702550467937558709e-01
6.308040422350883469e-01 3.725006035399204274e-01
6.295477262427627840e-01 3.797911275396324560e-01
6.281913496846768252e-01 3.801267615348731255e-01
6.105584544295594718e-01 3.756180819193922216e-01
6.064893247553015954e-01 3.735397629997443403e-01
5.942819357325280771e-01 3.720310885775060528e-01
5.820745467097544479e-01 3.716346092759117425e-01
5.766490404774106127e-01 3.705267719815117378e-01
5.440960030833478234e-01 3.704255498503113420e-01
5.373141202929180293e-01 3.691703954234257790e-01
5.291758609444022765e-01 3.691703954234257790e-01
5.237503547120585523e-01 3.702782327178257837e-01
5.088302125731130054e-01 3.706747120194200940e-01
5.034047063407691702e-01 3.717819264083972453e-01
4.749207986209642018e-01 3.714833211213559583e-01
4.708516689467063254e-01 3.694876687264672110e-01
4.681389158305344633e-01 3.695694508084634844e-01
4.640697861562765869e-01 3.727649820215812593e-01
4.301603722041277278e-01 3.732395250976836554e-01
4.233784894136979893e-01 3.744946795245691629e-01
3.935382051358070621e-01 3.747438416936779149e-01
3.881126989034632269e-01 3.758510560826551217e-01
3.772616864387756119e-01 3.754777351377531769e-01
3.731925567645177355e-01 3.722362250582595955e-01
3.691234270902599146e-01 3.704175966828598954e-01
3.549299152502890520e-01 3.507985786105451975e-01
3.445560566819280690e-01 3.426603192620294447e-01
3.365703896961970143e-01 3.376601175436617641e-01
3.297885069057672203e-01 3.345105651969198512e-01
3.189374944410796608e-01 3.313469056979944094e-01
3.080864819763919904e-01 3.298354752389331956e-01
2.918099632793605958e-01 3.298354752389331956e-01
2.809589508146729253e-01 3.316263036109333706e-01
2.687515617918994071e-01 3.358199719647856352e-01
2.551877962110398745e-01 3.451634505464972191e-01
2.467989020637473829e-01 3.521549551686311563e-01
2.402319599521447469e-01 3.602932145171469092e-01
2.321293947235786859e-01 3.750607642933076469e-01
2.307730181654927271e-01 3.755887823105625856e-01
2.199220057008051121e-01 3.733945789986589103e-01
2.117837463522893593e-01 3.744946795245691629e-01
1.995763573295157856e-01 3.740830428576874533e-01
1.982199807714298267e-01 3.729588388635980967e-01
1.887838093716422416e-01 3.494422020524592387e-01
1.797654343320873038e-01 3.345220599135138029e-01
1.726183732375574653e-01 3.263838005649980500e-01
1.521031777965074494e-01 3.112222693775796856e-01
1.466776715641636697e-01 3.105976641620438738e-01
1.317575294252181783e-01 3.067770737514720070e-01
1.073427513796710309e-01 3.069250137893803076e-01
9.242260924072553951e-02 3.114051939192384877e-01
8.428434989220984219e-02 3.153511305255667918e-01
6.619471559202272370e-02 3.290965536811699677e-01
5.833153771383309261e-02 3.385911895877716238e-01
4.767408086387231458e-02 3.575804614009749915e-01
4.631749916716593196e-02 3.630059676333187713e-01
4.313065205028376869e-02 3.697878504237485098e-01
4.227116074132714063e-02 3.765697332141783038e-01
3.952392347537336814e-02 3.813340058744552064e-01
3.816754691728740934e-02 3.824592630058673004e-01
2.867291101068575321e-02 3.851983748567712196e-01
1.646552198791217947e-02 3.855948541583655853e-01
9.683639197482440952e-03 3.872785449106794786e-01
1.468312999075460645e-03 3.914898753531237952e-01
-1.110223024625156540e-16 3.942026284692956573e-01
3.392138701129920886e-03 4.091227706082411486e-01
3.788618002724231104e-03 4.281120424214445164e-01
8.535094531361198111e-03 4.430321845603900077e-01
1.221338912724584391e-02 4.633778329316792788e-01
1.568611157766880426e-02 4.728724688382809349e-01
1.574684485638899734e-02 5.081382593485157528e-01
1.470223246240043302e-02 5.135637655808594770e-01
2.035164847576159675e-02 5.393349201844925833e-01
2.373035703766046556e-02 5.515423092072662126e-01
2.262994977801924268e-02 5.596805685557819654e-01
2.252872764681879136e-02 5.840953466013291129e-01
2.148411525283017154e-02 5.908772293917587959e-01
2.252872764681879136e-02 5.963027356241026311e-01
2.252872764681879136e-02 6.057973715307043427e-01
2.127357321993328387e-02 6.125792543211341368e-01
2.217713890047723346e-02 6.220738902277357374e-01
2.129381764617338524e-02 6.274993964600795726e-01
2.187991037961595220e-02 6.329249026924232968e-01
2.102503395624732985e-02 6.546269276217986377e-01
1.938280807712883247e-02 6.681906932026581147e-01
1.741498557857235063e-02 6.763289525511738676e-01
1.831228084007541224e-02 6.803980822254317440e-01
1.870876014166966694e-02 6.898927181320333446e-01
2.039245089398361577e-02 6.980309774805490974e-01
2.369500904251031770e-02 7.075256133871508091e-01
3.274204068494362962e-02 7.143659606843946186e-01
4.088030003345932695e-02 7.172032524801608133e-01
5.308768905623290069e-02 7.188461408142527986e-01
6.800783119517839204e-02 7.192426201158470533e-01
7.207696086943626845e-02 7.202025173723387574e-01
8.021522021795196578e-02 7.194468917297031085e-01
8.564072645029580100e-02 7.203504574102470581e-01
1.005608685892412368e-01 7.205989966739330121e-01
1.059863748215850721e-01 7.217068339683330169e-01
1.331139059833041371e-01 7.218080560995334682e-01
1.385394122156479169e-01 7.228735358251848764e-01
1.873689683067422118e-01 7.231644326576194270e-01
1.955072276552579646e-01 7.243993426582648887e-01
2.022891104456877032e-01 7.231644326576194270e-01
2.212783822588910709e-01 7.231644326576194270e-01
2.280602650493208094e-01 7.244195870845049345e-01
2.375549009559224656e-01 7.235160214039608739e-01
2.429804071882663008e-01 7.244195870845049345e-01
3.121556116506498668e-01 7.244195870845049345e-01
3.189374944410796608e-01 7.231644326576194270e-01
3.894690754615491857e-01 7.230632105264189757e-01
3.962509582519789242e-01 7.218080560995334682e-01
4.233784894136979893e-01 7.217068339683330169e-01
4.301603722041277278e-01 7.204516795414475094e-01
4.518623971335030132e-01 7.197441202505643343e-01
4.600006564820187105e-01 7.202025173723387574e-01
4.640697861562765869e-01 7.192426201158470533e-01
4.722080455047922842e-01 7.188461408142527986e-01
4.762771751790501606e-01 7.178862435577610945e-01
4.898409407599096932e-01 7.174897642561668398e-01
4.939100704341675141e-01 7.165298669996752468e-01
5.047610828988551290e-01 7.161333876980808810e-01
5.088302125731130054e-01 7.151734904415892879e-01
5.169684719216287583e-01 7.147770111399949222e-01
5.210376015958866347e-01 7.138171138835033291e-01
5.291758609444022765e-01 7.134206345819089634e-01
5.332449906186601529e-01 7.124607373254173703e-01
5.454523796414337822e-01 7.120642580238230046e-01
5.563033921061213416e-01 7.107078814657370458e-01
5.657980280127230532e-01 7.083916076511594939e-01
5.725799108031528473e-01 7.079951283495651282e-01
6.010638185229577601e-01 7.025830594141253549e-01
6.417551152655364133e-01 6.927884744346136658e-01
6.593880105206537667e-01 6.873221657840479226e-01
6.648135167529976020e-01 6.846730904843990606e-01
6.706512550765244551e-01 6.803980822254317440e-01
6.720086705259691318e-01 6.776853291092598264e-01
6.719874771422490456e-01 6.749725759930879088e-01
6.702390229853414372e-01 6.724152410241966971e-01
6.675262698691695196e-01 6.716626123028333062e-01
6.336168559170206604e-01 6.715411457453928090e-01
6.281913496846768252e-01 6.697731325204250297e-01
6.244754430724205330e-01 6.668343166445721559e-01
6.225798886016277178e-01 6.627651869703143905e-01
6.221281440257702133e-01 6.519141745056267201e-01
6.231367276674346645e-01 6.451322917151969261e-01
6.219235773638441822e-01 6.410631620409390496e-01
6.221919918316043407e-01 6.085101246468762604e-01
6.227658434523331010e-01 6.067747605210898065e-01
6.241222200104190598e-01 6.055713087710232756e-01
6.295477262427627840e-01 6.055713087710232756e-01
6.311539616404961972e-01 6.071537480887903016e-01
6.322981564855482128e-01 6.112228777630481780e-01
6.336168559170206604e-01 6.129529499034638285e-01
6.363296090331925781e-01 6.143634111783087270e-01
6.420845210010714954e-01 6.139356308792199846e-01
6.432899624233705538e-01 6.125792543211341368e-01
6.431114918236223721e-01 6.093296021507198512e-01
6.409865018826210736e-01 6.071537480887903016e-01
6.416797610123093909e-01 6.057973715307043427e-01
6.580316339625678079e-01 6.050061518718208298e-01
6.648135167529976020e-01 6.038032955460554962e-01
7.990947960035068576e-01 6.037020734148551560e-01
8.045203022358506928e-01 6.025942361204551512e-01
8.180840678167102809e-01 6.023456968567691971e-01
8.235095740490541161e-01 6.012795942256949910e-01
8.262411657285326783e-01 6.017282418564464663e-01
8.271664716321289745e-01 6.030846184145324251e-01
8.274995817574235524e-01 6.085101246468762604e-01
8.302914568394837991e-01 6.115054562126494009e-01
8.397860927460853997e-01 6.129861672885598134e-01
8.424988458622573173e-01 6.126995780480610776e-01
8.506371052107730701e-01 6.097142548566055753e-01
8.523917828216304171e-01 6.071537480887903016e-01
8.523479892783587530e-01 5.990154887402745487e-01
8.642008707916326582e-01 5.900394673999997952e-01
8.696263770239764934e-01 5.837470877553340154e-01
8.777283048575434954e-01 5.718879575785554836e-01
8.797042548505549231e-01 5.569678154396100478e-01
8.804773894886640528e-01 5.551341952777530953e-01
8.818337660467500116e-01 5.550329841729285674e-01
8.872592722790938469e-01 5.598622261305256087e-01
8.967539081856954475e-01 5.628628366343682021e-01
9.048921675342112003e-01 5.632593159359625679e-01
9.157431799988988708e-01 5.655129877555514772e-01
9.225250627893286648e-01 5.639192452998005312e-01
9.252378159055005824e-01 5.621672589122728159e-01
9.307217866446583221e-01 5.528986857653521714e-01
9.352019667745165021e-01 5.379785436264066245e-01
9.356689975307805884e-01 5.284839077198050239e-01
9.374452049282741006e-01 5.258957197977430775e-01
9.523653470672195365e-01 5.203571430878832782e-01
9.605036064157352893e-01 5.162420345472495953e-01
9.645727360899931657e-01 5.150424383859860678e-01
9.808492547870245604e-01 5.046038550481186657e-01
9.840967332770571563e-01 5.013563765580859588e-01
9.893407371975417863e-01 4.932181172095702615e-01
9.943766888529353976e-01 4.877926109772264263e-01
9.956053191165241678e-01 4.823671047448825910e-01
1.000000000000000000e+00 4.715160922801949761e-01
9.999608228472683935e-01 4.579523266993354436e-01
9.984821500421419138e-01 4.551625067332722985e-01
9.957693969259699962e-01 4.534699260425357759e-01
9.917002672517121198e-01 4.534136820626632480e-01
9.849183844612824368e-01 4.552278806818007562e-01
9.781365016708526428e-01 4.587348516366927531e-01
9.767801251127666839e-01 4.581218737690961884e-01
9.767970798197428417e-01 4.565959501412495403e-01
9.849298791778763329e-01 4.430321845603900077e-01
9.904860914618127676e-01 4.294684189795304752e-01
9.935261587722123977e-01 4.172610299567569014e-01
9.939226380738068745e-01 4.118355237244130662e-01
9.962389118883843153e-01 4.023408878178114101e-01
9.961971772250586277e-01 3.914898753531237952e-01
9.952790146318928333e-01 3.874207456788659187e-01
9.948825353302983565e-01 3.792824863303502214e-01
9.903553854102201681e-01 3.602932145171469092e-01
9.837642745829110469e-01 3.453730723782013623e-01
9.705329676961976793e-01 3.277401771230840088e-01
9.659291126480791245e-01 3.231363220749653431e-01
9.605036064157352893e-01 3.195434532677542405e-01
9.564344767414774129e-01 3.178432261356941013e-01
9.484149003417942092e-01 3.128200349841385175e-01
9.415143346025318660e-01 3.072928005099382909e-01
9.360888283701881418e-01 3.061826841220294249e-01
9.293069455797583478e-01 3.028976187784482299e-01
9.116740503246409943e-01 3.015066214201034267e-01
9.076049206503831179e-01 3.024594048135281765e-01
8.994666613018673651e-01 3.028558841151224312e-01
8.859028957210078881e-01 3.058959514255222834e-01
8.777646363724921352e-01 3.086087045416942010e-01
8.642008707916326582e-01 3.153511305255667918e-01
8.438552224203432761e-01 3.327092104753027746e-01
8.413440928465896196e-01 3.318093067973418853e-01
8.304731144142274424e-01 3.114636584260526142e-01
8.180840678167102809e-01 2.973546826600801385e-01
8.113021850262804868e-01 2.921640292648126636e-01
7.923129132130770635e-01 2.830392409061636139e-01
7.855310304226473805e-01 2.787684202638032183e-01
