2.491835248216309195e-01 2.802348897389913551e-01
2.293135990263139856e-01 2.802348897389913551e-01
2.085404947857554259e-01 2.830240847497560441e-01
1.913801043261635360e-01 2.911264174208224587e-01
1.805419629832634154e-01 2.990129425106892724e-01
1.693477609071429857e-01 3.111173046150556565e-01
1.606331070825481322e-01 3.255681597389225024e-01
1.534466096260130308e-01 3.475858879345092856e-01
1.516402527355296681e-01 3.481552749245851452e-01
1.456290984166433988e-01 3.454380855342394363e-01
1.435116467283545916e-01 3.408708763509150641e-01
1.417052898378712289e-01 3.397438276802547952e-01
1.389957545021461849e-01 3.396078664660748814e-01
1.326735053854544710e-01 3.413468219800476211e-01
1.146099364806208998e-01 3.396078664660748814e-01
8.570822623288720798e-02 3.435370405809484717e-01
6.945101421853699941e-02 3.516393732520148863e-01
5.680651598515351619e-02 3.612621405391369667e-01
4.582879251889782068e-02 3.734366173367314468e-01
3.592051443893967688e-02 3.887906509058399740e-01
8.938058387344571809e-03 4.067146376873180258e-01
4.301204762219901223e-03 4.113701120368818964e-01
3.272024859773736694e-03 4.140796473726069404e-01
3.544549370005034561e-03 4.176923611535736658e-01
7.280182580575167428e-04 4.222082533797820725e-01
0.000000000000000000e+00 4.339495731679238744e-01
2.692494232984621316e-03 4.366591085036489184e-01
3.698189788363004382e-03 4.393686438393739624e-01
3.452359797802839747e-03 4.447877145108239949e-01
4.422166161136165119e-03 4.462829766035019130e-01
1.164759372306956031e-02 4.491401002943593568e-01
1.526030750403628566e-02 4.531421151293095195e-01
1.887302128500301102e-02 4.520727859323488973e-01
2.157463400278736287e-02 4.484004282917907203e-01
2.219643572022822475e-02 4.429813576203406322e-01
2.331706977124897717e-02 4.411750007298573251e-01
2.880798418266145022e-02 4.389313907825506123e-01
3.030842579330489395e-02 4.393686438393739624e-01
3.593872368178729904e-02 4.664639971966242915e-01
4.144455979810424129e-02 4.800116738752494561e-01
4.078120113917615974e-02 4.818180307657328187e-01
3.417454447938816919e-02 4.845275661014578628e-01
3.211279622093210495e-02 4.890434583276662694e-01
3.410519744483292426e-02 5.016879565610496972e-01
3.568897928666375785e-02 5.062038487872581038e-01
4.145248241604498896e-02 5.142704719599558993e-01
4.357244293334833207e-02 5.152356332396749172e-01
4.584741324333707624e-02 5.197515254658833239e-01
5.229062375894510950e-02 5.272930654836512909e-01
6.493512199232859272e-02 5.352426486204302503e-01
8.932094001385387783e-02 5.451623793419289044e-01
1.010622598019957352e-01 5.477270951045132286e-01
1.055781520282040864e-01 5.498236812497975246e-01
1.082876873639291304e-01 5.525812098952812557e-01
1.119004011448958558e-01 5.542682790665817150e-01
1.164162933711042625e-01 5.587361330117891489e-01
1.344798622759378337e-01 5.577797082288413755e-01
1.444148251735962729e-01 5.523869108935000050e-01
1.480275389545629983e-01 5.477185510435412796e-01
1.498338958450463609e-01 5.469352332362551472e-01
1.507370742902879868e-01 5.475823241285446841e-01
1.522307924881877161e-01 5.594913770565170807e-01
1.542551000084471102e-01 5.676199830636922128e-01
1.578415404533051736e-01 5.748454106256256635e-01
1.633815725236715255e-01 5.803854426959920154e-01
1.724133569760882834e-01 5.849062262574571402e-01
1.787356060927800527e-01 5.867560763722503570e-01
1.794210540199723813e-01 5.883930873042508836e-01
1.785720996501070079e-01 5.938121579757008606e-01
1.751228923118133274e-01 6.002849368332662250e-01
1.615752156331881628e-01 6.018741360647843486e-01
1.595837811924503691e-01 6.037471208733593553e-01
1.595077837233770945e-01 6.055534777638427180e-01
1.606207202308304605e-01 6.073598346543260806e-01
1.633815725236715255e-01 6.085617567391476967e-01
1.715101785308466020e-01 6.081124833586941669e-01
1.751228923118133274e-01 6.146555094286672016e-01
1.769292492022966901e-01 6.157536597287547320e-01
1.843740201009316237e-01 6.145852622162595313e-01
1.851450040068196023e-01 6.136820837710178500e-01
1.844584731503569053e-01 6.100693699900511247e-01
1.854341795616557542e-01 6.082630130995677620e-01
1.896490123061170263e-01 6.055534777638427180e-01
1.967991749976135685e-01 5.976600744767825990e-01
2.000682882831079645e-01 5.956185148661842232e-01
2.013150672238219752e-01 5.893349733971456894e-01
2.238945283548639531e-01 5.907760888943884847e-01
2.347326696977640736e-01 5.923184397778011867e-01
2.455708110406641942e-01 5.925824457848718474e-01
2.564089523835643147e-01 5.941247966682845494e-01
2.654407368359811281e-01 5.943888026753552101e-01
2.744725212883979415e-01 5.959311535587679121e-01
3.593712951411156542e-01 6.016142302372886608e-01
3.720157933744991374e-01 6.036639333849818101e-01
3.750364235080296260e-01 6.100693699900511247e-01
3.765316856007075441e-01 6.110391763533843390e-01
3.819507562721575766e-01 6.112851871278763838e-01
3.900793622793327087e-01 6.091415594053937177e-01
3.936920760602994340e-01 6.056331699795993728e-01
3.954984329507827967e-01 6.054647727379707245e-01
3.967755837210073522e-01 6.073598346543260806e-01
3.977159382379806263e-01 6.308424742306096844e-01
3.970338363076936217e-01 6.353583664568180911e-01
3.977294185132827509e-01 6.452933293544765858e-01
3.970199412546898676e-01 6.489060431354433112e-01
3.974577474811861189e-01 6.606473629235850575e-01
3.954984329507827967e-01 6.633485354959283153e-01
3.891761838340910273e-01 6.645866104501392257e-01
3.566617598053906102e-01 6.668477546309982129e-01
3.539522244696655662e-01 6.679386472471506853e-01
3.527838269571703655e-01 6.696791473760018709e-01
3.547801380444705055e-01 6.769045749379353216e-01
3.638871873673240609e-01 6.833477854535433549e-01
3.756285071554658628e-01 6.887717474602501611e-01
4.045302174031995546e-01 6.988934963163192515e-01
4.523986750010084990e-01 7.070221023234943836e-01
4.894289912559173228e-01 7.106348161044609979e-01
5.002671325988173878e-01 7.108988221115316586e-01
5.526514824228347944e-01 7.161523964800419195e-01
5.860690848967768929e-01 7.171229763017942238e-01
5.905849771229851886e-01 7.179587533705252822e-01
6.041326538016104086e-01 7.180261547470359051e-01
6.086485460278188153e-01 7.188619318157669635e-01
6.456788622827276392e-01 7.189293331922775865e-01
6.501947545089359348e-01 7.197651102610086449e-01
7.323839930259287145e-01 7.197651102610086449e-01
7.368998852521371212e-01 7.189293331922775865e-01
7.576729894926956810e-01 7.187356320056287329e-01
7.612857032736624063e-01 7.180261547470359051e-01
7.739302015070459451e-01 7.179587533705252822e-01
8.118636962071963392e-01 7.151507083306694046e-01
8.263145513310632406e-01 7.127051790020150213e-01
8.344431573382382616e-01 7.124411729949443606e-01
8.525067262430718884e-01 7.097316376592193166e-01
8.579257969145219764e-01 7.081892867758066146e-01
8.823116149360472615e-01 7.043215145597792048e-01
9.130196820742643160e-01 6.950628319055764948e-01
9.220514665266811294e-01 6.905732130154766946e-01
9.268899224833329065e-01 6.868395378355938163e-01
9.339186390489959688e-01 6.760013964926936403e-01
9.387198269377458049e-01 6.570346491426183322e-01
9.387198269377458049e-01 6.109725484352928060e-01
9.377997446552205352e-01 6.001344070923926299e-01
9.386850028932154366e-01 5.965216933114259046e-01
9.360911732538335084e-01 5.766517675161090262e-01
9.376806872783242097e-01 5.721358752899006195e-01
9.366001659821158176e-01 5.667168046184505314e-01
9.509921068798130595e-01 5.450405219326502904e-01
9.564669355086723446e-01 5.269769530278167746e-01
9.579753891861688686e-01 5.152356332396749172e-01
9.599849612268316346e-01 5.133615379657984201e-01
9.626944965625565676e-01 5.134373404424527054e-01
9.672103887887650853e-01 5.170653481933973339e-01
9.717262810149733809e-01 5.181921314315207638e-01
9.753389947959401063e-01 5.163023181275896434e-01
9.789517085769068316e-01 5.164097652184891363e-01
9.816612439126318757e-01 5.150851034988013222e-01
9.835065309085135876e-01 5.125260979039498732e-01
9.855865963861821788e-01 5.053006703420164225e-01
9.855865963861821788e-01 5.025911350062913785e-01
9.832331217836773884e-01 4.935593505538746206e-01
9.839191900257360235e-01 4.926561721086329393e-01
9.924993852555319407e-01 4.902085585220279929e-01
9.937652035310602372e-01 4.872371014371829068e-01
9.937152023933573108e-01 4.700767109775910169e-01
9.926473196560458012e-01 4.655608187513826102e-01
9.915962068102903704e-01 4.645229558011487736e-01
9.843707792483569197e-01 4.642464919094264064e-01
9.617913181173149972e-01 4.686132273857642194e-01
9.606779171029220521e-01 4.673671756418659728e-01
9.633281782136535742e-01 4.529163205179991269e-01
9.645008534530399302e-01 4.512023341503245688e-01
9.663072103435232929e-01 4.511852284979525618e-01
9.672183114067058884e-01 4.583353911894492150e-01
9.699199241244900183e-01 4.622280902884408071e-01
9.717262810149733809e-01 4.631749223585358566e-01
9.744358163506984249e-01 4.632207655068928398e-01
9.798548870221485130e-01 4.590203015104241113e-01
9.943057421460153034e-01 4.548436388073987535e-01
9.964273594371961806e-01 4.529163205179991269e-01
9.972904646642749560e-01 4.493036067370324016e-01
9.963865944463270452e-01 4.474972498465490389e-01
9.905424986241749830e-01 4.438845360655823136e-01
9.906930283650485780e-01 4.394302241879131654e-01
9.915962068102903704e-01 4.390764390482663759e-01
9.988216343722238211e-01 4.412621495272052163e-01
9.997248128174653914e-01 4.404710528240072254e-01
1.000000000000000000e+00 4.375622869488905997e-01
9.977037659686869286e-01 4.339495731679238744e-01
9.973001260683165281e-01 4.294336809417155232e-01
9.961120990364986660e-01 4.273654023021120629e-01
9.904406696818193190e-01 4.258209671607487978e-01
9.896393201789333016e-01 4.249177887155071165e-01
9.897898499198070077e-01 4.194861738989842381e-01
9.924993852555319407e-01 4.193040675170652820e-01
9.961120990364986660e-01 4.221315684174502536e-01
9.979184559269820287e-01 4.224304639496431202e-01
9.996213236206148434e-01 4.213050749345403911e-01
1.000000000000000000e+00 4.176923611535736658e-01
9.988918815846314914e-01 4.158860042630903031e-01
9.943057421460153034e-01 4.130950348052533361e-01
9.870803145840818527e-01 4.129112498601117953e-01
9.853774468904490380e-01 4.140796473726069404e-01
9.824339632491164709e-01 4.231114318250237538e-01
9.789517085769068316e-01 4.252263746842979697e-01
9.771453516864234690e-01 4.246016762596724892e-01
9.743471113248265425e-01 4.194987180440570285e-01
9.727423567658702863e-01 4.113701120368818964e-01
9.708231025697316996e-01 4.090300587923921816e-01
9.690167456792484479e-01 4.083896231675843702e-01
9.563722474458649092e-01 4.112482546276032824e-01
9.428245707672396891e-01 4.158780816451496110e-01
9.410182138767563265e-01 4.152147229862215294e-01
9.375293229471535206e-01 4.014351491392234572e-01
9.310909050337186077e-01 3.842747586796315673e-01
9.220514665266811294e-01 3.701287262810337708e-01
9.140897521887354493e-01 3.607921191033479635e-01
9.039878976218476136e-01 3.534457301424982489e-01
8.904402209432223936e-01 3.471497543619151971e-01
8.786989011550805362e-01 3.442222683964140661e-01
8.705702951479055152e-01 3.432205802470415512e-01
8.479908340168634817e-01 3.444130496797190855e-01
8.371526926739634167e-01 3.480529328071568784e-01
8.281209082215466033e-01 3.525264235107343769e-01
8.163795884334047459e-01 3.606965906139474320e-01
8.124507621966035043e-01 3.644048328843146889e-01
8.026972272497874261e-01 3.797588664534232161e-01
7.985262420977222719e-01 3.905970077963233367e-01
7.965096626380878675e-01 3.924578668343643995e-01
7.739302015070459451e-01 3.909235415419107240e-01
7.540602757117289556e-01 3.884780122132562852e-01
7.432221343688287796e-01 3.882140062061856800e-01
7.323839930259287145e-01 3.866716553227729225e-01
7.079981750044034294e-01 3.855044708704606915e-01
6.520011113994192975e-01 3.794462277608395273e-01
6.339375424945857818e-01 3.782790433085272408e-01
6.041326538016104086e-01 3.749303355346311206e-01
5.806500142253268049e-01 3.737631510823188341e-01
5.707150513276683101e-01 3.722208001989061321e-01
4.912353481464006300e-01 3.658000413780835292e-01
4.731717792415671142e-01 3.657326400015729617e-01
4.686558870153587075e-01 3.648968629328418478e-01
4.533018534462501803e-01 3.648968629328418478e-01
4.352382845414166090e-01 3.676959604006877491e-01
4.162715371913413565e-01 3.724075861573167279e-01
3.891761838340910273e-01 3.873743028894382490e-01
3.846602916078826206e-01 3.874089226873732583e-01
3.313727633386236437e-01 3.791352432412324891e-01
3.296493514073971509e-01 3.779525095629398534e-01
3.251452022847395318e-01 3.526635130961728315e-01
3.178327407146191441e-01 3.327935873008559531e-01
3.111826197309028319e-01 3.210522675127140957e-01
3.033742315361316333e-01 3.103754080350357158e-01
2.961488039741981826e-01 3.026326378746602708e-01
2.771820566241229855e-01 2.893200605303390960e-01
2.627312015002560841e-01 2.830240847497560441e-01
