2.319834704783061974e-01 3.053982230571457013e-01
2.292366484367674984e-01 3.050986270824658231e-01
2.072620721044582393e-01 3.050986270824658231e-01
2.017684280213808967e-01 3.059784430976660308e-01
1.852874957721489246e-01 3.117242926528112634e-01
1.770470296475329941e-01 3.168618831577769135e-01
1.690354653597118673e-01 3.228299783207563833e-01
1.633129194398396655e-01 3.285525242406286406e-01
1.547045753632318998e-01 3.393109105699883554e-01
1.495788092321463369e-01 3.477698739024540631e-01
1.468319871906076934e-01 3.501133164833472033e-01
1.440851651490690499e-01 3.512792066081210640e-01
1.358446990244530639e-01 3.532886904749149570e-01
1.330978769829144204e-01 3.535102083814906093e-01
1.303510549413757214e-01 3.528733444000854980e-01
1.276042328998370778e-01 3.511868764554643141e-01
1.217048082878961490e-01 3.448045546530656980e-01
1.138701226921437493e-01 3.388939822243976496e-01
1.028828345259891197e-01 3.334345125958769751e-01
9.464236840137313367e-02 3.306998414715139889e-01
9.189554635983449016e-02 3.301196214309936039e-01
8.365508023521850411e-02 3.293432760404655379e-01
7.541461411060251807e-02 3.273727993894549604e-01
6.992097002752523105e-02 3.271142007586785860e-01
6.717414798598653203e-02 3.273727993894549604e-01
5.344003777829325896e-02 3.306998414715139889e-01
4.794639369521591643e-02 3.329257540699204210e-01
4.519957165367727292e-02 3.350346080735020493e-01
4.245274961213857390e-02 3.380311412097259938e-01
3.970592757059993039e-02 3.398928643923482262e-01
3.421228348752264337e-02 3.413597696337589693e-01
3.146546144598394434e-02 3.427055679986823478e-01
2.226360760682943862e-02 3.502981987361429850e-01
1.221361222502442834e-02 3.640323089438363136e-01
1.108229788377251834e-02 3.667791309853749571e-01
8.872850154328482120e-03 3.750195971099909431e-01
3.709267752048994726e-03 3.860068852761455727e-01
2.995959746799337076e-04 3.997409954838389012e-01
0.000000000000000000e+00 4.079814616084548873e-01
1.183963617085947995e-03 4.217155718161481603e-01
2.270072625690455759e-03 4.272092158992255029e-01
3.046418016218577218e-03 4.354496820238414889e-01
3.626638056738962224e-03 4.381965040653801324e-01
6.361309181101948429e-03 4.464369701899961185e-01
1.129800487784488050e-02 4.574242583561507480e-01
1.203315657765191560e-02 4.601710803976893915e-01
1.171675814733535992e-02 4.629179024392280906e-01
9.490885113674685236e-03 4.644923004386465326e-01
6.615305788938874443e-03 4.656647244807667341e-01
4.278166012118334027e-03 4.684115465223054331e-01
4.126808108028456878e-03 4.711583685638440766e-01
5.033323028721559123e-03 4.739051906053827201e-01
6.744063072135986214e-03 4.767478320204633913e-01
9.490885113674685236e-03 4.791564680377360386e-01
1.223770715521332875e-02 4.802490415108410238e-01
2.047817327982931479e-02 4.818133798701351722e-01
2.597181736290665732e-02 4.841828830774732584e-01
3.146546144598394434e-02 4.871733220738864167e-01
3.695910552906128688e-02 4.908030512002053980e-01
4.588627716406190604e-02 4.958797669376920347e-01
4.850104045360359439e-02 4.986265889792306782e-01
4.936483458551871317e-02 5.013734110207693773e-01
4.944279674769591626e-02 5.123606991869239513e-01
5.044555145432072507e-02 5.178543432700013494e-01
5.307215982630147932e-02 5.233479873530786364e-01
5.513660433336126099e-02 5.260948093946172799e-01
5.893368186137054598e-02 5.298918869226265649e-01
6.168050390290924501e-02 5.319563314296864576e-01
6.717414798598653203e-02 5.345829398016671563e-01
7.266779206906387456e-02 5.355856945082918541e-01
8.090825819367986060e-02 5.352860985336119759e-01
1.001360124844504762e-01 5.307221480645939460e-01
1.028828345259891197e-01 5.308254473550449992e-01
1.056296565675278187e-01 5.318261592312892860e-01
1.083764786090664622e-01 5.341167783113835998e-01
1.102471591373556659e-01 5.370820975607719650e-01
1.114555775104686952e-01 5.398289196023106085e-01
1.135821494135952903e-01 5.480693857269265390e-01
1.162490667816906686e-01 5.535630298100038260e-01
1.182808850088452601e-01 5.563098518515425805e-01
1.303510549413757214e-01 5.683800217840729863e-01
1.330978769829144204e-01 5.704118400112276888e-01
1.385915210659917074e-01 5.730384483832083875e-01
1.440851651490690499e-01 5.740412030898330853e-01
2.539580468106154565e-01 5.742461898093509376e-01
2.567048688521541555e-01 5.745445243272953029e-01
2.649453349767700860e-01 5.764884291566919616e-01
2.676921570183087296e-01 5.767880251313717288e-01
3.473499962229299465e-01 5.769930118508896921e-01
3.500968182644685900e-01 5.772913463688340574e-01
3.583372843890845760e-01 5.792624633047026572e-01
3.638309284721619186e-01 5.800115965887586711e-01
3.720713945967778491e-01 5.819820732397692487e-01
3.858055048044711777e-01 5.827043145597822216e-01
3.876510258636299833e-01 5.837780722669291267e-01
3.893670621973136514e-01 5.865248943084677702e-01
3.925905652205106677e-01 6.030058265576997423e-01
3.925035247057615528e-01 6.606890894300117001e-01
3.915415155382724888e-01 6.661827335130889871e-01
3.917455074692984818e-01 6.689295555546276306e-01
3.940459709290871637e-01 6.712890052569749910e-01
3.967927929706258072e-01 6.724644003130011427e-01
4.022864370537031498e-01 6.733878590220481186e-01
4.215141913444737654e-01 6.781208446936223266e-01
4.325014795106283949e-01 6.789237619057644224e-01
4.407419456352443810e-01 6.808948788416331332e-01
4.489824117598603670e-01 6.816440121256891471e-01
4.572228778844763530e-01 6.836417008831718878e-01
4.654633440090923391e-01 6.843908341672277906e-01
4.737038101337083251e-01 6.863613108182383682e-01
4.956783864660175842e-01 6.871642280303804640e-01
5.039188525906336258e-01 6.891081328597770117e-01
5.066656746321722693e-01 6.894077288344568899e-01
5.396275391306362135e-01 6.896127155539746312e-01
5.423743611721748570e-01 6.899110500719191075e-01
5.506148272967907875e-01 6.918549549013156552e-01
5.533616493383294310e-01 6.921545508759955334e-01
6.082980901691026343e-01 6.923595375955133857e-01
6.110449122106413888e-01 6.926578721134577510e-01
6.192853783352573194e-01 6.946017769428542987e-01
6.220322003767959629e-01 6.949013729175341769e-01
7.071836836644944668e-01 6.949013729175341769e-01
7.099305057060331103e-01 6.946017769428542987e-01
7.181709718306490409e-01 6.926578721134577510e-01
7.428923702044970545e-01 6.918549549013156552e-01
7.511328363291129850e-01 6.899110500719191075e-01
7.538796583706517396e-01 6.896127155539746312e-01
8.610057179906593916e-01 6.894077288344568899e-01
8.637525400321981461e-01 6.891081328597770117e-01
8.719930061568140767e-01 6.871642280303804640e-01
8.747398281983527202e-01 6.868658935124359877e-01
9.131953367798939514e-01 6.866609067929182464e-01
9.159421588214327059e-01 6.863613108182383682e-01
9.461572012783578955e-01 6.789237619057644224e-01
9.571444894445125806e-01 6.781064382843136062e-01
9.598913114860512241e-01 6.774176859616773960e-01
9.653849555691285111e-01 6.747910775896966973e-01
9.681317776106672657e-01 6.727266330826369156e-01
9.719288551386765507e-01 6.689295555546276306e-01
9.739932996457363323e-01 6.661827335130889871e-01
9.766199080177170311e-01 6.606890894300117001e-01
9.776226627243418399e-01 6.551954453469343020e-01
9.770374896984683755e-01 6.414613351392410845e-01
9.776226627243418399e-01 6.332208690146250429e-01
9.773230667496619617e-01 6.249804028900090014e-01
9.753791619202653029e-01 6.167399367653930708e-01
9.750808274023210487e-01 6.057526485992383858e-01
9.760399668754196068e-01 6.002590045161610988e-01
9.794070390553702987e-01 5.920185383915451682e-01
9.803694847658805944e-01 5.865248943084677702e-01
9.800698887912007162e-01 5.782844281838518397e-01
9.780994121401900276e-01 5.700439620592357981e-01
9.773502788561341248e-01 5.645503179761585111e-01
9.753791619202653029e-01 5.563098518515425805e-01
9.750808274023210487e-01 5.535630298100038260e-01
9.751218247462245525e-01 5.370820975607719650e-01
9.754924023001028122e-01 5.343352755192332104e-01
9.765571259880789778e-01 5.315884534776945669e-01
9.788443835726678977e-01 5.288416314361559234e-01
9.846127098598991267e-01 5.243982428395492779e-01
9.884097873879085228e-01 5.206011653115399929e-01
9.904742318949681934e-01 5.178543432700013494e-01
9.931411492630636273e-01 5.123606991869239513e-01
9.965508210404325773e-01 4.986265889792306782e-01
9.968504170151124555e-01 4.958797669376920347e-01
9.968504170151124555e-01 4.629179024392280906e-01
9.958476623084877577e-01 4.574242583561507480e-01
9.905951951537588229e-01 4.464369701899961185e-01
9.903581459634507311e-01 4.436901481484574750e-01
9.910294662684115963e-01 4.409433261069187759e-01
9.958879713046022708e-01 4.299560379407641464e-01
9.973271664309606432e-01 4.217155718161481603e-01
9.993821606832493654e-01 4.134751056915321743e-01
1.000000000000000000e+00 4.079814616084548873e-01
9.993680744163696561e-01 4.052346395669161883e-01
9.983468200675924553e-01 4.042133852181390430e-01
9.955999980260538118e-01 4.035814596345086991e-01
9.873595319014378813e-01 4.048640365930578078e-01
9.818658878183605943e-01 4.071574149959932276e-01
9.807328237262258330e-01 4.079814616084548873e-01
9.786130722428542095e-01 4.107282836499935308e-01
9.779636565053808628e-01 4.134751056915321743e-01
9.774304456693185816e-01 4.244623938576868039e-01
9.763722437352831962e-01 4.279196009099682785e-01
9.736254216937445527e-01 4.294655340047751624e-01
9.708785996522057982e-01 4.285241838978344209e-01
9.693335122538404569e-01 4.272092158992255029e-01
9.675498237883073394e-01 4.244623938576868039e-01
9.669944216090926581e-01 4.217155718161481603e-01
9.663357785835073877e-01 3.997409954838389012e-01
9.630147139687685875e-01 3.860068852761455727e-01
9.602740653770853729e-01 3.777664191515295866e-01
9.548145957485646429e-01 3.667791309853749571e-01
9.472400830447338382e-01 3.557918428192203275e-01
9.406635571952806085e-01 3.492153169697671533e-01
9.296762690291260345e-01 3.419393351097365086e-01
9.159421588214327059e-01 3.362761152499013084e-01
9.104485147383554189e-01 3.353136695393911237e-01
8.967144045306620903e-01 3.353136695393911237e-01
8.939675824891233358e-01 3.356132655140709464e-01
8.802334722814300072e-01 3.390229372914399519e-01
8.747398281983527202e-01 3.413939172848218240e-01
8.692461841152754332e-01 3.443876263074749922e-01
8.582588959491208591e-01 3.519621390113057968e-01
8.489355480581289859e-01 3.612854869022976700e-01
8.469037298309743944e-01 3.640323089438363136e-01
8.399550727086858570e-01 3.777664191515295866e-01
8.390311416583502435e-01 3.790058388531994393e-01
8.362843196168114890e-01 3.810105107005882230e-01
8.335374975752728455e-01 3.816753582106423570e-01
8.198033873675796279e-01 3.823092402202281637e-01
8.115629212429635864e-01 3.842531450496247114e-01
8.088160992014248318e-01 3.845514795675690767e-01
7.840947008275769292e-01 3.846334742553762509e-01
7.786010567444996422e-01 3.841686274483466224e-01
7.758542347029609987e-01 3.832837427349650161e-01
7.621201244952676701e-01 3.754365254555816489e-01
7.538796583706517396e-01 3.694536682363468438e-01
7.483860142875743415e-01 3.669448874878816769e-01
7.346519040798811240e-01 3.584202673589684807e-01
7.209177938721877954e-01 3.527570474991332805e-01
7.154241497891105084e-01 3.517946017886230403e-01
7.044368616229558233e-01 3.520941977633029185e-01
6.961963954983397818e-01 3.540646744143134406e-01
6.879559293737238512e-01 3.548410198048415620e-01
6.852091073321852077e-01 3.555038695406719240e-01
6.714749971244918791e-01 3.609027330112635212e-01
6.659813530414145921e-01 3.636644309918444784e-01
6.632345309998759486e-01 3.657288754989043156e-01
6.594374534718665526e-01 3.695259530269136006e-01
6.549940648752599071e-01 3.752942793141447742e-01
6.522472428337212635e-01 3.775331984121536588e-01
6.495004207921826200e-01 3.785294252741792098e-01
6.467535987506438655e-01 3.786327245646302075e-01
6.385131326260279350e-01 3.768155961371508766e-01
6.192853783352573194e-01 3.760126789250087809e-01
6.110449122106413888e-01 3.740687740956122331e-01
6.082980901691026343e-01 3.737691781209323549e-01
3.803118607213938351e-01 3.737691781209323549e-01
3.775650386798551916e-01 3.740687740956122331e-01
3.583372843890845760e-01 3.787595009665474244e-01
3.555904623475458770e-01 3.790578354844917897e-01
3.418563521398526039e-01 3.790578354844917897e-01
3.391095300983139049e-01 3.787595009665474244e-01
3.308690639736979744e-01 3.768155961371508766e-01
3.034008435583113172e-01 3.761817141275650145e-01
3.006540215167726737e-01 3.754774007835807170e-01
2.979071994752340302e-01 3.730968216809139038e-01
2.974099299677140928e-01 3.722727750684522441e-01
2.954483507122437347e-01 3.640323089438363136e-01
2.930773707188619182e-01 3.585386648607589710e-01
2.845409672195325368e-01 3.420577326115270544e-01
2.825091489923778898e-01 3.393109105699883554e-01
2.727800205725223748e-01 3.283236224038337259e-01
2.594516908936927990e-01 3.169684562856872612e-01
2.457175806859994704e-01 3.090725899601686755e-01
