2.031397965300644204e-01 2.432603841776015408e-04
1.941044108320374439e-01 0.000000000000000000e+00
1.895867179830239557e-01 3.645627320829625262e-04
1.860855060250384274e-01 1.025168761891515068e-03
1.862888022032440638e-01 3.284015186398259178e-03
1.913997394553254017e-01 7.801708035411747399e-03
2.121751822280913968e-01 2.169764720045774808e-02
2.189517215016116292e-01 2.548928227016550307e-02
2.234694143506251174e-01 2.847418647397798042e-02
2.302459536241453497e-01 3.230615808698045210e-02
2.370224928976655820e-01 3.751580600142312427e-02
2.596109571427330787e-01 5.258847214313183693e-02
2.799405749632937757e-01 6.785661537926895859e-02
2.867171142368140080e-01 7.419876110961487470e-02
2.934936535103342958e-01 7.915084750180267914e-02
2.980113463593477841e-01 8.323414680764185114e-02
3.047878856328679609e-01 8.818623319982965558e-02
3.192749102977333608e-01 1.026732578646950556e-01
3.242269966899212208e-01 1.094497971382153434e-01
3.328279888447738255e-01 1.184851828362423198e-01
3.413195928073907148e-01 1.297794149587760404e-01
3.503480112843031513e-01 1.433324935058165051e-01
3.563984927785176504e-01 1.546267256283502256e-01
3.593833969823301278e-01 1.591444184773637138e-01
3.661285266524651472e-01 1.726974970244042340e-01
3.677208282303960907e-01 1.772151898734177222e-01
3.729050659259853795e-01 1.885094219959514428e-01
3.774170847821292640e-01 2.020625005429919074e-01
3.846860216633376517e-01 2.314275040615796364e-01
3.853020706882031576e-01 2.359451969105931246e-01
3.869448680878444513e-01 2.427217361841133569e-01
3.875609171127099017e-01 2.494982754576335893e-01
3.891818632007854051e-01 2.562748147311538216e-01
3.898421413864104901e-01 2.720867397027010304e-01
3.914407096252921492e-01 2.788632789762213182e-01
3.916523305991609916e-01 2.833809718252348064e-01
3.914407096252921492e-01 2.856398182497414950e-01
3.898421413864104901e-01 2.924163575232617829e-01
3.895957689290877046e-01 2.946752039477684715e-01
3.894271983003931847e-01 3.918056002015585793e-01
3.891818632007854051e-01 3.940644466260653234e-01
3.875832949619037460e-01 4.008409858995855557e-01
3.873369225045809605e-01 4.030998323240922998e-01
3.871683518758864406e-01 4.979713821533756635e-01
3.869230167762786610e-01 5.002302285778823521e-01
3.853244485373970019e-01 5.070067678514026399e-01
3.850780760800741609e-01 5.092656142759094395e-01
3.849095054513796965e-01 6.086548569542061804e-01
3.846641703517719169e-01 6.109137033787129800e-01
3.830656021128902577e-01 6.176902426522332679e-01
3.828192296555674723e-01 6.199490890767399565e-01
3.826506590268729524e-01 7.148206389060233201e-01
3.824053239272651727e-01 7.170794853305300087e-01
3.808067556883835136e-01 7.238560246040502966e-01
3.805603832310606727e-01 7.261148710285569852e-01
3.803918126023662083e-01 8.232452672823471485e-01
3.801464775027584286e-01 8.255041137068538371e-01
3.785479092638767695e-01 8.322806529803741249e-01
3.783015368065539841e-01 8.345394994048809245e-01
3.783352509322928658e-01 8.639045029234685424e-01
3.786665055962989412e-01 8.661633493479752310e-01
3.795833616280148703e-01 8.684221957724820307e-01
3.815886640660973717e-01 8.704274982105645320e-01
3.838475104906041158e-01 8.714519183577331685e-01
3.883652033396176040e-01 8.725937750564500828e-01
4.041771283111648128e-01 8.777672620287074734e-01
4.109536675846850451e-01 8.793703143299703706e-01
4.335421318297525417e-01 8.868026477267345609e-01
4.403186711032727740e-01 8.884057000279973471e-01
4.561305960748199828e-01 8.935791870002547377e-01
4.629071353483402151e-01 8.951822393015176349e-01
4.787190603198874239e-01 9.003557262737749145e-01
4.854955995934077118e-01 9.019587785750378117e-01
5.080840638384751529e-01 9.093911119718018909e-01
5.148606031119953297e-01 9.109941642730647882e-01
5.306725280835425940e-01 9.161676512453221788e-01
5.374490673570628818e-01 9.177707035465850760e-01
5.532609923286100351e-01 9.229441905188424666e-01
5.600375316021303229e-01 9.245472428201053638e-01
5.826259958471977640e-01 9.319795762168694431e-01
5.894025351207180519e-01 9.335826285181323403e-01
6.052144600922652051e-01 9.387561154903896199e-01
6.119909993657854930e-01 9.403591677916525171e-01
6.345794636108529341e-01 9.477915011884165963e-01
6.413560028843732219e-01 9.493945534896794936e-01
6.571679278559203752e-01 9.545680404619368842e-01
6.639444671294406630e-01 9.561710927631996704e-01
6.797563921009878163e-01 9.613445797354571720e-01
6.865329313745081041e-01 9.629476320367199582e-01
7.091213956195755452e-01 9.703799654334841485e-01
7.158979348930958331e-01 9.719830177347470457e-01
7.317098598646429863e-01 9.771565047070043253e-01
7.384863991381632742e-01 9.787595570082672225e-01
7.542983241097105385e-01 9.839330439805245021e-01
7.610748633832307153e-01 9.855360962817873993e-01
7.836633276282981564e-01 9.929684296785514785e-01
7.904398669018184442e-01 9.945714819798143758e-01
8.062517918733655975e-01 9.996721029383780488e-01
8.085106382978723971e-01 1.000000000000000000e+00
8.107694847223791967e-01 9.996532472593958607e-01
8.130283311468858853e-01 9.976747169159490003e-01
8.139144939749616281e-01 9.949175955448598119e-01
8.138102395245998544e-01 9.903999026958463237e-01
8.099309735496456053e-01 9.745879777242991704e-01
8.093149245247801549e-01 9.700702848752855711e-01
8.076721271251388057e-01 9.632937456017653943e-01
8.070560781002733552e-01 9.587760527527519061e-01
8.054132807006320061e-01 9.519995134792316183e-01
8.047972316757666666e-01 9.474818206302181300e-01
8.031544342761253175e-01 9.407052813566978422e-01
8.025383852512598670e-01 9.361875885076844650e-01
7.986367414271118292e-01 9.203756635361372007e-01
7.980206924022463788e-01 9.158579706871237125e-01
7.963778950026050296e-01 9.090814314136035357e-01
7.957618459777395792e-01 9.045637385645899364e-01
7.941190485780983410e-01 8.977871992910697596e-01
7.935029995532328906e-01 8.932695064420561604e-01
7.918602021535916524e-01 8.864929671685359835e-01
7.912441531287262020e-01 8.819752743195224953e-01
7.896013557290848528e-01 8.751987350460022075e-01
7.889853067042194024e-01 8.706810421969888303e-01
7.850836628800713646e-01 8.548691172254415660e-01
7.844676138552059141e-01 8.503514243764280778e-01
7.828248164555646760e-01 8.435748851029079010e-01
7.822087674306992255e-01 8.390571922538943017e-01
7.805659700310578764e-01 8.322806529803741249e-01
7.799499210061924259e-01 8.277629601313605257e-01
7.783071236065510767e-01 8.209864208578403488e-01
7.776910745816856263e-01 8.164687280088268606e-01
7.737894307575376995e-01 8.006568030372795963e-01
7.731733817326722491e-01 7.961391101882662191e-01
7.715305843330308999e-01 7.893625709147459313e-01
7.709145353081654495e-01 7.848448780657324431e-01
7.692717379085241003e-01 7.780683387922122662e-01
7.686556888836586499e-01 7.735506459431986670e-01
7.670128914840174117e-01 7.667741066696784902e-01
7.663968424591519613e-01 7.622564138206648909e-01
7.624951986350039235e-01 7.464444888491177377e-01
7.618791496101384730e-01 7.419267960001042495e-01
7.602363522104971238e-01 7.351502567265839616e-01
7.596203031856316734e-01 7.306325638775705844e-01
7.579775057859903242e-01 7.238560246040502966e-01
7.573614567611249848e-01 7.193383317550368083e-01
7.557186593614836356e-01 7.125617924815165205e-01
7.551026103366182962e-01 7.080440996325030323e-01
7.512009665124701474e-01 6.922321746609558790e-01
7.505849174876046970e-01 6.877144818119422798e-01
7.489421200879633478e-01 6.809379425384221030e-01
7.483260710630978974e-01 6.764202496894086147e-01
7.466832736634566592e-01 6.696437104158883269e-01
7.460672246385912088e-01 6.651260175668748387e-01
7.444244272389499706e-01 6.583494782933546619e-01
7.438083782140844091e-01 6.538317854443411736e-01
7.421655808144431710e-01 6.470552461708208858e-01
7.415495317895777205e-01 6.425375533218073976e-01
7.376478879654296827e-01 6.267256283502602443e-01
7.370318389405641213e-01 6.222079355012466451e-01
7.353890415409229941e-01 6.154313962277264682e-01
7.347729925160574327e-01 6.109137033787129800e-01
7.331301951164161945e-01 6.041371641051926922e-01
7.325141460915507441e-01 5.996194712561792040e-01
7.308713486919093949e-01 5.928429319826590271e-01
7.302552996670439445e-01 5.883252391336455389e-01
7.263536558428960177e-01 5.725133141620982746e-01
7.257376068180304562e-01 5.679956213130847864e-01
7.240948094183892181e-01 5.612190820395646096e-01
7.234787603935237676e-01 5.567013891905510103e-01
7.218359629938824185e-01 5.499248499170308335e-01
7.212199139690169680e-01 5.454071570680173453e-01
7.195771165693757299e-01 5.386306177944970575e-01
7.189610675445101684e-01 5.341129249454835692e-01
7.150594237203622416e-01 5.183009999739364160e-01
7.144433746954967912e-01 5.137833071249229278e-01
7.128005772958554420e-01 5.070067678514026399e-01
7.121845282709899916e-01 5.024890750023891517e-01
7.105417308713487534e-01 4.957125357288689194e-01
7.099256818464831920e-01 4.911948428798554311e-01
7.082828844468419538e-01 4.844183036063351988e-01
7.076668354219765034e-01 4.799006107573217106e-01
7.037651915978284656e-01 4.640886857857744463e-01
7.031491425729630151e-01 4.595709929367609581e-01
7.015063451733217770e-01 4.527944536632407257e-01
7.008902961484562155e-01 4.482767608142272375e-01
6.992474987488149774e-01 4.415002215407070052e-01
6.986314497239495269e-01 4.369825286916935170e-01
6.969886523243082888e-01 4.302059894181732846e-01
6.963726032994427273e-01 4.256882965691597964e-01
6.947298058998014891e-01 4.189117572956395641e-01
6.941137568749360387e-01 4.143940644466260759e-01
6.902121130507880009e-01 3.985821394750788116e-01
6.895960640259225505e-01 3.940644466260653234e-01
6.879532666262813123e-01 3.872879073525450910e-01
6.873372176014157509e-01 3.827702145035316028e-01
6.856944202017745127e-01 3.759936752300113705e-01
6.850783711769090623e-01 3.714759823809978823e-01
6.834355737772677131e-01 3.646994431074775944e-01
6.828195247524022626e-01 3.601817502584641062e-01
6.811767273527610245e-01 3.534052109849439294e-01
6.805606783278955740e-01 3.466286717114236415e-01
6.789397322398200707e-01 3.398521324379034647e-01
6.782794540541949857e-01 3.127459753438224799e-01
6.766808858153132711e-01 3.059694360703022475e-01
6.760206076296881861e-01 2.811221254007280068e-01
6.744220393908065825e-01 2.743455861272077745e-01
6.737617612051814975e-01 2.562748147311538216e-01
6.721631929662997829e-01 2.494982754576335893e-01
6.715029147806746979e-01 2.359451969105931246e-01
6.698824952302273594e-01 2.291686576370728368e-01
6.692664462053617980e-01 2.223921183635526044e-01
6.676236488057205598e-01 2.156155790900323721e-01
6.670075997808551094e-01 2.088390398165121398e-01
6.642541476876391293e-01 1.975448076939784192e-01
6.613395071398884273e-01 1.885094219959514428e-01
6.597364548386256411e-01 1.817328827224312104e-01
6.574826851445811915e-01 1.749563434489109781e-01
6.529649922955677033e-01 1.636621113263772020e-01
6.462165563513921906e-01 1.501090327793367374e-01
6.432316521475796023e-01 1.455913399303232492e-01
6.393996805345771861e-01 1.388148006568030168e-01
6.309522775253468829e-01 1.275205685342692963e-01
6.245918191260241281e-01 1.207440292607490639e-01
6.165086922147989812e-01 1.112912480277589156e-01
6.142498457902921816e-01 1.092108806894694362e-01
5.961790743942382287e-01 9.554762414375111979e-02
5.894025351207180519e-01 9.103616512415585449e-02
5.713317637246639880e-01 8.179775215821188938e-02
5.555198387531168347e-01 7.525234348195336542e-02
5.284136816590359054e-01 6.622203451438868349e-02
5.216371423855156175e-01 6.454611619943201317e-02
5.103429102629818415e-01 5.944041851040610114e-02
5.058252174139683532e-01 5.784811693247510211e-02
4.945309852914346882e-01 5.266387923688586881e-02
4.832367531689009121e-01 4.814618638787238059e-02
4.493540568012997505e-01 3.685703099580095454e-02
4.109536675846850451e-01 2.732703962906468664e-02
4.064359747356715569e-01 2.671099060419929172e-02
3.906240497641243481e-01 2.280934678005119842e-02
3.838475104906041158e-01 2.219329775518580350e-02
3.770709712170838834e-01 2.055050035554445431e-02
3.702944319435635956e-01 1.993445133067905939e-02
3.635178926700434188e-01 1.829165393103771020e-02
3.567413533965231309e-01 1.767560490617231528e-02
3.499648141230029541e-01 1.605518535572481031e-02
3.409294284249759222e-01 1.539490717009983634e-02
3.341528891514556898e-01 1.379633893121806620e-02
3.228586570289219693e-01 1.313606074559309222e-02
3.160821177554017369e-01 1.153749250671132209e-02
3.025290392083612723e-01 1.087721432108634811e-02
2.957524999348409844e-01 9.278646082204577983e-03
2.799405749632937757e-01 8.618367896579604004e-03
2.731640356897735433e-01 7.019799657697833872e-03
2.573521107182262790e-01 6.359521472072859893e-03
2.505755714447061022e-01 4.760953233191089762e-03
2.325048000486520938e-01 4.100675047566115783e-03
2.257282607751318615e-01 2.502106808684345651e-03
2.099163358035846527e-01 1.841828623059371672e-03
