1.878057584833451865e-01 2.544511296303508807e-04
1.854728433895762585e-01 0.000000000000000000e+00
1.784740981082694744e-01 3.214119532246595412e-06
1.738082679207316184e-01 3.797310403262921241e-04
1.701922495253897494e-01 1.061998662088892154e-03
1.704022118838289246e-01 3.394913755857820181e-03
1.727390151694208065e-01 5.727828849626748209e-03
1.756807392459935335e-01 8.060743943395676236e-03
1.901386735771141145e-01 1.774650750234701979e-02
1.971374188584208986e-01 2.166247212403060729e-02
2.088019943272655388e-01 2.941108297119165993e-02
2.158007396085723228e-01 3.336870679097819758e-02
2.227994848898791069e-01 3.870108414816431086e-02
2.297982301711858910e-01 4.265870796795101505e-02
2.437957207337994592e-01 5.198317266335428233e-02
2.461286358275683872e-01 5.375447515500436646e-02
2.507944660151062433e-01 5.797166782450974276e-02
2.647919565777198114e-01 6.775196571761793463e-02
2.717907018590265955e-01 7.430207348089223895e-02
2.787894471403333796e-01 7.941654118646257476e-02
2.834552773278712356e-01 8.363373385596795107e-02
2.904540226091780197e-01 8.874820156153828687e-02
3.077489989293303863e-01 1.060431778816906534e-01
3.128634666349007221e-01 1.130419231629974375e-01
3.240794045857128269e-01 1.247064986318420776e-01
3.258507070773629666e-01 1.270394137256110056e-01
3.398410019603042009e-01 1.480356495695313579e-01
3.437569665819877329e-01 1.550343948508381420e-01
3.468397472416109295e-01 1.597002250383759980e-01
3.493897844271879882e-01 1.643660552259138541e-01
3.563783149672650197e-01 1.783635457885274223e-01
3.584718831709491349e-01 1.830293759760652783e-01
3.601163970895076005e-01 1.876952061636031344e-01
3.631377133584869910e-01 1.946939514449099184e-01
3.677976835001785516e-01 2.086914420075234866e-01
3.694533006634984074e-01 2.156901872888302707e-01
3.724578396750715115e-01 2.250218476639059828e-01
3.736083068226841442e-01 2.320205929452127669e-01
3.753049723454252029e-01 2.390193382265195510e-01
3.759412219164530722e-01 2.436851684140574070e-01
3.776378874391941309e-01 2.506839136953642466e-01
3.782741370102220002e-01 2.576826589766709752e-01
3.799482347062983489e-01 2.646814042579778148e-01
3.802016144627513583e-01 2.670143193517466873e-01
3.803757126040773762e-01 2.786788948205913830e-01
3.806301637337077826e-01 2.810118099143602555e-01
3.822811498000672770e-01 2.880105551956670951e-01
3.824997099282551050e-01 2.926763853832049511e-01
3.822811498000672770e-01 2.950093004769738236e-01
3.806301637337077826e-01 3.020080457582806632e-01
3.803757126040773762e-01 3.043409608520495357e-01
3.802016144627513583e-01 3.696625834775795205e-01
3.799482347062983489e-01 3.719954985713485041e-01
3.782972486399388545e-01 3.789942438526552326e-01
3.780427975103084481e-01 3.813271589464242162e-01
3.778686993689824303e-01 4.326512910093406328e-01
3.776153196125294209e-01 4.349842061031095608e-01
3.759643335461699265e-01 4.419829513844163449e-01
3.757098824165395201e-01 4.443158664781852729e-01
3.755357842752135022e-01 4.909741683535638335e-01
3.752824045187604929e-01 4.933070834473327615e-01
3.736314184524009985e-01 5.003058287286394901e-01
3.733769673227705921e-01 5.026387438224084736e-01
3.732028691814445742e-01 5.586287060728627463e-01
3.729494894249915649e-01 5.609616211666317298e-01
3.712985033586320149e-01 5.679603664479384584e-01
3.710440522290016641e-01 5.702932815417074419e-01
3.710440522290016641e-01 6.682757154800024191e-01
3.712985033586320149e-01 6.706086305737712916e-01
3.729494894249915649e-01 6.776073758550781312e-01
3.736314184524009985e-01 6.869390362301538433e-01
3.811178761323430475e-01 7.172669324491498521e-01
3.881113782147347369e-01 7.382631682930702599e-01
3.911326944837141273e-01 7.452619135743769885e-01
3.927772084022725929e-01 7.499277437619148445e-01
3.957985246712519833e-01 7.569264890432216841e-01
3.974430385898104490e-01 7.615923192307594292e-01
4.027972699525588229e-01 7.732568946996041248e-01
4.044417838711171775e-01 7.779227248871420919e-01
4.074631001400966790e-01 7.849214701684488205e-01
4.091076140586550336e-01 7.895873003559866765e-01
4.121289303276345350e-01 7.965860456372935161e-01
4.137734442461929452e-01 8.012518758248312611e-01
4.167947605151723911e-01 8.082506211061381007e-01
4.184392744337308012e-01 8.129164512936759568e-01
4.237935057964791752e-01 8.245810267625206524e-01
4.316894549392050195e-01 8.479101777002098217e-01
4.327015093180368588e-01 8.502430927939788052e-01
4.342091147298466902e-01 8.525760078877477888e-01
4.377817767004961169e-01 8.572418380752855338e-01
4.417394005202827101e-01 8.642405833565923734e-01
4.463987924681137587e-01 8.712393286378992130e-01
4.518281221408850801e-01 8.782380739192059416e-01
4.580633679369583988e-01 8.875697342942816537e-01
4.619708925133119704e-01 8.922355644818195097e-01
4.817530602982301180e-01 9.118366256127996561e-01
4.918720795174528759e-01 9.202305456070466461e-01
5.097480414234573098e-01 9.322492242597668621e-01
5.144138716109951659e-01 9.348013797096542676e-01
5.330771923611465901e-01 9.441234843590633474e-01
5.377430225486844462e-01 9.462176899712431144e-01
5.424088527362223022e-01 9.478622038898014690e-01
5.494075980175290308e-01 9.508835201587810815e-01
5.844013244240630067e-01 9.625428524287105159e-01
5.914000697053697353e-01 9.641984695920303716e-01
6.147292206430590156e-01 9.718745128037862280e-01
6.217279659243658552e-01 9.735301299671060837e-01
6.450571168620551354e-01 9.812061731788619401e-01
6.520558621433618640e-01 9.828617903421817958e-01
6.613875225184375761e-01 9.858720033663996851e-01
6.917154187374336960e-01 9.933815726760586440e-01
6.963812489249715521e-01 9.940178222470865688e-01
7.033799942062783916e-01 9.957144877698276275e-01
7.080458243938161367e-01 9.963507373408555523e-01
7.150445696751229763e-01 9.980242912338797012e-01
7.267091451439675609e-01 9.987062202612890793e-01
7.302733209816700821e-01 9.995496587951901990e-01
7.360408055190432730e-01 1.000000000000000000e+00
7.570370413629636808e-01 1.000000000000000000e+00
7.628045259003368717e-01 9.995496587951901990e-01
7.663687017380393929e-01 9.986836524346244248e-01
7.733674470193461215e-01 9.980242912338797012e-01
7.757003621131151050e-01 9.975315020870885174e-01
7.896978526757286732e-01 9.928759918466216750e-01
7.943636828632665292e-01 9.907817862344420190e-01
7.990295130508043853e-01 9.881975273121181846e-01
8.013624281445732578e-01 9.863377416825191979e-01
8.040077872241148116e-01 9.832192531388077583e-01
8.089249612402076295e-01 9.738875927637320462e-01
8.110191668523873965e-01 9.692217625761940791e-01
8.126636807709457511e-01 9.645559323886563341e-01
8.156849970399251415e-01 9.575571871073494945e-01
8.180126689347789748e-01 9.505584418260426549e-01
8.196682860980989416e-01 9.435596965447359263e-01
8.226784991223168308e-01 9.342280361696602142e-01
8.255222382444379337e-01 9.225634607008155186e-01
8.261584878154657474e-01 9.178976305132777735e-01
8.278320417084901184e-01 9.108988852319709340e-01
8.280864928381204138e-01 9.085659701382020614e-01
8.282605909794464871e-01 8.992343097631263493e-01
8.285139707358992744e-01 8.969013946693573658e-01
8.293574092698003941e-01 8.933372188316548446e-01
8.298077504746101951e-01 8.875697342942816537e-01
8.298077504746101951e-01 8.619076682628235009e-01
8.293574092698003941e-01 8.561401837254503100e-01
8.285139707358992744e-01 8.525760078877477888e-01
8.282605909794464871e-01 8.502430927939788052e-01
8.280864928381204138e-01 8.362456022313652371e-01
8.278320417084901184e-01 8.339126871375963646e-01
8.261810556421304019e-01 8.269139418562895250e-01
8.254991266147211348e-01 8.175822814812138128e-01
8.238481405483615294e-01 8.105835361999069733e-01
8.231662115209521513e-01 8.012518758248312611e-01
8.215152254545925459e-01 7.942531305435245326e-01
8.208332964271832788e-01 7.849214701684488205e-01
8.191823103608235623e-01 7.779227248871420919e-01
8.185003813334144063e-01 7.685910645120662688e-01
8.168493952670546898e-01 7.615923192307594292e-01
8.161674662396454227e-01 7.499277437619148445e-01
8.145164801732858173e-01 7.429289984806081160e-01
8.142631004168328079e-01 7.405960833868391324e-01
8.140890022755068456e-01 7.289315079179945478e-01
8.138345511458764392e-01 7.265985928242255643e-01
8.121835650795168338e-01 7.195998475429188357e-01
8.119301853230639354e-01 7.172669324491498521e-01
8.117560871817379731e-01 6.566111400111577234e-01
8.115016360521075667e-01 6.542782249173888509e-01
8.098506499857478502e-01 6.472794796360820113e-01
8.095972702292950629e-01 6.449465645423131388e-01
8.094231720879689895e-01 5.656274513541694748e-01
8.091687209583386942e-01 5.632945362604006023e-01
8.075177348919789777e-01 5.562957909790937627e-01
8.072643551355260794e-01 5.539628758853248902e-01
8.070902569942000060e-01 4.746437626971813373e-01
8.068358058645697106e-01 4.723108476034124092e-01
8.051848197982101052e-01 4.653121023221056252e-01
8.049314400417570958e-01 4.629791872283366971e-01
8.047573419004311335e-01 3.859929891339620722e-01
8.045028907708007271e-01 3.836600740401931442e-01
8.028519047044411217e-01 3.766613287588863601e-01
8.025985249479882233e-01 3.743284136651173766e-01
8.024244268066622610e-01 3.626638381962727919e-01
8.021699756770318546e-01 3.603309231025038084e-01
8.004964217840075946e-01 3.533321778211970798e-01
7.998601722129796698e-01 3.463334325398902402e-01
7.923506029033207110e-01 3.160055363208942314e-01
7.853571008209291326e-01 2.950093004769738236e-01
7.823357845519497422e-01 2.880105551956670951e-01
7.806912706333912766e-01 2.833447250081292390e-01
7.758009187981913524e-01 2.716801495392845434e-01
7.732266676602393973e-01 2.670143193517466873e-01
7.692654046461357975e-01 2.576826589766709752e-01
7.667228049219150243e-01 2.530168287891331191e-01
7.636400242622918277e-01 2.483509986015952631e-01
7.597240596406082958e-01 2.413522533202884790e-01
7.410671771301636790e-01 2.133572721950613427e-01
7.322946822434720504e-01 2.016926967262167025e-01
7.234116593864288181e-01 1.923610363511409904e-01
7.182971916808584822e-01 1.853622910698342063e-01
6.893825036436647125e-01 1.564476030326404921e-01
6.823837583623579839e-01 1.513331353270701563e-01
6.753850130810512553e-01 1.447830275637958519e-01
6.637204376122065597e-01 1.360105326771043344e-01
6.543887772371308476e-01 1.297752868810309601e-01
6.473900319558241190e-01 1.243940546460695074e-01
6.403912866745172794e-01 1.204364308262828032e-01
6.287267112056725837e-01 1.126878199791218060e-01
6.123963055492901431e-01 1.043231472617084377e-01
6.030646451742144309e-01 9.894387591530762194e-02
5.937329847991387188e-01 9.498127214540297292e-02
5.774025791427561671e-01 8.681606931721169707e-02
5.727367489552183111e-01 8.472186370503198560e-02
5.610721734863737264e-01 8.074443469270459195e-02
5.540734282050668869e-01 7.772311842372520152e-02
5.400759376424533187e-01 7.306253143510255121e-02
5.330771923611465901e-01 7.140691427178252892e-02
5.237455319860708780e-01 6.839670124756463965e-02
5.167467867047640384e-01 6.667045511062330565e-02
5.097480414234573098e-01 6.372562786111163335e-02
5.050822112359194538e-01 6.208111394255316773e-02
4.887518055795369021e-01 5.439396748603592124e-02
4.840859753919990460e-01 5.274945356747745562e-02
4.770872301106922619e-01 4.972813729849806519e-02
4.420935037041583415e-01 3.806880502856857529e-02
3.931022867350108529e-01 2.589340553137176038e-02
3.884364565474729969e-01 2.525715596034389110e-02
3.814377112661662128e-01 2.356049043760283235e-02
3.744389659848594287e-01 2.292424086657496307e-02
3.674402207035526446e-01 2.122757534383390432e-02
3.604414754222458606e-01 2.059132577280603504e-02
3.534427301409390765e-01 1.889466025006497629e-02
3.464439848596322924e-01 1.825841067903710702e-02
3.394452395783255083e-01 1.658485678601284707e-02
3.301135792032497962e-01 1.590292775860357999e-02
3.231148339219430121e-01 1.425194169224391905e-02
3.114502584530983720e-01 1.357001266483465196e-02
3.044515131717915879e-01 1.191902659847499102e-02
3.021185980780226599e-01 1.166457546884464014e-02
2.927869377029469478e-01 1.149047732751862227e-02
2.904540226091780197e-01 1.123709757106572393e-02
2.834552773278712356e-01 9.586111504706062991e-03
2.811223622341023076e-01 9.331660375075712111e-03
2.694577867652576675e-01 9.157562233749694247e-03
2.671248716714887395e-01 8.904182477296795906e-03
2.601261263901819554e-01 7.253196410937134964e-03
2.577932112964130273e-01 6.998745281306784083e-03
2.461286358275683872e-01 6.824647139980766219e-03
2.437957207337994592e-01 6.571267383527867878e-03
2.367969754524926751e-01 4.920281317168206936e-03
2.344640603587237471e-01 4.665830187537856055e-03
2.204665697961101789e-01 4.491732046211838192e-03
2.181336547023412509e-01 4.238352289758939850e-03
2.111349094210344668e-01 2.587366223399278908e-03
2.088019943272655388e-01 2.332915093768928028e-03
1.971374188584208986e-01 2.158816952442910164e-03
1.948045037646519706e-01 1.905437195990011823e-03
