2.026166741577157815e-01 2.782297512151643559e-04
1.935742072432207750e-01 0.000000000000000000e+00
1.867923570573495340e-01 4.595230731506694255e-04
1.843198075104172662e-01 1.060750926508036152e-03
1.847266210811933096e-01 3.321367655131801655e-03
1.868983234665037574e-01 5.581984383755567158e-03
1.904020515111197187e-01 7.842601112379332662e-03
2.320046916298246220e-01 2.873446737941054430e-02
2.365259250870720975e-01 3.076377236899885403e-02
2.410471585443196285e-01 3.235732186622553019e-02
2.568714756446859315e-01 3.980623928349391605e-02
2.613927091019334625e-01 4.139978878072053670e-02
2.726957927450521790e-01 4.658808946936515705e-02
2.772170262022997100e-01 4.818163896659177770e-02
2.839988763881710065e-01 5.110932292661268805e-02
2.885201098454184820e-01 5.270287242383930870e-02
2.998231934885372540e-01 5.789117311248392905e-02
3.043444269457847851e-01 5.948472260971054970e-02
3.201687440461510326e-01 6.693364002697893556e-02
3.246899775033985636e-01 6.852718952420561171e-02
3.450355280610123421e-01 7.846803540913316333e-02
3.540779949755074041e-01 8.230653663023590472e-02
3.631204618900024106e-01 8.751976191192339938e-02
3.925084793621112511e-01 1.024050062338284217e-01
4.286783470200913326e-01 1.267206096589496567e-01
4.331995804773388636e-01 1.308071091299233824e-01
4.399814306632101046e-01 1.357630765734446632e-01
4.680435094771838722e-01 1.638251553874184308e-01
4.765417684834070688e-01 1.751282390305372028e-01
4.810560292591863907e-01 1.819100892164084993e-01
4.848506359108047947e-01 1.886919394022797403e-01
4.878311514190795672e-01 1.932131728595272713e-01
4.900670619539478912e-01 1.977344063167747468e-01
4.916606114511744563e-01 2.022556397740222778e-01
4.945882954111954222e-01 2.090374899598935188e-01
5.013589689856058351e-01 2.293830405175073528e-01
5.024737825022107529e-01 2.361648907033785938e-01
5.040959989588700285e-01 2.429467408892498903e-01
5.043415263326103126e-01 2.452073576178736003e-01
5.043415263326103126e-01 2.813772252758537373e-01
5.040959989588700285e-01 2.836378420044775028e-01
5.024737825022107529e-01 2.904196921903487438e-01
5.018572506671314937e-01 2.972015423762199848e-01
5.002131657735869874e-01 3.039833925620912813e-01
4.995966339385077837e-01 3.085046260193388123e-01
4.968432337001253973e-01 3.198077096624575288e-01
4.939263088889979669e-01 3.288501765769525909e-01
4.922535601013052764e-01 3.356320267628238319e-01
4.812565244333321668e-01 3.627594275063089069e-01
4.629710954301963222e-01 3.989292951642889884e-01
4.554626184386960097e-01 4.102323788074077604e-01
4.516680117870775502e-01 4.170142289932790014e-01
4.381112840968031663e-01 4.373597795508928354e-01
4.328502124374605797e-01 4.441416297367640764e-01
4.250917916333324387e-01 4.554447133798828484e-01
4.210052921623587685e-01 4.599659468371303794e-01
4.070068578043424257e-01 4.803114973947441579e-01
4.029203583333687000e-01 4.848327308519916889e-01
3.979643908898474192e-01 4.916145810378629299e-01
3.938778914188736935e-01 4.961358144951104610e-01
3.889219239753524127e-01 5.029176646809817575e-01
3.848354245043786870e-01 5.074388981382292885e-01
3.798794570608573506e-01 5.142207483241004740e-01
3.735323408612598595e-01 5.210025985099717705e-01
3.650317105787479477e-01 5.323056821530905980e-01
3.572732897746198066e-01 5.436087657962093145e-01
3.509261735750223155e-01 5.503906159820806110e-01
3.424255432925104037e-01 5.616936996251993275e-01
3.363835313087342183e-01 5.707361665396943895e-01
3.311224596493916317e-01 5.775180167255656860e-01
3.085225310781518626e-01 6.114272676549219465e-01
3.047279244265334586e-01 6.182091178407932430e-01
3.017406808922806216e-01 6.227303512980407740e-01
2.834525606787535734e-01 6.589002189560209111e-01
2.814232556891652637e-01 6.634214524132683310e-01
2.798297061919386985e-01 6.679426858705158621e-01
2.769020222319177327e-01 6.747245360563871586e-01
2.678646360266223603e-01 7.018519367998722336e-01
2.628708046552643562e-01 7.221974873574860121e-01
2.622100089961281744e-01 7.312399542719809631e-01
2.606101879266405907e-01 7.380218044578522596e-01
2.603636223821867990e-01 7.402824211864760251e-01
2.601949196412447485e-01 7.538461215582186181e-01
2.597809731009702028e-01 7.606279717440898036e-01
2.609352033354262468e-01 7.628885884727135691e-01
2.636533258305572280e-01 7.646446032529838899e-01
2.794776429309234755e-01 7.722460593575906085e-01
2.839988763881710065e-01 7.738396088548171736e-01
2.953019600312897230e-01 7.790279095434617940e-01
2.998231934885372540e-01 7.806214590406883591e-01
3.111262771316560816e-01 7.858097597293332015e-01
3.156475105889035571e-01 7.874033092265597666e-01
3.269505942320223291e-01 7.925916099152043870e-01
3.314718276892698601e-01 7.941851594124309521e-01
3.427749113323886321e-01 7.993734601010756835e-01
3.472961447896361076e-01 8.009670095983022486e-01
3.585992284327549351e-01 8.061553102869469800e-01
3.631204618900024106e-01 8.077488597841735452e-01
3.744235455331211826e-01 8.129371604728181655e-01
3.789447789903687136e-01 8.145307099700447306e-01
3.947690960907349611e-01 8.219796273873132275e-01
3.992903295479824921e-01 8.235731768845397927e-01
4.105934131911012641e-01 8.287614775731844130e-01
4.151146466483487951e-01 8.303550270704109781e-01
4.264177302914675671e-01 8.355433277590558205e-01
4.309389637487150981e-01 8.371368772562823857e-01
4.422420473918338701e-01 8.423251779449270060e-01
4.467632808490813456e-01 8.439187274421535712e-01
4.580663644922001732e-01 8.491070281307983025e-01
4.625875979494476486e-01 8.507005776280248677e-01
4.738906815925664207e-01 8.558888783166695990e-01
4.784119150498139517e-01 8.574824278138961642e-01
4.897149986929327237e-01 8.626707285025407845e-01
4.942362321501801992e-01 8.642642779997673497e-01
5.100605492505465577e-01 8.717131954170358465e-01
5.145817827077939777e-01 8.733067449142624117e-01
5.258848663509128052e-01 8.784950456029070320e-01
5.304060998081603362e-01 8.800885951001335972e-01
5.417091834512790527e-01 8.852768957887784396e-01
5.462304169085265837e-01 8.868704452860050047e-01
5.575335005516454112e-01 8.920587459746496251e-01
5.620547340088928312e-01 8.936522954718761902e-01
5.733578176520116587e-01 8.988405961605209216e-01
5.778790511092591897e-01 9.004341456577474867e-01
5.891821347523779062e-01 9.056224463463922181e-01
5.937033682096254372e-01 9.072159958436187832e-01
6.050064518527442647e-01 9.124042965322634036e-01
6.095276853099917957e-01 9.139978460294899687e-01
6.253520024103580432e-01 9.214467634467584656e-01
6.298732358676055743e-01 9.230403129439850307e-01
6.411763195107242908e-01 9.282286136326296511e-01
6.456975529679718218e-01 9.298221631298562162e-01
6.570006366110906493e-01 9.350104638185010586e-01
6.615218700683380693e-01 9.366040133157276237e-01
6.728249537114568968e-01 9.417923140043722441e-01
6.773461871687044278e-01 9.433858635015988092e-01
6.886492708118231443e-01 9.485741641902435406e-01
6.931705042690706753e-01 9.501677136874701057e-01
7.044735879121895028e-01 9.553560143761148371e-01
7.089948213694370338e-01 9.569495638733414022e-01
7.202979050125557503e-01 9.621378645619860226e-01
7.248191384698032813e-01 9.637314140592125877e-01
7.406434555701695288e-01 9.711803314764810846e-01
7.451646890274170598e-01 9.727738809737076497e-01
7.564677726705357763e-01 9.779621816623522701e-01
7.609890061277833073e-01 9.795557311595788352e-01
7.722920897709021348e-01 9.847440318482236776e-01
7.768133232281496658e-01 9.863375813454502428e-01
7.881164068712684934e-01 9.915258820340948631e-01
7.926376403285159133e-01 9.931194315313214283e-01
8.039407239716347409e-01 9.983077322199661596e-01
8.084619574288822719e-01 9.996881907960519786e-01
8.107225741575059264e-01 1.000000000000000000e+00
8.129831908861298029e-01 9.995219689777707917e-01
8.147969415172348073e-01 9.979927282495841823e-01
8.152438076147534574e-01 9.972536804729186244e-01
8.156685731784121263e-01 9.934714947923366513e-01
8.156801924895826783e-01 9.844290278778415892e-01
8.152438076147534574e-01 9.788402809654106473e-01
8.141809803468185169e-01 9.731259442347228727e-01
8.140122776058764664e-01 8.962649754615150677e-01
8.137657120614225637e-01 8.940043587328914132e-01
8.121658909919349245e-01 8.872225085470201167e-01
8.119203636181946404e-01 8.849618918183963512e-01
8.117516608772525899e-01 8.081009230451887682e-01
8.115050953327989092e-01 8.058403063165648916e-01
8.099052742633111590e-01 7.990584561306937061e-01
8.096597468895709859e-01 7.967978394020699406e-01
8.094910441486289354e-01 7.221974873574860121e-01
8.092444786041750326e-01 7.199368706288622466e-01
8.076446575346873935e-01 7.131550204429909501e-01
8.073991301609471094e-01 7.108944037143671846e-01
8.072304274200050589e-01 6.340334349411596015e-01
8.069838618755513782e-01 6.317728182125357250e-01
8.053840408060637390e-01 6.249909680266645395e-01
8.051385134323234549e-01 6.227303512980407740e-01
8.049698106913814044e-01 5.458693825248330800e-01
8.047232451469276127e-01 5.436087657962093145e-01
8.031234240774398625e-01 5.368269156103380180e-01
8.028778967036996894e-01 5.345662988817142525e-01
8.027091939627576389e-01 4.599659468371303794e-01
8.024626284183038472e-01 4.577053301085066139e-01
8.008628073488162080e-01 4.509234799226353729e-01
8.006172799750759239e-01 4.486628631940116074e-01
8.004485772341338734e-01 3.718018944208039134e-01
8.002020116896800817e-01 3.695412776921801479e-01
7.986021906201923315e-01 3.627594275063089069e-01
7.979413949610563161e-01 3.491957271345663694e-01
7.963197054546833353e-01 3.424138769486950729e-01
7.957031736196042981e-01 3.356320267628238319e-01
7.884263301324506701e-01 3.062440092907150468e-01
7.816495606557791742e-01 2.858984587331012128e-01
7.787218766957582083e-01 2.791166085472299718e-01
7.771283271985316432e-01 2.745953750899824408e-01
7.717080971160077407e-01 2.632922914468636688e-01
7.678682966898884299e-01 2.542498245323686623e-01
7.626557320209212953e-01 2.452073576178736003e-01
7.568109019954162298e-01 2.339042739747548283e-01
7.432534403386714672e-01 2.135587234171410498e-01
7.279709598702883699e-01 1.932131728595272713e-01
7.216238436706907677e-01 1.864313226736559748e-01
7.182763919763825999e-01 1.819100892164084993e-01
7.135160548266844538e-01 1.771062786680829837e-01
7.078183779698470346e-01 1.706070055732897273e-01
6.886492708118231443e-01 1.516308670724383356e-01
6.818674206259518478e-01 1.466748996289170548e-01
6.773461871687044278e-01 1.425884001579433291e-01
6.705643369828331313e-01 1.376324327144220483e-01
6.660431035255856003e-01 1.335459332434483226e-01
6.547400198824668838e-01 1.250919098318025169e-01
6.479581696965955873e-01 1.212569350243157262e-01
6.298732358676055743e-01 1.092272245755678828e-01
6.095276853099917957e-01 9.865076773807812671e-02
6.050064518527442647e-01 9.566352420382534527e-02
6.004852183954967337e-01 9.319972109066460009e-02
5.959639849382492027e-01 9.117041610107629035e-02
5.914427514810016717e-01 8.957686660384961419e-02
5.801396678378829552e-01 8.438856591520499384e-02
5.756184343806354242e-01 8.279501641797837319e-02
5.688365841947641277e-01 7.986733245795746283e-02
5.643153507375165967e-01 7.827378296073084218e-02
5.575335005516454112e-01 7.534609900070998734e-02
5.507516503657741147e-01 7.309056298128596696e-02
5.439698001799028182e-01 7.148625433516581085e-02
5.281454830795365707e-01 6.630871279541467045e-02
5.213636328936652742e-01 6.470440414929451434e-02
5.145817827077939777e-01 6.244946586036459468e-02
4.942362321501801992e-01 5.273993171447244332e-02
4.897149986929327237e-01 5.114638221724576717e-02
4.829331485070614272e-01 4.821869825722491232e-02
4.558057477635764076e-01 3.918131205192965094e-02
4.490238975777051111e-01 3.757700340580943932e-02
4.399814306632101046e-01 3.466007859468211993e-02
4.105934131911012641e-01 2.738323510752854739e-02
4.060721797338537886e-01 2.676670327244939918e-02
3.902478626334874856e-01 2.286200165028107190e-02
3.834660124476162446e-01 2.224546981520186817e-02
3.766841622617449481e-01 2.060138492165730639e-02
3.699023120758736516e-01 1.998485308657815818e-02
3.631204618900024106e-01 1.834076819303354089e-02
3.563386117041311696e-01 1.772423635795439267e-02
3.495567615182598731e-01 1.610254685158146737e-02
3.405142946037648666e-01 1.544175119244539651e-02
3.337324444178936256e-01 1.384193012295770187e-02
3.201687440461510326e-01 1.318113446382163101e-02
3.133868938602797916e-01 1.158131339433393636e-02
3.020838102171610196e-01 1.092051773519786551e-02
2.953019600312897230e-01 9.320696665710170858e-03
2.794776429309234755e-01 8.659901006574100002e-03
2.726957927450521790e-01 7.060079937086405355e-03
2.568714756446859315e-01 6.399284277950390010e-03
2.500896254588146350e-01 4.799463208462695363e-03
2.478290087301909250e-01 4.552897664008903611e-03
2.320046916298246220e-01 4.138667549326624506e-03
2.252228414439533255e-01 2.538846479838929859e-03
2.093985243435870780e-01 1.878050820702859003e-03
