1.862544467908018309e-01 2.891421958541862125e-04
1.839051664494859573e-01 3.290610811024219373e-05
1.768573254255382809e-01 0.000000000000000000e+00
1.698094844015906046e-01 4.775460202806058874e-04
1.672399590282763193e-01 1.102354621694390246e-03
1.676627282276295094e-01 3.451634963010263846e-03
1.699196069175897827e-01 5.800915304326137445e-03
1.768573254255382809e-01 1.008617666765238008e-02
1.956515681560654363e-01 2.260246488820144561e-02
2.026994091800131126e-01 2.654589974683885245e-02
2.144458108865925361e-01 3.434886659478086912e-02
2.214936519105402124e-01 3.833425288808461895e-02
2.285414929344878887e-01 4.375247136358373368e-02
2.379386142997514941e-01 5.003145700310079880e-02
2.449864553236991704e-01 5.549887307016321270e-02
2.543835766889627203e-01 6.177785870968022230e-02
2.661299783955421994e-01 7.060942779697321203e-02
2.708285390781739466e-01 7.485620379858271001e-02
2.778763801021216784e-01 8.000654916223676194e-02
2.966706228326487782e-01 9.834900721174166804e-02
3.019135289602196126e-01 1.021214092982777322e-01
3.045574925499235919e-01 1.044706896395936058e-01
3.098401462844484477e-01 1.115185306635412821e-01
3.187854829686896929e-01 1.209156520288048875e-01
3.239358283323438004e-01 1.279634930527525638e-01
3.281826043339532983e-01 1.326620537353843110e-01
3.440547682882970082e-01 1.561548571485432690e-01
3.536602484457368467e-01 1.749490998790703689e-01
3.557685028941116601e-01 1.796476605617021716e-01
3.574245529707769653e-01 1.843462212443339743e-01
3.604670635767434628e-01 1.913940622682816506e-01
3.621231136534087680e-01 1.960926229509133978e-01
3.651656242593752655e-01 2.031404639748610741e-01
3.675090034470046008e-01 2.101883049988087504e-01
3.691762346569706921e-01 2.172361460227564267e-01
3.722018503141620860e-01 2.266332673880200321e-01
3.733603879139379966e-01 2.336811084119677084e-01
3.750689554348950461e-01 2.407289494359153847e-01
3.757096682552538702e-01 2.454275101185471319e-01
3.774182357762109197e-01 2.524753511424948638e-01
3.780589485965697993e-01 2.595231921664424846e-01
3.797447899790268866e-01 2.665710331903902164e-01
3.804315026941808009e-01 2.830159955796014426e-01
3.820940703203428157e-01 2.900638366035490634e-01
3.823141636336049864e-01 2.947623972861809216e-01
3.820940703203428157e-01 2.971116776274967952e-01
3.804315026941808009e-01 3.041595186514444160e-01
3.801752666064368014e-01 3.065087989927603451e-01
3.799999471779804128e-01 3.746379288909211791e-01
3.797447899790268866e-01 3.769872092322371082e-01
3.780822223528649273e-01 3.840350502561847845e-01
3.778259862651208723e-01 3.863843305975006581e-01
3.776506668366644837e-01 4.357192177651344478e-01
3.773955096377110130e-01 4.380684981064503214e-01
3.757329420115489982e-01 4.451163391303979977e-01
3.754767059238049987e-01 4.474656194717138713e-01
3.753013864953486101e-01 4.968005066393476055e-01
3.750462292963950839e-01 4.991497869806634791e-01
3.733836616702331246e-01 5.061976280046112109e-01
3.731274255824891251e-01 5.085469083459270845e-01
3.729521061540327365e-01 5.625803561961926214e-01
3.726969489550792103e-01 5.649296365375084950e-01
3.710343813289171955e-01 5.719774775614561158e-01
3.707781452411732515e-01 5.743267579027721004e-01
3.706028258127168629e-01 6.424558878009329899e-01
3.703476686137633367e-01 6.448051681422488635e-01
3.686851009876013219e-01 6.518530091661964843e-01
3.684288648998573223e-01 6.542022895075123579e-01
3.682535454714009338e-01 6.706472518967236951e-01
3.679983882724474631e-01 6.729965322380395687e-01
3.663358206462854483e-01 6.800443732619871895e-01
3.656491079311315340e-01 6.917907749685666685e-01
3.639632665486744467e-01 6.988386159925144003e-01
3.633225537283155671e-01 7.058864570164620211e-01
3.616372599636536456e-01 7.129342980404096419e-01
3.609505472484997313e-01 7.223314194056732473e-01
3.592879796223377720e-01 7.293792604296209792e-01
3.586012669071838577e-01 7.387763817948844736e-01
3.569386992810218429e-01 7.458242228188322054e-01
3.562519865658679841e-01 7.575706245254116844e-01
3.545894189397059693e-01 7.646184655493593052e-01
3.543331828519619697e-01 7.669677458906751788e-01
3.541578634235055811e-01 7.787141475972546578e-01
3.539027062245521105e-01 7.810634279385706424e-01
3.522401385983900957e-01 7.881112689625182632e-01
3.519839025106460961e-01 7.904605493038341368e-01
3.519839025106460961e-01 8.233504740822565893e-01
3.522401385983900957e-01 8.256997544235724629e-01
3.539027062245521105e-01 8.327475954475201947e-01
3.545894189397059693e-01 8.468432774954155473e-01
3.562747127043678907e-01 8.538911185193631681e-01
3.569154255247267704e-01 8.609389595433108999e-01
3.644776739743389449e-01 8.914796039804174788e-01
3.668216743360405152e-01 8.985274450043652106e-01
3.691479821344733070e-01 9.032260056869969578e-01
3.741968740960732176e-01 9.099267939332502664e-01
3.765461544373891467e-01 9.120012587266181914e-01
3.812447151200208939e-01 9.153289945882404632e-01
3.859432758026526966e-01 9.178894304840437002e-01
3.906418364852844993e-01 9.199172635958623445e-01
3.953403971679162465e-01 9.207404165897923320e-01
4.117853595571274727e-01 9.207404165897923320e-01
4.141346398984434019e-01 9.204841805020482770e-01
4.258810416050228254e-01 9.176437664913630332e-01
4.329288826289705572e-01 9.152997661296613519e-01
4.399767236529181780e-01 9.122572555236949654e-01
4.446752843355499807e-01 9.106012054470296047e-01
4.517231253594976570e-01 9.075586948410632182e-01
4.564216860421294597e-01 9.059026447643978575e-01
4.611202467247612069e-01 9.037937484361482365e-01
5.010580125271314467e-01 8.838248655349631999e-01
5.057565732097631939e-01 8.817166110865883866e-01
5.104551338923949411e-01 8.800605610099230258e-01
5.222015355989744201e-01 8.746687700626406547e-01
5.362972176468697727e-01 8.699761105336953904e-01
5.480436193534492517e-01 8.671147192284367478e-01
5.550914603773968725e-01 8.664740064080779236e-01
5.621393014013446043e-01 8.648010340438074817e-01
5.668378620839763515e-01 8.648010340438074817e-01
5.738857031079240834e-01 8.664740064080779236e-01
5.809335441318717042e-01 8.671374453669367099e-01
5.832828244731875778e-01 8.677026134291960791e-01
5.997277868623989150e-01 8.744277441696997055e-01
6.091249082276624094e-01 8.793346636445076303e-01
6.138234689102942676e-01 8.824390698098178998e-01
6.208713099342418884e-01 8.863825046684552511e-01
6.349669919821372410e-01 8.957723798768220114e-01
6.631583560779279463e-01 9.170280276922277984e-01
6.682039695382541167e-01 9.220202484175241686e-01
6.796033184671391725e-01 9.323435283788833461e-01
6.866511594910869043e-01 9.374938737425373425e-01
6.960482808563503987e-01 9.464392104267786987e-01
7.030961218802981305e-01 9.515895557904328061e-01
7.124932432455617359e-01 9.605348924746740513e-01
7.195410842695093567e-01 9.656852378383280477e-01
7.242396449521411039e-01 9.699320138399376567e-01
7.359860466587205829e-01 9.787176123691032625e-01
7.430338876826683148e-01 9.827029986624069569e-01
7.547802893892476828e-01 9.905059655103489735e-01
7.594788500718795410e-01 9.930664014061522105e-01
7.641774107545113992e-01 9.951752977344017204e-01
7.772746486573474112e-01 9.995464996809485525e-01
7.806223731437225144e-01 9.998988917321458558e-01
7.876702141676702462e-01 1.000000000000000000e+00
7.933196740360728416e-01 9.995464996809485525e-01
7.994166158742497252e-01 9.972579765898390569e-01
8.017658962155655988e-01 9.956837406582079719e-01
8.073627111463475003e-01 9.901493783156849471e-01
8.091283729995109031e-01 9.878000979743690735e-01
8.114903763169141193e-01 9.831015372917373263e-01
8.131464263935794801e-01 9.784029766091055791e-01
8.208104720972164703e-01 9.596087338785783682e-01
8.225494489125295683e-01 9.525608928546307475e-01
8.255807783851951687e-01 9.431637714893671420e-01
8.284444661521757070e-01 9.314173697827876630e-01
8.290851789725344201e-01 9.243695287588400422e-01
8.307704727371965081e-01 9.173216877348923104e-01
8.314571854523502559e-01 9.032260056869969578e-01
8.323065406526721777e-01 8.996368273877644040e-01
8.327600409717237362e-01 8.938288843217334634e-01
8.327600409717237362e-01 8.679868005672586317e-01
8.323065406526721777e-01 8.621788575012275802e-01
8.312020282533968407e-01 8.562403988606790417e-01
8.310267088249404521e-01 8.444939971540996737e-01
8.307704727371965081e-01 8.421447168127838001e-01
8.291079051110343823e-01 8.350968757888360683e-01
8.284211923958806345e-01 8.233504740822565893e-01
8.267586247697185087e-01 8.163026330583089685e-01
8.260719120545647609e-01 8.069055116930453631e-01
8.243866182899026729e-01 7.998576706690976312e-01
8.237459054695438487e-01 7.928098296451500104e-01
8.220600640870866505e-01 7.857619886212023896e-01
8.213733513719329027e-01 7.740155869146229106e-01
8.197107837457707769e-01 7.669677458906751788e-01
8.190240710306170291e-01 7.575706245254116844e-01
8.173615034044549033e-01 7.505227835014639526e-01
8.171063462055014881e-01 7.481735031601480790e-01
8.169310267770450995e-01 7.340778211122527264e-01
8.166747906893010445e-01 7.317285407709368528e-01
8.150122230631389186e-01 7.246806997469891209e-01
8.147570658641856145e-01 7.223314194056732473e-01
8.145817464357292259e-01 6.612501305314600897e-01
8.143255103479851709e-01 6.589008501901441051e-01
8.126629427218230450e-01 6.518530091661964843e-01
8.124077855228697409e-01 6.495037288248806107e-01
8.122324660944133523e-01 5.696281972201402422e-01
8.119762300066692973e-01 5.672789168788243686e-01
8.103136623805071714e-01 5.602310758548767478e-01
8.100585051815538673e-01 5.578817955135607631e-01
8.098831857530974787e-01 4.803555442501363792e-01
8.096269496653534237e-01 4.780062639088204501e-01
8.079643820391912978e-01 4.709584228848727738e-01
8.077092248402378827e-01 4.686091425435569002e-01
8.075339054117814941e-01 3.887336109388165872e-01
8.072776693240375501e-01 3.863843305975006581e-01
8.056151016978754242e-01 3.793364895735530373e-01
8.049283889827216765e-01 3.652408075256576847e-01
8.032430952180595884e-01 3.581929665017099529e-01
8.026023823977008753e-01 3.511451254777623321e-01
8.008938148767437148e-01 3.440972844538146003e-01
8.002531020563850017e-01 3.393987237711828531e-01
7.950401339480885898e-01 3.182552006993397686e-01
7.879975729037552723e-01 2.971116776274967952e-01
7.849550622977887748e-01 2.900638366035490634e-01
7.832990122211234141e-01 2.853652759209173162e-01
7.753169150395842202e-01 2.689203135317060900e-01
7.713265138621363537e-01 2.595231921664424846e-01
7.645339979491754256e-01 2.477767904598630611e-01
7.614295917838651562e-01 2.430782297772312583e-01
7.574861569252276938e-01 2.360303887532835820e-01
7.416107659374481242e-01 2.125375853401246795e-01
7.350147095945226416e-01 2.054897443161770032e-01
7.298643642308686452e-01 1.984419032922293269e-01
7.232683078879431626e-01 1.913940622682816506e-01
7.181179625242891662e-01 1.843462212443339743e-01
6.936990005150345251e-01 1.599272592350793332e-01
6.866511594910869043e-01 1.547769138714252812e-01
6.796033184671391725e-01 1.481808575284998541e-01
6.725554774431915517e-01 1.430305121648458577e-01
6.655076364192438199e-01 1.369975438198128281e-01
6.302684312995054938e-01 1.135112238101931292e-01
6.138234689102942676e-01 1.050878734580748541e-01
6.044263475450306622e-01 9.967086687328441386e-02
5.950292261797670568e-01 9.568046569583665839e-02
5.738857031079240834e-01 8.534908817298147987e-02
5.245508159402902937e-01 6.890940576338455692e-02
5.175029749163426729e-01 6.724217455341835459e-02
5.104551338923949411e-01 6.489879536578896380e-02
4.893116108205519121e-01 5.480844373587490104e-02
4.846130501379201649e-01 5.315239365920954029e-02
4.775652091139724886e-01 5.010988305324309833e-02
4.423260039942341071e-01 3.836876132627792257e-02
4.023882381918639228e-01 2.845723253534981900e-02
3.976896775092321201e-01 2.781651971499099485e-02
3.812447151200208939e-01 2.375867185271801629e-02
3.741968740960732176e-01 2.311795903235919214e-02
3.671490330721255413e-01 2.140939151140214269e-02
3.601011920481778650e-01 2.076867869104331854e-02
3.530533510242301887e-01 1.906011117008626909e-02
3.460055100002825124e-01 1.841939834972744494e-02
3.389576689763348361e-01 1.673410458506546794e-02
3.295605476110712306e-01 1.604739186991166466e-02
3.225127065871236098e-01 1.438482424374953883e-02
3.107663048805441308e-01 1.369811152859579106e-02
3.037184638565964545e-01 1.203554390243366523e-02
2.896227818087011019e-01 1.134883118727991747e-02
2.825749407847534256e-01 9.686263561117791632e-03
2.661299783955421994e-01 8.999550845963988355e-03
2.590821373715944675e-01 7.336983219801862521e-03
2.426371749823832413e-01 6.650270504648114755e-03
2.355893339584355650e-01 4.987702878485988922e-03
2.332400536171196914e-01 4.731466790741989392e-03
2.191443715692243388e-01 4.556147362285600799e-03
2.167950912279084652e-01 4.300990163332241156e-03
2.097472502039607889e-01 2.638422537170115323e-03
1.933022878147495072e-01 1.951709822016312046e-03
