2.028934378326193722e-01 2.779708130645763831e-04
2.006349249764692311e-01 3.163473805395389249e-05
1.938593864080189189e-01 0.000000000000000000e+00
1.870838478395686066e-01 4.590954120030077412e-04
1.846135994031544714e-01 1.059763724808870933e-03
1.850200343675693637e-01 3.318276580958956501e-03
1.871897156297006592e-01 5.576789437109097580e-03
1.906901828840663615e-01 7.835302293259183148e-03
1.983764121203191455e-01 1.196918743174829602e-02
2.028934378326193722e-01 1.495365084880373452e-02
2.141860021133698555e-01 2.100323885634869381e-02
2.187030278256700822e-01 2.398770227340413230e-02
2.299955921064206210e-01 3.003729028094909159e-02
2.345126178187208477e-01 3.302175369800458560e-02
2.593562592363719554e-01 4.584688027399985710e-02
2.638732849486721821e-01 4.883134369105529560e-02
2.751658492294226654e-01 5.488093169860025489e-02
2.796828749417228921e-01 5.786539511565569338e-02
2.909754392224734310e-01 6.391498312320065267e-02
2.954924649347736576e-01 6.689944654025614668e-02
3.022680035032239143e-01 7.069052169165096489e-02
3.203361063524248209e-01 8.270903653330685668e-02
3.271116449208750776e-01 8.650011168470173040e-02
3.474382606262260698e-01 1.000442226293511427e-01
3.542137991946763265e-01 1.053003980036640863e-01
3.655063634754268653e-01 1.130515983321750961e-01
3.700233891877270365e-01 1.171342946490618320e-01
3.767989277561774042e-01 1.220856497567754939e-01
3.835744663246277164e-01 1.284268589298123708e-01
3.903500048930780286e-01 1.333782140375260328e-01
4.206444802231683600e-01 1.636726893676163641e-01
4.358630720031743122e-01 1.839993050729673008e-01
4.396944777412861161e-01 1.907748436414176130e-01
4.426789411583416101e-01 1.952918693537178396e-01
4.586888397320865729e-01 2.269110493398193151e-01
4.607156390424759218e-01 2.314280750521194863e-01
4.629684787436462723e-01 2.382036136205697985e-01
4.645712943189785893e-01 2.449791521890201107e-01
4.674800114011248287e-01 2.540132036136205640e-01
4.685937874019752147e-01 2.607887421820708762e-01
4.702363422064479992e-01 2.675642807505211884e-01
4.708523002581253003e-01 2.743398193189715006e-01
4.724730069778591002e-01 2.811153578874218129e-01
4.727183058483433453e-01 2.833738707435718984e-01
4.727183058483433453e-01 3.104760250173731473e-01
4.724730069778591002e-01 3.127345378735232329e-01
4.708746748027375362e-01 3.195100764419736006e-01
4.706283387277269137e-01 3.217685892981236861e-01
4.704597929921932598e-01 3.398366921473244817e-01
4.702144941217090146e-01 3.420952050034746228e-01
4.686161619465873951e-01 3.488707435719249350e-01
4.679559812655588735e-01 3.624218207088255594e-01
4.663576490904373095e-01 3.691973592772758717e-01
4.656974684094087880e-01 3.827484364141764961e-01
4.640767616896749881e-01 3.895239749826268083e-01
4.634608036379976870e-01 3.962995135510771205e-01
4.618406233781370829e-01 4.030750521195274327e-01
4.611804426971085613e-01 4.121091035441278305e-01
4.595597359773747614e-01 4.188846421125781427e-01
4.589437779256974603e-01 4.234016678248783694e-01
4.573012231212246759e-01 4.301772063933286816e-01
4.566852650695473748e-01 4.369527449617789938e-01
4.550427102650745348e-01 4.437282835302293060e-01
4.544267522133972337e-01 4.482453092425295327e-01
4.527841974089244492e-01 4.550208478109798449e-01
4.521682393572471481e-01 4.595378735232800160e-01
4.505256845527743637e-01 4.663134120917303282e-01
4.499097265010970625e-01 4.708304378040305549e-01
4.482671716966242226e-01 4.776059763724808671e-01
4.476512136449469770e-01 4.821230020847810938e-01
4.460086588404741370e-01 4.888985406532314060e-01
4.453927007887968359e-01 4.934155663655315771e-01
4.392331202720238248e-01 5.182592077831827959e-01
4.386171622203465237e-01 5.227762334954829671e-01
4.347160945597235981e-01 5.385858234885336771e-01
4.341001365080463525e-01 5.431028492008338482e-01
4.279405559912732859e-01 5.679464906184850115e-01
4.273245979395959848e-01 5.724635163307852936e-01
4.189065045666728881e-01 6.063412091730367992e-01
4.182905465149955870e-01 6.108582348853369703e-01
4.121309659982225759e-01 6.357018763029881336e-01
4.115150079465452748e-01 6.402189020152884158e-01
4.076139402859223493e-01 6.560284920083391258e-01
4.069979822342451037e-01 6.605455177206392969e-01
4.053554274297722637e-01 6.673210562890896647e-01
4.047394693780949626e-01 6.718380820013898358e-01
4.008384017174720371e-01 6.876476719944405458e-01
4.002224436657947360e-01 6.921646977067408280e-01
3.985798888613219515e-01 6.989402362751910847e-01
3.979639308096446504e-01 7.034572619874912558e-01
3.963213760051718104e-01 7.102328005559416235e-01
3.957054179534945648e-01 7.170083391243918802e-01
3.940628631490217249e-01 7.237838776928422480e-01
3.934469050973444793e-01 7.283009034051424191e-01
3.918043502928716393e-01 7.350764419735927868e-01
3.911883922411943382e-01 7.418519805420430435e-01
3.895682119813337341e-01 7.486275191104934112e-01
3.889080313003052680e-01 7.576615705350937535e-01
3.873096991251836485e-01 7.644371091035441212e-01
3.866495184441551269e-01 7.734711605281445745e-01
3.850511862690335629e-01 7.802466990965948312e-01
3.843910055880050414e-01 7.915392633773453701e-01
3.827926734128834774e-01 7.983148019457957378e-01
3.821324927318549003e-01 8.118658790826962512e-01
3.805341605567333363e-01 8.186414176511466190e-01
3.802878244817227138e-01 8.208999305072967045e-01
3.801192787461891154e-01 8.412265462126475857e-01
3.798739798757048147e-01 8.434850590687976712e-01
3.782756477005832507e-01 8.502605976372480390e-01
3.780293116255725727e-01 8.525191104933982356e-01
3.780630207726792813e-01 8.638116747741486634e-01
3.783942265196484911e-01 8.660701876302987490e-01
3.793109471574055425e-01 8.683287004864488345e-01
3.813159534684775753e-01 8.703337067975209784e-01
3.835744663246277164e-01 8.713579756665232878e-01
3.880914920369278875e-01 8.724996637449842218e-01
4.039010820299786531e-01 8.776723867381022171e-01
4.106766205984289653e-01 8.792752023134344785e-01
4.332617491599299875e-01 8.867064381627025593e-01
4.400372877283802997e-01 8.883092537380348208e-01
4.558468777214310097e-01 8.934819767311529271e-01
4.626224162898813219e-01 8.950847923064851885e-01
4.852075448513823996e-01 9.025160281557533803e-01
4.919830834198327119e-01 9.041188437310856418e-01
5.077926734128834774e-01 9.092915667242036371e-01
5.145682119813337341e-01 9.108943822995358985e-01
5.303778019743844441e-01 9.160671052926538938e-01
5.371533405428348118e-01 9.176699208679862663e-01
5.597384691043357785e-01 9.251011567172544581e-01
5.665140076727861462e-01 9.267039722925867196e-01
5.823235976658368562e-01 9.318766952857046038e-01
5.890991362342872240e-01 9.334795108610369763e-01
6.049087262273379340e-01 9.386522338541549715e-01
6.116842647957881907e-01 9.402550494294872330e-01
6.342693933572892684e-01 9.476862852787553138e-01
6.410449319257396361e-01 9.492891008540876863e-01
6.568545219187903461e-01 9.544618238472056815e-01
6.636300604872406028e-01 9.560646394225380540e-01
6.794396504802913128e-01 9.612373624156560492e-01
6.862151890487416805e-01 9.628401779909883107e-01
7.088003176102426472e-01 9.702714138402563915e-01
7.155758561786930150e-01 9.718742294155887640e-01
7.313854461717437250e-01 9.770469524087066482e-01
7.381609847401940927e-01 9.786497679840391317e-01
7.539705747332448027e-01 9.838224909771570159e-01
7.607461133016950594e-01 9.854253065524893884e-01
7.833312418631961371e-01 9.928565424017574692e-01
7.901067804316463938e-01 9.944593579770897307e-01
8.059163704246972149e-01 9.995913167212679973e-01
8.081748832808473004e-01 1.000000000000000000e+00
8.104333961369973860e-01 9.998870743571924846e-01
8.126919089931474716e-01 9.990228474989717444e-01
8.149504218492975571e-01 9.965463574241371081e-01
8.153747920993386078e-01 9.925469075747046510e-01
8.153864005968455286e-01 9.835128561501041977e-01
8.149504218492975571e-01 9.779293104779553936e-01
8.138885837154359315e-01 9.722202918693536589e-01
8.137200379799024441e-01 8.954308547602500834e-01
8.134737019048918771e-01 8.931723419040999978e-01
8.118753697297700356e-01 8.863968033356497411e-01
8.116300708592858459e-01 8.841382904794996556e-01
8.114615251237523585e-01 8.073488533703960801e-01
8.112151890487417916e-01 8.050903405142459945e-01
8.096168568736199500e-01 7.983148019457957378e-01
8.093715580031357604e-01 7.960562890896455412e-01
8.092030122676021620e-01 7.215253648366921624e-01
8.089566761925915950e-01 7.192668519805420768e-01
8.073583440174698644e-01 7.124913134120917091e-01
8.071130451469856748e-01 7.102328005559416235e-01
8.069444994114520764e-01 6.334433634468380481e-01
8.066981633364415094e-01 6.311848505906879625e-01
8.050998311613197789e-01 6.244093120222375948e-01
8.048545322908355892e-01 6.221507991660875092e-01
8.046859865553019908e-01 5.453613620569840448e-01
8.044396504802914238e-01 5.431028492008338482e-01
8.028413183051696933e-01 5.363273106323835915e-01
8.025960194346855037e-01 5.340687977762335059e-01
8.024274736991519053e-01 4.595378735232800160e-01
8.021811376241412272e-01 4.572793606671299305e-01
8.005828054490196077e-01 4.505038220986796182e-01
8.003375065785354181e-01 4.482453092425295327e-01
8.001689608430018197e-01 3.714558721334259572e-01
7.999226247679911417e-01 3.691973592772758717e-01
7.983242925928695222e-01 3.624218207088255594e-01
7.976641119118410561e-01 3.511292564280750206e-01
7.960439316519805075e-01 3.443537178596247084e-01
7.954279736003031509e-01 3.375781792911743961e-01
7.937854187958303109e-01 3.308026407227240839e-01
7.931694607441530653e-01 3.262856150104238573e-01
7.881579024025491265e-01 3.059589993050729761e-01
7.813874398148702438e-01 2.856323835997219840e-01
7.784624805421512805e-01 2.788568450312717273e-01
7.768704141025699617e-01 2.743398193189715006e-01
7.726597686178868774e-01 2.653057678943711029e-01
7.698775144183709340e-01 2.585302293259207351e-01
7.646698008907695243e-01 2.494961779013203373e-01
7.565718975764891274e-01 2.336865879082696273e-01
7.430270533484447659e-01 2.133599722029186907e-01
7.277587957200412072e-01 1.930333564975677541e-01
7.214175865470042748e-01 1.862578179291174418e-01
7.180732502023204900e-01 1.817407922168172152e-01
7.133173433225429294e-01 1.769414523974982556e-01
7.076249690830624939e-01 1.704482279360666763e-01
6.884737019048917661e-01 1.514897498262682274e-01
6.816981633364413984e-01 1.465383947185545654e-01
6.771811376241412272e-01 1.424556984016677741e-01
6.704055990556909705e-01 1.375043432939541121e-01
6.658885733433906884e-01 1.334216469770673763e-01
6.545960090626401495e-01 1.249754914126873784e-01
6.478204704941898928e-01 1.211440856745755190e-01
6.297523676449890973e-01 1.091255708329196272e-01
6.094257519396381051e-01 9.855895711307449680e-02
6.049087262273379340e-01 9.557449369601900280e-02
6.003917005150376518e-01 9.311298355339353572e-02
5.958746748027374807e-01 9.108556716298887856e-02
5.913576490904373095e-01 8.949350072340755968e-02
5.800650848096867707e-01 8.431002859453851084e-02
5.755480590973865995e-01 8.271796215495724747e-02
5.687725205289362318e-01 7.979300288223833970e-02
5.574799562481856929e-01 7.594242358650693525e-02
5.507044176797354362e-01 7.309151391562901390e-02
5.439288791112850685e-01 7.141972471922697352e-02
5.281192891182343585e-01 6.624700172610908933e-02
5.213437505497841018e-01 6.464418615077666130e-02
5.145682119813337341e-01 6.239134644960631082e-02
4.942415962759827974e-01 5.269084860843709084e-02
4.897245705636825708e-01 5.109878216885582747e-02
4.829490319952322586e-01 4.817382289613686419e-02
4.558468777214310097e-01 3.914484745230784046e-02
4.490713391529806975e-01 3.754203187697541244e-02
4.400372877283802997e-01 3.462782174000761382e-02
4.106766205984289653e-01 2.735775054225358938e-02
4.061595948861287386e-01 2.674179249057634378e-02
3.903500048930780286e-01 2.284072482995341824e-02
3.835744663246277164e-01 2.222476677827617264e-02
3.767989277561774042e-01 2.058221197380327716e-02
3.700233891877270365e-01 1.996625392212603156e-02
3.632478506192767798e-01 1.832369911765319159e-02
3.564723120508264120e-01 1.770774106597594599e-02
3.496967734823761553e-01 1.608756080611528638e-02
3.406627220577757020e-01 1.542738012508693135e-02
3.338871834893254453e-01 1.382904794996520081e-02
3.203361063524248209e-01 1.316886726893679027e-02
3.135605677839744532e-01 1.157053509381505974e-02
3.022680035032239143e-01 1.091035441278670470e-02
2.954924649347736576e-01 9.312022237664974167e-03
2.796828749417228921e-01 8.651841556636619135e-03
2.729073363732725799e-01 7.053509381514888599e-03
2.570977463802218699e-01 6.393328700486478056e-03
2.503222078117715577e-01 4.794996525364747519e-03
2.480636949556214721e-01 4.548660450354125029e-03
2.345126178187208477e-01 4.380114714820582122e-03
2.322541049625707066e-01 4.134815844336392487e-03
2.254785663941203944e-01 2.536483669214661951e-03
2.232200535379703088e-01 2.290147594204039461e-03
2.096689764010696844e-01 1.876302988186306919e-03
