1.340510109834606167e-01 5.809144593840742665e-04
1.312503108084168701e-01 2.754419948270414586e-04
1.200475101082418283e-01 2.418637446247595690e-04
1.116454095831105331e-01 0.000000000000000000e+00
1.092336955434894952e-01 1.550387596899294174e-03
1.111640392405248701e-01 4.351087771943040750e-03
1.144049229908742915e-01 7.151787946986787325e-03
1.228482102832855749e-01 1.226047252553885691e-02
1.452538116836356585e-01 2.718179544886228927e-02
1.536559122087669538e-01 3.188297074268575670e-02
1.592573125588544469e-01 3.558389597399358451e-02
1.676594130839857422e-01 4.033508377094274788e-02
1.760615136091170374e-01 4.679442587919702135e-02
1.844636141342482771e-01 5.238809702425611947e-02
1.928657146593795724e-01 5.708927231807964242e-02
2.012678151845108676e-01 6.268203414489986747e-02
2.040685153595546142e-01 6.480850981976266079e-02
2.096699157096421628e-01 6.987131398234180946e-02
2.152713160597296560e-01 7.387587637650155914e-02
2.236734165848609512e-01 8.040282797972214679e-02
2.348762172850359931e-01 8.788833572029369767e-02
2.376769174600797396e-01 9.001481139515649099e-02
2.488797181602547814e-01 1.007006653624190062e-01
2.628832190354736253e-01 1.123977072699547386e-01
2.656839192105173719e-01 1.149787446861715856e-01
2.782870699982142870e-01 1.275818954738685007e-01
2.808454018888792425e-01 1.303825956489122473e-01
2.869853984264751912e-01 1.387846961740435425e-01
2.948489027640980309e-01 1.471867966991748378e-01
3.009888993016940351e-01 1.555888972243061330e-01
3.060517034642731282e-01 1.611902975743936262e-01
3.081781791391359215e-01 1.639909977494373727e-01
3.193723413160437508e-01 1.807951987996999632e-01
3.224336998760227724e-01 1.863965991497874564e-01
3.392256379735414384e-01 2.200050012503126373e-01
3.417389985541237629e-01 2.256064016004001305e-01
3.465139627869852079e-01 2.396099024756189189e-01
3.500492728440076640e-01 2.480120030007502141e-01
3.536474485543917856e-01 2.620155038759690580e-01
3.542075885894005460e-01 2.648162040510128046e-01
3.564481487294355322e-01 2.732183045761440443e-01
3.619473790148624026e-01 2.956239059764941279e-01
3.627112063353288285e-01 3.040260065016254787e-01
3.647209861695648314e-01 3.124281070267567184e-01
3.650251724342710724e-01 3.152288072018004650e-01
3.652341799100206066e-01 3.264316079019755623e-01
3.655396523745776394e-01 3.292323080770193089e-01
3.675216863446085780e-01 3.376344086021505486e-01
3.678258726093148745e-01 3.404351087771942952e-01
3.678258726093148745e-01 3.880470117529382645e-01
3.675216863446085780e-01 3.908477119279820111e-01
3.655396523745776394e-01 3.992498124531133064e-01
3.652341799100206066e-01 4.020505126281570529e-01
3.650251724342710724e-01 4.916729182295573874e-01
3.647209861695648314e-01 4.944736184046011895e-01
3.627389521995338928e-01 5.028757189297324848e-01
3.624334797349768600e-01 5.056764191047762314e-01
3.622244722592273258e-01 5.756939234808702288e-01
3.619202859945210848e-01 5.784946236559139754e-01
3.599382520244901462e-01 5.868967241810453261e-01
3.596327795599330579e-01 5.896974243560890727e-01
3.594237720841835237e-01 6.541135283820955770e-01
3.591195858194772828e-01 6.569142285571393236e-01
3.571375518494463441e-01 6.653163290822705633e-01
3.568320793848893113e-01 6.681170292573143099e-01
3.566230719091397772e-01 7.409352338084521650e-01
3.563188856444335362e-01 7.437359339834959115e-01
3.543368516744025976e-01 7.521380345086271513e-01
3.540313792098455092e-01 7.549387346836708979e-01
3.538223717340960306e-01 8.529632408102025831e-01
3.535181854693897341e-01 8.557639409852463297e-01
3.515792391943594608e-01 8.641660415103775694e-01
3.514772425413500434e-01 8.669667416854214270e-01
3.520546644391974178e-01 8.697674418604650626e-01
3.541510359897122040e-01 8.725681420355089202e-01
3.553063248119177064e-01 8.734083520880220330e-01
3.581070249869614530e-01 8.747386846711677766e-01
3.609077251620051996e-01 8.757467144563918504e-01
3.665091255120927483e-01 8.770277184680785876e-01
3.749112260372240435e-01 8.792682786081136292e-01
3.777119262122677901e-01 8.798284186431222231e-01
3.861140267373990853e-01 8.820689787831572648e-01
4.085196281377491689e-01 8.875688619124478818e-01
4.141210284878367176e-01 8.883326892329143076e-01
4.365266298881868012e-01 8.938319195183410670e-01
4.449287304133180410e-01 8.960724796583761087e-01
4.477294305883618430e-01 8.966326196933849246e-01
4.561315311134930828e-01 8.988731798334199663e-01
4.589322312885368849e-01 8.994333198684285602e-01
4.785371325138431664e-01 9.043730629627104722e-01
4.841385328639307151e-01 9.051368902831768981e-01
5.065441342642807987e-01 9.106361205686036575e-01
5.149462347894120384e-01 9.128766807086386992e-01
5.373518361897621221e-01 9.183765638379290941e-01
5.429532365398497262e-01 9.191403911583956310e-01
5.653588379401998099e-01 9.246396214438225014e-01
5.737609384653310496e-01 9.268801815838575431e-01
5.765616386403747962e-01 9.274403216188662480e-01
5.961665398656811332e-01 9.323800647131479380e-01
6.017679402157686264e-01 9.331438920336144749e-01
6.241735416161187100e-01 9.386431223190412343e-01
6.325756421412500607e-01 9.408836824590762760e-01
6.353763423162938073e-01 9.414438224940850919e-01
6.549812435416001444e-01 9.463835655883667819e-01
6.605826438916876375e-01 9.471473929088332078e-01
6.829882452920377212e-01 9.526466231942600782e-01
6.913903458171690719e-01 9.548871833342951199e-01
6.941910459922127075e-01 9.554473233693038248e-01
7.137959472175190445e-01 9.603870664635856258e-01
7.193973475676066487e-01 9.611508937840520517e-01
7.418029489679567323e-01 9.666501240694789221e-01
7.502050494930879720e-01 9.688906842095139638e-01
7.530057496681317186e-01 9.694508242445226687e-01
7.726106508934380557e-01 9.743905673388043587e-01
7.782120512435255488e-01 9.751543946592708956e-01
8.006176526438757435e-01 9.806536249446977660e-01
8.090197531690069832e-01 9.828941850847328077e-01
8.118204533440507298e-01 9.834543251197414016e-01
8.314253545693570668e-01 9.883940682140230916e-01
8.370267549194445600e-01 9.891578955344897395e-01
8.594323563197946436e-01 9.946571258199164989e-01
8.678344568449258833e-01 9.968976859599515405e-01
8.706351570199697409e-01 9.974578259949602455e-01
8.790372575451009807e-01 9.996552984399946773e-01
8.818379577201447272e-01 1.000000000000000000e+00
8.846386578951885848e-01 9.999766608318746419e-01
8.874393580702322204e-01 9.990664332749854548e-01
8.880199910333510527e-01 9.985996499124780712e-01
8.902400582452760780e-01 9.958413845885714100e-01
8.907663044565103938e-01 9.901975493873468315e-01
8.906601632715325234e-01 9.789947486871717341e-01
8.902400582452760780e-01 9.748714956516906227e-01
8.892274974127600817e-01 9.705926481620404944e-01
8.889233111480540073e-01 9.677919479869967478e-01
8.887143036723044176e-01 8.809702425606401599e-01
8.884088312077474958e-01 8.781695423855964133e-01
8.864267972377164462e-01 8.697674418604650626e-01
8.861226109730102607e-01 8.669667416854214270e-01
8.859136034972607820e-01 7.801450362590647281e-01
8.856081310327037492e-01 7.773443360840210925e-01
8.836260970626725886e-01 7.689422355588897418e-01
8.833219107979664031e-01 7.661415353838459952e-01
8.831129033222169245e-01 6.821205301325331538e-01
8.828074308576598916e-01 6.793198299574894072e-01
8.808253968876288420e-01 6.709177294323580565e-01
8.805212106229227675e-01 6.681170292573143099e-01
8.803122031471731779e-01 5.812953238309577220e-01
8.800067306826162561e-01 5.784946236559139754e-01
8.780246967125850954e-01 5.700925231307827357e-01
8.777205104478789099e-01 5.672918229557389891e-01
8.775115029721294313e-01 4.804701175293823456e-01
8.772060305075723985e-01 4.776694173543385991e-01
8.752239965375413489e-01 4.692673168292073038e-01
8.749198102728351634e-01 4.664666166541635572e-01
8.747108027970856847e-01 4.412603150787697270e-01
8.744053303325286519e-01 4.384596149037259805e-01
8.723962033421562845e-01 4.300575143785946852e-01
8.716323760216898586e-01 4.216554138534633900e-01
8.695955031671125379e-01 4.132533133283320947e-01
8.688316758466461120e-01 4.076519129782446016e-01
8.626170234543202309e-01 3.824456114028507159e-01
8.590032167768444360e-01 3.712428107026757296e-01
8.569300914093047616e-01 3.628407101775443788e-01
8.533947813522824166e-01 3.544386096524131391e-01
8.514205172944645517e-01 3.488372093023256459e-01
8.477933810021948124e-01 3.404351087771942952e-01
8.458191169443770585e-01 3.348337084271068020e-01
8.433049911451677705e-01 3.292323080770193089e-01
8.349143624145387577e-01 3.124281070267567184e-01
8.318504608459262872e-01 3.068267066766692253e-01
8.284556466251296047e-01 3.012253063265816766e-01
8.259446740544007515e-01 2.956239059764941279e-01
8.243253339501671606e-01 2.928232058014503814e-01
8.038511883005170500e-01 2.620155038759690580e-01
7.973242366972964623e-01 2.536134033508377073e-01
7.954571032472672609e-01 2.508127031757939607e-01
7.889221361721652226e-01 2.424106026506627209e-01
7.849175737780054174e-01 2.368092023005751723e-01
7.714526690902949735e-01 2.228057014253563839e-01
7.673054784464801159e-01 2.172043010752688352e-01
7.647260710528257510e-01 2.144036009002250887e-01
7.614078501932630694e-01 2.112605929260093496e-01
7.568066999056911603e-01 2.060015003750937934e-01
7.502050494930879720e-01 2.000500125031258181e-01
7.446036491430004789e-01 1.938184546136533792e-01
7.418029489679567323e-01 1.915651640182773896e-01
7.362015486178692392e-01 1.875545809529305941e-01
7.277994480927378884e-01 1.796910766153076988e-01
7.193973475676066487e-01 1.735510800777118057e-01
7.137959472175190445e-01 1.684882759151326570e-01
7.081945468674315514e-01 1.644837135209728518e-01
6.997924463423003116e-01 1.579567619177522642e-01
6.913903458171690719e-01 1.523630907726931660e-01
6.829882452920377212e-01 1.476619154788696986e-01
6.605826438916876375e-01 1.327581895473868845e-01
6.549812435416001444e-01 1.296942879787743585e-01
6.157714410909874703e-01 1.101008585479703594e-01
6.101700407408999771e-01 1.075867327487610159e-01
6.045686403908123729e-01 1.056124686909432064e-01
5.961665398656811332e-01 1.019853323986734672e-01
5.905651395155936401e-01 1.000110683408556578e-01
5.821630389904624003e-01 9.638393204858597407e-02
5.485546368899372194e-01 8.518742588873029487e-02
5.289497356646308823e-01 8.030878687413794959e-02
5.233483353145433892e-01 7.789280653496710727e-02
5.093448344393245453e-01 7.089105609735768532e-02
5.037434340892370521e-01 6.837693029814834178e-02
4.981420337391495035e-01 6.640266624033053233e-02
4.897399332140182082e-01 6.277552994806084863e-02
4.841385328639307151e-01 6.080126589024303918e-02
4.757364323387994198e-01 5.717412959797329997e-02
4.505301307634055896e-01 4.877832361316142284e-02
4.421280302382742944e-01 4.679072994054961354e-02
4.309252295380992526e-01 4.317692326307392969e-02
4.253238291880117039e-01 4.190201396502968301e-02
4.169217286628804642e-01 3.966145382499480787e-02
3.945161272625303805e-01 3.416157069570424643e-02
3.889147269124428319e-01 3.339774337523782055e-02
3.805126263873115366e-01 3.136087052066044434e-02
3.749112260372240435e-01 3.059704320019401846e-02
3.665091255120927483e-01 2.856017034561669776e-02
3.581070249869614530e-01 2.779634302515027189e-02
3.497049244618302133e-01 2.575947017057295119e-02
3.441035241117426646e-01 2.499564285010652531e-02
3.357014235866113694e-01 2.298651585973415790e-02
3.329007234115676228e-01 2.268104339517712509e-02
3.272993230614801297e-01 2.247203591942764644e-02
3.244986228864363831e-01 2.216784965472146096e-02
3.160965223613050323e-01 2.018581568469041132e-02
3.132958221862612858e-01 1.988034322013337851e-02
3.076944218361737926e-01 1.967133574438389987e-02
3.048937216611300460e-01 1.936714947967771439e-02
2.964916211359986953e-01 1.738511550964660923e-02
2.936909209609549487e-01 1.707964304508963194e-02
2.852888204358237090e-01 1.687063556934009778e-02
2.824881202607799624e-01 1.656644930463396781e-02
2.740860197356486117e-01 1.458441533460286266e-02
2.712853195606048651e-01 1.427894287004588536e-02
2.600825188604298788e-01 1.406993539429635121e-02
2.572818186853860767e-01 1.376574912959022123e-02
2.488797181602547814e-01 1.178371515955911608e-02
2.460790179852110349e-01 1.147824269500208327e-02
2.348762172850359931e-01 1.126923521925260463e-02
2.320755171099922465e-01 1.096504895454641915e-02
2.236734165848609512e-01 8.983014984515369505e-03
2.208727164098172047e-01 8.677542519958336698e-03
2.040685153595546142e-01 8.468535044208858054e-03
2.012678151845108676e-01 8.164348779502672571e-03
1.928657146593795724e-01 6.182314809471567418e-03
1.900650144843358258e-01 5.876842344914590122e-03
1.732608134340732353e-01 5.667834869165055967e-03
1.704601132590294887e-01 5.363648604458925995e-03
1.620580127338981935e-01 3.381614634427820842e-03
1.592573125588544469e-01 3.076142169870843546e-03
1.452538116836356585e-01 2.867134694121309391e-03
1.424531115085919120e-01 2.562948429415179419e-03
