2.025934906359823651e-01 2.782514415552994613e-04
2.003326976733451614e-01 3.166667525156263707e-05
1.935503187854333840e-01 0.000000000000000000e+00
1.867679398975216620e-01 4.595588968241415273e-04
1.842951975946371390e-01 1.060833620929790833e-03
1.847020428799392988e-01 3.321626583566994473e-03
1.868739145676452940e-01 5.582419546204253624e-03
1.935503187854333840e-01 9.706273376200003078e-03
2.116366624865314017e-01 2.175112635935100291e-02
2.184190413744431236e-01 2.554602883234929900e-02
2.297230061876293639e-01 3.305509117253724316e-02
2.365053850755410858e-01 3.689036494843972447e-02
2.432877639634528633e-01 4.210450222444411805e-02
2.523309358140018444e-01 4.814698523367461069e-02
2.591133147019135663e-01 5.340846703763035830e-02
2.749388654403743248e-01 6.397253597213531373e-02
2.771996584030115285e-01 6.568907860093492479e-02
2.817212443282860468e-01 6.977589664877920095e-02
2.885036232161978242e-01 7.473225045148390588e-02
3.020683809920212681e-01 8.786224034987721865e-02
3.065899669172957864e-01 9.120995300609002765e-02
3.114381118260622916e-01 9.601413805169417559e-02
3.164696321640205756e-01 1.005357239769686939e-01
3.215242435070245208e-01 1.073181028648804158e-01
3.301326474801432598e-01 1.163612747154293969e-01
3.350890012828480202e-01 1.231436536033411744e-01
3.391758193306922964e-01 1.276652395286156372e-01
3.499285605849937753e-01 1.434907902670763957e-01
3.559842560206292195e-01 1.547947550802626360e-01
3.589717324355427563e-01 1.593163410055370988e-01
3.636938291652416222e-01 1.683595128560861354e-01
3.657226746531602180e-01 1.728810987813605982e-01
3.673163483809208651e-01 1.774026847066351165e-01
3.725050535410719399e-01 1.887066495198213567e-01
3.770209605839707212e-01 2.022714072956448561e-01
3.842961613982442404e-01 2.316617158099290585e-01
3.849127412971452555e-01 2.361833017352035768e-01
3.865569543608814440e-01 2.429656806231152988e-01
3.871735342597825147e-01 2.497480595110270207e-01
3.887958771818055270e-01 2.565304383989387427e-01
3.890414236964617190e-01 2.587912313615760018e-01
3.892101395891958138e-01 2.700951961747622976e-01
3.894567243554995506e-01 2.723559891373995567e-01
3.910566701444427862e-01 2.791383680253112232e-01
3.913022166590989226e-01 2.813991609879484823e-01
3.914709325518330729e-01 3.401797780165169427e-01
3.917175173181367542e-01 3.424405709791542018e-01
3.933174631070800453e-01 3.492229498670659238e-01
3.935630096217361817e-01 3.514837428297031829e-01
3.937317255144702766e-01 3.650485006055266823e-01
3.939783102807740134e-01 3.673092935681639415e-01
3.955782560697173045e-01 3.740916724560756634e-01
3.958238025843734409e-01 3.763524654187129226e-01
3.959925184771075357e-01 3.853956372692619037e-01
3.962391032434112725e-01 3.876564302318991628e-01
3.978390490323545636e-01 3.944388091198108848e-01
3.984998962060485317e-01 4.034819809703599214e-01
4.001217121367049989e-01 4.102643598582716433e-01
4.007382920356060141e-01 4.170467387461833653e-01
4.023825050993422026e-01 4.238291176340951427e-01
4.029990849982432732e-01 4.306114965220068647e-01
4.046432980619794617e-01 4.373938754099185866e-01
4.052598779608805324e-01 4.419154613351931049e-01
4.069040910246167209e-01 4.486978402231048824e-01
4.075206709235177360e-01 4.554802191110166043e-01
4.091648839872539245e-01 4.622625979989283262e-01
4.097814638861549952e-01 4.667841839242028446e-01
4.136864699125284428e-01 4.826097346626635476e-01
4.143030498114295135e-01 4.893921135505753250e-01
4.204688488004402203e-01 5.142608361395850647e-01
4.210854286993412354e-01 5.187824220648595830e-01
4.249904347257146831e-01 5.346079728033202860e-01
4.256070146246157537e-01 5.391295587285948043e-01
4.317728136136264050e-01 5.639982813176045440e-01
4.323893935125274757e-01 5.685198672428789513e-01
4.385551925015381824e-01 5.933885898318886909e-01
4.391717724004392531e-01 5.979101757571632092e-01
4.430767784268127008e-01 6.137357264956239122e-01
4.436933583257137159e-01 6.182573124208984305e-01
4.475983643520871635e-01 6.340828631593591336e-01
4.482149442509882342e-01 6.386044490846336519e-01
4.498591573147244227e-01 6.453868279725454293e-01
4.504757372136254934e-01 6.499084138978199476e-01
4.521199502773616818e-01 6.566907927857317251e-01
4.527365301762626970e-01 6.612123787110061324e-01
4.543807432399988855e-01 6.679947575989179098e-01
4.549973231388999562e-01 6.747771364868295763e-01
4.566415362026361446e-01 6.815595153747413537e-01
4.572581161015372153e-01 6.860811013000158720e-01
4.589023291652734038e-01 6.928634801879276495e-01
4.595189090641744745e-01 6.996458590758394269e-01
4.611412519861974868e-01 7.064282379637510934e-01
4.618020991598914549e-01 7.154714098143001300e-01
4.634020449488347460e-01 7.222537887022117964e-01
4.640628921225287140e-01 7.312969605527608330e-01
4.656628379114720051e-01 7.380793394406726105e-01
4.659083844261280860e-01 7.403401324033098696e-01
4.660771003188622919e-01 7.493833042538587952e-01
4.663236850851659732e-01 7.516440972164960543e-01
4.679236308741092087e-01 7.584264761044078318e-01
4.681691773887653452e-01 7.606872690670449799e-01
4.683378932814994955e-01 7.787736127681430531e-01
4.685844780478032323e-01 7.810344057307803123e-01
4.701844238367464679e-01 7.878167846186920897e-01
4.704299703514026043e-01 7.900775775813293489e-01
4.706858561220493842e-01 8.352934368340743099e-01
4.711568546559321002e-01 8.375542297967115690e-01
4.724879374690790224e-01 8.398150227593487172e-01
4.738886461524521310e-01 8.410541112100249350e-01
4.761494391150893901e-01 8.423207349596051330e-01
4.806710250403638529e-01 8.439845179773273198e-01
4.851926109656383712e-01 8.460133634652458046e-01
5.145829194799226292e-01 8.607085177223879890e-01
5.191045054051970364e-01 8.627379809133017829e-01
5.236260913304715547e-01 8.643316546410624301e-01
5.281476772557460730e-01 8.663605001289811369e-01
5.620595716953047383e-01 8.833164473487604695e-01
5.665811576205792566e-01 8.853459105396743745e-01
5.711027435458537749e-01 8.869395842674350217e-01
5.756243294711282932e-01 8.889684297553535064e-01
6.050146379854125511e-01 9.036635840124956909e-01
6.095362239106869584e-01 9.056930472034094848e-01
6.140578098359614767e-01 9.072867209311701320e-01
6.185793957612359950e-01 9.093155664190888388e-01
6.524912902007946602e-01 9.262715136388681714e-01
6.570128761260691785e-01 9.283009768297820763e-01
6.615344620513436968e-01 9.298946505575427235e-01
6.660560479766182151e-01 9.319234960454613192e-01
6.954463564909023621e-01 9.466186503026033927e-01
6.999679424161768804e-01 9.486481134935171866e-01
7.044895283414513987e-01 9.502417872212778338e-01
7.090111142667259170e-01 9.522706327091965406e-01
7.429230087062845822e-01 9.692265799289758732e-01
7.474445946315591005e-01 9.712560431198897781e-01
7.519661805568336188e-01 9.728497168476504253e-01
7.564877664821081371e-01 9.748785623355690211e-01
7.858780749963922840e-01 9.895737165927110945e-01
7.903996609216668023e-01 9.916031797836248884e-01
7.949212468469413206e-01 9.931968535113855356e-01
8.084860046227648755e-01 9.995212056283150348e-01
8.107467975854021347e-01 1.000000000000000000e+00
8.130075905480393939e-01 9.995852614289230109e-01
8.148108420777617766e-01 9.980705301439560806e-01
8.152683835106765420e-01 9.973314247523247245e-01
8.156931821883696143e-01 9.935489442186815623e-01
8.157048024053628055e-01 9.845057723681325257e-01
8.152683835106765420e-01 9.789165897660572213e-01
8.144510199011076867e-01 9.754626005175836001e-01
8.142054733864516614e-01 9.732018075549463410e-01
8.140367574937175110e-01 8.963348468252798629e-01
8.137901727274137187e-01 8.940740538626426037e-01
8.121902269384704276e-01 8.872916749747309373e-01
8.119446804238144022e-01 8.850308820120936781e-01
8.117759645310802519e-01 8.081639212824272001e-01
8.115293797647765706e-01 8.059031283197899409e-01
8.099294339758331684e-01 7.991207494318782745e-01
8.096838874611771431e-01 7.968599564692410153e-01
8.095151715684429927e-01 7.222537887022117964e-01
8.092685868021393114e-01 7.199929957395745372e-01
8.076686410131959093e-01 7.132106168516628708e-01
8.074230944985398839e-01 7.109498238890256117e-01
8.072543786058057336e-01 6.340828631593591336e-01
8.070077938395020523e-01 6.318220701967218744e-01
8.054078480505586501e-01 6.250396913088102080e-01
8.051623015359026247e-01 6.227788983461729488e-01
8.049935856431684744e-01 5.459119376165064708e-01
8.047470008768647931e-01 5.436511446538692116e-01
8.031470550879213910e-01 5.368687657659575452e-01
8.029015085732653656e-01 5.346079728033202860e-01
8.027327926805312153e-01 4.600018050362910671e-01
8.024862079142275340e-01 4.577410120736538635e-01
8.008862621252841318e-01 4.509586331857420860e-01
8.006407156106281064e-01 4.486978402231048824e-01
8.004719997178939561e-01 3.718308794934384043e-01
8.002254149515903858e-01 3.695700865308011451e-01
7.986254691626468727e-01 3.627877076428894232e-01
7.983799226479908473e-01 3.605269146802522195e-01
7.982112067552566970e-01 3.514837428297031829e-01
7.979646219889531267e-01 3.492229498670659238e-01
7.963428060582965484e-01 3.424405709791542018e-01
7.957262261593955888e-01 3.356581920912424799e-01
7.884488153813266065e-01 3.062678835769582220e-01
7.816715175986984621e-01 2.859207469132230006e-01
7.787436054011847020e-01 2.791383680253112232e-01
7.771499316734239438e-01 2.746167821000367604e-01
7.717292790385542611e-01 2.633128172868505201e-01
7.678891792678218531e-01 2.542696454363015390e-01
7.626762082357677608e-01 2.452264735857525579e-01
7.568309225567941834e-01 2.339225087725663177e-01
7.432724039823286333e-01 2.135753721088310964e-01
7.279887321165559033e-01 1.932282354450958195e-01
7.216411211060743680e-01 1.864458565571840976e-01
7.182934084498615590e-01 1.819242706319095793e-01
7.135327001920004353e-01 1.771200855863054313e-01
7.078345791535167741e-01 1.706203058187233390e-01
6.886639776029906956e-01 1.516426879688933527e-01
6.818815987150789182e-01 1.466863341661886477e-01
6.773600127898043999e-01 1.425995161183443716e-01
6.705776339018927334e-01 1.376431623156396666e-01
6.660560479766182151e-01 1.335563442677953905e-01
6.547520831634319194e-01 1.251016617941966835e-01
6.479697042755202530e-01 1.212663880182940912e-01
6.298833605744222908e-01 1.092357397528316287e-01
6.095362239106869584e-01 9.865845839192161071e-02
6.050146379854125511e-01 9.567098197700812934e-02
6.004930520601380328e-01 9.320698678975292140e-02
5.959714661348635145e-01 9.117752359883907198e-02
5.914498802095889962e-01 8.958384987107836928e-02
5.801459153964028115e-01 8.439514471092735004e-02
5.756243294711282932e-01 8.280147098316659182e-02
5.688419505832165157e-01 7.987355878565283174e-02
5.643203646579419974e-01 7.827988505789212903e-02
5.575379857700303310e-01 7.535197286037836895e-02
5.507556068821185535e-01 7.309626100302468732e-02
5.439732279942067761e-01 7.149182728760461458e-02
5.281476772557460730e-01 6.631388211511296538e-02
5.213652983678342956e-01 6.470944839969289264e-02
5.145829194799226292e-01 6.245433431943137048e-02
4.942357828161873523e-01 5.274404323400588845e-02
4.897141968909128895e-01 5.115036950624513024e-02
4.829318180030011121e-01 4.822245730873137015e-02
4.558023024513541688e-01 3.918436656346596658e-02
4.490199235634423913e-01 3.757993284804589385e-02
4.399767517128934102e-01 3.466278063819144828e-02
4.105864431986092078e-01 2.738536986012252150e-02
4.060648572733346895e-01 2.676878996122150633e-02
3.902393065348739309e-01 2.286378393484805871e-02
3.834569276469622090e-01 2.224720403594704354e-02
3.766745487590504871e-01 2.060299097221079956e-02
3.698921698711387096e-01 1.998641107330978439e-02
3.631097909832269877e-01 1.834219800957354041e-02
3.563274120953152657e-01 1.772561811067252524e-02
3.495450332074034883e-01 1.610380218001600250e-02
3.405018613568545072e-01 1.544295500632214546e-02
3.337194824689427852e-01 1.384300921737879886e-02
3.314586895063055261e-01 1.359642445107506203e-02
3.224155176557564895e-01 1.342770855834096722e-02
3.201547246931192858e-01 1.318216204368494182e-02
3.133723458052075639e-01 1.158221625474153971e-02
3.020683809920212681e-01 1.092136908104768267e-02
2.952860021041095462e-01 9.321423292104280556e-03
2.930252091414722870e-01 9.074838525800599243e-03
2.817212443282860468e-01 8.906122633066448913e-03
2.794604513656487876e-01 8.660576118410423518e-03
2.726780724777370657e-01 7.060630329467021404e-03
2.704172795150998065e-01 6.814045563163340091e-03
2.591133147019135663e-01 6.645329670429245272e-03
2.568525217392763071e-01 6.399783155773164367e-03
2.500701428513645852e-01 4.799837366829762253e-03
2.478093498887273261e-01 4.553252600526080940e-03
2.342445921129038267e-01 4.384536707791986121e-03
2.319837991502666230e-01 4.138990193135905216e-03
2.252014202623548456e-01 2.539044404192558613e-03
2.229406272997175864e-01 2.292459637888821788e-03
2.116366624865314017e-01 2.123743745154726970e-03
2.093758695238941425e-01 1.878197230498701575e-03
