5.618081180811808073e-01 2.455770715030839435e-01
3.675540326831839844e-01 2.455770715030839435e-01
3.530013276323239468e-01 2.467133871157880520e-01
3.381215955016693142e-01 2.494809147910648228e-01
3.028026708838517100e-01 2.505622442856784149e-01
2.733702337023370399e-01 2.576793435495459139e-01
2.380513090845194357e-01 2.695235259314618936e-01
2.262783342119135677e-01 2.771269055366865075e-01
2.142516314325705329e-01 2.938052866062115243e-01
1.917933286475722587e-01 3.585566484055437986e-01
1.850729221577930295e-01 3.693963996601992150e-01
1.737997433882695342e-01 3.821025981507554792e-01
1.715064081444386268e-01 3.879890855870584132e-01
1.704865525546012117e-01 3.997620604596642813e-01
1.707981901247584422e-01 4.233080102048760174e-01
1.682624724598895116e-01 4.291944976411789514e-01
1.625781308833497141e-01 4.350809850774818854e-01
1.497539975399754808e-01 4.445333254800067913e-01
1.320945352310666787e-01 4.607927179360503667e-01
1.262080477947637447e-01 4.645641678403440444e-01
1.085485854858549426e-01 4.703500242085512095e-01
1.026620980495520086e-01 4.737110588782199039e-01
9.175871791185452597e-02 4.821728845679053577e-01
8.664406012191999684e-02 4.880593720042082917e-01
7.886242039760310574e-02 4.998323468768141598e-01
6.145668599543147037e-02 5.420821357341497615e-01
5.557019855912853634e-02 5.489077366990353646e-01
4.968371112282560231e-02 5.499263549597521727e-01
4.379722368652266828e-02 5.467140146730840033e-01
3.202424881391680023e-02 5.356606790612349345e-01
2.613776137761386620e-02 5.334226997871459597e-01
1.436478650500799814e-02 5.334497087200754661e-01
8.478299068705064112e-03 5.358257648467081857e-01
3.266304984478440865e-03 5.410377589309347535e-01
8.632399249163258403e-04 5.469242463672376875e-01
1.110223024625156540e-16 5.528107338035406215e-01
1.391085339425557343e-04 5.704701961124494236e-01
1.215133119073175116e-03 5.763566835487523576e-01
4.120034332211530703e-03 5.822431709850552917e-01
8.478299068705064112e-03 5.876391178016662220e-01
1.436478650500799814e-02 5.927799834960374437e-01
2.025127394131093217e-02 5.962609927613359284e-01
3.202424881391680023e-02 6.006147083870652104e-01
5.557019855912853634e-02 6.056394642700220210e-01
6.734317343173440440e-02 6.116239723118654936e-01
7.322966086803733843e-02 6.132173072570301642e-01
7.911614830434027246e-02 6.131238709485175020e-01
8.500263574064320649e-02 6.110529989184994015e-01
9.088912317694614051e-02 6.061235802436932829e-01
9.479653294069895209e-02 5.999026332939640938e-01
1.026620980495520086e-01 5.825585185262857069e-01
1.085485854858549426e-01 5.798757792987160320e-01
1.144350729221578766e-01 5.821791874259649724e-01
1.203215603584608107e-01 5.863048473161043272e-01
1.262080477947637447e-01 5.887893509788748592e-01
1.320945352310666787e-01 5.884975638861270619e-01
1.379810226673696127e-01 5.839136606629249382e-01
1.442879734919798596e-01 5.704701961124494236e-01
1.497539975399754808e-01 5.648902965634539086e-01
1.556404849762784148e-01 5.619727666681088030e-01
1.674134598488842274e-01 5.596450454880617098e-01
1.732999472851871614e-01 5.609572119519955491e-01
1.882263975700981806e-01 5.704701961124494236e-01
1.921265579650870969e-01 5.763566835487523576e-01
1.934498465863779826e-01 5.822431709850552917e-01
1.930876012056824131e-01 5.940161458576611597e-01
1.890123406728573263e-01 6.116756081665699618e-01
1.888312179825095694e-01 6.175620956028728958e-01
1.900967347111895411e-01 6.234485830391758299e-01
1.951290048614772732e-01 6.293350704754787639e-01
2.259104287471446759e-01 6.411080453480846320e-01
2.277897296347481393e-01 6.469945327843875660e-01
2.164508933224925658e-01 6.646539950932963681e-01
2.139746104721000908e-01 6.705404825295993021e-01
2.120892637497804323e-01 6.823134574022051702e-01
2.140711102661378429e-01 6.940864322748110382e-01
2.209437049727640545e-01 7.058594071474169063e-01
2.321648216482165017e-01 7.164204581360780200e-01
2.380513090845194357e-01 7.198772289236975430e-01
2.498242839571253038e-01 7.242309445494268250e-01
2.615972588297311718e-01 7.261985391101650755e-01
2.910296960112458420e-01 7.259187451034337935e-01
2.969161834475487760e-01 7.243966789863005573e-01
3.039063872781585518e-01 7.176323820200227743e-01
3.094012334132557607e-01 6.999729197111139722e-01
3.116912669126691293e-01 6.823134574022051702e-01
3.145756457564575781e-01 6.769720150988931540e-01
3.204621331927605121e-01 6.753031860007897569e-01
3.263486206290634462e-01 6.765935686669296567e-01
3.381215955016693142e-01 6.823633428889535057e-01
3.440080829379722482e-01 6.841069965429535937e-01
3.498945703742751823e-01 6.843829256415303597e-01
3.570795476862331785e-01 6.823134574022051702e-01
3.622355396486296453e-01 6.764269699659022361e-01
3.631391671059567838e-01 6.705404825295993021e-01
3.607507972035224331e-01 6.528810202206905000e-01
3.624033561764189448e-01 6.469945327843875660e-01
3.724371415792080420e-01 6.352215579117816979e-01
3.762468687809802370e-01 6.293350704754787639e-01
3.793270075557898524e-01 6.217505578171652614e-01
3.852134949920927864e-01 6.180876748382569952e-01
3.910999824283957205e-01 6.216499341003054457e-01
3.918529052400158696e-01 6.234485830391758299e-01
3.911588473027587942e-01 6.293350704754787639e-01
3.891601172505231854e-01 6.352215579117816979e-01
3.885382703033379292e-01 6.411080453480846320e-01
3.892542194187075255e-01 6.469945327843875660e-01
3.913725049948911794e-01 6.528810202206905000e-01
3.986453890512930975e-01 6.646539950932963681e-01
4.001670719472172344e-01 6.705404825295993021e-01
4.006195363292918699e-01 6.823134574022051702e-01
4.028729573010015885e-01 6.896715666975837822e-01
4.087594447373045226e-01 6.948609700953771728e-01
4.146459321736074566e-01 6.962146238863974324e-01
4.205324196099103906e-01 6.960335011960496754e-01
4.381918819188191927e-01 6.925198670699883596e-01
4.440783693551221267e-01 6.934151661636536179e-01
4.506361229025824255e-01 6.999729197111139722e-01
4.515314219962476283e-01 7.058594071474169063e-01
4.479580997108672524e-01 7.235188694563257084e-01
4.482632940168687630e-01 7.352918443289315764e-01
4.507457173697101416e-01 7.411783317652345104e-01
4.558513442277279948e-01 7.462839586232523637e-01
4.617378316640309288e-01 7.485364410606131225e-01
4.676243191003338628e-01 7.488307654324282137e-01
4.852837814092426649e-01 7.452083116254726303e-01
4.911702688455455990e-01 7.452083116254726303e-01
5.088297311544544010e-01 7.491607654856755616e-01
5.264891934633632031e-01 7.507661711501218971e-01
5.441486557722720052e-01 7.544229284969160565e-01
5.500351432085749392e-01 7.535193010395888624e-01
5.559216306448778733e-01 7.483633090771923957e-01
5.579910988842031738e-01 7.411783317652345104e-01
5.577151697856264079e-01 7.352918443289315764e-01
5.558708850635304399e-01 7.294053568926286424e-01
5.499843976272275059e-01 7.176323820200227743e-01
5.481496277016341123e-01 7.117458945837198403e-01
5.478736986030574574e-01 7.058594071474169063e-01
5.500351432085749392e-01 6.985012978520381832e-01
5.559216306448778733e-01 6.934151661636536179e-01
5.618081180811808073e-01 6.925198670699883596e-01
5.794675803900896094e-01 6.961240625412234984e-01
5.912405552626954774e-01 6.963957465767451893e-01
5.985986645580740895e-01 6.940864322748110382e-01
6.038913396652763055e-01 6.881999448385081042e-01
6.054134057824094306e-01 6.823134574022051702e-01
6.069529486503655313e-01 6.646539950932963681e-01
6.087503611113592727e-01 6.587675076569934340e-01
6.148400185300554321e-01 6.469945327843875660e-01
6.191074372749806320e-01 6.293350704754787639e-01
6.206729924442101476e-01 6.268823673770191895e-01
6.265594798805130816e-01 6.244826956969047327e-01
6.324459673168160156e-01 6.281756108289342500e-01
6.457146889970070136e-01 6.528810202206905000e-01
6.483768579182389580e-01 6.705404825295993021e-01
6.507799229778011840e-01 6.764269699659022361e-01
6.559919170620277518e-01 6.815325968239200893e-01
6.618784044983306858e-01 6.837617201841525993e-01
6.677648919346336198e-01 6.838551564926653725e-01
6.736513793709365538e-01 6.822618215475007020e-01
6.854243542435424219e-01 6.764786058206065933e-01
6.913108416798453559e-01 6.750502914525732256e-01
6.971973291161482900e-01 6.757557038547448158e-01
7.030838165524512240e-01 6.808418355431293811e-01
7.055211902565453608e-01 6.881999448385081042e-01
7.065704283416460729e-01 7.117458945837198403e-01
7.080924944587790870e-01 7.176323820200227743e-01
7.148567914250570920e-01 7.246225858506324391e-01
7.325162537339658941e-01 7.301174319857297590e-01
7.442892286065717622e-01 7.311713031235194116e-01
7.501757160428746962e-01 7.301061292064741082e-01
7.796081532243893664e-01 7.198144420179626302e-01
7.854946406606923004e-01 7.160105946651229569e-01
8.036119408813136022e-01 6.999729197111139722e-01
8.084179811578335872e-01 6.940864322748110382e-01
8.103223255734861574e-01 6.881999448385081042e-01
8.100707257072570222e-01 6.823134574022051702e-01
8.075123677060945804e-01 6.764269699659022361e-01
8.031541029696011025e-01 6.708994146903494160e-01
7.904000468576114491e-01 6.587675076569934340e-01
7.863087293486915597e-01 6.528810202206905000e-01
7.861106684156542457e-01 6.469945327843875660e-01
7.912970354193338274e-01 6.411080453480846320e-01
8.090405904059040365e-01 6.332424802392315755e-01
8.152615373556333367e-01 6.293350704754787639e-01
8.203041577119067895e-01 6.234485830391758299e-01
8.225151280530662579e-01 6.175620956028728958e-01
8.230323182352702327e-01 6.116756081665699618e-01
8.221163124980195303e-01 6.057891207302670278e-01
8.133605126373842920e-01 5.881296584213582257e-01
8.113852082830755874e-01 5.763566835487523576e-01
8.113576120563635863e-01 5.704701961124494236e-01
8.148255866795119928e-01 5.645837086761464896e-01
8.208135652785099046e-01 5.619956840274270560e-01
8.325865401511157726e-01 5.604257929473293043e-01
8.384730275874187067e-01 5.615439651639572149e-01
8.443595150237215297e-01 5.644171099751189580e-01
8.500694078369355200e-01 5.704701961124494236e-01
8.588448909699180067e-01 5.881296584213582257e-01
8.620189773326303317e-01 5.916487541713219001e-01
8.679054647689332658e-01 5.946758384151777932e-01
8.737919522052361998e-01 5.944808685500008183e-01
8.796784396415391338e-01 5.909360070828514333e-01
8.914514145141450019e-01 5.792386096894422964e-01
8.973379019504479359e-01 5.773833964736888591e-01
9.032243893867508699e-01 5.807208035446320693e-01
9.097853701751303923e-01 5.999026332939640938e-01
9.149973642593567380e-01 6.050082601519819470e-01
9.208838516956596720e-01 6.074242561292400033e-01
9.267703391319626061e-01 6.080078736870273559e-01
9.326568265682655401e-01 6.073308198207272302e-01
9.444298014408714081e-01 6.037085518950220386e-01
9.503162888771743422e-01 6.033283759823042658e-01
9.679757511860831443e-01 6.075550669611577970e-01
9.738622386223860783e-01 6.073987071386310888e-01
9.797487260586890123e-01 6.055263311125749226e-01
9.856352134949919463e-01 6.016916637893110487e-01
9.922173767192217220e-01 5.940161458576611597e-01
9.979389372348055343e-01 5.822431709850552917e-01
9.994149454481557893e-01 5.763566835487523576e-01
1.000000000000000000e+00 5.645837086761464896e-01
9.978424374407678377e-01 5.528107338035406215e-01
9.915217009312948804e-01 5.434051506172739021e-01
9.856352134949919463e-01 5.401057317535200575e-01
9.797487260586890123e-01 5.397560237633526325e-01
9.738622386223860783e-01 5.414192905240283737e-01
9.620892637497802102e-01 5.472072505709060231e-01
9.562027763134772762e-01 5.467511143838169607e-01
9.503162888771743422e-01 5.430612389871638523e-01
9.436270986086483514e-01 5.351512714946318194e-01
9.376265659612098569e-01 5.233782966220259514e-01
9.281172472741674451e-01 4.998323468768141598e-01
9.199027704562759977e-01 4.880593720042082917e-01
9.091108768230538040e-01 4.795507219826431466e-01
8.855649270778420679e-01 4.672989922065327595e-01
8.620189773326303317e-01 4.489409873138678897e-01
8.474008668658115084e-01 4.409674725137848195e-01
8.392521215128116996e-01 4.350809850774818854e-01
8.385399194901038689e-01 4.291944976411789514e-01
8.443060015015735331e-01 4.174215227685730834e-01
8.459691014320857017e-01 4.115350353322701493e-01
8.450602873375672175e-01 3.997620604596642813e-01
8.403835542114819201e-01 3.879890855870584132e-01
8.354562027763134946e-01 3.821025981507554792e-01
8.267000527148128386e-01 3.761534885076833756e-01
8.211138962701578503e-01 3.703296232781496666e-01
8.081238423625453082e-01 3.408971860966349965e-01
7.914327639516995916e-01 2.938052866062115243e-01
7.854946406606923004e-01 2.861768794183495168e-01
7.796081532243893664e-01 2.819806758789011880e-01
7.266297662976629601e-01 2.635658309858488479e-01
6.971973291161482900e-01 2.564487317219813489e-01
6.618784044983306858e-01 2.547280661636773802e-01
6.442189421894218837e-01 2.505622442856784149e-01
5.912405552626954774e-01 2.494809147910648228e-01
5.763608231320408448e-01 2.467133871157880520e-01
