6.690140845070422504e-01 2.183098591549295642e-01
3.169014084507042472e-01 2.183098591549295642e-01
3.028169014084507449e-01 2.323943661971831220e-01
2.323943661971831220e-01 2.323943661971831220e-01
2.183098591549295642e-01 2.464788732394366244e-01
1.901408450704225594e-01 2.464788732394366244e-01
1.830985915492957528e-01 2.535211267605633756e-01
1.830985915492957528e-01 3.380281690140845008e-01
1.690140845070422504e-01 3.521126760563380031e-01
1.690140845070422504e-01 3.661971830985915610e-01
1.619718309859154992e-01 3.732394366197183122e-01
1.478873239436619969e-01 3.732394366197183122e-01
1.197183098591549366e-01 4.014084507042253724e-01
1.056338028169014343e-01 4.014084507042253724e-01
9.859154929577462756e-02 4.084507042253521236e-01
9.859154929577462756e-02 4.225352112676056260e-01
7.746478873239437402e-02 4.436619718309859350e-01
6.338028169014087165e-02 4.436619718309859350e-01
4.929577464788731378e-02 4.577464788732394374e-01
3.521126760563381142e-02 4.577464788732394374e-01
1.408450704225350236e-02 4.788732394366197465e-01
1.408450704225350236e-02 4.929577464788732488e-01
0.000000000000000000e+00 5.070422535211267512e-01
0.000000000000000000e+00 6.056338028169013787e-01
1.408450704225350236e-02 6.197183098591548811e-01
1.408450704225350236e-02 6.338028169014084945e-01
2.112676056338030905e-02 6.408450704225352457e-01
6.338028169014087165e-02 6.408450704225352457e-01
7.746478873239437402e-02 6.267605633802817433e-01
9.154929577464787638e-02 6.267605633802817433e-01
1.056338028169014343e-01 6.126760563380281299e-01
1.478873239436619969e-01 6.126760563380281299e-01
1.549295774647887480e-01 6.056338028169013787e-01
1.549295774647887480e-01 5.915492957746478764e-01
1.690140845070422504e-01 5.774647887323943740e-01
1.690140845070422504e-01 5.070422535211267512e-01
1.830985915492957528e-01 4.929577464788732488e-01
1.830985915492957528e-01 4.788732394366197465e-01
1.901408450704225594e-01 4.718309859154929398e-01
1.971830985915493106e-01 4.788732394366197465e-01
1.971830985915493106e-01 4.929577464788732488e-01
2.042253521126760618e-01 5.000000000000000000e-01
2.464788732394366244e-01 5.000000000000000000e-01
2.535211267605633756e-01 5.070422535211267512e-01
2.535211267605633756e-01 5.211267605633802535e-01
2.394366197183098732e-01 5.352112676056337559e-01
2.394366197183098732e-01 5.774647887323943740e-01
2.535211267605633756e-01 5.915492957746478764e-01
2.535211267605633756e-01 6.197183098591548811e-01
2.605633802816901268e-01 6.267605633802817433e-01
3.169014084507042472e-01 6.267605633802817433e-01
3.309859154929577496e-01 6.126760563380281299e-01
3.450704225352112520e-01 6.126760563380281299e-01
3.661971830985915610e-01 5.915492957746478764e-01
3.661971830985915610e-01 5.352112676056337559e-01
3.732394366197183122e-01 5.281690140845070047e-01
3.802816901408450634e-01 5.352112676056337559e-01
3.802816901408450634e-01 5.492957746478873693e-01
3.873239436619718146e-01 5.563380281690141205e-01
4.295774647887323772e-01 5.563380281690141205e-01
4.577464788732394374e-01 5.281690140845070047e-01
4.647887323943661886e-01 5.352112676056337559e-01
4.507042253521126862e-01 5.492957746478873693e-01
4.507042253521126862e-01 5.774647887323943740e-01
4.366197183098591283e-01 5.915492957746478764e-01
4.366197183098591283e-01 6.056338028169013787e-01
4.225352112676056260e-01 6.197183098591548811e-01
4.225352112676056260e-01 7.183098591549295087e-01
4.436619718309859350e-01 7.394366197183098732e-01
4.577464788732394374e-01 7.394366197183098732e-01
4.647887323943661886e-01 7.464788732394366244e-01
4.647887323943661886e-01 7.605633802816901268e-01
4.859154929577464976e-01 7.816901408450704913e-01
5.281690140845070047e-01 7.816901408450704913e-01
5.492957746478873693e-01 7.605633802816901268e-01
5.492957746478873693e-01 7.464788732394366244e-01
5.704225352112676228e-01 7.253521126760563709e-01
5.845070422535211252e-01 7.253521126760563709e-01
5.915492957746478764e-01 7.183098591549295087e-01
5.915492957746478764e-01 6.901408450704225039e-01
6.056338028169013787e-01 6.760563380281690016e-01
6.056338028169013787e-01 6.338028169014084945e-01
5.633802816901408717e-01 5.915492957746478764e-01
5.633802816901408717e-01 5.352112676056337559e-01
5.704225352112676228e-01 5.281690140845070047e-01
5.845070422535211252e-01 5.281690140845070047e-01
5.915492957746478764e-01 5.352112676056337559e-01
5.915492957746478764e-01 5.492957746478873693e-01
5.985915492957746276e-01 5.563380281690141205e-01
6.408450704225352457e-01 5.563380281690141205e-01
6.478873239436619969e-01 5.492957746478873693e-01
6.478873239436619969e-01 5.352112676056337559e-01
6.549295774647887480e-01 5.281690140845070047e-01
6.619718309859154992e-01 5.352112676056337559e-01
6.619718309859154992e-01 6.056338028169013787e-01
6.690140845070422504e-01 6.126760563380281299e-01
6.830985915492957528e-01 6.126760563380281299e-01
6.901408450704225039e-01 6.197183098591548811e-01
6.901408450704225039e-01 6.338028169014084945e-01
6.971830985915492551e-01 6.408450704225352457e-01
7.535211267605633756e-01 6.408450704225352457e-01
7.605633802816901268e-01 6.338028169014084945e-01
7.605633802816901268e-01 6.056338028169013787e-01
7.746478873239437402e-01 5.915492957746478764e-01
7.746478873239437402e-01 5.211267605633802535e-01
7.816901408450704913e-01 5.140845070422535024e-01
8.098591549295774961e-01 5.140845070422535024e-01
8.169014084507042472e-01 5.070422535211267512e-01
8.169014084507042472e-01 4.929577464788732488e-01
8.239436619718309984e-01 4.859154929577464976e-01
8.450704225352112520e-01 5.070422535211267512e-01
8.450704225352112520e-01 5.774647887323943740e-01
8.802816901408450079e-01 6.126760563380281299e-01
9.225352112676056260e-01 6.126760563380281299e-01
9.366197183098591283e-01 6.267605633802817433e-01
9.929577464788732488e-01 6.267605633802817433e-01
1.000000000000000000e+00 6.197183098591548811e-01
1.000000000000000000e+00 5.633802816901408717e-01
9.859154929577464976e-01 5.492957746478873693e-01
1.000000000000000000e+00 5.352112676056337559e-01
1.000000000000000000e+00 4.647887323943661886e-01
9.788732394366197465e-01 4.436619718309859350e-01
9.366197183098591283e-01 4.436619718309859350e-01
9.295774647887323772e-01 4.366197183098591283e-01
9.295774647887323772e-01 4.225352112676056260e-01
8.943661971830985102e-01 3.873239436619718146e-01
8.802816901408450079e-01 3.873239436619718146e-01
8.661971830985915055e-01 3.732394366197183122e-01
8.521126760563380031e-01 3.732394366197183122e-01
8.450704225352112520e-01 3.661971830985915610e-01
8.450704225352112520e-01 3.380281690140845008e-01
8.309859154929577496e-01 3.239436619718309984e-01
8.309859154929577496e-01 3.098591549295774961e-01
8.169014084507042472e-01 2.957746478873239382e-01
8.169014084507042472e-01 2.394366197183098732e-01
8.098591549295774961e-01 2.323943661971831220e-01
6.830985915492957528e-01 2.323943661971831220e-01
