7.277517132961607293e-01 2.478894906173318979e-01
7.169192601508191931e-01 2.474232837731020207e-01
3.702807594998894780e-01 2.474232837731020207e-01
3.594483063545479418e-01 2.478894906173318979e-01
3.435005281127950783e-01 2.495143585891331228e-01
3.269509469185232775e-01 2.534307070339873458e-01
3.161184937731816857e-01 2.546072283514951851e-01
2.402913217557908210e-01 2.554156203772669498e-01
2.294588686104492847e-01 2.565971164149333794e-01
2.186264154651077485e-01 2.588852902783571608e-01
1.969615091744246205e-01 2.663745477588985722e-01
1.861290560290830842e-01 2.719859369225544610e-01
1.767048217926359133e-01 2.820117180251577871e-01
1.724595318218663520e-01 2.928441711704993233e-01
1.716037211296478349e-01 3.036766243158408596e-01
1.726731181376041091e-01 3.253415306065240431e-01
1.719960898160202700e-01 3.361739837518655794e-01
1.703035190120606446e-01 3.470064368972071156e-01
1.675718207227192558e-01 3.578388900425486518e-01
1.623961359561074680e-01 3.686713431878901881e-01
1.559386079110477996e-01 3.795037963332317799e-01
1.509235833067230081e-01 3.903362494785733161e-01
1.464382706762299979e-01 4.120011557692564441e-01
1.427007666009410536e-01 4.228336089145979804e-01
1.354714074964563642e-01 4.336660620599395166e-01
1.319667903023752920e-01 4.373897178286507148e-01
1.211343371570337557e-01 4.464042245549245114e-01
1.103018840116921639e-01 4.536258599851522577e-01
9.946943086635062770e-02 4.625157587021246908e-01
8.863697772100909145e-02 4.740988232187143825e-01
7.722833025942593688e-02 4.878283277866473089e-01
6.658519810370661096e-02 4.986607809319888451e-01
5.613961828498442719e-02 5.070975954009567799e-01
4.530716513964283543e-02 5.127784862607536187e-01
3.447471199430129918e-02 5.163945550328302714e-01
2.364225884895976293e-02 5.213205043482646017e-01
1.359967207879930751e-02 5.311581403680135649e-01
8.005088582700548017e-03 5.419905935133551012e-01
4.161314885966493904e-03 5.528230466586966374e-01
1.191126120308305669e-03 5.636554998040381737e-01
0.000000000000000000e+00 5.744879529493797099e-01
1.706541229643143698e-03 5.853204060947212461e-01
6.523114146053887730e-03 5.961528592400628934e-01
1.280980570361822668e-02 6.045351146501486417e-01
2.364225884895976293e-02 6.133863074258334436e-01
3.447471199430129918e-02 6.186168809267138524e-01
4.530716513964283543e-02 6.209490215180712980e-01
5.613961828498442719e-02 6.207797644376753521e-01
6.697207143032596344e-02 6.173341738724718031e-01
7.780452457566749969e-02 6.102775285374200109e-01
8.123111689715312167e-02 6.069853123854044297e-01
8.991717672909488313e-02 5.961528592400628934e-01
9.594888359411468670e-02 5.853204060947212461e-01
1.006050912767493255e-01 5.744879529493797099e-01
1.062612070447790380e-01 5.528230466586966374e-01
1.102085007949220041e-01 5.419905935133551012e-01
1.170721672275306657e-01 5.311581403680135649e-01
1.265505637297045238e-01 5.203256872226720287e-01
1.427992434477168282e-01 5.040770075046596688e-01
1.536316965930584200e-01 4.941819781892033969e-01
1.644641497383999562e-01 4.859572676979064809e-01
1.752966028837414925e-01 4.794138329326766423e-01
1.861290560290830842e-01 4.741009949214300412e-01
1.969615091744246205e-01 4.721304507709405129e-01
2.077939623197661567e-01 4.741009949214300412e-01
2.186264154651077485e-01 4.793714126117754049e-01
2.294588686104492847e-01 4.857972428218957917e-01
2.630394733610080804e-01 5.094932340773303814e-01
2.718689446040034596e-01 5.203256872226720287e-01
2.756257522536906812e-01 5.311581403680135649e-01
2.757976959544103934e-01 5.419905935133551012e-01
2.726902043450396551e-01 5.528230466586966374e-01
2.659417532603260415e-01 5.636554998040381737e-01
2.557157930823097947e-01 5.744879529493797099e-01
2.511237749011323572e-01 5.784734781632318024e-01
2.402913217557908210e-01 5.854137893114914615e-01
2.294588686104492847e-01 5.892979474840264187e-01
2.077939623197661567e-01 5.950171988296641956e-01
1.969615091744246205e-01 5.997948046941000699e-01
1.854992622415632120e-01 6.069853123854044297e-01
1.758276054889053031e-01 6.178177655307459659e-01
1.704918857628238693e-01 6.286502186760875022e-01
1.671292770995554400e-01 6.394826718214290384e-01
1.649081027361598561e-01 6.503151249667706857e-01
1.652765837243005409e-01 6.611475781121121109e-01
1.685263196679030462e-01 6.719800312574537582e-01
1.740392645722286802e-01 6.828124844027952944e-01
1.819872357088054282e-01 6.936449375481368307e-01
1.925081673257841852e-01 7.044773906934783669e-01
1.969615091744246205e-01 7.082585299989277994e-01
2.077939623197661567e-01 7.150196888438554721e-01
2.186264154651077485e-01 7.182718427457492893e-01
2.294588686104492847e-01 7.184410998261452352e-01
2.402913217557908210e-01 7.162707872630034167e-01
2.619562280464739490e-01 7.070952335369359298e-01
2.727886811918154852e-01 7.012089781065218297e-01
2.845028456396848648e-01 6.936449375481368307e-01
2.947544889587581096e-01 6.828124844027952944e-01
2.998698140551693814e-01 6.719800312574537582e-01
3.019855275601188715e-01 6.611475781121121109e-01
3.013696921829859265e-01 6.394826718214290384e-01
3.019855275601188715e-01 6.286502186760875022e-01
3.051942401774558888e-01 6.178177655307459659e-01
3.109924221954754597e-01 6.069853123854044297e-01
3.256224385139059319e-01 5.853204060947212461e-01
3.355462630012399083e-01 5.744879529493797099e-01
3.486158532092064055e-01 5.633238940955073160e-01
3.594483063545479418e-01 5.551734846053273387e-01
3.702807594998894780e-01 5.502481192716892622e-01
3.811132126452310143e-01 5.485733919632165279e-01
3.919456657905726060e-01 5.490733513391553577e-01
4.027781189359141423e-01 5.511895815018593714e-01
4.244430252265972703e-01 5.566800564907500304e-01
4.461079315172803428e-01 5.601306539392841843e-01
4.569403846626219345e-01 5.646710422864139600e-01
4.667572953255876844e-01 5.744879529493797099e-01
4.711257399719977479e-01 5.853204060947212461e-01
4.726146161077752206e-01 5.961528592400628934e-01
4.724504880298154852e-01 6.069853123854044297e-01
4.703477651949709015e-01 6.178177655307459659e-01
4.644147773329075357e-01 6.286502186760875022e-01
4.428157153652647615e-01 6.503151249667706857e-01
4.355709089122662414e-01 6.611475781121121109e-01
4.319749653042175286e-01 6.719800312574537582e-01
4.309260843060062074e-01 6.828124844027952944e-01
4.316924361777104702e-01 6.936449375481368307e-01
4.342987817768670378e-01 7.044773906934783669e-01
4.387960256441748585e-01 7.153098438388199032e-01
4.448277325091945511e-01 7.261422969841615505e-01
4.535137923411363126e-01 7.369747501295030867e-01
4.569403846626219345e-01 7.402669662815186680e-01
4.677728378079634708e-01 7.475117727345170771e-01
4.786052909533050070e-01 7.512235923437600160e-01
4.894377440986465988e-01 7.525767162268979238e-01
5.002701972439881350e-01 7.525767162268979238e-01
5.111026503893296713e-01 7.515000850289382806e-01
5.219351035346712075e-01 7.487838998699163362e-01
5.327675566800127438e-01 7.442269857098587904e-01
5.436000098253543911e-01 7.376901008089123968e-01
5.551478136501052374e-01 7.261422969841615505e-01
5.616846985510517420e-01 7.153098438388199032e-01
5.662416127111091768e-01 7.044773906934783669e-01
5.689577978701312322e-01 6.936449375481368307e-01
5.700344290680907644e-01 6.828124844027952944e-01
5.700344290680907644e-01 6.719800312574537582e-01
5.685654291837587415e-01 6.611475781121121109e-01
5.643451795282253824e-01 6.503151249667706857e-01
5.563507098818502028e-01 6.394826718214290384e-01
5.467414212375033555e-01 6.286502186760875022e-01
5.410250824383469048e-01 6.178177655307459659e-01
5.389223596035023212e-01 6.069853123854044297e-01
5.387582315255425858e-01 5.961528592400628934e-01
5.402471076613200029e-01 5.853204060947212461e-01
5.445948269509469641e-01 5.744879529493797099e-01
5.544324629706959273e-01 5.646503169296307467e-01
5.652649161160374636e-01 5.597867665378447599e-01
5.869298224067205361e-01 5.539773244528723994e-01
6.085947286974036086e-01 5.450982644976744007e-01
6.194271818427452558e-01 5.413690593164912634e-01
6.302596349880867921e-01 5.398412972543586985e-01
6.410920881334283283e-01 5.415392412989658011e-01
6.519245412787698646e-01 5.463429184378226777e-01
6.627569944241114008e-01 5.547124280212561986e-01
6.698783293622525559e-01 5.636554998040381737e-01
6.829447480131569659e-01 5.853204060947212461e-01
6.994442649823908731e-01 6.069853123854044297e-01
7.059900886738228465e-01 6.178177655307459659e-01
7.097258342339908266e-01 6.286502186760875022e-01
7.131695648312779134e-01 6.503151249667706857e-01
7.159425635557474799e-01 6.611475781121121109e-01
7.204994777158050256e-01 6.719800312574537582e-01
7.270363626167515303e-01 6.828124844027952944e-01
7.385841664415022656e-01 6.943602882275461408e-01
7.494166195868439129e-01 7.008971731284925344e-01
7.602490727321854491e-01 7.054383341176619915e-01
7.710815258775269854e-01 7.076086466808036990e-01
7.819139790228685216e-01 7.074393896004077531e-01
7.927464321682100579e-01 7.039937990352042041e-01
8.035788853135517051e-01 6.969371537001524120e-01
8.070054776350372716e-01 6.936449375481368307e-01
8.156915374669790886e-01 6.828124844027952944e-01
8.217232443319987256e-01 6.719800312574537582e-01
8.262047350284182912e-01 6.611475781121121109e-01
8.283750475915601097e-01 6.503151249667706857e-01
8.282057905111640528e-01 6.394826718214290384e-01
8.249536366092702355e-01 6.286502186760875022e-01
8.181924777643426738e-01 6.178177655307459659e-01
8.144113384588931304e-01 6.134612354614238372e-01
8.035788853135517051e-01 6.031314588625424911e-01
7.927464321682100579e-01 5.958677946836065109e-01
7.710815258775269854e-01 5.857955136888152170e-01
7.602490727321854491e-01 5.780626624873423935e-01
7.494166195868439129e-01 5.661654584596660378e-01
7.332646582004863633e-01 5.419905935133551012e-01
7.270746849745769458e-01 5.311581403680135649e-01
7.241097678421234418e-01 5.203256872226720287e-01
7.256056612579326881e-01 5.094932340773303814e-01
7.328294257080396612e-01 4.986607809319888451e-01
7.494166195868439129e-01 4.824121012139765408e-01
7.602490727321854491e-01 4.730103494274536802e-01
7.710815258775269854e-01 4.662601398276190467e-01
7.819139790228685216e-01 4.631544067333693282e-01
7.927464321682100579e-01 4.631544067333693282e-01
8.035788853135517051e-01 4.660716210455799757e-01
8.144113384588931304e-01 4.718698030635994911e-01
8.252437916042347776e-01 4.786400862794379929e-01
8.577411510402593864e-01 4.968231326305470041e-01
8.794060573309425699e-01 5.113989434269738954e-01
8.913217557908181821e-01 5.203256872226720287e-01
9.003418561983814739e-01 5.311581403680135649e-01
9.045958094863795207e-01 5.419905935133551012e-01
9.084336466188499548e-01 5.636554998040381737e-01
9.121988473072947246e-01 5.744879529493797099e-01
9.195944585001596394e-01 5.853204060947212461e-01
9.227358699123087149e-01 5.884618175068703216e-01
9.335683230576503622e-01 5.958574286997353475e-01
9.444007762029917874e-01 5.995692483089782865e-01
9.552332293483334347e-01 6.008305094619148523e-01
9.660656824936749709e-01 6.004025139355430030e-01
9.768981356390165072e-01 5.979271403586964295e-01
9.800165691202511464e-01 5.961528592400628934e-01
9.877305887843580434e-01 5.897887930171746840e-01
9.909803247279604932e-01 5.853204060947212461e-01
9.961257399719978256e-01 5.744879529493797099e-01
9.985630419296995797e-01 5.675242330702315874e-01
1.000000000000000000e+00 5.528230466586966374e-01
1.000000000000000000e+00 5.419905935133551012e-01
9.985630419296995797e-01 5.272894071018201512e-01
9.916780081508806965e-01 5.094932340773303814e-01
9.877305887843580434e-01 5.031987004928751839e-01
9.839994104787403995e-01 4.986607809319888451e-01
9.768981356390165072e-01 4.926313966341100414e-01
9.660656824936749709e-01 4.870158938007467242e-01
9.444007762029917874e-01 4.810365516082188986e-01
9.335683230576503622e-01 4.772760242916163076e-01
9.227358699123087149e-01 4.712894930736704624e-01
9.010709636216256424e-01 4.572366777002660476e-01
8.794060573309425699e-01 4.403861950297348060e-01
8.685736041856009226e-01 4.333809975034831896e-01
8.469086978949178501e-01 4.222694186466114386e-01
8.370511655326571265e-01 4.120011557692564441e-01
8.321451125597346676e-01 4.011687026239149079e-01
8.291125248704281914e-01 3.903362494785733161e-01
8.245284409248254676e-01 3.795037963332317799e-01
8.163295853700474058e-01 3.686713431878901881e-01
8.067202967257007806e-01 3.578388900425486518e-01
8.010039579265442189e-01 3.470064368972071156e-01
7.989012350916995242e-01 3.361739837518655794e-01
7.976776235254178227e-01 3.036766243158408596e-01
7.964393139223038265e-01 2.928441711704993233e-01
7.935455475641778333e-01 2.820117180251577871e-01
7.878509966121423069e-01 2.711792648798162508e-01
7.819139790228685216e-01 2.643187112210999556e-01
7.763284953698017521e-01 2.603468117344747146e-01
7.710815258775269854e-01 2.575484280052614539e-01
7.434302639012603242e-01 2.495143585891331228e-01
