4.908102646295360305e-01 2.068538619021023650e-01
3.703942440027176985e-01 2.068538619021023650e-01
3.538556238857627489e-01 2.081452432766164318e-01
3.436351283078691865e-01 2.105638556567276942e-01
3.101862336893085326e-01 2.125193294959666912e-01
2.901168969181721069e-01 2.173183492250398974e-01
2.767373390707478786e-01 2.191428343860522543e-01
2.432884444521872247e-01 2.272974329372438596e-01
2.232191076810508545e-01 2.340681366060009538e-01
2.113175242470048398e-01 2.415941378951770857e-01
2.058864986514330475e-01 2.482839168188892276e-01
2.026562626286569913e-01 2.549736957426013140e-01
2.004039661277938200e-01 2.683532535900255978e-01
2.029852681494953015e-01 2.884225903611620234e-01
2.027659311356030947e-01 2.951123692848741098e-01
2.009015665175193921e-01 3.018021482085862517e-01
1.890573677673405006e-01 3.285612639034347637e-01
1.849996330103348408e-01 3.419408217508590475e-01
1.816288783345763602e-01 3.486306006745711894e-01
1.667740980122297545e-01 3.686999374457075596e-01
1.630697796389022902e-01 3.753897163694196459e-01
1.611818609431891480e-01 3.820794952931317878e-01
1.610773331475061076e-01 3.887692742168439297e-01
1.625175890863841954e-01 3.954590531405560716e-01
1.721275608028964288e-01 4.155283899116924418e-01
1.713377370918365838e-01 4.222181688354045836e-01
1.649622828870577207e-01 4.289079477591167255e-01
1.429417605965052629e-01 4.413915530721152503e-01
1.362519816727931210e-01 4.463399678391742897e-01
1.161826449016567508e-01 4.648181761326280470e-01
1.094928659779446090e-01 4.691042918093525360e-01
8.942352920680823880e-02 4.759188487412028268e-01
8.079371439521959575e-02 4.824261791488137496e-01
7.622641987548522957e-02 4.891159580725258915e-01
6.890391885426816465e-02 5.091852948436622617e-01
6.333339140433091874e-02 5.158750737673744036e-01
4.928485566453544298e-02 5.266173149237198814e-01
3.590529781711121471e-02 5.387103768242763602e-01
9.146182122262702663e-03 5.581739884204292013e-01
4.709083856535234425e-03 5.627035262333592858e-01
1.085546861724240308e-03 5.693933051570714277e-01
0.000000000000000000e+00 5.760830840807835695e-01
5.981312752972312019e-04 5.827728630044957114e-01
3.192278880158883059e-03 5.894626419282078533e-01
9.146182122262702663e-03 5.956646244720659178e-01
5.597463458824758487e-02 6.169231054134455272e-01
7.604397135938395502e-02 6.220890227446727039e-01
9.611330813052038069e-02 6.302044922586841347e-01
1.028030870542325226e-01 6.318140884990930406e-01
1.094928659779446090e-01 6.320199278505919116e-01
1.161826449016567508e-01 6.304815495393900626e-01
1.228724238253688927e-01 6.245839812776965427e-01
1.258514660023344334e-01 6.162217576230563099e-01
1.453237273344937242e-01 5.359444105385108292e-01
1.473841919130328693e-01 5.225648526910865455e-01
1.495738690122543346e-01 5.158750737673744036e-01
1.532750798268820991e-01 5.091852948436622617e-01
1.638473197331056785e-01 4.958057369962380334e-01
1.830804341387780587e-01 4.813112159948617630e-01
1.964599919862023425e-01 4.750235549299519633e-01
2.098395498336265708e-01 4.726910531031132678e-01
2.232191076810508545e-01 4.733177878449903453e-01
2.432884444521872247e-01 4.793510388371073905e-01
2.499782233758993666e-01 4.826229373524523747e-01
2.566680022996115085e-01 4.884317761371462230e-01
2.701072903159974503e-01 5.091852948436622617e-01
2.721860960324846701e-01 5.158750737673744036e-01
2.725151015533230359e-01 5.225648526910865455e-01
2.700475601470357367e-01 5.305335599384495282e-01
2.633577812233236504e-01 5.357353549471447485e-01
2.566680022996115085e-01 5.358846803695490602e-01
2.365986655284750828e-01 5.285532838244094700e-01
2.232191076810508545e-01 5.265088268326780785e-01
2.098395498336265708e-01 5.287611233335411942e-01
2.031497709099144289e-01 5.319913593563172505e-01
1.964599919862023425e-01 5.374223849518890983e-01
1.889339906970261551e-01 5.493239683859350020e-01
1.822840318859551556e-01 5.693933051570714277e-01
1.810735004616644273e-01 5.760830840807835695e-01
1.822840318859551556e-01 5.894626419282078533e-01
1.895972015386011011e-01 6.095319786993442790e-01
1.987518606915481545e-01 6.229115365467684517e-01
2.019386902426907326e-01 6.296013154704805936e-01
2.027595338060312335e-01 6.362910943941927355e-01
2.001596424515885708e-01 6.563604311653291612e-01
2.001596424515885708e-01 6.831195468601776177e-01
2.026562626286569913e-01 6.964991047076019015e-01
2.058864986514330475e-01 7.031888836313140434e-01
2.111934336634254117e-01 7.098786625550261853e-01
2.232191076810508545e-01 7.180102041778142485e-01
2.365986655284750828e-01 7.238613971906540101e-01
2.499782233758993666e-01 7.263035675244388090e-01
2.633577812233236504e-01 7.263035675244388090e-01
2.767373390707478786e-01 7.238613971906540101e-01
2.901168969181721069e-01 7.173590517151769985e-01
2.990593564998689780e-01 7.098786625550261853e-01
3.042870650020350620e-01 7.031888836313140434e-01
3.168760126130206745e-01 6.801009880775270577e-01
3.235657915367328163e-01 6.751033462533156948e-01
3.436351283078691865e-01 6.703431658009569860e-01
3.580091127520614314e-01 6.630502100890413031e-01
3.703942440027176985e-01 6.534209828503647621e-01
3.770840229264298404e-01 6.543534974882154742e-01
3.895513381933479180e-01 6.764297679364654758e-01
4.060111225317406536e-01 6.964991047076019015e-01
4.093218368777667426e-01 7.031888836313140434e-01
4.101426804411072990e-01 7.098786625550261853e-01
4.077871127628698300e-01 7.299479993261626110e-01
4.097236700945414700e-01 7.433275571735868947e-01
4.163864741032385908e-01 7.633968939447232094e-01
4.199594242102211994e-01 7.700866728684353513e-01
4.252663592222136191e-01 7.767764517921474932e-01
4.372920332398390064e-01 7.849079934149354454e-01
4.506715910872632902e-01 7.907591864277752070e-01
4.640511489346875185e-01 7.931461380978975795e-01
4.908102646295360305e-01 7.931461380978975795e-01
5.041898224769603143e-01 7.907591864277752070e-01
5.175693803243845981e-01 7.839080085693123090e-01
5.242591592480967400e-01 7.774765449353266966e-01
5.375800348242603111e-01 7.567071150210110675e-01
5.397485704483839797e-01 7.500173360972990366e-01
5.421157229906206076e-01 7.098786625550261853e-01
5.443893121912668498e-01 7.031888836313140434e-01
5.488539347029206539e-01 6.964991047076019015e-01
5.643978327903694803e-01 6.821312840646293063e-01
5.740676041437352550e-01 6.697399890127533340e-01
5.802708536911773685e-01 6.563604311653291612e-01
5.810553823104126492e-01 6.496706522416170193e-01
5.802462376215447026e-01 6.429808733179048774e-01
5.720524836742324482e-01 6.162217576230563099e-01
5.685479734189686774e-01 6.095319786993442790e-01
5.630754346310310465e-01 6.028421997756321371e-01
5.577080538666573384e-01 5.986458839053035996e-01
5.376387170955209127e-01 5.866638568682874810e-01
5.336666608595668215e-01 5.827728630044957114e-01
5.305452446160675573e-01 5.760830840807835695e-01
5.305650983974974366e-01 5.693933051570714277e-01
5.373503645557058395e-01 5.493239683859350020e-01
5.417409400204387104e-01 5.426341894622229711e-01
5.577080538666573384e-01 5.243069826191365523e-01
5.643978327903694803e-01 5.200136658133996947e-01
5.777773906377937640e-01 5.161492450347396899e-01
5.844671695615059059e-01 5.162653108712575989e-01
5.911569484852179368e-01 5.182722445483712859e-01
6.045365063326422206e-01 5.265656028317379223e-01
6.206050929631272695e-01 5.426341894622229711e-01
6.255017956382042943e-01 5.493239683859350020e-01
6.286310490663512551e-01 5.560137473096471439e-01
6.296829074655244662e-01 5.627035262333592858e-01
6.276162436194491212e-01 5.693933051570714277e-01
6.246058431037786463e-01 5.728142148339696593e-01
6.112262852563543625e-01 5.834000297785937317e-01
5.994548473425147517e-01 5.961524208519199952e-01
5.962026291988653526e-01 6.028421997756321371e-01
5.947211749609662146e-01 6.095319786993442790e-01
5.940922596456222893e-01 6.362910943941927355e-01
5.955889270221772502e-01 6.429808733179048774e-01
6.033518579815682070e-01 6.563604311653291612e-01
6.112262852563543625e-01 6.650833781933067623e-01
6.179160641800665044e-01 6.695575404966521704e-01
6.379854009512029300e-01 6.754047211658966710e-01
6.513649587986272138e-01 6.809095306085941601e-01
6.544589815508440322e-01 6.831195468601776177e-01
6.596391590463763777e-01 6.898093257838897596e-01
6.648053328180851818e-01 7.031888836313140434e-01
6.690991840586564265e-01 7.098786625550261853e-01
6.781240744934756703e-01 7.189484589804435721e-01
6.848138534171878122e-01 7.234312319263395130e-01
7.048831901883242379e-01 7.307444015789854586e-01
7.182627480357484107e-01 7.319549330032761869e-01
7.249525269594605525e-01 7.307444015789854586e-01
7.450218637305969782e-01 7.241904027114922648e-01
7.587903622131207948e-01 7.165684414787383272e-01
7.647632701623356954e-01 7.098786625550261853e-01
7.680584411533798450e-01 7.031888836313140434e-01
7.740966721298073727e-01 6.831195468601776177e-01
7.747264791008112716e-01 6.697399890127533340e-01
7.740615858767110335e-01 6.630502100890413031e-01
7.682742404734995700e-01 6.429808733179048774e-01
7.679974159358049501e-01 6.362910943941927355e-01
7.696833368815696463e-01 6.296013154704805936e-01
7.792932721512533245e-01 6.095319786993442790e-01
7.828086618700021981e-01 5.961524208519199952e-01
7.833313008484172890e-01 5.894626419282078533e-01
7.812847129757984899e-01 5.760830840807835695e-01
7.747609718550991786e-01 5.627035262333592858e-01
7.650912005017334039e-01 5.504389315398870997e-01
7.584014215780212620e-01 5.453220470655001373e-01
7.517116426543091201e-01 5.421406811809654780e-01
7.383320848068848363e-01 5.395888423402345202e-01
7.115729691120362688e-01 5.384840488336236630e-01
7.072873294890332785e-01 5.359444105385108292e-01
7.033260864733222872e-01 5.292546316147986873e-01
7.031028457973362844e-01 5.225648526910865455e-01
7.048264971465978412e-01 5.158750737673744036e-01
7.171072407671073012e-01 4.958057369962380334e-01
7.249525269594605525e-01 4.867267513140572932e-01
7.316423058831726944e-01 4.815139365683075989e-01
7.450218637305969782e-01 4.753525604507902735e-01
7.517116426543091201e-01 4.744090631370635469e-01
7.584014215780212620e-01 4.753525604507902735e-01
7.717809794254455458e-01 4.806979862601881148e-01
7.851605372728698296e-01 4.881005452001767053e-01
8.134697236939443243e-01 5.091852948436622617e-01
8.209986386498990818e-01 5.158750737673744036e-01
8.263146236874916450e-01 5.225648526910865455e-01
8.337171826274802910e-01 5.359444105385108292e-01
8.394880161130158225e-01 5.493239683859350020e-01
8.477871599663902025e-01 5.827728630044957114e-01
8.500938676196947430e-01 6.162217576230563099e-01
8.528248636783331005e-01 6.229115365467684517e-01
8.587481054337031683e-01 6.288347783021386306e-01
8.654378843574153102e-01 6.315350796906161746e-01
8.788174422048395940e-01 6.318819219217460814e-01
9.657845682130972165e-01 6.104491258098531103e-01
9.858539049842336421e-01 6.045703926642577164e-01
9.925436839079457840e-01 6.002971751850894044e-01
9.961410178574892083e-01 5.961524208519199952e-01
9.992334628316579259e-01 5.902988642936718433e-01
1.000000000000000000e+00 5.827728630044957114e-01
9.992334628316579259e-01 5.734815033882288970e-01
9.969807821736731412e-01 5.693933051570714277e-01
9.791641260605215002e-01 5.532999690670091786e-01
9.590947892893850746e-01 5.387103768242763602e-01
9.327338747209479308e-01 5.158750737673744036e-01
9.189561157471123343e-01 5.020973147935386960e-01
8.988867789759760196e-01 4.743494948384783805e-01
8.921970000522638777e-01 4.670134531971240621e-01
8.855072211285517358e-01 4.625392908937785985e-01
8.654378843574153102e-01 4.558371425791443166e-01
8.186094318914304280e-01 4.262189189760559604e-01
8.142681923771065700e-01 4.222181688354045836e-01
8.104144527098831041e-01 4.155283899116924418e-01
8.073397273968692112e-01 3.887692742168439297e-01
8.050474255279048696e-01 3.820794952931317878e-01
8.005732632245594615e-01 3.753897163694196459e-01
7.871401657298866539e-01 3.620101585219954177e-01
7.833208480688489406e-01 3.553203795982832758e-01
7.733206904475697918e-01 3.218714849797226218e-01
7.721712165293287411e-01 3.151817060560104800e-01
7.728581472182465273e-01 3.084919271322983381e-01
7.805090503649761979e-01 2.884225903611620234e-01
7.811568059473148473e-01 2.817328114374498815e-01
7.805090503649761979e-01 2.750430325137377396e-01
7.782883098330564131e-01 2.683532535900255978e-01
7.738141475297108940e-01 2.616634746663134559e-01
7.650912005017334039e-01 2.541830855061625871e-01
7.517116426543091201e-01 2.473517345098473208e-01
7.316423058831726944e-01 2.406769907846681433e-01
6.714342955697635285e-01 2.258326133097643962e-01
6.580547377223393557e-01 2.240081281487520393e-01
6.379854009512029300e-01 2.192091084196788331e-01
6.045365063326422206e-01 2.172536345804398361e-01
5.844671695615059059e-01 2.125193294959666912e-01
5.242591592480967400e-01 2.112904378452273857e-01
5.073488847464910911e-01 2.081452432766164318e-01
