5.422916680598931505e-01 2.047239244510355993e-01
4.005503801836384214e-01 2.047239244510355993e-01
3.875720112320060196e-01 2.057373115303197109e-01
3.743019935398875786e-01 2.082054434087619588e-01
3.428039295673864784e-01 2.091697928606564005e-01
3.270548975811359838e-01 2.129357327159543956e-01
3.165555429236356355e-01 2.143674628965226425e-01
3.008065109373850854e-01 2.181854100447045974e-01
2.850574789511345908e-01 2.196691475181567488e-01
2.588090923073836924e-01 2.275276388552112672e-01
2.378103829923829959e-01 2.315123666116422618e-01
2.273110283348826477e-01 2.365322937177202767e-01
2.148044441105072533e-01 2.477347301603211038e-01
2.108589145635316742e-01 2.529844074890712502e-01
2.058389874574536593e-01 2.634837621465716540e-01
2.039225405344061159e-01 2.739831168040719467e-01
2.045758872880645840e-01 2.897321487903224968e-01
2.092813988205685094e-01 3.054811807765730469e-01
2.088059157510382957e-01 3.107308581053231933e-01
2.063618442777003792e-01 3.159805354340733397e-01
2.010626416911318048e-01 3.210695083548006368e-01
1.853136097048812547e-01 3.288523404228358427e-01
1.820610922294599310e-01 3.317295674203238898e-01
1.789881788251576622e-01 3.369792447490740916e-01
1.783275006443137412e-01 3.474785994065744399e-01
1.819331356674285249e-01 3.632276313928249900e-01
1.817454696454963714e-01 3.737269860503252827e-01
1.800170602571243839e-01 3.789766633790754846e-01
1.767457401022984320e-01 3.842263407078256865e-01
1.677321431793500350e-01 3.947256953653259792e-01
1.644555167469006762e-01 3.999753726940761811e-01
1.627153893287769937e-01 4.052250500228263830e-01
1.625252376641702634e-01 4.157244046803267312e-01
1.654222542014137654e-01 4.314734366665772258e-01
1.646959253572898296e-01 4.367231139953274277e-01
1.604213897043908488e-01 4.472224686528277759e-01
1.543502350899380593e-01 4.577218233103281242e-01
1.493413889181044452e-01 4.629715006390782706e-01
1.380665137461296599e-01 4.714012709650521327e-01
1.151363193762114934e-01 4.944695646115793153e-01
1.065684497736286152e-01 5.076593789000641843e-01
1.013187724448784688e-01 5.120466092390910662e-01
9.081941778737812054e-02 5.175204205187278195e-01
8.672955289172384896e-02 5.207179512553302692e-01
8.246765840073005949e-02 5.259676285840804155e-01
7.984673156744942490e-02 5.312173059128305619e-01
7.511564164016854006e-02 5.469663378990811120e-01
7.175219352729489408e-02 5.522160152278312584e-01
5.932135381487702031e-02 5.640782668841417546e-01
5.407167648612687394e-02 5.660083493006384803e-01
4.882199915737667206e-02 5.651343388505400966e-01
3.832264449987632382e-02 5.578123693613102896e-01
3.307296717112617745e-02 5.558661814954778402e-01
1.732393518487562734e-02 5.552783270029355567e-01
1.207425785612548097e-02 5.563720097797584252e-01
6.824580527375279093e-03 5.594628524099103384e-01
1.268672021114691795e-03 5.679650472140818085e-01
5.551115123125782702e-17 5.732147245428319549e-01
5.551115123125782702e-17 5.784644018715821012e-01
5.143043258010016050e-03 6.047127885153330551e-01
6.967753545432109341e-03 6.099624658440832015e-01
1.055185143078790633e-02 6.152121431728333478e-01
1.732393518487562734e-02 6.203186474835267195e-01
2.257361251362582921e-02 6.221433577709488683e-01
3.832264449987632382e-02 6.244636237112045629e-01
4.357232182862652570e-02 6.272339042556712707e-01
5.407167648612687394e-02 6.357651251674685255e-01
5.932135381487702031e-02 6.377524244018322186e-01
6.982070847237736855e-02 6.377524244018322186e-01
7.507038580112757042e-02 6.358641756831052705e-01
8.556974045862791867e-02 6.282372859790720243e-01
9.081941778737812054e-02 6.266618704501936143e-01
1.065684497736286152e-01 6.281012763158095868e-01
1.223174817598791653e-01 6.273110088914373161e-01
1.275671590886293116e-01 6.252657705099681218e-01
1.433161910748798618e-01 6.131756304159906579e-01
1.590652230611303564e-01 6.058441844913567964e-01
1.677563555276168072e-01 5.994631111865829087e-01
1.710008101953642834e-01 5.942134338578326513e-01
1.720536488658829799e-01 5.889637565290825050e-01
1.711310136957577832e-01 5.732147245428319549e-01
1.720172958148500353e-01 5.679650472140818085e-01
1.801108044951377773e-01 5.522160152278312584e-01
1.853136097048812547e-01 5.358107735754870093e-01
1.905632870336314011e-01 5.334967710687352760e-01
1.958129643623816030e-01 5.370073912018932250e-01
2.063123190198819512e-01 5.550724573037688625e-01
2.115619963486321531e-01 5.608859368768277509e-01
2.145805608126635233e-01 5.627153698853316621e-01
2.134577131617919066e-01 5.679650472140818085e-01
1.953856650449251608e-01 5.784644018715821012e-01
1.909235590071731159e-01 5.837140792003323586e-01
1.887974864775972539e-01 5.889637565290825050e-01
1.886752451873265346e-01 5.942134338578326513e-01
1.899428706220518404e-01 5.994631111865829087e-01
1.950161383392677306e-01 6.099624658440832015e-01
2.044620229122077193e-01 6.257114978303337516e-01
2.060060878423715658e-01 6.309611751590838979e-01
2.061832285937651443e-01 6.362108524878340443e-01
2.039225405344061159e-01 6.519598844740845944e-01
2.047707471058838880e-01 6.834579484465856947e-01
2.067580463402475255e-01 6.887076257753358410e-01
2.152892672520447803e-01 6.992069804328362448e-01
2.180595477965114881e-01 7.044566577615863912e-01
2.203798137367671828e-01 7.202056897478368303e-01
2.222045240241892761e-01 7.254553670765870876e-01
2.257155381663409344e-01 7.307050444053372340e-01
2.325607056636328496e-01 7.365751381456669966e-01
2.430600603211331978e-01 7.416777306252658741e-01
2.535594149786335461e-01 7.435941775483134730e-01
2.640587696361338943e-01 7.435941775483134730e-01
2.745581242936342425e-01 7.416777306252658741e-01
2.850574789511345908e-01 7.363921948448166610e-01
2.955568336086349390e-01 7.269777735019246068e-01
3.008065109373850854e-01 7.241866950554723958e-01
3.165555429236356355e-01 7.205994155474931828e-01
3.258674705662996107e-01 7.149560124190866839e-01
3.301569796390338429e-01 7.097063350903365375e-01
3.375542522386363320e-01 6.921837634659947502e-01
3.428039295673864784e-01 6.877405799516186358e-01
3.533032842248868821e-01 6.847058225657147723e-01
3.585529615536370285e-01 6.817255549280980542e-01
3.743019935398875786e-01 6.669120904372212166e-01
3.848013481973879268e-01 6.612982527992652404e-01
3.900510255261381287e-01 6.595902294286632994e-01
3.953007028548882751e-01 6.611015639603564642e-01
4.042142174859953974e-01 6.729585937890852909e-01
4.191314749393462713e-01 6.834579484465856947e-01
4.226804854746629148e-01 6.887076257753358410e-01
4.250091041016790250e-01 7.097063350903365375e-01
4.264114955490388992e-01 7.149560124190866839e-01
4.320484441561395217e-01 7.238446706234478167e-01
4.399826155734551381e-01 7.307050444053372340e-01
4.435710410048369079e-01 7.359547217340873804e-01
4.460078134166797215e-01 7.569534310490881879e-01
4.474102048640396512e-01 7.622031083778382232e-01
4.530471534711402182e-01 7.707775813481302363e-01
4.792955401148910610e-01 7.844496918119681084e-01
5.002942494298917575e-01 7.876598770116982617e-01
5.212929587448924540e-01 7.943261339370952800e-01
5.317923134023928577e-01 7.952760755489644007e-01
5.370419907311430041e-01 7.940074035278497089e-01
5.458113380871234543e-01 7.884514950215891771e-01
5.529585656108643166e-01 7.779521403640887733e-01
5.580407000461437006e-01 7.730774399873922009e-01
5.702170349614392730e-01 7.674527857065884806e-01
5.748488774583702110e-01 7.622031083778382232e-01
5.796744509734932382e-01 7.464540763915877841e-01
5.818905272207242074e-01 7.307050444053372340e-01
5.843501294495312415e-01 7.254553670765870876e-01
5.951351181521237210e-01 7.149560124190866839e-01
6.005038158585342956e-01 7.044566577615863912e-01
6.016937861413663713e-01 6.992069804328362448e-01
6.014963623785757330e-01 6.834579484465856947e-01
6.024908367723644798e-01 6.782082711178354373e-01
6.052877960048952399e-01 6.718578549943473588e-01
6.105374733336454973e-01 6.661340132617100673e-01
6.157871506623956437e-01 6.659789091588151910e-01
6.367858599773963402e-01 6.746046790531849968e-01
6.420355373061464865e-01 6.777625437974699185e-01
6.478299924708991187e-01 6.834579484465856947e-01
6.577845692923970367e-01 6.981692535190134885e-01
6.630342466211471830e-01 7.024045111694385835e-01
6.787832786073977331e-01 7.112470012629045213e-01
6.892826332648981369e-01 7.257536441975387387e-01
6.945323105936482833e-01 7.302507454057338698e-01
6.997819879223984296e-01 7.323045554664407986e-01
7.155310199086489797e-01 7.346207873308804315e-01
7.312800518948995299e-01 7.432063946543101540e-01
7.470290838811499690e-01 7.482712723900013518e-01
7.575284385386503727e-01 7.487655014840971512e-01
7.680277931961507765e-01 7.469274079540160205e-01
7.785271478536510692e-01 7.415510758675664116e-01
7.841235019871299894e-01 7.359547217340873804e-01
7.872914396652085367e-01 7.307050444053372340e-01
7.930542721857960498e-01 7.149560124190866839e-01
7.967789329850034630e-01 7.097063350903365375e-01
8.047755344974019120e-01 7.028459613084470092e-01
8.104124831045025346e-01 6.939573031040859874e-01
8.117616435579694256e-01 6.887076257753358410e-01
8.118148745518624088e-01 6.782082711178354373e-01
8.080232162346796532e-01 6.624592391315849982e-01
8.088321033423453432e-01 6.572095618028347408e-01
8.150318485378305056e-01 6.467102071453344481e-01
8.168744002160058804e-01 6.414605298165843017e-01
8.187610030060255006e-01 6.099624658440832015e-01
8.203887989665296088e-01 6.047127885153330551e-01
8.257742438124027196e-01 5.984852301155411114e-01
8.310239211411527549e-01 5.967522122381299088e-01
8.572723077849037088e-01 5.977266794547655415e-01
8.625219851136538551e-01 5.994178553475418836e-01
8.835206944286546626e-01 6.104357974065115489e-01
9.045194037436552481e-01 6.152590152918400168e-01
9.202684357299057982e-01 6.255708814733136336e-01
9.307677903874060910e-01 6.280229229228431187e-01
9.517664997024068985e-01 6.278517508951318993e-01
9.570161770311570448e-01 6.266457624396875037e-01
9.622658543599071912e-01 6.231463145901490197e-01
9.675155316886574486e-01 6.176036628448196009e-01
9.727652090174075949e-01 6.139687985423398775e-01
9.832645636749079987e-01 6.099138577206688616e-01
9.885142410036580340e-01 6.063082786838747129e-01
9.943843347439877967e-01 5.994631111865829087e-01
9.990135956611584378e-01 5.901186855414075616e-01
1.000000000000000000e+00 5.732147245428319549e-01
9.990135956611584378e-01 5.628403622026828534e-01
9.960606521637365152e-01 5.574656925565814047e-01
9.885142410036580340e-01 5.487340863873336749e-01
9.832645636749079987e-01 5.458045240640297946e-01
9.780148863461577413e-01 5.447789723454351529e-01
9.675155316886574486e-01 5.454247659850830487e-01
9.622658543599071912e-01 5.475438024052435848e-01
9.572954151869416117e-01 5.522160152278312584e-01
9.517664997024068985e-01 5.606580639051457204e-01
9.465168223736566411e-01 5.638991206555400426e-01
9.412671450449064947e-01 5.628728602051941143e-01
9.360174677161563483e-01 5.582781426193642593e-01
9.149735025621146267e-01 5.312173059128305619e-01
9.104773708707288860e-01 5.154682739265800118e-01
9.045194037436552481e-01 5.026721854377514953e-01
8.992697264149051017e-01 4.985878459643057758e-01
8.887703717574046980e-01 4.946053321287021687e-01
8.736775494372479578e-01 4.839702099540789670e-01
8.625219851136538551e-01 4.729260774605762441e-01
8.408518054426502575e-01 4.577218233103281242e-01
8.357389091123451630e-01 4.524721459815779223e-01
8.296677544978924290e-01 4.419727913240775741e-01
8.251392022000538784e-01 4.314734366665772258e-01
8.233061119339604161e-01 4.209740820090768776e-01
8.221240775447560267e-01 3.947256953653259792e-01
8.200702674840492090e-01 3.894760180365758329e-01
8.155731662758540779e-01 3.842263407078256865e-01
8.013688289968299294e-01 3.737269860503252827e-01
7.983446797696830410e-01 3.684773087215751364e-01
7.972589510494187959e-01 3.632276313928249900e-01
7.960658425656119697e-01 3.422289220778242935e-01
7.921669344846000715e-01 3.317295674203238898e-01
7.881515562896931337e-01 3.264798900915737434e-01
7.696884054123880325e-01 3.107308581053231933e-01
7.667799190770215878e-01 3.054811807765730469e-01
7.657608870769176956e-01 3.002315034478228450e-01
7.651678943528763543e-01 2.687334394753218003e-01
7.631653871457509952e-01 2.582340848178214521e-01
7.606305205965482319e-01 2.529844074890712502e-01
7.564907116248276164e-01 2.477347301603211038e-01
7.522787612099002263e-01 2.444417507450141747e-01
7.260303745661493835e-01 2.314353287767015876e-01
7.050316652511485760e-01 2.273710624576692485e-01
6.892826332648981369e-01 2.209359741192012394e-01
6.787832786073977331e-01 2.190965650310943702e-01
6.577845692923970367e-01 2.181346264528297163e-01
6.420355373061464865e-01 2.143674628965226425e-01
6.315361826486461938e-01 2.129357327159543956e-01
6.157871506623956437e-01 2.091697928606564005e-01
5.632903773748938470e-01 2.076860553872042492e-01
5.552700370115255524e-01 2.057373115303197109e-01
