5.588965804570074081e-01 1.891682423698575755e-01
3.917972630836779047e-01 1.891682423698575755e-01
3.780270415593942057e-01 1.902434594964159120e-01
3.695173541005672968e-01 1.922572205006585766e-01
3.416674678716790092e-01 1.938853676955782923e-01
3.249575361343460811e-01 1.978810798107019653e-01
3.138175816427907772e-01 1.994001645140958123e-01
2.971076499054578490e-01 2.033971749922138805e-01
2.748277409223472412e-01 2.050253221871335962e-01
2.358379002019037052e-01 2.173172013549908854e-01
2.246979457103484012e-01 2.228327123291675704e-01
2.089163435139783642e-01 2.348032774626371277e-01
2.046559740134877292e-01 2.403732547084147519e-01
2.007470435535045339e-01 2.515132091999701114e-01
2.017549441979785141e-01 2.626531636915253598e-01
2.095980855206230342e-01 2.905030499204136474e-01
2.090555929451228256e-01 2.960730271661912716e-01
2.062260823952694611e-01 3.016430044119688958e-01
1.852748845374554976e-01 3.183529361493018794e-01
1.806201450057809965e-01 3.239229133950795037e-01
1.785024995052877372e-01 3.294928906408571834e-01
1.782957506551391957e-01 3.406328451324124318e-01
1.833951483369971602e-01 3.573427768697454154e-01
1.837968382879223150e-01 3.629127541155230396e-01
1.806379974969534175e-01 3.684827313613007194e-01
1.634281960067942574e-01 3.776784485123487189e-01
1.559139814205093288e-01 3.851926630986336475e-01
1.524374373343223010e-01 3.907626403444113272e-01
1.507652008620966044e-01 3.963326175901889514e-01
1.506172483415056385e-01 4.019025948359666311e-01
1.553876643374861866e-01 4.186125265732995593e-01
1.560457658477080178e-01 4.241825038190772390e-01
1.552079876521385016e-01 4.297524810648548632e-01
1.528352928518778020e-01 4.353224583106325429e-01
1.404023079282670228e-01 4.520323900479654711e-01
1.309532393863228061e-01 4.687423217852983992e-01
1.156013721560303353e-01 4.910222307684090071e-01
9.658846905746243383e-02 5.112412481705819189e-01
9.101849181168480962e-02 5.136382590680751425e-01
8.544851456590712990e-02 5.136217286098838652e-01
7.430856007435182597e-02 5.113188902776442113e-01
6.316860558279652205e-02 5.108496870836025661e-01
5.202865109124121812e-02 5.125506348850258354e-01
3.531871935390828998e-02 5.181758698415750430e-01
2.417876486235298605e-02 5.253704237840378655e-01
1.279872514468660682e-02 5.411520259804079025e-01
6.795045554966294699e-03 5.578619577177408306e-01
4.933246468360075188e-03 5.690019122092960790e-01
3.912616883485042774e-03 6.079917529297396150e-01
0.000000000000000000e+00 6.247016846670726542e-01
2.017534371694940099e-04 6.358416391586279026e-01
2.050764349581790658e-03 6.414116164044055823e-01
5.853539723744471956e-03 6.469815936501832621e-01
1.303881037079768213e-02 6.523996624256214183e-01
1.860878761657536185e-02 6.543082560273214554e-01
2.974874210813066577e-02 6.552136923737221785e-01
4.088869659968596970e-02 6.543939479849488761e-01
5.759862833701889784e-02 6.490927947030182832e-01
8.544851456590712990e-02 6.489096626967985060e-01
1.077284235490177378e-01 6.415556675400722053e-01
1.132984007947954175e-01 6.378232656787603538e-01
1.251843343817673482e-01 6.247016846670726542e-01
1.305105435952721993e-01 6.135617301755172948e-01
1.335106667093975963e-01 5.912818211924066869e-01
1.373083784678824082e-01 5.745718894550737588e-01
1.359032251172430650e-01 5.578619577177408306e-01
1.365866677275726082e-01 5.522919804719631509e-01
1.393432018051445898e-01 5.467220032261854712e-01
1.522882415152389535e-01 5.332790773733951939e-01
1.912780822356824895e-01 5.073960431891864076e-01
2.079880139730154176e-01 5.013222680562359201e-01
2.191279684645707215e-01 4.995434646145613944e-01
2.414078774476813294e-01 4.995434646145613944e-01
2.525478319392366333e-01 5.014883976899106033e-01
2.636877864307919372e-01 5.063632697927965554e-01
2.748277409223472412e-01 5.141066920203541946e-01
2.869126022680969501e-01 5.300120714888525431e-01
2.920569078266594953e-01 5.411520259804079025e-01
2.930200053137984595e-01 5.467220032261854712e-01
2.922705644025456184e-01 5.522919804719631509e-01
2.884045604589302592e-01 5.578619577177408306e-01
2.692577636765696170e-01 5.686340835232541746e-01
2.633199577447500328e-01 5.745718894550737588e-01
2.576155981218704039e-01 5.857118439466291182e-01
2.555822225283542748e-01 5.968517984381843666e-01
2.566590056206439763e-01 6.414116164044055823e-01
2.587069413937023166e-01 6.469815936501832621e-01
2.633713104509182168e-01 6.525515708959608308e-01
2.748277409223472412e-01 6.586156590264445887e-01
2.859676954139025451e-01 6.595803517061088472e-01
2.915376726596802248e-01 6.576486255453989349e-01
3.026776271512354732e-01 6.484025062128815353e-01
3.249575361343460811e-01 6.364999091967652456e-01
3.322203496018796831e-01 6.302716619128502229e-01
3.359455821555620281e-01 6.247016846670726542e-01
3.385499432938183784e-01 6.135617301755172948e-01
3.384647309553568961e-01 5.801418667008514385e-01
3.408641057689226761e-01 5.745718894550737588e-01
3.462428063235677977e-01 5.690019122092960790e-01
3.695173541005672968e-01 5.514311658067065913e-01
3.917972630836779047e-01 5.405585038148742472e-01
4.029372175752331531e-01 5.393953408490472778e-01
4.307871038041214407e-01 5.460482156561318190e-01
4.419270582956767446e-01 5.513636509310002598e-01
4.579407428772874766e-01 5.634319349635185104e-01
4.761923647451481445e-01 5.857118439466291182e-01
4.921048705528978107e-01 6.135617301755172948e-01
4.938992305966635743e-01 6.191317074212949745e-01
4.944620709547159487e-01 6.358416391586279026e-01
4.933100983879755153e-01 6.414116164044055823e-01
4.901014359639451201e-01 6.469815936501832621e-01
4.595653195739726193e-01 6.692615026332937589e-01
4.518665866566764500e-01 6.804014571248491183e-01
4.469948244783105151e-01 6.915414116164044778e-01
4.450918180944140046e-01 7.026813661079597262e-01
4.450074244997810347e-01 7.305312523368479027e-01
4.470861355807003168e-01 7.416712068284032622e-01
4.496957107700508272e-01 7.472411840741809419e-01
4.677876669367871942e-01 7.695210930572915498e-01
4.792686404433901259e-01 7.806610475488467982e-01
4.824486427587091897e-01 7.862310247946244779e-01
4.859846651987540511e-01 7.973709792861798373e-01
4.920568535076755845e-01 8.063919206951022378e-01
4.976268307534532087e-01 8.096713457039387274e-01
5.031968079992308329e-01 8.108317576301424801e-01
5.199067397365638721e-01 8.108317576301424801e-01
5.254767169823414408e-01 8.096713457039387274e-01
5.310466942281191205e-01 8.063919206951022378e-01
5.370344197673301290e-01 7.973709792861798373e-01
5.425615510342940429e-01 7.806610475488467982e-01
5.471996282408743140e-01 7.750910703030691185e-01
5.588965804570074081e-01 7.658267203942756840e-01
5.652125367982017146e-01 7.583811385657361903e-01
5.761904614217202569e-01 7.361012295826255825e-01
5.781420988510003189e-01 7.249612750910703340e-01
5.781420988510003189e-01 7.026813661079597262e-01
5.761904614217202569e-01 6.915414116164044778e-01
5.713110212675117650e-01 6.804014571248491183e-01
5.644665577027849768e-01 6.702561414271827056e-01
5.515245517493604366e-01 6.581215481417385105e-01
5.481047495433132299e-01 6.525515708959608308e-01
5.468133233673768689e-01 6.469815936501832621e-01
5.472625150807459704e-01 6.414116164044055823e-01
5.580291249843042367e-01 6.079917529297396150e-01
5.685732358416211163e-01 5.857118439466291182e-01
5.750391996970851682e-01 5.745718894550737588e-01
5.803536518924463650e-01 5.690019122092960790e-01
6.034563984232286238e-01 5.520518952458520756e-01
6.201663301605615519e-01 5.458820860224571359e-01
6.368762618978944801e-01 5.441864165695254885e-01
6.480162163894498395e-01 5.458820860224571359e-01
6.758661026183380161e-01 5.557011906827408199e-01
6.814360798641156958e-01 5.593124726254954382e-01
6.941748241206626702e-01 5.745718894550737588e-01
6.963059298327543001e-01 5.801418667008514385e-01
6.958086104358097712e-01 5.857118439466291182e-01
6.911835400442265520e-01 5.968517984381843666e-01
6.902067156764969402e-01 6.024217756839620463e-01
6.908789319135980600e-01 6.302716619128502229e-01
6.930489569520106308e-01 6.358416391586279026e-01
7.138183985577053470e-01 6.581215481417385105e-01
7.201772608860870228e-01 6.692615026332937589e-01
7.259958978303369115e-01 6.764467732803469691e-01
7.315658750761144802e-01 6.801482763409500976e-01
7.371358523218921599e-01 6.819244977779914674e-01
7.482758068134474083e-01 6.808123570856031703e-01
7.538457840592251991e-01 6.781228300697582645e-01
7.594157613050027678e-01 6.735716040734789356e-01
7.654034868442136652e-01 6.636915253875161902e-01
7.724837848431733711e-01 6.302716619128502229e-01
7.730913024532179989e-01 6.079917529297396150e-01
7.709666157573122902e-01 5.968517984381843666e-01
7.683177785103081359e-01 5.912818211924066869e-01
7.640574090098175564e-01 5.857118439466291182e-01
7.510607954363363037e-01 5.745718894550737588e-01
7.468833125020031272e-01 5.690019122092960790e-01
7.453560606765479157e-01 5.634319349635185104e-01
7.454051262329313143e-01 5.578619577177408306e-01
7.476020192433936451e-01 5.467220032261854712e-01
7.585703183301971686e-01 5.244420942430749744e-01
7.678287477699794472e-01 5.133021397515196149e-01
7.761256930423356959e-01 5.056828312549369597e-01
7.816956702881133756e-01 5.022119171996587417e-01
7.872656475338910553e-01 5.003198081709763212e-01
8.151155337627793429e-01 4.995434646145613944e-01
8.262554882543345913e-01 5.014883976899106033e-01
8.485353972374451992e-01 5.111413727165196041e-01
8.541053744832227679e-01 5.147230523142179992e-01
8.778596892078627256e-01 5.355820487346302228e-01
8.808508686720000203e-01 5.411520259804079025e-01
8.815443607513568924e-01 5.467220032261854712e-01
8.744572144197181318e-01 5.745718894550737588e-01
8.739328307984163269e-01 5.857118439466291182e-01
8.758830724031894110e-01 5.968517984381843666e-01
8.806091828777147246e-01 6.079917529297396150e-01
8.896397663567486847e-01 6.247016846670726542e-01
8.930952152036664149e-01 6.291444046131096091e-01
9.042351696952216633e-01 6.371161254775770111e-01
9.209451014325545914e-01 6.433104722836479050e-01
9.487949876614428790e-01 6.451104294191798427e-01
9.543649649072205587e-01 6.468399840591888550e-01
9.655049193987758072e-01 6.525987740929589664e-01
9.766448738903310556e-01 6.546510238578309160e-01
9.822148511361087353e-01 6.536929596758332961e-01
9.877848283818864150e-01 6.504325578133280938e-01
9.937657055884181467e-01 6.414116164044055823e-01
9.952536615069065284e-01 6.358416391586279026e-01
9.969110218691989989e-01 6.135617301755172948e-01
9.989247828734417745e-01 6.050520427166903303e-01
1.000000000000000000e+00 5.745718894550737588e-01
9.989247828734417745e-01 5.610646946340629437e-01
9.941309499979773534e-01 5.467220032261854712e-01
9.881526570679283195e-01 5.355820487346302228e-01
9.826790159065903474e-01 5.300120714888525431e-01
9.710748966445534869e-01 5.230960164086786435e-01
9.599349421529981274e-01 5.182881677699173739e-01
9.543649649072205587e-01 5.169732611180548609e-01
9.265150786783322712e-01 5.146261507361716836e-01
9.209451014325545914e-01 5.115754468053285153e-01
9.074405339593012432e-01 4.965922080141866868e-01
8.952910716178672512e-01 4.798822762768537031e-01
8.852222665966535953e-01 4.687423217852983992e-01
8.643998859999725282e-01 4.408924355564101671e-01
8.590818295634667923e-01 4.297524810648548632e-01
8.576921022551251550e-01 4.241825038190772390e-01
8.560042303624652016e-01 4.019025948359666311e-01
8.522327097195562251e-01 3.907626403444113272e-01
8.485353972374451992e-01 3.848761871187599271e-01
8.429654199916675195e-01 3.801047031145098898e-01
8.246991710827202837e-01 3.740527086070783991e-01
8.198549003666427692e-01 3.684827313613007194e-01
8.185860580466868264e-01 3.629127541155230396e-01
8.187574419619416677e-01 3.573427768697454154e-01
8.225278880975448459e-01 3.406328451324124318e-01
8.218268997884292659e-01 3.294928906408571834e-01
8.186115833106609729e-01 3.239229133950795037e-01
8.039755792712239835e-01 3.136437735687808148e-01
7.966789090792552042e-01 3.072129816577465755e-01
7.932832122369186667e-01 3.016430044119688958e-01
7.920594804093553654e-01 2.960730271661912716e-01
7.930757100057798104e-01 2.905030499204136474e-01
7.999286426785886528e-01 2.737931181830806637e-01
7.990686945547056386e-01 2.626531636915253598e-01
7.928844842291928874e-01 2.459432319541924317e-01
7.889923404800820439e-01 2.403732547084147519e-01
7.816956702881133756e-01 2.340572983672205010e-01
7.594157613050027678e-01 2.230793737437019031e-01
7.315658750761144802e-01 2.161100962514287960e-01
7.204259205845592318e-01 2.145910115480348934e-01
6.814360798641156958e-01 2.049701417598734920e-01
6.647261481267827676e-01 2.034510570564795895e-01
6.480162163894498395e-01 1.994553449413559165e-01
6.257363074063391206e-01 1.978271977464362563e-01
6.090263756690061925e-01 1.938853676955782923e-01
5.811764894401180159e-01 1.923429124582859417e-01
5.726668019812910515e-01 1.902434594964159120e-01
