6.646341463414634498e-01 0.000000000000000000e+00
5.426829268292683306e-01 0.000000000000000000e+00
5.386178861788617489e-01 4.065040650406526179e-03
5.223577235772357552e-01 4.065040650406526179e-03
5.182926829268292845e-01 8.130081300812996847e-03
5.020325203252032908e-01 8.130081300812996847e-03
4.979674796747967647e-01 1.219512195121952303e-02
4.857723577235772416e-01 1.219512195121952303e-02
4.817073170731707155e-01 1.626016260162599369e-02
4.695121951219511924e-01 1.626016260162599369e-02
4.654471544715447218e-01 2.032520325203251987e-02
4.573170731707317249e-01 2.032520325203251987e-02
4.532520325203251987e-01 2.439024390243904605e-02
4.451219512195122019e-01 2.439024390243904605e-02
4.329268292682926789e-01 3.252032520325204290e-02
4.247967479674796820e-01 3.252032520325204290e-02
3.678861788617886486e-01 6.504065040650408580e-02
3.333333333333333703e-01 1.036585365853658347e-01
3.333333333333333703e-01 1.117886178861788871e-01
3.292682926829267887e-01 1.158536585365853577e-01
3.292682926829267887e-01 1.280487804878048808e-01
3.252032520325203180e-01 1.321138211382114069e-01
3.252032520325203180e-01 1.727642276422764467e-01
3.211382113821138473e-01 1.768292682926829174e-01
3.211382113821138473e-01 2.256097560975609539e-01
3.170731707317073211e-01 2.296747967479674801e-01
3.170731707317073211e-01 2.825203252032520429e-01
3.130081300813007950e-01 2.865853658536585691e-01
3.130081300813007950e-01 3.353658536585365502e-01
3.089430894308943243e-01 3.394308943089430763e-01
3.089430894308943243e-01 5.182926829268292845e-01
3.048780487804877981e-01 5.223577235772357552e-01
3.048780487804877981e-01 5.345528455284552782e-01
2.845528455284552782e-01 5.711382113821138473e-01
2.764227642276422814e-01 5.792682926829267887e-01
2.642276422764227584e-01 6.036585365853658347e-01
2.642276422764227584e-01 6.158536585365853577e-01
2.601626016260162322e-01 6.199186991869918284e-01
2.601626016260162322e-01 6.361788617886179331e-01
2.560975609756097615e-01 6.402439024390244038e-01
2.560975609756097615e-01 6.483739837398374561e-01
2.378048780487804770e-01 6.707317073170732113e-01
2.215447154471544833e-01 6.788617886178861527e-01
1.971544715447154372e-01 6.788617886178861527e-01
1.808943089430894435e-01 6.707317073170732113e-01
1.585365853658536328e-01 6.524390243902439268e-01
1.585365853658536328e-01 6.483739837398374561e-01
1.463414634146341653e-01 6.361788617886179331e-01
1.341463414634146423e-01 6.117886178861788871e-01
1.341463414634146423e-01 6.036585365853658347e-01
1.300813008130081161e-01 5.995934959349593640e-01
1.300813008130081161e-01 5.914634146341463117e-01
1.260162601626016454e-01 5.873983739837398410e-01
1.260162601626016454e-01 5.752032520325203180e-01
1.219512195121951192e-01 5.711382113821138473e-01
1.219512195121951192e-01 5.508130081300812719e-01
1.178861788617885931e-01 5.467479674796748013e-01
1.178861788617885931e-01 5.264227642276422259e-01
1.138211382113821224e-01 5.223577235772357552e-01
1.138211382113821224e-01 4.776422764227642448e-01
1.097560975609755962e-01 4.735772357723577186e-01
1.097560975609755962e-01 4.126016260162601590e-01
1.138211382113821224e-01 4.085365853658536883e-01
1.138211382113821224e-01 3.638211382113821224e-01
1.178861788617885931e-01 3.597560975609755962e-01
1.178861788617885931e-01 3.394308943089430763e-01
1.219512195121951192e-01 3.353658536585365502e-01
1.219512195121951192e-01 3.191056910569105565e-01
1.260162601626016454e-01 3.150406504065040858e-01
1.260162601626016454e-01 3.069105691056910334e-01
1.300813008130081161e-01 3.028455284552845628e-01
1.300813008130081161e-01 2.947154471544715104e-01
1.341463414634146423e-01 2.906504065040650397e-01
1.341463414634146423e-01 2.825203252032520429e-01
1.646341463414633943e-01 2.479674796747967647e-01
1.808943089430894435e-01 2.439024390243902385e-01
1.849593495934959142e-01 2.398373983739837123e-01
2.012195121951219634e-01 2.398373983739837123e-01
2.052845528455284341e-01 2.439024390243902385e-01
2.174796747967479571e-01 2.439024390243902385e-01
2.337398373983740063e-01 2.520325203252032908e-01
2.500000000000000000e-01 2.682926829268292845e-01
2.621951219512195230e-01 2.682926829268292845e-01
2.764227642276422814e-01 2.581300813008129968e-01
2.764227642276422814e-01 2.500000000000000000e-01
2.804878048780488076e-01 2.459349593495934738e-01
2.804878048780488076e-01 2.215447154471544833e-01
2.845528455284552782e-01 2.174796747967479571e-01
2.845528455284552782e-01 2.012195121951219634e-01
2.804878048780488076e-01 1.930894308943089666e-01
2.540650406504064707e-01 1.707317073170731558e-01
2.378048780487804770e-01 1.707317073170731558e-01
2.337398373983740063e-01 1.666666666666666852e-01
1.930894308943089666e-01 1.666666666666666852e-01
1.890243902439024404e-01 1.707317073170731558e-01
1.768292682926829174e-01 1.707317073170731558e-01
1.646341463414633943e-01 1.788617886178861527e-01
1.565040650406503975e-01 1.788617886178861527e-01
1.097560975609755962e-01 2.215447154471544833e-01
8.536585365853660567e-02 2.621951219512195230e-01
8.536585365853660567e-02 2.703252032520325199e-01
8.130081300813007950e-02 2.743902439024390461e-01
8.130081300813007950e-02 2.825203252032520429e-01
7.723577235772355332e-02 2.865853658536585691e-01
7.723577235772355332e-02 2.947154471544715104e-01
7.317073170731708265e-02 2.987804878048780366e-01
7.317073170731708265e-02 3.069105691056910334e-01
6.910569105691055647e-02 3.109756097560975596e-01
6.910569105691055647e-02 3.272357723577236088e-01
6.504065040650408580e-02 3.313008130081300795e-01
6.504065040650408580e-02 3.516260162601625994e-01
6.097560975609755962e-02 3.556910569105691255e-01
6.097560975609755962e-02 3.922764227642276391e-01
5.691056910569103344e-02 3.963414634146341653e-01
5.691056910569103344e-02 5.386178861788617489e-01
6.097560975609755962e-02 5.426829268292683306e-01
6.097560975609755962e-02 5.792682926829267887e-01
6.504065040650408580e-02 5.833333333333333703e-01
6.504065040650408580e-02 6.036585365853658347e-01
6.910569105691055647e-02 6.077235772357723054e-01
6.910569105691055647e-02 6.199186991869918284e-01
7.317073170731708265e-02 6.239837398373984101e-01
7.317073170731708265e-02 6.321138211382113514e-01
7.723577235772355332e-02 6.361788617886179331e-01
7.723577235772355332e-02 6.443089430894308745e-01
8.536585365853660567e-02 6.565040650406503975e-01
8.536585365853660567e-02 6.646341463414634498e-01
1.016260162601625994e-01 6.930894308943089666e-01
1.321138211382114069e-01 7.235772357723577741e-01
1.443089430894308745e-01 7.317073170731707155e-01
1.483739837398374006e-01 7.317073170731707155e-01
1.565040650406503975e-01 7.398373983739837678e-01
1.646341463414633943e-01 7.398373983739837678e-01
1.768292682926829174e-01 7.479674796747967092e-01
1.930894308943089666e-01 7.479674796747967092e-01
1.971544715447154372e-01 7.520325203252031798e-01
2.337398373983740063e-01 7.520325203252031798e-01
2.378048780487804770e-01 7.479674796747967092e-01
2.703252032520325199e-01 7.479674796747967092e-01
2.784552845528455167e-01 7.560975609756097615e-01
2.825203252032520429e-01 7.560975609756097615e-01
2.967479674796748013e-01 7.743902439024390461e-01
2.967479674796748013e-01 7.825203252032519874e-01
3.008130081300812719e-01 7.865853658536585691e-01
3.008130081300812719e-01 8.313008130081300795e-01
2.967479674796748013e-01 8.353658536585366612e-01
2.967479674796748013e-01 8.556910569105691255e-01
2.926829268292683306e-01 8.597560975609755962e-01
2.926829268292683306e-01 8.922764227642276946e-01
3.008130081300812719e-01 9.085365853658535773e-01
3.089430894308943243e-01 9.166666666666667407e-01
3.089430894308943243e-01 9.207317073170731003e-01
3.231707317073170826e-01 9.349593495934959142e-01
3.272357723577236088e-01 9.349593495934959142e-01
3.394308943089430763e-01 9.471544715447154372e-01
3.800813008130081161e-01 9.674796747967480126e-01
3.882113821138211129e-01 9.674796747967480126e-01
3.922764227642276391e-01 9.715447154471544833e-01
4.004065040650406360e-01 9.715447154471544833e-01
4.044715447154471621e-01 9.756097560975609539e-01
4.126016260162601590e-01 9.756097560975609539e-01
4.166666666666666852e-01 9.796747967479675356e-01
4.288617886178861527e-01 9.796747967479675356e-01
4.329268292682926789e-01 9.837398373983740063e-01
4.491869918699187281e-01 9.837398373983740063e-01
4.532520325203251987e-01 9.878048780487804770e-01
4.735772357723577186e-01 9.878048780487804770e-01
4.776422764227642448e-01 9.918699186991870587e-01
5.060975609756097615e-01 9.918699186991870587e-01
5.101626016260162322e-01 9.959349593495934183e-01
5.752032520325203180e-01 9.959349593495934183e-01
5.792682926829267887e-01 1.000000000000000000e+00
6.280487804878048808e-01 1.000000000000000000e+00
6.321138211382113514e-01 9.959349593495934183e-01
6.890243902439023849e-01 9.959349593495934183e-01
6.930894308943089666e-01 9.918699186991870587e-01
7.215447154471544833e-01 9.918699186991870587e-01
7.256097560975609539e-01 9.878048780487804770e-01
7.459349593495935293e-01 9.878048780487804770e-01
7.500000000000000000e-01 9.837398373983740063e-01
7.662601626016259937e-01 9.837398373983740063e-01
7.703252032520324644e-01 9.796747967479675356e-01
7.865853658536585691e-01 9.796747967479675356e-01
7.906504065040650397e-01 9.756097560975609539e-01
8.028455284552845628e-01 9.756097560975609539e-01
8.069105691056910334e-01 9.715447154471544833e-01
8.150406504065040858e-01 9.715447154471544833e-01
8.191056910569105565e-01 9.674796747967480126e-01
8.272357723577234978e-01 9.674796747967480126e-01
8.313008130081300795e-01 9.634146341463414309e-01
8.394308943089430208e-01 9.634146341463414309e-01
8.516260162601625439e-01 9.552845528455284896e-01
8.597560975609755962e-01 9.552845528455284896e-01
8.841463414634146423e-01 9.430894308943089666e-01
8.922764227642276946e-01 9.349593495934959142e-01
8.963414634146341653e-01 9.349593495934959142e-01
9.044715447154472177e-01 9.268292682926828618e-01
9.085365853658535773e-01 9.268292682926828618e-01
9.308943089430894435e-01 9.044715447154472177e-01
9.430894308943089666e-01 8.841463414634146423e-01
9.430894308943089666e-01 8.394308943089430208e-01
9.390243902439023849e-01 8.353658536585366612e-01
9.390243902439023849e-01 8.191056910569105565e-01
9.349593495934959142e-01 8.150406504065040858e-01
9.349593495934959142e-01 8.069105691056910334e-01
9.308943089430894435e-01 8.028455284552845628e-01
9.308943089430894435e-01 7.865853658536585691e-01
9.268292682926828618e-01 7.825203252032519874e-01
9.268292682926828618e-01 7.418699186991870587e-01
9.227642276422765022e-01 7.378048780487804770e-01
9.227642276422765022e-01 7.174796747967480126e-01
9.186991869918699205e-01 7.134146341463414309e-01
9.186991869918699205e-01 6.971544715447154372e-01
9.146341463414633388e-01 6.930894308943089666e-01
9.146341463414633388e-01 6.808943089430894435e-01
9.105691056910569792e-01 6.768292682926828618e-01
9.105691056910569792e-01 6.646341463414634498e-01
9.065040650406503975e-01 6.605691056910569792e-01
9.065040650406503975e-01 6.402439024390244038e-01
9.024390243902439268e-01 6.361788617886179331e-01
9.024390243902439268e-01 6.036585365853658347e-01
8.983739837398374561e-01 5.995934959349593640e-01
8.983739837398374561e-01 5.752032520325203180e-01
8.943089430894308745e-01 5.711382113821138473e-01
8.943089430894308745e-01 5.508130081300812719e-01
8.902439024390244038e-01 5.467479674796748013e-01
8.902439024390244038e-01 3.638211382113821224e-01
8.861788617886179331e-01 3.597560975609755962e-01
8.861788617886179331e-01 3.191056910569105565e-01
8.902439024390244038e-01 3.150406504065040858e-01
8.902439024390244038e-01 2.743902439024390461e-01
8.861788617886179331e-01 2.703252032520325199e-01
8.861788617886179331e-01 2.459349593495934738e-01
8.821138211382113514e-01 2.418699186991870032e-01
8.821138211382113514e-01 1.199186991869918839e-01
8.780487804878048808e-01 1.158536585365853577e-01
8.739837398373984101e-01 9.959349593495936404e-02
8.313008130081300795e-01 5.691056910569103344e-02
8.272357723577234978e-01 5.691056910569103344e-02
8.191056910569105565e-01 4.878048780487803660e-02
8.150406504065040858e-01 4.878048780487803660e-02
8.069105691056910334e-01 4.065040650406503975e-02
7.906504065040650397e-01 3.252032520325204290e-02
7.825203252032519874e-01 3.252032520325204290e-02
7.703252032520324644e-01 2.439024390243904605e-02
7.621951219512195230e-01 2.439024390243904605e-02
7.581300813008129413e-01 2.032520325203251987e-02
7.500000000000000000e-01 2.032520325203251987e-02
7.459349593495935293e-01 1.626016260162599369e-02
7.378048780487804770e-01 1.626016260162599369e-02
7.337398373983740063e-01 1.219512195121952303e-02
7.174796747967480126e-01 1.219512195121952303e-02
7.134146341463414309e-01 8.130081300812996847e-03
6.971544715447154372e-01 8.130081300812996847e-03
6.930894308943089666e-01 4.065040650406526179e-03
6.686991869918699205e-01 4.065040650406526179e-03
