5.021187616809458243e-01 3.246324371951203602e-02
4.980477785385169498e-01 3.201922144794977498e-02
3.352084528413611375e-01 3.201922144794977498e-02
3.311374696989322075e-01 3.246324371951203602e-02
3.189245202716455285e-01 3.538362847961118440e-02
3.067115708443588495e-01 3.649389660936447344e-02
2.944986214170721706e-01 3.945461162204011440e-02
2.863566551322143661e-01 4.056487975179334793e-02
2.171499417109231111e-01 5.774021038984145093e-02
2.049369922836364322e-01 6.180204404609618285e-02
1.723691271442052697e-01 7.765274890157158882e-02
1.642271608593474652e-01 8.217900694446289567e-02
1.421465022933472433e-01 9.900816047075372550e-02
1.382447096267865883e-01 1.030791436131826000e-01
1.229721084784832219e-01 1.234340593253270835e-01
1.143915422241137403e-01 1.397179918950426925e-01
1.108775833880010220e-01 1.478599581799004414e-01
1.058242103929637468e-01 1.682148738920449249e-01
1.050763834092798832e-01 1.926407727466183384e-01
1.037762921332802679e-01 2.007827390314761429e-01
9.972543615184703558e-02 2.129956884587628219e-01
9.569894462846106897e-02 2.211376547436206264e-01
8.218958092665090698e-02 2.414925704557650543e-01
7.368171079982477334e-02 2.577765030254806633e-01
7.016775196371205503e-02 2.659184693103384678e-01
6.874133983954133775e-02 2.740604355951962168e-01
6.799538242331670812e-02 2.903443681649118258e-01
6.511437896867477981e-02 3.025573175921985047e-01
6.467035669711246326e-02 3.066283007346274347e-01
6.436655198499091624e-02 3.473381321589164017e-01
6.392439928088783363e-02 3.514091153013452762e-01
6.104339582624584981e-02 3.636220647286320107e-01
6.059937355468353326e-02 3.676930478710608297e-01
6.029556884256204174e-02 4.002609130104920476e-01
5.985341613845890363e-02 4.043318961529209221e-01
5.697241268381697532e-02 4.165448455802076566e-01
5.652839041225465877e-02 4.206158287226365311e-01
5.622458570013311174e-02 4.450417275772098891e-01
5.578243299603002914e-02 4.491127107196388191e-01
5.290142954138804532e-02 4.613256601469254981e-01
5.171144985360109914e-02 4.898225421439277860e-01
4.883044639895917083e-02 5.020354915712144095e-01
4.764046671117222465e-02 5.183194241409300185e-01
4.475946325653029634e-02 5.305323735682166975e-01
4.431544098496797979e-02 5.346033567106456275e-01
4.401163627284643276e-02 5.631002387076479154e-01
4.356948356874335015e-02 5.671712218500768454e-01
4.068848011410136634e-02 5.793841712773635244e-01
4.024445784253904979e-02 5.834551544197923434e-01
3.994065313041755827e-02 6.485908846986547793e-01
3.949850042631442015e-02 6.526618678410835983e-01
3.661749697167249185e-02 6.648748172683702773e-01
3.617347470011017530e-02 6.689458004107992073e-01
3.586966998798862827e-02 7.218685812623748532e-01
3.542751728388554566e-02 7.259395644048037832e-01
3.037717479739093784e-02 7.462944801169482112e-01
2.686540466189246690e-02 7.544364464018060712e-01
2.236066795845481625e-02 7.625784126866638202e-01
1.297163264928474780e-02 7.747913621139504992e-01
5.283344893308894452e-03 7.870043115412371781e-01
8.953775239945449549e-04 7.992172609685238571e-01
-1.110223024625156540e-16 8.032882441109527871e-01
-1.110223024625156540e-16 8.114302103958106471e-01
5.032021684849785625e-03 8.317851261079550751e-01
8.545980520962392912e-03 8.399270923928128241e-01
1.712654677533193004e-02 8.562110249625284331e-01
2.988471715919388538e-02 8.733389418422596862e-01
3.395570030162281538e-02 8.779367819369193748e-01
4.616864972890949437e-02 8.870956951488399023e-01
8.280749801076953132e-02 9.229516620571560637e-01
8.687848115319846132e-02 9.259629593403949643e-01
9.502044743805621030e-02 9.304725424523355715e-01
1.031624137229140148e-01 9.341269728114749427e-01
1.153753631502006938e-01 9.381799474414340700e-01
1.235173294350584983e-01 9.394838965550478260e-01
1.398012620047741073e-01 9.402298539712725667e-01
1.520142114320607862e-01 9.431511876784910431e-01
1.601561777169185907e-01 9.442614558082442766e-01
1.723691271442052697e-01 9.471818405683434250e-01
1.764401102866341442e-01 9.476258628399056860e-01
2.415758405654965246e-01 9.479296675520272331e-01
2.456468237079253991e-01 9.483718202561303157e-01
2.578597731352120781e-01 9.512931539633487921e-01
2.660017394200698826e-01 9.524034220931021366e-01
2.782146888473565616e-01 9.553238068532011740e-01
2.985696045595010450e-01 9.565137865409880646e-01
3.270664865565033330e-01 9.635061033906354711e-01
3.352084528413611375e-01 9.646163715203888156e-01
3.474214022686478165e-01 9.675367562804878530e-01
3.514923854110767465e-01 9.679807785520502250e-01
4.084861494050812669e-01 9.679807785520502250e-01
4.125571325475101414e-01 9.675367562804878530e-01
4.329120482596546249e-01 9.626147053223030881e-01
4.491959808293702339e-01 9.573717251128845973e-01
4.573379471142280384e-01 9.560716338368850931e-01
5.021187616809458243e-01 9.560716338368850931e-01
5.061897448233747543e-01 9.565137865409880646e-01
5.184026942506614333e-01 9.593947899956301040e-01
5.224736773930903633e-01 9.598388122671923650e-01
5.794674413870949392e-01 9.598388122671923650e-01
5.835384245295237582e-01 9.593947899956301040e-01
5.957513739568105482e-01 9.565137865409880646e-01
6.120353065265260462e-01 9.553238068532011740e-01
6.323902222386705851e-01 9.504017558950164091e-01
6.568161210932439431e-01 9.422689390963328027e-01
6.690290705205306221e-01 9.369966822397444162e-01
6.893839862326751611e-01 9.300559896690460127e-01
7.015969356599618401e-01 9.247837328124577372e-01
7.097389019448195890e-01 9.219140233841882637e-01
7.178808682296773380e-01 9.178209930555372154e-01
7.219518513721062680e-01 9.147613413345204725e-01
7.316987244727293227e-01 9.050628226716752600e-01
7.429246841683694313e-01 8.887788901019595400e-01
7.473615711527666905e-01 8.806369238171017910e-01
7.510160015119060617e-01 8.724949575322440420e-01
7.591399592842940081e-01 8.480690586776706841e-01
7.604439083979077640e-01 8.399270923928128241e-01
7.604439083979077640e-01 8.317851261079550751e-01
7.591399592842940081e-01 8.236431598230973261e-01
7.510160015119060617e-01 7.992172609685238571e-01
7.458852925884825735e-01 7.870043115412371781e-01
7.446815072506676181e-01 7.788623452563794292e-01
7.450737634388704400e-01 7.747913621139504992e-01
7.464147591643380819e-01 7.707203789715215692e-01
7.491316505877345655e-01 7.666493958290927502e-01
7.545197165115373750e-01 7.620232786217870924e-01
7.626616827963952350e-01 7.580736362585662746e-01
7.708036490812530950e-01 7.565934598578690773e-01
9.010751096389777448e-01 7.562896551457475303e-01
9.051460927814065638e-01 7.558456328741851582e-01
9.173590422086932428e-01 7.529252481140862319e-01
9.295719916359799218e-01 7.507325191164813116e-01
9.377139579208377818e-01 7.468397010735234876e-01
9.417849410632666007e-01 7.437800493525068557e-01
9.474124765836831052e-01 7.381525138320904622e-01
9.504721283046997371e-01 7.340815306896615322e-01
9.545651586333507854e-01 7.259395644048037832e-01
9.586181332633101349e-01 7.137266149775169932e-01
9.606286584876913004e-01 7.015136655502303142e-01
9.635893735003669969e-01 6.893007161229436353e-01
9.646996416301202304e-01 6.811587498380858863e-01
9.696580433852195480e-01 6.608038341259414583e-01
9.749020658330256328e-01 6.445199015562258493e-01
9.769125910574069094e-01 6.323069521289391703e-01
9.818709928125062270e-01 6.119520364167946314e-01
9.900027332010516989e-01 5.875261375622212734e-01
9.951415152005109732e-01 5.753131881349345944e-01
1.000000000000000000e+00 5.549582724227900554e-01
1.000000000000000000e+00 5.508872892803612364e-01
9.951345185346132105e-01 5.305323735682166975e-01
9.916205596985003812e-01 5.223904072833589485e-01
9.830399934441309551e-01 5.061064747136433395e-01
9.800286961608919434e-01 5.020354915712144095e-01
9.656094446808904941e-01 4.857515590014988560e-01
9.539978904905533907e-01 4.759581561588633325e-01
9.377139579208377818e-01 4.647787262052356927e-01
8.847911770692621358e-01 4.375903745040141679e-01
8.562942950722598479e-01 4.182280405333272943e-01
8.481523287874019879e-01 4.108689556220134764e-01
8.341251368727284898e-01 4.002609130104920476e-01
8.302320206408279057e-01 3.961899298680631176e-01
8.212603536061651166e-01 3.839769804407764386e-01
8.139012686948512432e-01 3.758350141559186897e-01
7.863844118354581525e-01 3.391961658740585972e-01
7.782550021544487606e-01 3.269832164467719182e-01
7.714215661653717193e-01 3.147702670194851837e-01
7.660420527271620816e-01 3.066283007346274347e-01
7.592086167380850403e-01 2.944153513073407558e-01
7.504487333691085560e-01 2.816282888727884570e-01
7.463777502266796260e-01 2.772320154852280227e-01
7.423067670842506960e-01 2.750216399482697804e-01
7.382357839418218770e-01 2.771579227687834823e-01
7.369592892276703999e-01 2.822024018800540768e-01
7.370210551009357403e-01 2.862733850224829513e-01
7.397305980644324208e-01 2.984863344497696303e-01
7.408975806118716090e-01 3.229122333043430437e-01
7.437785840665135373e-01 3.351251827316297227e-01
7.449685637543004280e-01 3.636220647286320107e-01
7.478495672089423563e-01 3.758350141559186897e-01
7.487263943473116967e-01 3.961899298680631176e-01
7.495477780834890469e-01 4.002609130104920476e-01
7.518195746313550698e-01 4.043318961529209221e-01
7.545197165115373750e-01 4.070882909889405599e-01
7.708036490812530950e-01 4.189326337695168379e-01
7.789456153661108440e-01 4.262917186808306558e-01
7.993005310782552719e-01 4.415998963749745432e-01
8.400103625025443499e-01 4.687644566162727511e-01
8.603652782146887779e-01 4.840683640483791628e-01
8.929331433541198848e-01 5.158533478142663942e-01
9.051460927814065638e-01 5.247781954726681297e-01
9.149712540193840615e-01 5.346033567106456275e-01
9.233564727310215048e-01 5.468163061379323064e-01
9.255361031758133628e-01 5.508872892803612364e-01
9.268475644560468796e-01 5.549582724227900554e-01
9.275365000647655123e-01 5.631002387076479154e-01
9.274149781799168046e-01 5.915971207046502034e-01
9.269728254758139441e-01 5.956681038470790224e-01
9.179828218837428055e-01 6.323069521289391703e-01
9.098510814951972225e-01 6.567328509835125283e-01
9.061977634265340198e-01 6.648748172683702773e-01
9.016930267230964802e-01 6.730167835532281373e-01
8.970041264965488148e-01 6.785416892465244709e-01
8.929331433541198848e-01 6.817766669222045106e-01
8.847911770692621358e-01 6.862814036256422723e-01
8.766492107844043868e-01 6.897931737611406877e-01
8.562942950722598479e-01 6.948435162476352955e-01
8.522233119298310289e-01 6.952856689517383781e-01
8.318683962176864899e-01 6.952856689517383781e-01
8.277974130752575599e-01 6.948435162476352955e-01
8.155844636479708809e-01 6.919221825404168191e-01
8.033715142206842019e-01 6.907725331052063655e-01
7.993005310782552719e-01 6.899145945333099439e-01
7.870875816509685929e-01 6.858637385518766560e-01
7.789456153661108440e-01 6.817766669222045106e-01
7.748746322236819140e-01 6.787709616487765940e-01
7.609784878432754862e-01 6.648748172683702773e-01
7.497581201574464727e-01 6.485908846986547793e-01
7.453260795815521700e-01 6.404489184137969193e-01
7.418143094460536435e-01 6.323069521289391703e-01
7.367639669595591467e-01 6.119520364167946314e-01
7.363218142554560641e-01 6.078810532743657014e-01
7.360180095433344061e-01 5.834551544197923434e-01
7.355739872717721450e-01 5.793841712773635244e-01
7.326929838171302167e-01 5.671712218500768454e-01
7.322508311130271341e-01 5.631002387076479154e-01
7.322508311130271341e-01 5.183194241409300185e-01
7.349599146943985861e-01 5.020354915712144095e-01
7.345259364007374892e-01 4.979645084287855350e-01
7.326536025116731077e-01 4.898225421439277860e-01
7.322508311130271341e-01 4.857515590014988560e-01
7.319470264009055871e-01 4.246868118650654056e-01
7.315030041293433261e-01 4.206158287226365311e-01
7.286220006747012867e-01 4.084028792953498521e-01
7.274320209869143961e-01 3.799059972983475642e-01
7.245510175322724677e-01 3.676930478710608297e-01
7.233610378444854661e-01 3.391961658740585972e-01
7.204800343898435377e-01 3.269832164467719182e-01
7.192900547020566471e-01 3.025573175921985047e-01
7.164090512474146077e-01 2.903443681649118258e-01
7.152190715596277171e-01 2.618474861679095378e-01
7.123380681049857888e-01 2.496345367406228588e-01
7.111480884171987871e-01 2.211376547436206264e-01
7.062260374590139111e-01 2.007827390314761429e-01
6.980932206603303047e-01 1.763568401769027294e-01
6.887499806613132103e-01 1.560019244647582459e-01
6.858802712330436258e-01 1.478599581799004414e-01
6.818490963813373940e-01 1.397179918950426925e-01
6.706339773362959278e-01 1.234340593253270835e-01
6.527451379508150131e-01 1.055452199398462243e-01
6.405321885235283341e-01 9.662037228144448875e-02
6.323902222386705851e-01 8.926128737013067083e-02
6.120353065265260462e-01 7.528543143169080798e-02
5.998223570992393672e-01 6.589507437474728668e-02
5.753964582446660092e-01 5.324352497794881955e-02
5.672544919598082602e-01 4.958909461880950387e-02
5.550415425325214702e-01 4.552726096255477195e-02
