3.881164106709781847e-01 5.060630557801132356e-02
2.906224737267583125e-01 5.060630557801132356e-02
2.761789275127998211e-01 5.359047222426371881e-02
2.653462678523309526e-01 5.457525946612445944e-02
2.545136081918620841e-01 5.720135877775334166e-02
2.436809485313932155e-01 5.818614601961408228e-02
2.328482888709243470e-01 6.081224533124296450e-02
2.220156292104554785e-01 6.179703257310370512e-02
2.003503098895176859e-01 6.620643047482172028e-02
1.570196712476422118e-01 8.063400347217625219e-02
1.461870115871733433e-01 8.519200781018787527e-02
1.353543519267044748e-01 8.798037221512328143e-02
1.281325788197252291e-01 9.148621857797295531e-02
1.245216922662356063e-01 9.420007291518073256e-02
1.168163182815568635e-01 1.028024791161412654e-01
9.874233006878097019e-02 1.389113446510374938e-01
9.153653017840573947e-02 1.605766639719752864e-01
8.975323158831655102e-02 1.750202101859337778e-01
8.162785441712094858e-02 2.075181891673403833e-01
7.359071983032144937e-02 2.255726219347884975e-01
7.166386833322974104e-02 2.436270547022366117e-01
6.808791226737881397e-02 2.616814874696847815e-01
6.185092640226036442e-02 2.869576933441121414e-01
6.086613916039956829e-02 2.977903530045810099e-01
5.827581203490672657e-02 3.086230126650498784e-01
5.722032211927124967e-02 3.266774454324979926e-01
5.466492548141710373e-02 3.375101050929668611e-01
5.360943556578162683e-02 3.700080840743734667e-01
5.101826674179149590e-02 3.808407437348423907e-01
5.003347949993069976e-02 3.916734033953112593e-01
4.740738018830181755e-02 4.025060630557801278e-01
4.551898888222472017e-02 4.169496092697386191e-01
4.109274084891478829e-02 4.277822689302074877e-01
3.982753974669905883e-02 4.350040420371867333e-01
3.916588935182313547e-02 4.711129075720830173e-01
2.938871960698974384e-02 5.108326596604688685e-01
2.833322969135426694e-02 5.288870924279169827e-01
2.577783305350012100e-02 5.397197520883858513e-01
2.472234313786464410e-02 5.577741848558339655e-01
1.855605994652087531e-02 5.830503907302613253e-01
1.816222042576137730e-02 6.083265966046886852e-01
1.942742152797710675e-02 6.155483697116680419e-01
2.385366956128692761e-02 6.263810293721369105e-01
2.511452438695782607e-02 6.336028024791161561e-01
2.511452438695782607e-02 6.697116680140123846e-01
2.213117431387451317e-02 6.841552142279708759e-01
2.114638707201366152e-02 6.949878738884397444e-01
1.852028776038489033e-02 7.058205335489086130e-01
1.750057003088539842e-02 7.166531932093774815e-01
1.209702600163403696e-02 7.347076259768255957e-01
1.094044731878213161e-02 7.419293990838048414e-01
1.094044731878213161e-02 8.069253570466181635e-01
1.220564842099786107e-02 8.141471301535974092e-01
1.817248591702930183e-02 8.285906763675559006e-01
1.863101119366283864e-02 8.322015629210455234e-01
1.654973630519324113e-02 8.394233360280247691e-01
8.489721676868067224e-03 8.502559956884936376e-01
4.859279678050720808e-03 8.574777687954728833e-01
1.264366341165168439e-03 8.683104284559417518e-01
1.077876583132630905e-04 8.755322015629209975e-01
1.110223024625156540e-16 9.008084074373483574e-01
6.127313807186007821e-04 9.080301805443276031e-01
1.850028171774431573e-03 9.116410670978172259e-01
4.315278900565988618e-03 9.152519536513068488e-01
8.973322554567564335e-03 9.187643614806104697e-01
1.258420910805718718e-02 9.200016582716663560e-01
3.424952842899497973e-02 9.207760711398543796e-01
4.147130153597422542e-02 9.220369259655252225e-01
6.313662085691196246e-02 9.301905407637276468e-01
8.119105362436007667e-02 9.345563086872705760e-01
9.924548639180819087e-02 9.356117986029059974e-01
1.100781460522770594e-01 9.381671952407601989e-01
1.497978981406629662e-01 9.392226851563956203e-01
1.642414443546214575e-01 9.421719213150093752e-01
2.256265157639451013e-01 9.424413904607922277e-01
2.436809485313932155e-01 9.457828078684989981e-01
3.231204527081649180e-01 9.460522770142818505e-01
3.411748854756130878e-01 9.493936944219886209e-01
4.133926165454056001e-01 9.493936944219886209e-01
4.314470493128537143e-01 9.460522770142818505e-01
5.000538938291565483e-01 9.460522770142818505e-01
5.181083265966046625e-01 9.493936944219886209e-01
6.011587173268660989e-01 9.493936944219886209e-01
6.156022635408245902e-01 9.464444582633748659e-01
6.228240366478038359e-01 9.461061708434383988e-01
6.372675828617623273e-01 9.488331985987603634e-01
6.444893559687415729e-01 9.480702532140714567e-01
6.661546752896793100e-01 9.399748785215704672e-01
6.769873349501481785e-01 9.372958336593040229e-01
6.842091080571274242e-01 9.337331275568947486e-01
6.889174209160894291e-01 9.296954998652653401e-01
6.913324024399205570e-01 9.260846133117757173e-01
6.963274621722479463e-01 9.080301805443276031e-01
6.973122494141087424e-01 8.971975208838587346e-01
7.002964160603610821e-01 8.827539746699002432e-01
6.999025765396016396e-01 8.719213150094313747e-01
6.955368086160585994e-01 8.538668822419832605e-01
6.911105605827487786e-01 8.394233360280247691e-01
6.908193600542416046e-01 8.358124494745351463e-01
6.916649201073884479e-01 8.322015629210455234e-01
6.950417677175962927e-01 8.276879547291834394e-01
6.986526542710859156e-01 8.257083020134545759e-01
7.022635408245755384e-01 8.251904248630197447e-01
7.130962004850444069e-01 8.266235516033413333e-01
7.347615198059822550e-01 8.272852019982173122e-01
7.636486122338992377e-01 8.334514851895611365e-01
7.744812718943681062e-01 8.334514851895611365e-01
7.853139315548369748e-01 8.308960885517069350e-01
8.033683643222850890e-01 8.298405986360715136e-01
8.142010239827539575e-01 8.272852019982173122e-01
8.430881164106709402e-01 8.262297120825818908e-01
8.611425491781190544e-01 8.218639441590389616e-01
8.828078684990567915e-01 8.137031686921027962e-01
8.936405281595256600e-01 8.109210102000697917e-01
9.189167340339530199e-01 8.005762148567321379e-01
9.297493936944218884e-01 7.939053334162469167e-01
9.456164624919677353e-01 7.780382646187011808e-01
9.482874273395694997e-01 7.744273780652115580e-01
9.688565846710551765e-01 7.347076259768255957e-01
9.736281133310236147e-01 7.274858528698463500e-01
9.808049617663039399e-01 7.130423066558878586e-01
9.915130257908050249e-01 6.877661007814604988e-01
9.943085508644743387e-01 6.733225545675020074e-01
9.987347988977842705e-01 6.624898949070331389e-01
1.000000000000000000e+00 6.552681218000538932e-01
1.000000000000000000e+00 5.758286176232820797e-01
9.988434213171480947e-01 5.686068445163028340e-01
9.952485079802624313e-01 5.577741848558339655e-01
9.834758912040054701e-01 5.288870924279169827e-01
9.806803661303361563e-01 5.108326596604688685e-01
9.652959080447583995e-01 4.783346806790622630e-01
9.627505289988558257e-01 4.711129075720830173e-01
9.555736805635755005e-01 4.566693613581245259e-01
9.508021519036070623e-01 4.494475882511452802e-01
9.436305887238206624e-01 4.350040420371867333e-01
9.410852096779180886e-01 4.277822689302074877e-01
9.339083612426377634e-01 4.133387227162489963e-01
9.291475792688402846e-01 4.061169496092697506e-01
9.158539284751896492e-01 3.772298571813527679e-01
9.022429343604863039e-01 3.555645378604149753e-01
8.936405281595256600e-01 3.478591638757362325e-01
8.828078684990567915e-01 3.417335527582092136e-01
8.683643222850983001e-01 3.317812946956035791e-01
8.394772298571813174e-01 3.035886035279730111e-01
8.358663433036916945e-01 3.009176386803710801e-01
8.286445701967124489e-01 2.974647812661515567e-01
8.105901374292643347e-01 2.946162672438522590e-01
7.925357046618162205e-01 2.864545370210849207e-01
7.817030450013473519e-01 2.828517658921602673e-01
7.636486122338992377e-01 2.784859979686172826e-01
7.419832929129615007e-01 2.778226893020748767e-01
7.347615198059822550e-01 2.765618344764041447e-01
7.239288601455133865e-01 2.721355864430941573e-01
7.167070870385340298e-01 2.708703853408784834e-01
6.661546752896793100e-01 2.708703853408784834e-01
6.589329021827000643e-01 2.722477702532569155e-01
6.525278772247244952e-01 2.761250336836432728e-01
6.477692445881613192e-01 2.833468067906225185e-01
6.359621084924237389e-01 3.302883319859876154e-01
6.349971011652498776e-01 3.375101050929668611e-01
6.297794328778862916e-01 3.591754244139045982e-01
6.294925287506193401e-01 3.627863109673942210e-01
6.303412459273414203e-01 3.663971975208838439e-01
6.326817569388304419e-01 3.700080840743734667e-01
6.372675828617623273e-01 3.735186682235995814e-01
6.408784694152519501e-01 3.747577886947328629e-01
6.481002425222311958e-01 3.753705200754513527e-01
7.167070870385340298e-01 3.759243828120142350e-01
7.492050660199407464e-01 3.840148294955711417e-01
7.636486122338992377e-01 3.916417289518596689e-01
7.672594987873888606e-01 3.928300154944758815e-01
7.817030450013473519e-01 3.948474891560400102e-01
8.033683643222850890e-01 4.055688686145436095e-01
8.069792508757747118e-01 4.082348734531434653e-01
8.229157597993490558e-01 4.241713823767178648e-01
8.308319341666148272e-01 4.350040420371867333e-01
8.466990029641605631e-01 4.508711108347325247e-01
8.575316626246294316e-01 4.587872852019981851e-01
8.689124032798244412e-01 4.711129075720830173e-01
8.904664423987969091e-01 5.144435462139584914e-01
8.932619674724662229e-01 5.288870924279169827e-01
9.014068000325075047e-01 5.505524117488547198e-01
9.031874933653428750e-01 5.613850714093235883e-01
9.076993077735222570e-01 5.794395041767717025e-01
9.121389223884686093e-01 5.902721638372405710e-01
9.164446655473332815e-01 6.083265966046886852e-01
9.164446655473332815e-01 6.119374831581784191e-01
9.140201530258117435e-01 6.227701428186472876e-01
9.130353657839510584e-01 6.336028024791161561e-01
9.067983799188324978e-01 6.588790083535435160e-01
9.050176865859971276e-01 6.697116680140123846e-01
8.978137658975751112e-01 6.913769873349501216e-01
8.941886091542518011e-01 6.985987604419293673e-01
8.915226043156520008e-01 7.022096469954189901e-01
8.647534357316086773e-01 7.289788155794623137e-01
8.611425491781190544e-01 7.316448204180621140e-01
8.394772298571813174e-01 7.424917502683647808e-01
8.178119105362435803e-01 7.496956709567864641e-01
8.105901374292643347e-01 7.508488278092158019e-01
7.744812718943681062e-01 7.508488278092158019e-01
7.672594987873888606e-01 7.496956709567864641e-01
7.564268391269199920e-01 7.461026368218544036e-01
7.347615198059822550e-01 7.353201870885783809e-01
7.094853139315547841e-01 7.197159987681409632e-01
6.697655618431689328e-01 6.991468414366555084e-01
6.589329021827000643e-01 6.908933864572506245e-01
6.408784694152519501e-01 6.810924086692073942e-01
6.322052615171640522e-01 6.733225545675020074e-01
6.294977287600569404e-01 6.697116680140123846e-01
6.260501566013314534e-01 6.624898949070331389e-01
6.251492287466419162e-01 6.588790083535435160e-01
6.240739589163194490e-01 6.444354621395850247e-01
6.114468782213325904e-01 6.011048234977094396e-01
6.102937213689032525e-01 5.938830503907301939e-01
6.100242522231204001e-01 5.686068445163028340e-01
6.088676735402684947e-01 5.613850714093235883e-01
6.006142185608637218e-01 5.361088655348962284e-01
5.962074259163991918e-01 5.144435462139584914e-01
5.943155049069461793e-01 5.000000000000000000e-01
5.898892568736363584e-01 4.891673403395311315e-01
5.886284020479655155e-01 4.819455672325518858e-01
5.886284020479655155e-01 4.422258151441659790e-01
5.915759799349128434e-01 4.277822689302074877e-01
5.922392886014551383e-01 4.025060630557801278e-01
5.935001434271259813e-01 3.952842899488008821e-01
6.088836467568725652e-01 3.627863109673942210e-01
6.124864178857971631e-01 3.519536513069253525e-01
6.277403975706319361e-01 2.905685798976017642e-01
6.287054048978057974e-01 2.833468067906225185e-01
6.349066185767883175e-01 2.580706009161951586e-01
6.349066185767883175e-01 2.436270547022366117e-01
6.323512219389341160e-01 2.327943950417677432e-01
6.316895715440581371e-01 2.147399622743196290e-01
6.304243704418424077e-01 2.075181891673403833e-01
6.259909617397988457e-01 1.966855295068715148e-01
6.232025973348631620e-01 1.858528698464026463e-01
6.197516156329924142e-01 1.786310967394234006e-01
6.150004491152429864e-01 1.714093236324441549e-01
6.116066103873729620e-01 1.641875505254649092e-01
6.087590511209046706e-01 1.461331177580167395e-01
6.056422347974490528e-01 1.389113446510374938e-01
5.989713533569637205e-01 1.280786849905686253e-01
5.758825114524387390e-01 1.049898430860435883e-01
5.650498517919698704e-01 9.707366871877792791e-02
5.542171921315008909e-01 8.787533202448333247e-02
5.469954190245216452e-01 8.424489002566587503e-02
5.361627593640527767e-01 8.064211889674127720e-02
4.964430072756669254e-01 7.033562846709229266e-02
4.856103476151980569e-01 6.266360626708245007e-02
4.783885745082188112e-01 5.974265696577746310e-02
4.675559148477499427e-01 6.081224533124296450e-02
4.567232551872810742e-01 6.077731484360443526e-02
4.458905955268122057e-01 5.822191820575006727e-02
4.314470493128537143e-01 5.716642829011481242e-02
4.206143896523848458e-01 5.461103165226044442e-02
4.025599568849367316e-01 5.355554173662513406e-02
