3.767652666890989321e-01 7.013182488083835597e-02
3.733494437816728406e-01 6.975926095867363008e-02
3.016171627257246968e-01 6.975926095867363008e-02
2.982013398182986608e-01 7.013182488083835597e-02
2.879538710960203307e-01 7.254917647686309756e-02
2.606272878366114876e-01 7.354764778826444749e-02
2.503798191143332130e-01 7.596499938428924459e-02
2.333007045772026999e-01 7.696347069569053900e-02
2.230532358549244254e-01 7.938082229171533610e-02
2.093899442252200038e-01 8.037929360311663052e-02
1.991424755029417293e-01 8.282968870745327505e-02
1.923108296880894907e-01 8.376127677311490105e-02
1.752317151509589777e-01 8.792504135333034654e-02
1.513209547989762815e-01 9.574837768969324259e-02
1.410734860766980070e-01 9.827682724795339109e-02
1.171627257247153109e-01 1.080627865637501239e-01
1.034994340950108893e-01 1.152014497946864946e-01
9.666778828015870628e-02 1.197152157794995064e-01
8.642031955788037623e-02 1.255099153545974899e-01
8.300449665045428471e-02 1.280771646090757554e-01
7.486680090040975788e-02 1.362148603591202822e-01
7.229955164593143691e-02 1.396306832665463737e-01
6.168406866993636495e-02 1.601256207111029783e-01
5.873562583237046386e-02 1.669572665259551614e-01
5.792925121639447283e-02 1.703730894333813084e-01
5.691286474988416222e-02 1.840363810630856745e-01
5.449551315385953165e-02 1.942838497853640045e-01
5.349704184245801519e-02 2.079471414150683706e-01
5.104585050900556364e-02 2.181946101373467006e-01
5.011426244334388214e-02 2.250262559521988837e-01
4.766386733900734862e-02 2.352737246744772137e-01
4.666539602760583216e-02 2.489370163041815798e-01
4.421420469415338061e-02 2.591844850264599098e-01
4.328261662849169911e-02 2.694319537487381844e-01
4.083222152415516559e-02 2.796794224710165144e-01
3.983375021275364913e-02 2.933427141007208805e-01
3.738255887930119759e-02 3.035901828229992105e-01
3.645097081363946057e-02 3.138376515452775406e-01
3.400057570930292705e-02 3.240851202675558151e-01
3.300210439790141059e-02 3.582433493418167858e-01
3.055091306444895904e-02 3.684908180640951159e-01
2.961932499878727754e-02 3.787382867863734459e-01
2.716892989445074402e-02 3.889857555086517205e-01
2.617045858304922756e-02 4.128965158606344166e-01
2.375310698702465251e-02 4.231439845829127466e-01
2.275463567562313605e-02 4.607180365645998643e-01
2.033728407959856099e-02 4.709655052868781389e-01
1.933881276819704453e-02 5.017079114537130735e-01
1.692146117217241397e-02 5.119553801759914036e-01
1.654889725000774359e-02 5.153712030834174396e-01
1.629398509273705109e-02 5.666085466948089788e-01
1.592298986077095302e-02 5.700243696022350148e-01
1.350563826474632245e-02 5.802718383245133449e-01
1.250716695334480599e-02 6.144300673987743711e-01
1.008981535732023094e-02 6.246775361210527011e-01
9.717251435155505046e-03 6.280933590284787371e-01
9.462339277884868061e-03 6.827465255472964234e-01
9.091344045918714478e-03 6.861623484547224594e-01
6.673992449894139423e-03 6.964098171770007895e-01
6.301428527729413531e-03 6.998256400844269365e-01
6.046516370458776546e-03 7.476471607883923287e-01
5.675521138492622963e-03 7.510629836958184757e-01
3.258169542468047908e-03 7.613104524180966948e-01
2.885605620303322016e-03 7.647262753255228418e-01
2.630693463032629520e-03 8.740326083631579923e-01
1.110223024625156540e-16 8.876958999928623584e-01
1.110223024625156540e-16 8.911117229002885054e-01
7.217303239884231836e-04 8.945275458077146524e-01
3.615079243692642663e-03 9.013591916225668355e-01
7.398916404835476079e-03 9.081908374374190185e-01
1.127221559450619637e-02 9.127568864259172354e-01
1.468803850193228788e-02 9.154261714140579098e-01
2.151968431678447091e-02 9.187462901923341141e-01
2.493550722421056243e-02 9.196027912417743533e-01
3.859879885391498400e-02 9.206191777082848304e-01
5.226209048361940557e-02 9.234090932264741314e-01
1.000836111875847978e-01 9.236640053837447129e-01
1.034994340950108893e-01 9.240350006157108664e-01
1.137469028172891639e-01 9.264523522117353860e-01
1.513209547989762815e-01 9.274508235231369024e-01
1.649842464286807031e-01 9.302407390413263144e-01
7.012684428945784587e-01 9.302407390413263144e-01
7.081000887094306417e-01 9.291466398774219648e-01
7.183475574317089718e-01 9.253582922221553764e-01
7.217633803391351188e-01 9.230693737553423706e-01
7.263287590327142107e-01 9.184383061596973485e-01
7.283253559244536879e-01 9.150224832522712015e-01
7.291184183736734159e-01 9.116066603448451655e-01
7.278745010094520573e-01 9.013591916225668355e-01
7.283471035236096514e-01 8.979433687151407995e-01
7.323748301908932223e-01 8.876958999928623584e-01
7.384292904923027701e-01 8.637851396408797733e-01
7.417925237508609104e-01 8.569534938260274792e-01
7.456741406911178149e-01 8.523177341659492479e-01
7.490899635985439620e-01 8.496560539783444277e-01
7.559216094133960340e-01 8.463479146376480244e-01
7.593374323208221810e-01 8.456287271098686942e-01
7.627532552282483280e-01 8.456287271098686942e-01
7.730007239505265471e-01 8.478884253409351146e-01
7.900798384876570601e-01 8.488868966523366311e-01
8.003273072099353902e-01 8.513042482483612616e-01
8.105747759322137203e-01 8.516768121705260430e-01
8.242380675619180863e-01 8.488868966523366311e-01
8.379013591916224524e-01 8.478884253409351146e-01
8.481488279139008934e-01 8.454380302365985811e-01
8.583962966361791125e-01 8.437510671917695104e-01
8.686437653584574425e-01 8.403503546120629775e-01
8.754754111733096256e-01 8.369679334817010652e-01
8.823070569881618086e-01 8.324632635165349903e-01
8.959703486178662857e-01 8.256791152391835809e-01
9.096336402475706517e-01 8.202049323803016767e-01
9.164652860624228348e-01 8.164210952191588433e-01
9.198811089698488708e-01 8.138944185218388583e-01
9.383068459993301191e-01 7.954686814923577209e-01
9.511514150405586676e-01 7.783895669552272079e-01
9.579736340714132270e-01 7.681420982329488778e-01
9.750102508118325684e-01 7.339838691586879627e-01
9.852500425127693751e-01 7.032414629918529725e-01
9.928296300004109121e-01 6.724990568250180933e-01
9.937612180660725381e-01 6.622515881027397633e-01
9.962116131704091826e-01 6.520041193804615443e-01
9.972100844818104770e-01 6.280933590284787371e-01
9.996274360778352186e-01 6.178458903062005181e-01
1.000000000000000000e+00 6.144300673987743711e-01
1.000000000000000000e+00 5.871034841393655279e-01
9.996274360778352186e-01 5.836876612319394919e-01
9.972100844818104770e-01 5.734401925096611619e-01
9.962116131704091826e-01 5.495294321576784657e-01
9.937612180660725381e-01 5.392819634354001357e-01
9.928296300004109121e-01 5.290344947131218056e-01
9.903453951586465021e-01 5.187870259908435866e-01
9.894138070929848761e-01 5.119553801759914036e-01
9.852500425127693751e-01 4.948762656388608350e-01
9.784260737192586044e-01 4.743813281943042304e-01
9.685281202097757447e-01 4.504705678423215343e-01
9.545578111639871910e-01 4.231439845829127466e-01
9.409039463182804486e-01 4.026490471383561420e-01
9.351826013816862959e-01 3.958174013235039590e-01
9.028019944327183577e-01 3.637283726643183446e-01
8.788912340807357726e-01 3.474774074996613282e-01
8.515646508213269295e-01 3.338566136666681894e-01
8.208222446544919393e-01 3.236242552721094734e-01
8.105747759322137203e-01 3.219372922272802917e-01
8.003273072099353902e-01 3.194868971229437582e-01
7.969114843025093542e-01 3.191143332007790878e-01
7.627532552282483280e-01 3.191143332007790878e-01
7.559216094133960340e-01 3.202084323646833264e-01
7.456741406911178149e-01 3.236091449443898593e-01
7.386484140292527423e-01 3.275009431749819067e-01
7.357222720281360040e-01 3.309167660824080537e-01
7.343859134267330946e-01 3.343325889898340897e-01
7.339226902409430320e-01 3.377484118972602367e-01
7.338717078094887381e-01 3.582433493418167858e-01
7.342442717316535195e-01 3.616591722492429328e-01
7.366616233276782610e-01 3.719066409715212629e-01
7.378394357685293947e-01 3.855699326012256289e-01
7.392338912510747484e-01 3.889857555086517205e-01
7.422583177836916679e-01 3.920101820412685845e-01
7.456741406911178149e-01 3.933889647252556965e-01
7.490899635985439620e-01 3.937730830683019434e-01
7.559216094133960340e-01 3.927095624487146885e-01
7.627532552282483280e-01 3.894432317908963492e-01
7.730007239505265471e-01 3.816356365739222989e-01
7.798323697653788411e-01 3.783743056568936169e-01
7.866640155802310241e-01 3.771323401955686272e-01
8.037431301173615372e-01 3.771323401955686272e-01
8.105747759322137203e-01 3.783743056568936169e-01
8.174064217470659033e-01 3.815848058758952166e-01
8.276538904693442333e-01 3.883957497337326426e-01
8.447330050064747464e-01 4.012367357439395321e-01
8.734718996603001440e-01 4.299756303977649297e-01
8.863128856705070335e-01 4.470547449348954427e-01
8.931339956679498204e-01 4.573022136571737173e-01
9.036844153504701715e-01 4.777971511017303219e-01
9.135814355750055960e-01 5.017079114537130735e-01
9.203961933765243408e-01 5.222028488982696226e-01
9.220806919026611759e-01 5.324503176205479527e-01
9.245649267444255859e-01 5.426977863428262827e-01
9.254965148100873229e-01 5.495294321576784657e-01
9.279477061435399410e-01 5.597769008799567958e-01
9.283187013755058725e-01 5.631927237873828318e-01
9.283187013755058725e-01 6.417566506581832142e-01
9.279477061435399410e-01 6.451724735656092502e-01
9.255303545475150884e-01 6.554199422878875803e-01
9.245318832361137940e-01 6.690832339175919463e-01
9.169886782821090598e-01 6.998256400844269365e-01
9.033339668527273769e-01 7.408155149735400347e-01
8.965498185753759675e-01 7.544788066032445117e-01
8.871351912900045100e-01 7.681420982329488778e-01
8.720595882658834785e-01 7.832177012570697983e-01
8.686437653584574425e-01 7.857396858899565739e-01
8.618121195436052595e-01 7.891690080975144461e-01
8.515646508213269295e-01 7.925679429916069330e-01
8.447330050064747464e-01 7.936588051757365037e-01
8.208222446544919393e-01 7.936588051757365037e-01
8.139905988396398673e-01 7.925679429916069330e-01
8.037431301173615372e-01 7.891690080975144461e-01
7.969114843025093542e-01 7.857905165879837117e-01
7.832481926728049881e-01 7.763860554422177263e-01
7.695849010431005111e-01 7.633796528331721065e-01
7.661690781356744750e-01 7.608529761358521215e-01
7.593374323208221810e-01 7.575866454780337822e-01
7.490899635985439620e-01 7.556263096112079136e-01
7.456741406911178149e-01 7.544477536677224316e-01
7.422583177836916679e-01 7.521218887971204969e-01
7.387526047997543532e-01 7.476471607883923287e-01
7.349115875621641258e-01 7.373996920661139987e-01
7.338207253780346662e-01 7.305680462512618156e-01
7.335658132207640847e-01 5.358661405279740997e-01
7.331932492985994143e-01 5.324503176205479527e-01
7.307758977025746727e-01 5.222028488982696226e-01
7.304049024706086302e-01 5.187870259908435866e-01
7.304049024706086302e-01 4.812129740091564689e-01
7.307758977025746727e-01 4.777971511017303219e-01
7.331932492985994143e-01 4.675496823794520473e-01
7.335148307893099018e-01 4.607180365645998643e-01
7.323689595275145736e-01 4.538863907497476258e-01
7.281750479276644095e-01 4.436389220274693512e-01
7.239442518877226007e-01 4.265598074903388381e-01
7.229457805763210843e-01 4.060648700457822335e-01
7.205284289802964537e-01 3.958174013235039590e-01
7.195299576688949372e-01 3.753224638789472989e-01
7.171126060728703067e-01 3.650749951566690243e-01
7.161141347614687902e-01 3.479958806195385113e-01
7.136967831654442707e-01 3.377484118972602367e-01
7.126983118540427542e-01 3.172534744527035766e-01
7.102809602580181236e-01 3.070060057304253021e-01
7.099099650260520811e-01 3.035901828229992105e-01
7.096550528687813886e-01 2.352737246744772137e-01
7.092824889466166072e-01 2.318579017670511222e-01
7.068320938422800737e-01 2.216104330447727921e-01
7.050423762681057305e-01 2.113629643224945176e-01
7.007364704745695505e-01 2.011154956002161875e-01
6.973375355804770637e-01 1.908680268779379130e-01
6.962466733963476040e-01 1.840363810630856745e-01
6.956012821618033914e-01 1.703730894333813084e-01
6.947447811123631523e-01 1.669572665259551614e-01
6.914784504545448129e-01 1.601256207111029783e-01
6.889517737572248279e-01 1.567097978036768868e-01
6.671102138203175436e-01 1.348682378667696025e-01
6.534469221906130665e-01 1.254489185169647691e-01
6.329519847460565174e-01 1.152439475913977218e-01
6.056254014866476743e-01 1.060044266122942558e-01
5.953779327643693442e-01 1.016926501553794826e-01
5.509722349678300990e-01 9.059292258796708408e-02
5.407247662455517689e-01 8.966133452230545808e-02
5.304772975232734389e-01 8.717709968054099257e-02
5.202298288009952199e-01 8.624551161487936657e-02
5.099823600787168898e-01 8.379511651054272203e-02
4.963190684490124682e-01 8.279664519914142762e-02
4.860715997267341382e-01 8.034545386568875402e-02
4.792399539118819551e-01 7.941386580002718354e-02
4.689924851896036806e-01 7.696347069569053900e-02
4.382500790227687459e-01 7.596499938428924459e-02
4.280026103004904714e-01 7.354764778826444749e-02
3.870127354113772622e-01 7.254917647686309756e-02
