6.163275227446349813e-01 5.075138764978337491e-04
6.116744218348496576e-01 0.000000000000000000e+00
5.511841100076394495e-01 0.000000000000000000e+00
5.465310090978540147e-01 5.075138764978337491e-04
5.325717063684978214e-01 3.800477597269258379e-03
5.046531009097854348e-01 5.160614786283213018e-03
4.255503854434335986e-01 2.474578207716049416e-02
4.115910827140774053e-01 2.938842519801587727e-02
4.022848808945065913e-01 3.356540963492837815e-02
3.836724772553649632e-01 4.337292768347023042e-02
3.790193763455795839e-01 4.681481619984301235e-02
3.585725771554648666e-01 6.726161538995772959e-02
3.551306886390919737e-01 7.191471629974310886e-02
3.499762715003356672e-01 8.122091811931392291e-02
3.459598448817010619e-01 9.052711993888473696e-02
3.448613855760185309e-01 9.518022084867011623e-02
3.434768440116033883e-01 1.137926244878116888e-01
3.354846822275117102e-01 1.463643308563095102e-01
3.342156547066610361e-01 1.603236335856657035e-01
3.308776784712614272e-01 1.742829363150219524e-01
3.295175412822471950e-01 2.022015417737343390e-01
3.262245775614760479e-01 2.161608445030905323e-01
3.248644403724617602e-01 2.440794499618029190e-01
3.215253794981554614e-01 2.580387526911591678e-01
3.202113394626763809e-01 2.906104590596569892e-01
3.169183757419051783e-01 3.045697617890131825e-01
3.155582385528910017e-01 3.324883672477255692e-01
3.122652748321197991e-01 3.464476699770817625e-01
3.109051376431055669e-01 3.743662754357941491e-01
3.076121739223344198e-01 3.883255781651503424e-01
3.071046600458365861e-01 3.929786790749357772e-01
3.067574137092853315e-01 5.279186054587123866e-01
3.062520367333201321e-01 5.325717063684978214e-01
3.029590730125489850e-01 5.465310090978540147e-01
3.015989358235348083e-01 5.744496145565664014e-01
2.958264350794970188e-01 5.977151191054934642e-01
2.918125101280181211e-01 6.070213209250642228e-01
2.867467234827816291e-01 6.163275227446349813e-01
2.713041719515122407e-01 6.395930272935620442e-01
2.666965715970713302e-01 6.488992291131328027e-01
2.573903697775005162e-01 6.721647336620598656e-01
2.541103150378157816e-01 6.814709354816306242e-01
2.495080676898859262e-01 6.907771373012014937e-01
2.366436122334203973e-01 7.093895409403430108e-01
2.301201472324467256e-01 7.159130059413166824e-01
2.254670463226613464e-01 7.194020170051491636e-01
2.161608445030905323e-01 7.245508947380604470e-01
2.068546426835197183e-01 7.285648196895393447e-01
2.022015417737343390e-01 7.296587305094839326e-01
1.928953399541635250e-01 7.301201472324465591e-01
1.835891381345927109e-01 7.285648196895393447e-01
1.742829363150219524e-01 7.245508947380604470e-01
1.556705326758803243e-01 7.147489160953637288e-01
1.510174317660949450e-01 7.110513626938378406e-01
1.455606134264375018e-01 7.047364400305575760e-01
1.362687637038286770e-01 6.907771373012014937e-01
1.270272639607258891e-01 6.721647336620598656e-01
1.177440673238993596e-01 6.442461282033473680e-01
1.154494104178110936e-01 6.302868254739912857e-01
1.120653370288762218e-01 6.163275227446349813e-01
1.107963095080256588e-01 6.023682200152787880e-01
1.074572486337193045e-01 5.884089172859225947e-01
1.060971114447050723e-01 5.604903118272102081e-01
1.028041477239338697e-01 5.465310090978540147e-01
1.014440105349196375e-01 5.139593027293561933e-01
9.815104681414849042e-02 5.000000000000000000e-01
9.764566983818323553e-02 4.860406972706438067e-01
9.815104681414849042e-02 4.813875963608583719e-01
1.014440105349196375e-01 4.674282936315021786e-01
1.028041477239338697e-01 4.208972845336481639e-01
1.060971114447050723e-01 4.069379818042919705e-01
1.074572486337193045e-01 3.836724772553649632e-01
1.130796493484090837e-01 3.604069727064379558e-01
1.363334657802967032e-01 2.906104590596569892e-01
1.405091788781628881e-01 2.813042572400861197e-01
1.503111575208596618e-01 2.626918536009445471e-01
1.538001685846920319e-01 2.580387526911591678e-01
1.603236335856657035e-01 2.515152876901854961e-01
1.649767344954511383e-01 2.480262766263530150e-01
1.835891381345927109e-01 2.382242979836563523e-01
1.928953399541635250e-01 2.340485848857901119e-01
2.068546426835197183e-01 2.294184891587489616e-01
2.161608445030905323e-01 2.279324953121745212e-01
2.254670463226613464e-01 2.279324953121745212e-01
2.347732481422321604e-01 2.295572721223920198e-01
2.440794499618029190e-01 2.335711970738709731e-01
2.533856517813737330e-01 2.387200748067822009e-01
2.580387526911591678e-01 2.421555717010262510e-01
2.739219336812919736e-01 2.580387526911591678e-01
2.773835888809150774e-01 2.626918536009445471e-01
2.859573581498715544e-01 2.775695315098636318e-01
2.906104590596569892e-01 2.795451581156550569e-01
2.952635599694423685e-01 2.767216578592368581e-01
2.967477387079083262e-01 2.719980554205153611e-01
2.982081003889159310e-01 2.580387526911591678e-01
3.015734468092270415e-01 2.440794499618029190e-01
3.028874868447061219e-01 2.115077435933051531e-01
3.061804505654772690e-01 1.975484408639489597e-01
3.059875034724633958e-01 1.882422390443781457e-01
3.044428590369280818e-01 1.835891381345927109e-01
2.999166608792277477e-01 1.775866379609694623e-01
2.952635599694423685e-01 1.744098390671068866e-01
2.906104590596569892e-01 1.726470805264255226e-01
2.719980554205153611e-01 1.680191466287722646e-01
2.533856517813737330e-01 1.666590094397582544e-01
2.394263490520175397e-01 1.633660457189868298e-01
2.347732481422321604e-01 1.628585318424890516e-01
2.208139454128759116e-01 1.633660457189868298e-01
2.068546426835197183e-01 1.667040219543866053e-01
1.928953399541635250e-01 1.690020360761383955e-01
1.789360372248073316e-01 1.736345534013633007e-01
1.696298354052365176e-01 1.778115378382758016e-01
1.510174317660949450e-01 1.876190558868175429e-01
1.370581290367386962e-01 1.994723191247256278e-01
1.230988263073825029e-01 2.099408830828671801e-01
1.184457253975971236e-01 2.151961772413056861e-01
1.037673070730922298e-01 2.347732481422321604e-01
9.447394660343483297e-02 2.487325508715883537e-01
8.057253520565527127e-02 2.766511563303007404e-01
7.729248046597053667e-02 2.859573581498715544e-01
7.126633338608445722e-02 2.999166608792277477e-01
5.731748844565826007e-02 3.417945690672963277e-01
3.303312309146055892e-02 4.395096881727897919e-01
3.176409557060999589e-02 4.488158899923606060e-01
2.838002218167512414e-02 4.627751927217167993e-01
2.711099466082461662e-02 4.767344954510729926e-01
2.377301842542495214e-02 4.906937981804291860e-01
2.326550454892706288e-02 5.046531009097854348e-01
2.377301842542495214e-02 5.093062018195707585e-01
2.706598214619609921e-02 5.232655045489269519e-01
2.842611933521033141e-02 5.558372109174247733e-01
3.171908305598153399e-02 5.697965136467810776e-01
3.307922024499576619e-02 5.884089172859225947e-01
3.641719648039537516e-02 6.023682200152787880e-01
3.768622400124593819e-02 6.163275227446349813e-01
4.107029739018080994e-02 6.302868254739912857e-01
4.233932491103131746e-02 6.395930272935620442e-01
4.801128662608744602e-02 6.628585318424889961e-01
5.730703065672826391e-02 6.907771373012014937e-01
6.333317773661434336e-02 7.047364400305575760e-01
6.661323247629907796e-02 7.140426418501284456e-01
7.586154296429326038e-02 7.326550454892700737e-01
8.869272438791159230e-02 7.512674491284117018e-01
1.044864226682409303e-01 7.670611474087409842e-01
1.230988263073825029e-01 7.798923288323593717e-01
1.510174317660949450e-01 7.937937402301389334e-01
1.649767344954511383e-01 7.984262575553636720e-01
1.789360372248073316e-01 8.007242716771155733e-01
1.928953399541635250e-01 8.040622479125152378e-01
1.975484408639489597e-01 8.045697617890130715e-01
2.487325508715883537e-01 8.049170081255642151e-01
2.580387526911591678e-01 8.066088378177445062e-01
2.673449545107299263e-01 8.110514867103866266e-01
2.719980554205153611e-01 8.145404977742189967e-01
2.785215204214890328e-01 8.210639627751926684e-01
2.820105314853215139e-01 8.257170636849779921e-01
2.864531803779634123e-01 8.350232655045488617e-01
2.881450100701437589e-01 8.443294673241197312e-01
2.884922564066949580e-01 9.094728800611152630e-01
2.899826597305589226e-01 9.187790818806860216e-01
2.946151770557837168e-01 9.327383846100423259e-01
2.992934777216671449e-01 9.420445864296130845e-01
3.027906349705657973e-01 9.466976873393985192e-01
3.092228626987985618e-01 9.531299150676312282e-01
3.138759636085839411e-01 9.566270723165297696e-01
3.231821654281547551e-01 9.613053729824132532e-01
3.511007708868671973e-01 9.705909912174235377e-01
3.650600736162233906e-01 9.728890053391754389e-01
3.790193763455795839e-01 9.762730787281101996e-01
3.883255781651503424e-01 9.775421062489608737e-01
4.022848808945065913e-01 9.808800824843604271e-01
4.302034863532189779e-01 9.822402196733747148e-01
4.441627890825751712e-01 9.855331833941458619e-01
4.720813945412876134e-01 9.868933205831600386e-01
4.860406972706438067e-01 9.901862843039312967e-01
5.279186054587123866e-01 9.915464214929454734e-01
5.418779081880685800e-01 9.948393852137167315e-01
5.465310090978540147e-01 9.953468990902145652e-01
5.884089172859225947e-01 9.956941454267655978e-01
5.930620181957080295e-01 9.961995224027309082e-01
6.070213209250642228e-01 9.994924861235020552e-01
6.116744218348496576e-01 1.000000000000000000e+00
7.791860545871240884e-01 1.000000000000000000e+00
7.838391554969095232e-01 9.994924861235020552e-01
7.977984582262656055e-01 9.961995224027309082e-01
8.024515591360510403e-01 9.956941454267655978e-01
8.443294673241197312e-01 9.953468990902145652e-01
8.489825682339050550e-01 9.948393852137167315e-01
8.629418709632612483e-01 9.915464214929454734e-01
8.862073755121883112e-01 9.901862843039312967e-01
9.001666782415445045e-01 9.868483080685315212e-01
9.141259809709006978e-01 9.845502939467797310e-01
9.280852837002568911e-01 9.799177766215549923e-01
9.373914855198277607e-01 9.757407921846423804e-01
9.466976873393985192e-01 9.705863750458860739e-01
9.513507882491838430e-01 9.668769514889780092e-01
9.566270723165297696e-01 9.606569900687547126e-01
9.617814894552861871e-01 9.513507882491838430e-01
9.657979160739209590e-01 9.420445864296130845e-01
9.674282936315021786e-01 9.327383846100423259e-01
9.682809169440182995e-01 9.094728800611152630e-01
9.715738806647897796e-01 8.955135773317590697e-01
9.720813945412876134e-01 8.908604764219736349e-01
9.720813945412876134e-01 8.350232655045488617e-01
9.715738806647897796e-01 8.303701645947634269e-01
9.682809169440182995e-01 8.164108618654073446e-01
9.677755399680533221e-01 8.117577609556219098e-01
9.677755399680533221e-01 7.884922564066948469e-01
9.682809169440182995e-01 7.838391554969095232e-01
9.715738806647897796e-01 7.698798527675532188e-01
9.729340178538037343e-01 7.280019445794846389e-01
9.762269815745752144e-01 7.140426418501284456e-01
9.767344954510730481e-01 7.093895409403430108e-01
9.767344954510730481e-01 5.697965136467810776e-01
9.762269815745752144e-01 5.651434127369956428e-01
9.728890053391754389e-01 5.511841100076394495e-01
9.716199778183249869e-01 5.418779081880685800e-01
9.682809169440182995e-01 5.279186054587123866e-01
9.677755399680533221e-01 5.232655045489269519e-01
9.677755399680533221e-01 4.860406972706438067e-01
9.682809169440182995e-01 4.813875963608583719e-01
9.715738806647897796e-01 4.674282936315021786e-01
9.720813945412876134e-01 4.627751927217167993e-01
9.720813945412876134e-01 3.511007708868671973e-01
9.715738806647897796e-01 3.464476699770817625e-01
9.682359044293900041e-01 3.324883672477255692e-01
9.669668769085395521e-01 3.231821654281547551e-01
9.636278160342329757e-01 3.092228626987985618e-01
9.622676788452189101e-01 2.906104590596569892e-01
9.589747151244475409e-01 2.766511563303007404e-01
9.584693381484825636e-01 2.719980554205153611e-01
9.584693381484825636e-01 2.068546426835197183e-01
9.589747151244475409e-01 2.022015417737343390e-01
9.623137759987541173e-01 1.882422390443781457e-01
9.635828035196045693e-01 1.742829363150219524e-01
9.669207797550043448e-01 1.603236335856657035e-01
9.674282936315021786e-01 1.556705326758803243e-01
9.674282936315021786e-01 1.324050281269533169e-01
9.669207797550043448e-01 1.277519272171679376e-01
9.611448151641355242e-01 1.044864226682409303e-01
9.571283885455008633e-01 9.518022084867011623e-02
9.519739714067443348e-01 8.587401902909930218e-02
9.485320828903716084e-01 8.122091811931392291e-02
9.327383846100423259e-01 6.542721983898458493e-02
9.280852837002568911e-01 6.198533132261185852e-02
9.094728800611152630e-01 5.217781327407000624e-02
9.001666782415445045e-01 4.800082883715744986e-02
8.164108618654073446e-01 2.009268116737511489e-02
7.931453573164802817e-01 1.442071945231887531e-02
7.791860545871240884e-01 1.315169193146842330e-02
7.652267518577677841e-01 9.813715696068592287e-03
7.233488436696993151e-01 8.453578507054637647e-03
7.093895409403430108e-01 5.160614786283213018e-03
7.047364400305575760e-01 4.653100909785379269e-03
6.349399263837766094e-01 4.305854573234291216e-03
6.302868254739912857e-01 3.800477597269258379e-03
