4.239482200647249344e-01 0.000000000000000000e+00
3.786407766990291246e-01 0.000000000000000000e+00
3.754045307443365509e-01 3.236245954692573701e-03
2.524271844660194164e-01 3.236245954692573701e-03
2.491909385113268427e-01 6.472491909385091891e-03
2.394822006472491771e-01 6.472491909385091891e-03
2.200647249190938459e-01 1.618122977346275748e-02
2.103559870550161803e-01 1.618122977346275748e-02
1.650485436893203706e-01 3.559870550161814418e-02
1.504854368932038722e-01 4.692556634304206886e-02
1.310679611650485410e-01 8.252427184466021304e-02
1.310679611650485410e-01 1.019417475728155442e-01
1.278317152103559673e-01 1.051779935275081179e-01
1.278317152103559673e-01 1.213592233009708754e-01
1.245954692556634491e-01 1.245954692556634491e-01
1.213592233009708754e-01 1.472491909385113540e-01
1.084142394822006361e-01 1.666666666666666852e-01
1.051779935275081179e-01 1.860841423948220164e-01
1.084142394822006361e-01 1.893203883495145901e-01
1.084142394822006361e-01 1.990291262135922556e-01
1.116504854368932098e-01 2.022653721682847738e-01
1.116504854368932098e-01 2.119741100323624394e-01
1.084142394822006361e-01 2.152103559870550131e-01
1.084142394822006361e-01 2.378640776699029180e-01
1.051779935275081179e-01 2.411003236245954917e-01
1.051779935275081179e-01 2.637540453074433966e-01
1.019417475728155442e-01 2.669902912621359148e-01
1.019417475728155442e-01 2.831715210355987278e-01
9.870550161812297052e-02 2.864077669902912460e-01
9.870550161812297052e-02 3.025889967637540590e-01
9.546925566343039682e-02 3.058252427184465772e-01
9.546925566343039682e-02 3.220064724919093901e-01
9.223300970873787863e-02 3.252427184466019083e-01
9.223300970873787863e-02 3.381877022653722031e-01
8.899676375404530493e-02 3.414239482200647213e-01
8.899676375404530493e-02 3.576051779935275343e-01
8.576051779935273123e-02 3.608414239482200525e-01
8.576051779935273123e-02 3.737864077669902918e-01
8.252427184466021304e-02 3.770226537216828655e-01
8.252427184466021304e-02 3.996763754045307149e-01
7.928802588996763934e-02 4.029126213592232886e-01
7.928802588996763934e-02 4.223300970873786753e-01
6.634304207119740004e-02 4.546925566343041902e-01
6.634304207119740004e-02 4.967637540453074263e-01
6.310679611650488186e-02 5.000000000000000000e-01
6.310679611650488186e-02 5.258899676375404786e-01
5.987055016181230815e-02 5.291262135922329968e-01
5.987055016181230815e-02 5.550161812297734754e-01
5.663430420711973445e-02 5.582524271844659935e-01
5.663430420711973445e-02 5.711974110032362884e-01
4.692556634304206886e-02 5.938511326860841377e-01
4.692556634304206886e-02 6.294498381877022819e-01
4.368932038834949516e-02 6.326860841423948001e-01
4.368932038834949516e-02 6.682847896440129443e-01
4.045307443365697697e-02 6.715210355987054625e-01
4.045307443365697697e-02 6.909385113268609047e-01
3.721682847896440327e-02 6.941747572815534228e-01
3.721682847896440327e-02 7.071197411003236066e-01
3.398058252427182957e-02 7.103559870550162358e-01
3.398058252427182957e-02 7.233009708737864196e-01
3.074433656957931138e-02 7.265372168284789378e-01
3.074433656957931138e-02 7.362459546925566034e-01
2.427184466019416398e-02 7.491909385113268982e-01
2.427184466019416398e-02 7.588996763754045638e-01
2.103559870550164579e-02 7.621359223300970820e-01
2.103559870550164579e-02 7.783171521035598950e-01
2.427184466019416398e-02 7.815533980582524132e-01
2.427184466019416398e-02 8.009708737864077444e-01
2.103559870550164579e-02 8.042071197411002625e-01
2.103559870550164579e-02 8.139158576051779281e-01
1.779935275080907209e-02 8.171521035598705573e-01
1.779935275080907209e-02 8.624595469255663671e-01
1.456310679611649839e-02 8.656957928802588853e-01
1.456310679611649839e-02 8.915857605177993639e-01
1.132686084142392469e-02 8.948220064724918821e-01
1.132686084142392469e-02 9.401294498381876918e-01
1.779935275080907209e-02 9.530744336569578756e-01
3.883495145631066237e-02 9.676375404530743740e-01
4.854368932038832796e-02 9.676375404530743740e-01
5.177993527508090166e-02 9.708737864077670032e-01
8.090614886731389843e-02 9.708737864077670032e-01
8.414239482200647213e-02 9.741100323624595214e-01
1.132686084142394689e-01 9.741100323624595214e-01
1.165048543689320426e-01 9.773462783171520396e-01
1.650485436893203706e-01 9.773462783171520396e-01
1.682847896440129443e-01 9.805825242718446688e-01
2.135922330097087540e-01 9.805825242718446688e-01
2.168284789644012722e-01 9.838187702265372980e-01
2.362459546925566589e-01 9.838187702265372980e-01
2.394822006472491771e-01 9.870550161812297052e-01
2.588996763754045638e-01 9.870550161812297052e-01
2.621359223300970820e-01 9.902912621359223344e-01
3.139158576051779836e-01 9.902912621359223344e-01
3.171521035598705573e-01 9.935275080906149636e-01
3.398058252427184067e-01 9.935275080906149636e-01
3.430420711974110359e-01 9.967637540453073708e-01
4.045307443365695477e-01 9.967637540453073708e-01
4.077669902912621214e-01 9.935275080906149636e-01
4.401294498381876918e-01 9.935275080906149636e-01
4.498381877022653574e-01 1.000000000000000000e+00
4.595469255663430230e-01 9.967637540453073708e-01
5.404530744336569770e-01 9.967637540453073708e-01
5.436893203883494952e-01 1.000000000000000000e+00
7.152103559870550686e-01 1.000000000000000000e+00
7.330097087378640852e-01 9.854368932038835016e-01
7.394822006472492326e-01 9.692556634304206886e-01
7.394822006472492326e-01 9.207119741100323607e-01
7.427184466019417508e-01 9.174757281553398425e-01
7.427184466019417508e-01 8.559870550161812197e-01
7.572815533980582492e-01 8.446601941747573505e-01
7.669902912621359148e-01 8.478964401294497577e-01
7.928802588996763934e-01 8.478964401294497577e-01
7.961165048543689116e-01 8.511326860841423869e-01
8.446601941747573505e-01 8.511326860841423869e-01
8.770226537216828655e-01 8.381877022653720921e-01
8.964401294498381967e-01 8.349514563106796849e-01
9.110032362459546951e-01 8.236245954692555937e-01
9.110032362459546951e-01 8.171521035598705573e-01
9.174757281553398425e-01 8.074433656957928918e-01
9.174757281553398425e-01 8.009708737864077444e-01
9.530744336569578756e-01 7.394822006472492326e-01
9.530744336569578756e-01 7.297734627831715670e-01
9.563106796116505048e-01 7.265372168284789378e-01
9.563106796116505048e-01 7.103559870550162358e-01
9.595469255663430230e-01 7.071197411003236066e-01
9.595469255663430230e-01 6.974110032362459410e-01
9.724919093851132068e-01 6.650485436893204261e-01
9.724919093851132068e-01 6.553398058252426495e-01
9.757281553398058360e-01 6.521035598705501313e-01
9.757281553398058360e-01 6.423948220064724657e-01
9.789644012944983542e-01 6.391585760517799475e-01
9.789644012944983542e-01 6.294498381877022819e-01
9.822006472491908724e-01 6.262135922330096527e-01
9.822006472491908724e-01 5.906148867313916195e-01
9.854368932038835016e-01 5.873786407766989903e-01
9.854368932038835016e-01 5.744336569579288065e-01
9.886731391585761308e-01 5.711974110032362884e-01
9.886731391585761308e-01 5.420711974110032916e-01
9.854368932038835016e-01 5.388349514563106624e-01
9.854368932038835016e-01 5.258899676375404786e-01
9.822006472491908724e-01 5.226537216828478494e-01
9.822006472491908724e-01 5.000000000000000000e-01
9.789644012944983542e-01 4.967637540453074263e-01
9.789644012944983542e-01 4.773462783171520951e-01
9.822006472491908724e-01 4.676375404530744295e-01
9.789644012944983542e-01 4.644012944983818558e-01
9.789644012944983542e-01 4.482200647249190983e-01
9.692556634304206886e-01 4.190938511326861016e-01
9.563106796116505048e-01 3.964401294498381967e-01
9.255663430420711935e-01 3.689320388349514590e-01
9.158576051779935279e-01 3.656957928802588853e-01
9.093851132686083805e-01 3.592233009708737934e-01
8.349514563106796849e-01 3.268608414239482229e-01
8.284789644012944265e-01 3.268608414239482229e-01
8.187702265372167609e-01 3.203883495145630755e-01
8.122977346278317246e-01 3.203883495145630755e-01
8.025889967637540590e-01 3.139158576051779836e-01
7.961165048543689116e-01 3.139158576051779836e-01
7.799352750809060986e-01 3.042071197411003181e-01
7.734627831715210622e-01 3.042071197411003181e-01
7.475728155339805836e-01 2.880258899676375606e-01
7.313915857605177706e-01 2.718446601941747476e-01
7.297734627831715670e-01 2.766990291262135804e-01
7.330097087378640852e-01 2.799352750809061541e-01
7.330097087378640852e-01 3.025889967637540590e-01
7.362459546925566034e-01 3.058252427184465772e-01
7.362459546925566034e-01 3.284789644012945375e-01
7.394822006472492326e-01 3.317152103559870557e-01
7.394822006472492326e-01 3.543689320388349606e-01
7.427184466019417508e-01 3.576051779935275343e-01
7.427184466019417508e-01 3.737864077669902918e-01
7.540453074433657310e-01 3.754045307443365509e-01
7.928802588996763934e-01 4.045307443365695477e-01
8.155339805825243538e-01 4.045307443365695477e-01
8.187702265372167609e-01 4.077669902912621214e-01
8.284789644012944265e-01 4.077669902912621214e-01
8.349514563106796849e-01 4.142394822006472688e-01
8.446601941747573505e-01 4.174757281553397870e-01
8.705501618122977181e-01 4.368932038834951737e-01
8.948220064724918821e-01 4.611650485436893376e-01
9.077669902912621769e-01 4.838187702265372425e-01
9.077669902912621769e-01 5.129449838187701838e-01
9.110032362459546951e-01 5.161812297734628130e-01
9.110032362459546951e-01 5.291262135922329968e-01
9.142394822006472133e-01 5.323624595469255150e-01
9.142394822006472133e-01 5.420711974110032916e-01
9.110032362459546951e-01 5.453074433656958098e-01
9.110032362459546951e-01 5.647249190938511409e-01
9.077669902912621769e-01 5.679611650485436591e-01
9.077669902912621769e-01 6.067961165048543215e-01
9.045307443365695477e-01 6.100323624595469507e-01
9.045307443365695477e-01 6.262135922330096527e-01
9.012944983818770295e-01 6.294498381877022819e-01
9.012944983818770295e-01 6.391585760517799475e-01
8.980582524271845113e-01 6.423948220064724657e-01
8.980582524271845113e-01 6.553398058252426495e-01
8.948220064724918821e-01 6.585760517799352787e-01
8.948220064724918821e-01 6.682847896440129443e-01
8.915857605177993639e-01 6.715210355987054625e-01
8.915857605177993639e-01 6.812297734627832391e-01
8.754045307443365509e-01 7.135922330097087540e-01
8.624595469255663671e-01 7.265372168284789378e-01
8.527508090614885905e-01 7.524271844660194164e-01
8.414239482200647213e-01 7.637540453074433966e-01
8.220064724919093901e-01 7.734627831715210622e-01
8.025889967637540590e-01 7.734627831715210622e-01
7.864077669902912460e-01 7.637540453074433966e-01
7.686084142394822294e-01 7.459546925566342690e-01
7.524271844660194164e-01 7.200647249190939014e-01
7.524271844660194164e-01 7.135922330097087540e-01
7.394822006472492326e-01 6.941747572815534228e-01
7.362459546925566034e-01 6.747572815533980917e-01
7.330097087378640852e-01 6.715210355987054625e-01
7.330097087378640852e-01 6.035598705501618033e-01
7.297734627831715670e-01 6.003236245954692851e-01
7.297734627831715670e-01 5.776699029126213247e-01
7.265372168284789378e-01 5.744336569579288065e-01
7.265372168284789378e-01 5.097087378640776656e-01
7.297734627831715670e-01 5.064724919093851474e-01
7.297734627831715670e-01 4.611650485436893376e-01
7.265372168284789378e-01 4.579288025889967639e-01
7.265372168284789378e-01 4.449838187702265246e-01
7.233009708737864196e-01 4.417475728155340065e-01
7.233009708737864196e-01 3.899676375404530493e-01
7.265372168284789378e-01 3.867313915857605311e-01
7.265372168284789378e-01 3.640776699029126262e-01
7.233009708737864196e-01 3.608414239482200525e-01
7.233009708737864196e-01 3.381877022653722031e-01
7.200647249190939014e-01 3.349514563106795739e-01
7.200647249190939014e-01 3.122977346278317246e-01
7.168284789644012722e-01 3.090614886731391509e-01
7.168284789644012722e-01 2.864077669902912460e-01
7.135922330097087540e-01 2.831715210355987278e-01
7.135922330097087540e-01 2.572815533980582492e-01
7.103559870550162358e-01 2.540453074433657310e-01
7.103559870550162358e-01 1.796116504854368690e-01
7.071197411003236066e-01 1.763754045307443508e-01
7.071197411003236066e-01 1.472491909385113540e-01
6.909385113268609047e-01 1.181229773462783017e-01
6.731391585760517771e-01 1.003236245954692296e-01
6.537216828478964459e-01 8.414239482200647213e-02
6.278317152103559673e-01 6.796116504854371465e-02
6.051779935275081179e-01 5.825242718446599355e-02
5.987055016181229705e-01 5.177993527508090166e-02
5.922330097087378231e-01 5.177993527508090166e-02
5.825242718446601575e-01 4.530744336569580977e-02
5.469255663430421244e-01 3.559870550161814418e-02
5.372168284789644588e-01 2.912621359223299677e-02
5.307443365695793114e-01 2.912621359223299677e-02
5.210355987055016458e-01 2.265372168284790488e-02
5.145631067961164984e-01 2.265372168284790488e-02
5.048543689320388328e-01 1.618122977346275748e-02
4.757281553398058360e-01 6.472491909385091891e-03
4.660194174757281704e-01 6.472491909385091891e-03
4.627831715210355967e-01 3.236245954692573701e-03
4.271844660194175081e-01 3.236245954692573701e-03
