3.844339622641509413e-01 5.738993710691825401e-02
3.734276729559748431e-01 6.210691823899372466e-02
3.506289308176100405e-01 8.647798742138362860e-02
3.616352201257861942e-01 1.037735849056603543e-01
3.608490566037735880e-01 1.108490566037735880e-01
3.506289308176100405e-01 1.147798742138364525e-01
4.150943396226415283e-01 2.122641509433962348e-01
4.449685534591195091e-01 2.720125786163521964e-01
4.433962264150943522e-01 2.751572327044025101e-01
4.496855345911949797e-01 2.798742138364779808e-01
4.528301886792452935e-01 2.924528301886792359e-01
4.858490566037735880e-01 3.490566037735849392e-01
4.787735849056603543e-01 3.545597484276729605e-01
4.473270440251572166e-01 3.372641509433962348e-01
4.441823899371069029e-01 3.388364779874213917e-01
3.812893081761006275e-01 3.011006289308175710e-01
3.639937106918239018e-01 2.806603773584905870e-01
3.545597484276729605e-01 2.932389937106918421e-01
3.231132075471698228e-01 2.759433962264150608e-01
3.215408805031446660e-01 2.712264150943396457e-01
3.026729559748427834e-01 2.602201257861634920e-01
2.720125786163521964e-01 2.264150943396226467e-01
2.594339622641509413e-01 1.792452830188679402e-01
2.625786163522012551e-01 1.761006289308176265e-01
2.539308176100628645e-01 1.705974842767295496e-01
2.279874213836478036e-01 1.886792452830188815e-01
2.216981132075471761e-01 2.059748427672956073e-01
2.358490566037735880e-01 2.216981132075471761e-01
2.358490566037735880e-01 2.311320754716981174e-01
2.279874213836478036e-01 2.342767295597484312e-01
2.397798742138364525e-01 2.492138364779873938e-01
2.806603773584905870e-01 2.665094339622641195e-01
2.822327044025156884e-01 2.712264150943396457e-01
3.341194968553459210e-01 3.058176100628930971e-01
3.561320754716981174e-01 3.278301886792452935e-01
3.608490566037735880e-01 3.278301886792452935e-01
3.687106918238993725e-01 3.404088050314465486e-01
4.048742138364779808e-01 3.655660377358490587e-01
4.481132075471698228e-01 4.040880503144653746e-01
4.253144654088050203e-01 4.190251572327043927e-01
4.158805031446540790e-01 4.205974842767295496e-01
3.671383647798742156e-01 4.567610062893081579e-01
3.592767295597484312e-01 4.504716981132075304e-01
3.459119496855346254e-01 4.622641509433962348e-01
3.364779874213836841e-01 4.874213836477987449e-01
3.199685534591195091e-01 5.070754716981131782e-01
3.042452830188678847e-01 5.007861635220125507e-01
2.948113207547169434e-01 4.897798742138364525e-01
2.727987421383647471e-01 4.756289308176100405e-01
2.539308176100628645e-01 4.693396226415094130e-01
2.444968553459119232e-01 4.614779874213836286e-01
2.366352201257861387e-01 4.614779874213836286e-01
2.044025157232704504e-01 4.308176100628930971e-01
1.933962264150943522e-01 4.119496855345912145e-01
1.823899371069182540e-01 3.789308176100628645e-01
1.808176100628930971e-01 3.584905660377358805e-01
1.776729559748427834e-01 3.569182389937106681e-01
1.776729559748427834e-01 2.893081761006289221e-01
1.855345911949685678e-01 2.767295597484276670e-01
1.839622641509434109e-01 2.610062893081760982e-01
1.886792452830188815e-01 2.500000000000000000e-01
1.831761006289308047e-01 2.444968553459119232e-01
1.580188679245282946e-01 2.555031446540880768e-01
1.446540880503144888e-01 2.751572327044025101e-01
1.509433962264151163e-01 2.893081761006289221e-01
1.454402515723270395e-01 3.011006289308175710e-01
1.422955974842767257e-01 2.979559748427672572e-01
1.367924528301887044e-01 3.003144654088050203e-01
1.399371069182390181e-01 3.113207547169811185e-01
1.367924528301887044e-01 3.128930817610062753e-01
1.525157232704402732e-01 3.364779874213836841e-01
1.650943396226415283e-01 3.883647798742138058e-01
1.635220125786163714e-01 3.962264150943396457e-01
1.776729559748427834e-01 4.622641509433962348e-01
1.745283018867924696e-01 4.654088050314465486e-01
1.776729559748427834e-01 4.669811320754717054e-01
1.761006289308176265e-01 4.779874213836478036e-01
1.941823899371069029e-01 4.960691823899370800e-01
2.201257861635220192e-01 5.094339622641509413e-01
2.240566037735848837e-01 5.212264150943396457e-01
1.643081761006289221e-01 5.212264150943396457e-01
1.611635220125786083e-01 5.180817610062893319e-01
1.485849056603773533e-01 5.196540880503144333e-01
1.124213836477987449e-01 5.039308176100628645e-01
1.077044025157232743e-01 4.960691823899370800e-01
9.198113207547170544e-02 4.866352201257861387e-01
4.559748427672954962e-02 4.261006289308176265e-01
3.773584905660376521e-02 3.915094339622641195e-01
4.402515723270439274e-02 3.537735849056603543e-01
3.223270440251574387e-02 3.451257861635220192e-01
9.433962264150941301e-03 3.616352201257861942e-01
1.572327044025156884e-03 3.742138364779874493e-01
1.257861635220125507e-02 3.930817610062893319e-01
1.257861635220125507e-02 4.088050314465409008e-01
0.000000000000000000e+00 4.166666666666666852e-01
2.908805031446543010e-02 4.441823899371069029e-01
6.761006289308174599e-02 4.921383647798742156e-01
9.198113207547170544e-02 5.306603773584905870e-01
9.591194968553456990e-02 5.314465408805031377e-01
1.147798742138364525e-01 5.644654088050314877e-01
1.312893081761006275e-01 5.794025157232703949e-01
1.501572327044025101e-01 5.731132075471697673e-01
1.690251572327043927e-01 5.746855345911949797e-01
1.705974842767295496e-01 5.715408805031446660e-01
2.099056603773584717e-01 5.794025157232703949e-01
2.248427672955974899e-01 5.959119496855346254e-01
2.232704402515723330e-01 5.990566037735849392e-01
2.783018867924528239e-01 7.154088050314465486e-01
3.081761006289308047e-01 7.421383647798742711e-01
3.050314465408804909e-01 7.515723270440251014e-01
2.853773584905660021e-01 7.602201257861636030e-01
2.665094339622641195e-01 7.586477987421383906e-01
2.539308176100628645e-01 7.507861635220125507e-01
2.303459119496855112e-01 7.209119496855346254e-01
2.020440251572326873e-01 7.036163522012578442e-01
1.847484276729559616e-01 7.036163522012578442e-01
1.705974842767295496e-01 6.973270440251572166e-01
1.666666666666666852e-01 7.028301886792452935e-01
1.729559748427673127e-01 7.075471698113207086e-01
1.698113207547169989e-01 7.106918238993711334e-01
1.808176100628930971e-01 7.248427672955974899e-01
1.792452830188679402e-01 7.279874213836478036e-01
2.051886792452830011e-01 7.460691823899371355e-01
2.240566037735848837e-01 7.507861635220125507e-01
2.476415094339622369e-01 7.727987421383648581e-01
2.712264150943396457e-01 7.838050314465409008e-01
2.932389937106918421e-01 7.853773584905661131e-01
3.231132075471698228e-01 7.790880503144654856e-01
4.339622641509434109e-01 7.169811320754717610e-01
4.614779874213836286e-01 6.926100628930818015e-01
4.866352201257861387e-01 6.831761006289307492e-01
5.613207547169811740e-01 6.210691823899371355e-01
5.966981132075471761e-01 5.809748427672956073e-01
6.603773584905660021e-01 5.314465408805031377e-01
6.839622641509434109e-01 5.047169811320755262e-01
6.839622641509434109e-01 4.952830188679245293e-01
7.114779874213836841e-01 4.583333333333333148e-01
7.366352201257861942e-01 4.536163522012578442e-01
7.790880503144654856e-01 4.677672955974842561e-01
8.058176100628930971e-01 4.866352201257861387e-01
8.529874213836478036e-01 5.306603773584905870e-01
8.891509433962263564e-01 5.463836477987421558e-01
8.922955974842767812e-01 5.432389937106918421e-01
8.915094339622642305e-01 5.566037735849056478e-01
8.742138364779874493e-01 5.723270440251572166e-01
8.663522012578616094e-01 5.864779874213836841e-01
8.427672955974843116e-01 6.100628930817609819e-01
8.443396226415094130e-01 6.132075471698112956e-01
8.286163522012578442e-01 6.399371069182390181e-01
8.238993710691824290e-01 6.776729559748427834e-01
8.191823899371069029e-01 6.808176100628930971e-01
8.223270440251572166e-01 6.823899371069181985e-01
8.050314465408805464e-01 7.075471698113207086e-01
7.861635220125786638e-01 7.201257861635219637e-01
7.893081761006288666e-01 7.248427672955974899e-01
7.751572327044025101e-01 7.405660377358490587e-01
7.767295597484276115e-01 7.468553459119496862e-01
7.688679245283018826e-01 7.578616352201257289e-01
7.720125786163521964e-01 7.594339622641509413e-01
7.672955974842767812e-01 7.625786163522012551e-01
7.657232704402515688e-01 7.783018867924528239e-01
7.437106918238993725e-01 8.207547169811320042e-01
7.327044025157232188e-01 8.270440251572326318e-01
7.327044025157232188e-01 8.333333333333332593e-01
7.216981132075471761e-01 8.443396226415094130e-01
7.216981132075471761e-01 8.506289308176100405e-01
7.169811320754717610e-01 8.537735849056603543e-01
7.169811320754717610e-01 8.632075471698112956e-01
7.106918238993711334e-01 8.710691823899370245e-01
7.122641509433962348e-01 8.773584905660377631e-01
7.091194968553459210e-01 8.789308176100629755e-01
7.075471698113207086e-01 9.072327044025156884e-01
7.028301886792452935e-01 9.135220125786163159e-01
7.059748427672956073e-01 9.150943396226415283e-01
6.996855345911949797e-01 9.276729559748427834e-01
6.996855345911949797e-01 9.386792452830188260e-01
7.051886792452830566e-01 9.426100628930818015e-01
7.122641509433962348e-01 9.339622641509434109e-01
7.264150943396225912e-01 8.836477987421383906e-01
7.437106918238993725e-01 8.537735849056603543e-01
7.830188679245282390e-01 8.160377358490565891e-01
8.003144654088050203e-01 7.735849056603774088e-01
7.971698113207547065e-01 7.720125786163521964e-01
8.011006289308175710e-01 7.696540880503144333e-01
8.034591194968553340e-01 7.767295597484276115e-01
7.987421383647799189e-01 7.940251572327043927e-01
7.751572327044025101e-01 8.349056603773584717e-01
7.704402515723269840e-01 8.805031446540880768e-01
7.759433962264150608e-01 8.860062893081761537e-01
7.814465408805031377e-01 8.805031446540880768e-01
7.987421383647799189e-01 8.238993710691824290e-01
8.223270440251572166e-01 7.971698113207547065e-01
8.364779874213836841e-01 7.562893081761006275e-01
8.349056603773584717e-01 7.515723270440251014e-01
8.710691823899370245e-01 7.169811320754717610e-01
8.852201257861636030e-01 6.902515723270440384e-01
8.820754716981131782e-01 6.886792452830188260e-01
8.899371069182390181e-01 6.776729559748427834e-01
8.946540880503144333e-01 6.289308176100628645e-01
9.166666666666667407e-01 6.037735849056603543e-01
9.292452830188679958e-01 5.817610062893081579e-01
9.378930817610062753e-01 5.825471698113207086e-01
9.551886792452830566e-01 5.951257861635219637e-01
9.638364779874213362e-01 5.911949685534590992e-01
9.520440251572326318e-01 5.652515723270440384e-01
9.772012578616351419e-01 5.778301886792452935e-01
9.842767295597484312e-01 5.754716981132075304e-01
9.827044025157232188e-01 5.628930817610062753e-01
9.779874213836478036e-01 5.597484276729559616e-01
9.795597484276730160e-01 5.566037735849056478e-01
9.449685534591194536e-01 5.235849056603774088e-01
9.481132075471698784e-01 5.220125786163521964e-01
9.496855345911949797e-01 4.984276729559748431e-01
9.622641509433962348e-01 4.764150943396226467e-01
9.622641509433962348e-01 4.654088050314465486e-01
9.811320754716981174e-01 4.213836477987421558e-01
9.968553459119496862e-01 4.009433962264150608e-01
1.000000000000000000e+00 3.805031446540880768e-01
9.866352201257861942e-01 3.577044025157232743e-01
9.551886792452830566e-01 3.561320754716981174e-01
9.418238993710692508e-01 3.710691823899371355e-01
9.064465408805031377e-01 3.797169811320754707e-01
9.017295597484276115e-01 3.844339622641509413e-01
8.655660377358490587e-01 3.954402515723270395e-01
8.388364779874213362e-01 3.781446540880503138e-01
8.136792452830188260e-01 3.545597484276729605e-01
7.822327044025156884e-01 3.356918238993710779e-01
7.680817610062893319e-01 3.341194968553459210e-01
7.602201257861636030e-01 3.278301886792452935e-01
7.523584905660377631e-01 3.278301886792452935e-01
7.224842767295597268e-01 3.136792452830188815e-01
7.130503144654087855e-01 3.152515723270440384e-01
7.099056603773584717e-01 3.121069182389937247e-01
6.894654088050314877e-01 3.121069182389937247e-01
6.863207547169811740e-01 3.089622641509434109e-01
6.061320754716981174e-01 3.199685534591195091e-01
5.935534591194968623e-01 3.136792452830188815e-01
5.731132075471697673e-01 3.136792452830188815e-01
5.699685534591194536e-01 3.105345911949685123e-01
5.668238993710691398e-01 3.136792452830188815e-01
5.479559748427672572e-01 3.121069182389937247e-01
5.463836477987421558e-01 3.152515723270440384e-01
5.432389937106918421e-01 3.121069182389937247e-01
5.322327044025156884e-01 3.136792452830188815e-01
4.960691823899370800e-01 2.759433962264150608e-01
4.583333333333333148e-01 2.240566037735848837e-01
4.528301886792452935e-01 2.216981132075471761e-01
4.481132075471698228e-01 2.028301886792452935e-01
4.363207547169811185e-01 1.973270440251572166e-01
4.331761006289308047e-01 2.004716981132075304e-01
4.103773584905660576e-01 1.666666666666666852e-01
3.930817610062893319e-01 1.305031446540880768e-01
3.883647798742138058e-01 1.053459119496855112e-01
3.915094339622641195e-01 9.119496855345909925e-02
3.883647798742138058e-01 8.962264150943394236e-02
3.915094339622641195e-01 6.918238993710690288e-02
