5.738853503184713212e-01 0.000000000000000000e+00
5.484076433121019001e-01 1.528662420382165266e-02
5.337579617834394830e-01 3.248407643312101190e-02
5.394904458598726027e-01 3.949044585987260270e-02
5.751592356687897922e-01 5.095541401273884219e-02
5.936305732484076225e-01 7.197452229299361459e-02
6.242038216560509278e-01 1.624203821656051150e-01
6.305732484076432831e-01 1.942675159235668914e-01
6.273885350318471055e-01 1.987261146496815400e-01
5.745222929936305567e-01 1.522292993630573466e-01
5.560509554140127264e-01 1.414012738853503426e-01
5.242038216560509500e-01 1.031847133757961554e-01
5.050955414012738842e-01 1.082802547770700397e-01
4.987261146496815289e-01 1.031847133757961554e-01
4.636942675159235749e-01 1.305732484076433386e-01
4.668789808917197526e-01 1.363057324840764584e-01
4.885350318471337605e-01 1.414012738853503426e-01
5.726114649681528501e-01 1.885350318471337716e-01
6.140127388535031594e-01 2.324840764331210230e-01
6.267515923566878699e-01 2.579617834394904441e-01
5.999999999999999778e-01 3.356687898089172339e-01
5.974522292993630357e-01 3.560509554140127708e-01
5.828025477707006186e-01 3.668789808917197748e-01
5.789808917197452054e-01 3.630573248407643616e-01
5.751592356687897922e-01 3.668789808917197748e-01
5.598726114649681396e-01 3.617834394904458906e-01
5.560509554140127264e-01 3.681528662420382458e-01
5.388535031847133672e-01 3.751592356687898366e-01
5.235668789808917145e-01 4.095541401273885551e-01
5.038216560509554132e-01 4.318471337579617986e-01
4.700636942675159302e-01 3.866242038216560761e-01
4.566878980891719841e-01 3.757961783439490722e-01
4.484076433121019223e-01 3.522292993630573577e-01
4.382165605095541538e-01 3.407643312101911182e-01
4.191082802547770880e-01 2.592356687898089151e-01
4.229299363057325012e-01 2.197452229299363125e-01
4.108280254777070262e-01 2.038216560509554243e-01
4.057324840764331420e-01 2.089171974522293085e-01
3.942675159235669025e-01 2.038216560509554243e-01
3.878980891719745472e-01 1.936305732484076558e-01
3.738853503184713656e-01 1.961783439490445979e-01
3.414012738853503537e-01 2.210191082802547835e-01
3.764331210191083077e-01 2.356687898089172006e-01
3.910828025477707248e-01 2.605095541401273862e-01
4.038216560509554354e-01 3.038216560509554021e-01
4.038216560509554354e-01 3.649681528662420682e-01
4.318471337579617986e-01 4.082802547770700841e-01
4.471337579617834512e-01 4.643312101910828105e-01
4.382165605095541538e-01 4.694267515923566947e-01
4.401273885350318604e-01 4.764331210191082855e-01
4.171974522292993814e-01 4.662420382165605170e-01
3.955414012738853735e-01 4.471337579617834512e-01
3.929936305732484314e-01 4.496815286624203933e-01
3.445859872611465313e-01 4.089171974522293196e-01
3.242038216560509944e-01 3.974522292993630801e-01
2.624203821656050928e-01 3.331210191082802918e-01
2.528662420382165599e-01 3.108280254777069929e-01
2.388535031847133783e-01 3.044585987261146376e-01
2.337579617834394941e-01 3.133757961783439905e-01
2.286624203821656098e-01 3.133757961783439905e-01
2.210191082802547835e-01 3.019108280254776955e-01
2.108280254777070151e-01 2.980891719745222823e-01
1.878980891719745361e-01 3.082802547770700508e-01
1.757961783439490611e-01 3.267515923566879366e-01
1.840764331210191229e-01 3.375796178343949405e-01
2.222929936305732546e-01 3.464968152866242379e-01
2.350318471337579651e-01 3.579617834394904774e-01
2.490445859872611467e-01 3.617834394904458906e-01
2.955414012738853402e-01 4.044585987261146709e-01
3.343949044585987629e-01 4.624203821656051039e-01
3.496815286624204155e-01 4.713375796178344013e-01
3.796178343949044853e-01 5.165605095541401237e-01
3.828025477707006630e-01 5.375796178343948961e-01
3.770700636942675432e-01 5.394904458598726027e-01
3.808917197452229564e-01 5.662420382165604948e-01
3.770700636942675432e-01 5.751592356687897922e-01
3.808917197452229564e-01 5.789808917197452054e-01
3.783439490445860143e-01 5.878980891719745028e-01
3.834394904458598985e-01 5.904458598726114449e-01
3.796178343949044853e-01 6.121019108280254528e-01
3.859872611464968406e-01 6.210191082802547502e-01
3.821656050955414274e-01 6.235668789808916923e-01
3.847133757961783695e-01 6.286624203821655765e-01
3.732484076433121301e-01 6.414012738853502871e-01
3.745222929936306011e-01 6.503184713375795845e-01
3.668789808917197748e-01 6.541401273885349976e-01
3.656050955414013037e-01 6.617834394904458239e-01
3.707006369426751879e-01 6.668789808917197082e-01
3.636942675159235971e-01 6.840764331210190674e-01
3.624203821656051261e-01 6.802547770700636542e-01
3.592356687898089485e-01 6.885350318471337161e-01
3.445859872611465313e-01 6.866242038216560095e-01
3.375796178343949405e-01 6.783439490445859477e-01
3.401273885350318826e-01 6.668789808917197082e-01
3.324840764331210563e-01 6.592356687898088818e-01
3.350318471337579984e-01 6.464968152866241713e-01
3.286624203821656431e-01 6.452229299363057002e-01
3.299363057324841142e-01 6.324840764331209897e-01
3.254777070063694655e-01 6.254777070063693989e-01
3.203821656050955813e-01 6.280254777070063410e-01
3.063694267515923442e-01 6.191082802547770436e-01
3.031847133757961665e-01 6.222929936305732213e-01
3.095541401273885218e-01 6.324840764331209897e-01
3.044585987261146376e-01 6.401273885350318160e-01
3.082802547770700508e-01 6.503184713375795845e-01
3.006369426751592244e-01 6.592356687898088818e-01
3.031847133757961665e-01 6.630573248407642950e-01
2.987261146496815178e-01 6.700636942675158858e-01
2.942675159235668692e-01 6.656050955414012371e-01
2.968152866242038113e-01 6.630573248407642950e-01
2.910828025477706915e-01 6.611464968152865884e-01
2.917197452229299270e-01 6.834394904458598319e-01
3.006369426751592244e-01 7.025477707006368977e-01
3.019108280254776955e-01 7.191082802547770214e-01
2.980891719745222823e-01 7.216560509554139635e-01
3.057324840764331086e-01 7.305732484076432609e-01
3.006369426751592244e-01 7.356687898089171451e-01
3.044585987261146376e-01 7.369426751592356162e-01
2.993630573248407534e-01 7.420382165605095004e-01
2.980891719745222823e-01 7.585987261146496241e-01
2.796178343949044520e-01 7.808917197452229786e-01
2.420382165605095559e-01 7.955414012738852847e-01
2.203821656050955480e-01 8.159235668789808216e-01
2.203821656050955480e-01 8.388535031847133006e-01
2.464968152866242046e-01 8.649681528662420682e-01
2.694267515923566836e-01 8.726114649681528945e-01
2.936305732484076336e-01 8.713375796178344235e-01
3.267515923566879366e-01 8.573248407643312419e-01
3.509554140127388866e-01 8.535031847133758287e-01
3.770700636942675432e-01 8.643312101910827216e-01
3.235668789808917589e-01 9.101910828025477906e-01
3.159235668789809326e-01 9.267515923566879144e-01
3.184713375796178747e-01 9.369426751592356828e-01
3.082802547770700508e-01 9.560509554140127486e-01
3.127388535031847550e-01 9.630573248407643394e-01
3.222929936305732879e-01 9.585987261146496907e-01
3.318471337579618208e-01 9.783439490445859921e-01
3.401273885350318826e-01 9.751592356687898144e-01
3.388535031847134116e-01 9.458598726114649802e-01
3.458598726114650024e-01 9.337579617834395052e-01
3.471337579617834734e-01 9.579617834394904552e-01
3.554140127388535353e-01 9.522292993630573354e-01
3.605095541401274195e-01 9.229299363057325012e-01
3.719745222929936590e-01 9.000000000000000222e-01
3.917197452229299603e-01 8.789808917197452498e-01
4.000000000000000222e-01 8.783439490445860143e-01
3.885350318471337827e-01 8.936305732484076669e-01
3.885350318471337827e-01 9.114649681528662617e-01
3.757961783439490722e-01 9.318471337579617986e-01
3.802547770700637209e-01 9.363057324840764473e-01
3.866242038216560761e-01 9.337579617834395052e-01
3.770700636942675432e-01 9.687898089171974592e-01
3.840764331210191340e-01 9.732484076433121079e-01
3.968152866242038446e-01 9.605095541401273973e-01
4.121019108280254972e-01 9.987261146496815289e-01
4.171974522292993814e-01 1.000000000000000000e+00
4.216560509554140301e-01 9.929936305732484092e-01
4.152866242038216749e-01 9.815286624203821697e-01
4.152866242038216749e-01 9.318471337579617986e-01
4.222929936305732657e-01 9.121019108280254972e-01
4.267515923566879144e-01 9.152866242038216749e-01
4.242038216560509722e-01 9.178343949044586170e-01
4.350318471337579762e-01 9.337579617834395052e-01
4.394904458598726249e-01 9.292993630573248565e-01
4.388535031847133894e-01 9.019108280254777288e-01
4.458598726114649802e-01 9.165605095541401459e-01
4.484076433121019223e-01 9.458598726114649802e-01
4.605095541401273973e-01 9.464968152866242157e-01
4.694267515923566947e-01 9.656050955414012815e-01
4.751592356687898144e-01 9.611464968152866328e-01
4.757961783439490500e-01 9.350318471337579762e-01
5.165605095541401237e-01 9.477707006369426868e-01
5.222929936305732435e-01 9.407643312101910960e-01
5.044585987261146487e-01 9.280254777070063854e-01
5.254777070063694211e-01 9.222929936305732657e-01
5.407643312101910738e-01 9.235668789808917367e-01
5.477707006369426646e-01 9.152866242038216749e-01
5.292993630573248343e-01 9.095541401273885551e-01
5.191082802547770658e-01 9.006369426751592577e-01
5.254777070063694211e-01 8.904458598726114893e-01
5.509554140127388422e-01 9.019108280254777288e-01
5.592356687898089040e-01 8.974522292993630801e-01
5.509554140127388422e-01 8.840764331210191340e-01
5.681528662420382014e-01 8.885350318471337827e-01
5.707006369426751435e-01 9.063694267515923775e-01
5.764331210191082633e-01 9.121019108280254972e-01
5.840764331210190896e-01 8.942675159235669025e-01
5.993630573248407423e-01 9.057324840764331420e-01
6.076433121019108041e-01 9.012738853503184933e-01
5.796178343949044409e-01 8.732484076433120190e-01
5.777070063694267343e-01 8.611464968152866550e-01
5.815286624203821475e-01 8.598726114649681840e-01
5.808917197452229120e-01 8.656050955414011927e-01
5.923566878980891515e-01 8.732484076433120190e-01
5.923566878980891515e-01 8.796178343949044853e-01
5.993630573248407423e-01 8.840764331210191340e-01
6.076433121019108041e-01 8.694267515923566059e-01
6.070063694267515686e-01 8.611464968152866550e-01
6.292993630573248121e-01 8.885350318471337827e-01
6.375796178343948739e-01 8.917197452229299603e-01
6.420382165605095226e-01 8.808917197452229564e-01
6.343949044585986963e-01 8.605095541401273085e-01
6.375796178343948739e-01 8.585987261146497129e-01
6.522292993630572910e-01 8.694267515923566059e-01
6.592356687898088818e-01 8.815286624203821919e-01
6.662420382165604726e-01 8.732484076433120190e-01
6.624203821656050595e-01 8.554140127388534243e-01
6.426751592356687581e-01 8.343949044585987629e-01
6.363057324840764029e-01 8.343949044585987629e-01
6.076433121019108041e-01 8.121019108280254084e-01
6.324840764331209897e-01 8.191082802547771102e-01
6.554140127388534687e-01 8.356687898089172339e-01
6.624203821656050595e-01 8.312101910828024742e-01
6.363057324840764029e-01 8.025477707006369865e-01
5.878980891719745028e-01 7.859872611464968628e-01
5.840764331210190896e-01 7.808917197452229786e-01
5.560509554140127264e-01 7.796178343949045075e-01
5.229299363057324790e-01 7.872611464968153339e-01
5.114649681528662395e-01 7.949044585987261602e-01
5.006369426751592355e-01 7.891719745222929294e-01
5.350318471337579540e-01 7.687898089171973925e-01
5.312101910828025408e-01 7.662420382165604504e-01
5.382165605095541316e-01 7.681528662420382680e-01
5.471337579617834290e-01 7.566878980891720285e-01
5.675159235668789659e-01 7.477707006369427312e-01
5.700636942675159080e-01 7.503184713375796733e-01
5.866242038216560317e-01 7.363057324840764917e-01
5.968152866242038002e-01 7.350318471337580206e-01
5.999999999999999778e-01 7.280254777070063188e-01
6.095541401273885107e-01 7.273885350318471943e-01
6.331210191082802252e-01 7.025477707006368977e-01
6.407643312101910515e-01 6.732484076433120634e-01
6.496815286624203489e-01 6.617834394904458239e-01
6.471337579617834068e-01 6.592356687898088818e-01
6.547770700636942331e-01 6.528662420382165266e-01
6.560509554140127042e-01 6.414012738853502871e-01
6.700636942675158858e-01 6.171974522292993370e-01
7.012738853503184266e-01 5.910828025477706804e-01
7.636942675159235083e-01 5.566878980891719619e-01
7.872611464968153339e-01 5.369426751592356606e-01
8.025477707006369865e-01 5.025477707006369421e-01
8.242038216560509944e-01 4.222929936305732657e-01
8.203821656050955813e-01 3.980891719745223156e-01
7.917197452229298715e-01 3.617834394904458906e-01
7.152866242038216082e-01 3.108280254777069929e-01
6.859872611464967740e-01 3.019108280254776955e-01
6.789808917197451832e-01 2.949044585987261047e-01
6.955414012738854179e-01 2.261146496815286677e-01
6.509554140127388200e-01 1.445859872611465202e-01
6.305732484076432831e-01 8.853503184713373830e-02
6.191082802547770436e-01 2.611464968152865662e-02
6.082802547770700397e-01 1.146496815286623949e-02
5.968152866242038002e-01 1.783439490445859477e-02
5.872611464968152672e-01 1.592356687898088818e-02
5.885350318471337383e-01 9.554140127388532910e-03
5.815286624203821475e-01 1.273885350318471055e-03
