2.804452233288373675e-01 1.556583973089664674e-04
2.647466643328743041e-01 0.000000000000000000e+00
2.404852549754769586e-01 6.239307425464690748e-03
2.335874032954325386e-01 1.920251144485846106e-02
2.276409794333253411e-01 2.259972925129716259e-02
2.219324125257024494e-01 3.401624257013990960e-02
2.176509873449852805e-01 1.290524857488689614e-02
2.119424204373623333e-01 1.210502982087185986e-02
2.062468275454385491e-01 1.777536971795273812e-02
1.998756176270325424e-01 4.631820425606730796e-02
2.047950139198262964e-01 7.343389706727621036e-02
2.021278965941336048e-01 8.913245606323921821e-02
1.753903681042854323e-01 1.504995503201855822e-01
1.320607107411835845e-01 2.132937863040376691e-01
1.318728640334658753e-01 2.204294949385663394e-01
1.582270014392874735e-01 2.860780143762299277e-01
1.577110348149446395e-01 2.919601525749629944e-01
1.233142763414666887e-01 2.660980301995496955e-01
8.475416863062668060e-02 2.075852193964147774e-01
8.583798184531532538e-02 1.433638416856569120e-01
9.046273553824962788e-02 1.133938654206366192e-01
9.634394055799821999e-02 1.042573600513284071e-01
1.091882161001497820e-01 9.532159110339166741e-02
1.248867750961128453e-01 7.665983201246928669e-02
1.552904905134280256e-01 5.773533807131314699e-02
1.561020024757862057e-01 5.202677116369025523e-02
1.477210427266045234e-01 4.473645550874677523e-02
1.291682002768300142e-01 4.138711008026613181e-02
9.919822401180972138e-02 4.331430110508022180e-02
8.496572878984981481e-02 5.202677116369025523e-02
8.491383272705327334e-02 6.772533015965326308e-02
7.921823983512948919e-02 7.215882781946697522e-02
7.350967292750654192e-02 7.122356780731248227e-02
6.637396429297792722e-02 5.337282529247638907e-02
5.781111393154353406e-02 5.192149021662334496e-02
4.370322331869413990e-02 5.916247979821886993e-02
4.620142924838183118e-02 1.062581567861079490e-01
5.240358473193978961e-02 1.276652826896939041e-01
4.976423019445197493e-02 2.132937863040376691e-01
4.289002766740224182e-02 2.432637625690580174e-01
4.487259318101138872e-02 2.860780143762299277e-01
1.049067909194326131e-01 3.298097144364126598e-01
1.193302806675863859e-01 3.502993920869877376e-01
1.193508463006155984e-01 3.631436676291392995e-01
1.082707678471390156e-01 3.845507935327252547e-01
9.615280550528765291e-02 3.988222108017825396e-01
7.331401640043078149e-02 4.501993129703887875e-01
6.066539738535497994e-02 4.956189281627257914e-01
4.496683838939197209e-02 4.884008388388118571e-01
2.754731436980734083e-02 4.544807381511060118e-01
1.356972039746590086e-02 4.456071391878453913e-01
7.411054945203499056e-03 4.573350216049174577e-01
7.849059068428587693e-03 4.987221316851835895e-01
2.653292441685961567e-02 5.229835410425810460e-01
6.209253911226070288e-02 5.403081057765759532e-01
9.348965710418677411e-02 5.486597891809625871e-01
1.263139168230185683e-01 5.658098872711673222e-01
1.619924599956618083e-01 5.762817955358681132e-01
2.590380974252514124e-01 5.850003042946113618e-01
2.761637981481201987e-01 5.824075269482787975e-01
4.431393801960905598e-01 5.866889521289959664e-01
4.830993485494509687e-01 5.924414310897544445e-01
5.102150413606598711e-01 6.044802391733832270e-01
5.430393010794916098e-01 6.089227932587509828e-01
5.815721277059463512e-01 6.019628616111140085e-01
5.986978284288150265e-01 5.938834960534680185e-01
6.315220881476468762e-01 5.885012391552782995e-01
6.686277730471957836e-01 5.984263960415089345e-01
7.071605996736505251e-01 6.138236604275002506e-01
7.365247138847957897e-01 6.371548791950394364e-01
7.486973294510923527e-01 6.557077216448138346e-01
7.476456484737026287e-01 6.614162885524368374e-01
7.337512120381676217e-01 6.756877058214940668e-01
7.170009720648149454e-01 7.099391072672316394e-01
7.145341652626634454e-01 7.227833828093831459e-01
6.700549147741015066e-01 7.354755858724382200e-01
6.315220881476468762e-01 7.539893657485985390e-01
6.058335370633437522e-01 7.743983419324736994e-01
5.842767914625821568e-01 8.141204533313498581e-01
5.599042739868679286e-01 9.054575238533165704e-01
5.472357773478929710e-01 9.211560828492795228e-01
5.053879443431845697e-01 9.482717756604883697e-01
4.943668626675211675e-01 9.668246181102628789e-01
4.959436240916025307e-01 9.741731461251196267e-01
5.016521909992254225e-01 9.742761695859920579e-01
5.216321751759056546e-01 9.573570618326651127e-01
5.387578758987744409e-01 9.509108552030998140e-01
5.558835766216432273e-01 9.504550894964263197e-01
5.646669852499629494e-01 9.554074842950170954e-01
5.703185205469083474e-01 9.825231771062259423e-01
5.801449859790406283e-01 9.834189362752412400e-01
5.846189620276736054e-01 9.739603267447916046e-01
5.837554415418841902e-01 9.368546418452425861e-01
6.028630909108306790e-01 8.726332641344847207e-01
6.129692456978723669e-01 8.705351527897053909e-01
6.258135212400239844e-01 8.781310032869966697e-01
6.377466216796126020e-01 9.054575238533165704e-01
6.345915755126584346e-01 9.411360670259598660e-01
6.197311791182114060e-01 9.768146101986030505e-01
6.272406629669295963e-01 9.815241778973919917e-01
6.417326385028723212e-01 9.682517598371687129e-01
6.597141844647422815e-01 9.340003583914311402e-01
6.686277730471957836e-01 9.248145493396807693e-01
6.826783231442319355e-01 9.297189332107139714e-01
6.970278934126198367e-01 9.582617677488285413e-01
6.873441421531781836e-01 9.625431929295457101e-01
6.885266696257563712e-01 9.711060432909801587e-01
6.985977493122161874e-01 9.744543373425667010e-01
7.357034342117650949e-01 9.734882721735842459e-01
7.416286208457932849e-01 9.782417519255087734e-01
7.423670882750865729e-01 9.896588857407546680e-01
7.471205680270109895e-01 9.958022848932941429e-01
7.528291349346338812e-01 9.957012196651537916e-01
7.685646027683616932e-01 9.753874684716972165e-01
7.754907644529998034e-01 9.368546418452425861e-01
7.885076781072770657e-01 9.224336048790096054e-01
7.927891032879943456e-01 9.225711301547708798e-01
8.070605205570515750e-01 9.356483672903580517e-01
8.148032969410847759e-01 9.511260591142998155e-01
8.010546324563232456e-01 9.782417519255087734e-01
8.056333788301458521e-01 9.815241778973919917e-01
8.256133630068260842e-01 9.681366677624181349e-01
8.274906032783713172e-01 9.739603267447916046e-01
8.197781948169775568e-01 9.953674526483775598e-01
8.241862212799203613e-01 1.000000000000000000e+00
8.327490716413546989e-01 9.959300758291769196e-01
8.399462950054912280e-01 9.868046022869431111e-01
8.433887327247788779e-01 9.596889094757342642e-01
8.341883077896748988e-01 9.225832245761853567e-01
8.108259791134260208e-01 8.740604058613905547e-01
8.125964493525488219e-01 8.597889885923332143e-01
8.199047960992031925e-01 8.497197108524983111e-01
8.213319378261088044e-01 8.644271992047768416e-01
8.256133630068260842e-01 8.659323877448726892e-01
8.345622435075054080e-01 8.569347051385217684e-01
8.412996190568675647e-01 8.283918706004071986e-01
8.541561975449406541e-01 8.131860152958758636e-01
8.627553311706183115e-01 8.269647288735013646e-01
8.711766173207424746e-01 8.669246972268618290e-01
8.769904651754323321e-01 8.696280329980198287e-01
8.819215593512335083e-01 8.583618468654274913e-01
8.819215593512335083e-01 8.412361461425587050e-01
8.757153959276231525e-01 8.141204533313498581e-01
8.645587227887144843e-01 7.898590439739524571e-01
8.665433417526927640e-01 7.727333432510836708e-01
8.712818982678094404e-01 7.682998455912699587e-01
8.826990320830552239e-01 7.679798634991592543e-01
8.900513604439892479e-01 7.741604849779895048e-01
8.983975910790182873e-01 7.972285085809915905e-01
9.083875831673584589e-01 7.942593976319117788e-01
9.169504335287927965e-01 7.797522857443199840e-01
9.393750586265614544e-01 8.012761777891983517e-01
9.440661263400016434e-01 8.178589441594399378e-01
9.514900078232324532e-01 8.226833036927843068e-01
9.483079086949713910e-01 8.269647288735013646e-01
9.570624743612496932e-01 8.355275792349358133e-01
9.570390785952347379e-01 8.683518389537675519e-01
9.510204186533135484e-01 8.754875475882961666e-01
9.545990527809689041e-01 8.854775396766363382e-01
9.597646853359647068e-01 8.872949154694929064e-01
9.699535414354308882e-01 8.740604058613905547e-01
9.745301132027970326e-01 8.583618468654274913e-01
9.761433665611561894e-01 8.283918706004071986e-01
9.925889450547964454e-01 8.125960064867006061e-01
9.925889450547964454e-01 7.949291527405912827e-01
9.874430013279728025e-01 7.841504770663294543e-01
9.768903860588333821e-01 7.741235761402245341e-01
9.440661263400016434e-01 7.627556541086651931e-01
9.307121573239551804e-01 7.541805008013091616e-01
9.171688735890333177e-01 7.327733748977232064e-01
9.242989615436494333e-01 7.284919497170060376e-01
9.216541761593086690e-01 7.170748159017602541e-01
9.131333957354020869e-01 7.085119655403258054e-01
9.153663062119273830e-01 6.956676899981742990e-01
9.070363532344369872e-01 6.899591230905514072e-01
9.069604414404526249e-01 6.790652745751709629e-01
8.883464357738108941e-01 6.756877058214940668e-01
8.998247328059240102e-01 6.666332844207921715e-01
9.041061579866411790e-01 6.583036432342717070e-01
9.255132838902271342e-01 6.544731307858240310e-01
9.669003939704933215e-01 6.358466659453757552e-01
9.813214309367261912e-01 6.071849029300190326e-01
9.799358045653554505e-01 5.957677691147732491e-01
9.583375436090588728e-01 5.684392569232363801e-01
9.412118428861901975e-01 5.641209013206386347e-01
9.226590004364156883e-01 5.697335821434851288e-01
8.812718903561495010e-01 5.616890057811614323e-01
8.598647644525636569e-01 5.537309900394230544e-01
8.313219299144489760e-01 5.548527136057144205e-01
8.241862212799203613e-01 5.480281379330365077e-01
7.899348198341828997e-01 5.339773701083209145e-01
7.756634025651255593e-01 5.221924081287528940e-01
7.369139562122655196e-01 4.730335806008804655e-01
7.230502937223241000e-01 4.444907460627658957e-01
7.043063162198390792e-01 4.183216268459333254e-01
6.714820565010073405e-01 3.951767944341429417e-01
6.340371329942430245e-01 3.545808172677049064e-01
6.329837574969776615e-01 3.431636834524590673e-01
6.586252621717776368e-01 2.932137230107585424e-01
6.857655681914789358e-01 2.603894632919268037e-01
6.948103347292740040e-01 2.247109201192835082e-01
7.038268857959566471e-01 1.633438258623371442e-01
7.240441959964192264e-01 1.176752906013537880e-01
7.385577176655765408e-01 9.794422649331990804e-02
7.685276939305969446e-01 7.105965219433307833e-02
7.944253950955671995e-01 5.916247979821886993e-02
7.827991111996541740e-01 4.642014295084628817e-02
7.585377018422567730e-01 4.011562675066937533e-02
7.257134421234250343e-01 4.487896810774716361e-02
7.156865411973201141e-01 5.488105461750170111e-02
7.142963083081791398e-01 7.084465421989011302e-02
7.114420248543676939e-01 7.183496976213188390e-02
7.023710255447168649e-01 6.058962152512459287e-02
7.000248910391217994e-01 4.909140011175922025e-02
6.943163241314989076e-01 4.778426803007046475e-02
6.857534737700645699e-01 6.085546165072464042e-02
6.770853424615633775e-01 6.487104670584181720e-02
6.798952871652660379e-01 8.627817260942777233e-02
6.900472018967033216e-01 1.048310150592022261e-01
6.904147027974583128e-01 1.162481488744480651e-01
6.602815424121667442e-01 1.918866604004517695e-01
6.470295120908993169e-01 2.075852193964147774e-01
6.312613603321544087e-01 2.446909042959637404e-01
6.201049543324009816e-01 2.578076341677973948e-01
6.172506708785895357e-01 2.567231854072896113e-01
6.131617965657882863e-01 2.033037942156975530e-01
5.885351982283492100e-01 1.533538337739970281e-01
5.840696257280313386e-01 1.048310150592022261e-01
6.172506708785895357e-01 5.524512138456955102e-02
6.402760735617918364e-01 3.775535389463297031e-02
6.418279230771873900e-01 2.776536180629285422e-02
6.286678046938354303e-01 1.787943213553955246e-02
6.115421039709666440e-01 1.427141726905728492e-02
5.858535528866635200e-01 1.762575002077709785e-02
5.653930005774537859e-01 2.919250353319857716e-02
5.530292931678316704e-01 5.304360964411053425e-02
5.444664428063973327e-01 3.460374924771608685e-02
5.387578758987744409e-01 3.502457309026524301e-02
5.315094981805427166e-01 4.203677907535013913e-02
5.323996399960675419e-01 6.201676325203037132e-02
5.502611303354715266e-01 1.076852985130136720e-01
5.633203229641909893e-01 1.847509517659230993e-01
5.666677040257614983e-01 2.404094791152465715e-01
5.516021514409259474e-01 3.395958291351947600e-01
4.902350571839796389e-01 3.296697389152235536e-01
4.260136794732217735e-01 3.281360940743696109e-01
3.931894197543899794e-01 3.225340302806948833e-01
3.118423413207633832e-01 3.326871657754011391e-01
2.647466643328743041e-01 3.498739940722370156e-01
2.158846070108642046e-01 2.603894632919268037e-01
2.033912679589353623e-01 2.033037942156975530e-01
2.060186496185393845e-01 1.647709675892428671e-01
2.233232709883647971e-01 1.191024323282595110e-01
2.488730785213473795e-01 7.343389706727621036e-02
3.036481692387796860e-01 2.205679489866990695e-02
3.045431060300267667e-01 1.063966108342406791e-02
