7.949291527405912827e-01 2.515054130630289819e-02
7.741235761402247562e-01 4.084910030226596156e-02
7.546901942752042292e-01 8.651763556324931770e-02
7.327733748977232064e-01 1.005706127720659704e-01
7.284919497170060376e-01 9.344052481744991034e-02
7.170748159017602541e-01 9.608531020179067461e-02
7.085119655403258054e-01 1.046060906256972567e-01
6.956676899981742990e-01 1.023731801491719606e-01
6.899591230905514072e-01 1.107031331266624119e-01
6.790652745751709629e-01 1.107790449206467187e-01
6.756877058214940668e-01 1.293930505872885051e-01
6.583036432342717070e-01 1.136333283744581646e-01
6.544731307858240310e-01 9.222620247087220946e-02
6.358466659453757552e-01 5.083909239060607765e-02
6.071849029300190326e-01 3.641805542437315246e-02
5.957677691147732491e-01 3.780368179574389309e-02
5.684392569232363801e-01 5.940194275204041530e-02
5.641209013206386347e-01 7.652764347490920160e-02
5.697335821434851288e-01 9.508048592468365534e-02
5.537309900394230544e-01 1.578747219085357978e-01
5.548527136057144205e-01 1.864175564466503676e-01
5.480281379330365077e-01 1.935532650811790378e-01
5.371756726601435439e-01 2.192418161654821618e-01
5.286921079502039378e-01 2.191585662314127214e-01
5.229835410425810460e-01 2.238724355985272640e-01
5.129935489542408744e-01 2.174809074218000404e-01
4.901592813237492519e-01 2.204844137035639196e-01
4.801692892354091358e-01 2.267900579554444906e-01
4.687521554201632967e-01 2.247658388842810884e-01
4.573350216049174577e-01 2.290189888734942003e-01
4.430636043358601728e-01 2.478425078006334381e-01
4.245107618860856635e-01 2.517502330431135027e-01
4.116664863439341016e-01 2.601730337496533929e-01
4.095527009559699616e-01 2.720460600609941326e-01
3.973950690748768166e-01 2.811321957222939760e-01
3.916865021672538694e-01 2.914588468846733282e-01
3.802693683520080858e-01 2.917720613879708491e-01
3.728457276146825983e-01 2.977346111452973121e-01
3.758826622242240623e-01 3.348402960448462196e-01
3.846792362881467087e-01 3.476845715869978370e-01
3.788422266251023074e-01 3.607032755624378639e-01
3.545808172677049064e-01 3.837023533668563191e-01
3.431636834524590673e-01 3.847557288641216822e-01
2.932137230107585424e-01 3.591142241893217069e-01
2.603894632919268037e-01 3.319739181696203523e-01
1.633438258623371442e-01 3.139126005651426965e-01
1.176752906013537880e-01 2.936952903646801172e-01
9.794422649331996356e-02 2.791817686955228028e-01
7.105965219433296731e-02 2.492117924305024546e-01
5.916247979821886993e-02 2.233140912655321442e-01
4.642014295084628817e-02 2.349403751614451696e-01
4.011562675066931982e-02 2.592017845188425706e-01
4.487896810774716361e-02 2.920260442376743648e-01
5.488105461750170111e-02 3.020529451637792850e-01
7.084465421989005751e-02 3.034431780529202038e-01
7.183496976213177287e-02 3.062974615067316497e-01
6.058962152512459287e-02 3.153684608163824787e-01
4.909140011175910923e-02 3.177145953219774888e-01
4.778426803007046475e-02 3.234231622296004360e-01
6.085546165072469593e-02 3.319860125910347737e-01
6.487104670584181720e-02 3.406541438995359661e-01
8.627817260942777233e-02 3.378441991958333057e-01
1.048310150592022261e-01 3.276922844643960220e-01
1.162481488744480651e-01 3.273247835636410863e-01
1.918866604004517695e-01 3.574579439489325994e-01
2.075852193964147774e-01 3.707099742702000267e-01
2.446909042959637404e-01 3.864781260289449349e-01
2.578076341677972838e-01 3.976345320286983620e-01
2.567231854072896668e-01 4.004888154825098079e-01
2.033037942156975530e-01 4.045776897953111129e-01
1.533538337739970281e-01 4.292042881327500781e-01
1.048310150592022261e-01 4.336698606330680050e-01
5.524512138456949550e-02 4.004888154825098079e-01
3.775535389463297031e-02 3.774634127993075627e-01
2.776536180629285422e-02 3.759115632839119536e-01
1.787943213553960797e-02 3.890716816672639689e-01
1.427141726905728492e-02 4.061973823901326996e-01
1.762575002077709785e-02 4.318859334744358236e-01
2.919250353319857716e-02 4.523464857836455022e-01
5.304360964411053425e-02 4.647101931932676178e-01
3.460374924771614236e-02 4.732730435547020109e-01
4.203677907535013913e-02 4.862299881805566271e-01
6.201676325203037132e-02 4.853398463650318018e-01
1.076852985130136720e-01 4.674783560256278725e-01
1.847509517659230993e-01 4.544191633969083544e-01
2.404094791152465715e-01 4.510717823353378453e-01
3.395958291351947600e-01 4.661373349201733962e-01
3.376507730719119360e-01 4.903987442775707972e-01
3.199956488051910464e-01 5.489115550807056598e-01
3.098893251889878186e-01 6.002886572493119077e-01
3.127436086427992645e-01 6.545200428717297125e-01
3.189385573593050416e-01 6.716457435945983878e-01
3.230138014511472200e-01 7.073242867672416834e-01
3.287812662713091028e-01 7.244499874901104697e-01
3.422717198731429766e-01 7.344399795784505303e-01
3.498739940722369601e-01 7.529928220282250395e-01
2.603894632919268037e-01 8.018548793502351391e-01
2.033037942156975530e-01 8.143482184021639814e-01
1.647709675892428671e-01 8.117208367425600146e-01
1.191024323282595110e-01 7.944162153727345466e-01
7.343389706727621036e-02 7.688664078397520196e-01
2.205679489866990695e-02 7.140913171223196576e-01
1.063966108342406791e-02 7.131963803310725769e-01
1.556583973089109563e-04 7.372942630322619761e-01
0.000000000000000000e+00 7.529928220282250395e-01
6.239307425464801771e-03 7.772542313856224405e-01
1.920251144485846106e-02 7.841520830656667496e-01
2.259972925129710708e-02 7.900985069277739470e-01
3.401624257013990960e-02 7.958070738353968387e-01
1.290524857488689614e-02 8.000884990161141186e-01
1.210502982087191537e-02 8.057970659237370104e-01
1.777536971795273812e-02 8.114926588156607945e-01
4.631820425606730796e-02 8.178638687340668012e-01
7.343389706727621036e-02 8.129444724412731027e-01
8.913245606323921821e-02 8.156115897669657944e-01
1.504995503201855822e-01 8.423491182568139113e-01
2.132937863040376691e-01 8.856787756199158146e-01
2.919601525749629944e-01 8.600284515461547041e-01
2.660980301995496955e-01 8.944252100196325994e-01
2.075852193964147774e-01 9.329853177304726630e-01
1.433638416856569120e-01 9.319015045157840182e-01
1.133938654206366192e-01 9.272767508228496602e-01
1.042573600513282961e-01 9.213955458031011236e-01
9.532159110339155639e-02 9.085512702609495062e-01
7.665983201246939771e-02 8.928527112649864428e-01
5.773533807131314699e-02 8.624489958476713181e-01
5.202677116369025523e-02 8.616374838853131379e-01
4.473645550874677523e-02 8.700184436344948757e-01
4.138711008026613181e-02 8.885712860842693850e-01
4.331430110508022180e-02 9.185412623492896778e-01
5.202677116369025523e-02 9.327737575712495843e-01
6.772533015965326308e-02 9.328256536340460148e-01
7.215882781946697522e-02 9.385212465259697989e-01
7.122356780731242676e-02 9.442298134335928017e-01
5.337282529247633356e-02 9.513655220681214164e-01
5.192149021662345598e-02 9.599283724295557541e-01
5.916247979821886993e-02 9.740362630424052037e-01
1.062581567861079490e-01 9.715380571127174569e-01
1.276652826896939041e-01 9.653359016291596095e-01
2.132937863040376691e-01 9.679752561666473687e-01
2.432637625690580174e-01 9.748494586936971018e-01
2.860780143762299277e-01 9.728668931800878994e-01
3.298097144364126043e-01 9.128326954416667860e-01
3.502993920869877376e-01 8.984092056935129023e-01
3.631436676291392995e-01 8.983886400604836897e-01
4.173750532515569933e-01 9.317193049082175271e-01
4.730335806008804655e-01 9.502721473579920364e-01
5.001492734120893680e-01 9.520151910632054237e-01
5.365235481765990855e-01 9.370941047990641870e-01
5.545717940872176843e-01 9.156869788954782319e-01
5.658098872711673222e-01 8.914255695380808309e-01
5.876550172979784215e-01 8.100784911044541792e-01
5.874739700625095651e-01 7.743999479318108836e-01
5.824075269482787975e-01 7.415756882129791450e-01
5.825667081408951731e-01 6.759271687753156677e-01
5.859476748510646926e-01 6.687914601407869419e-01
5.866889521289959664e-01 5.746001061650087838e-01
5.924414310897544445e-01 5.346401378116484304e-01
6.044802391733832270e-01 5.075244450004394725e-01
6.089227932587509828e-01 4.747001852816077339e-01
6.019628616111140085e-01 4.361673586551530479e-01
5.938834960534680185e-01 4.190416579322843171e-01
5.885012391552782995e-01 3.862173982134525230e-01
6.138236604275002506e-01 3.105788866874488185e-01
6.371548791950394364e-01 2.812147724763035539e-01
6.557077216448138346e-01 2.690421569100070465e-01
6.614162885524368374e-01 2.700938378873967149e-01
6.756877058214940668e-01 2.839882743229317219e-01
7.099391072672316394e-01 3.007385142962843982e-01
7.227833828093831459e-01 3.032053210984358982e-01
7.354755858724382200e-01 3.476845715869978370e-01
7.539893657485986500e-01 3.862173982134525230e-01
7.743983419324735884e-01 4.119059492977556469e-01
8.141204533313498581e-01 4.334626948985171868e-01
9.054575238533165704e-01 4.578352123742314150e-01
9.211560828492795228e-01 4.705037090132063726e-01
9.482717756604883697e-01 5.123515420179147739e-01
9.668246181102628789e-01 5.233726236935781762e-01
9.739603267447916046e-01 5.221526477012232714e-01
9.742761695859920579e-01 5.160872953618739212e-01
9.573570618326651127e-01 4.961073111851936890e-01
9.509108552030998140e-01 4.789816104623249582e-01
9.504550894964262087e-01 4.618559097394561719e-01
9.554074842950170954e-01 4.530725011111363942e-01
9.825231771062259423e-01 4.474209658141909407e-01
9.834189362752412400e-01 4.375945003820587709e-01
9.739603267447916046e-01 4.331205243334256827e-01
9.368546418452425861e-01 4.339840448192151534e-01
8.726332641344847207e-01 4.148763954502687201e-01
8.705351527897053909e-01 4.047702406632269767e-01
8.769146893152020006e-01 3.931422790928701394e-01
8.926132483111650640e-01 3.831408549825000565e-01
9.054575238533165704e-01 3.799928646814867417e-01
9.411360670259598660e-01 3.831479108484409646e-01
9.768146101986030505e-01 3.980083072428879376e-01
9.815241778973918807e-01 3.904988233941696918e-01
9.682517598371687129e-01 3.760068478582270224e-01
9.340003583914311402e-01 3.580253018963571732e-01
9.248145493396807693e-01 3.491117133139035600e-01
9.297189332107139714e-01 3.350611632168674081e-01
9.582617677488285413e-01 3.207115929484795624e-01
9.625431929295457101e-01 3.303953442079211600e-01
9.711060432909801587e-01 3.292128167353429724e-01
9.744543373425665900e-01 3.191417370488832117e-01
9.734882721735843569e-01 2.820360521493342487e-01
9.782417519255087734e-01 2.761108655153060587e-01
9.896588857407546680e-01 2.753723980860128262e-01
9.958022848932941429e-01 2.706189183340884097e-01
9.957012196651537916e-01 2.649103514264654624e-01
9.753874684716972165e-01 2.491748835927377614e-01
9.368546418452425861e-01 2.422487219080995402e-01
9.224336048790096054e-01 2.292318082538222779e-01
9.356483672903580517e-01 2.106789658040477686e-01
9.511260591142998155e-01 2.029361894200145122e-01
9.782417519255087734e-01 2.166848539047760980e-01
9.815241778973918807e-01 2.121061075309534916e-01
9.681366677624181349e-01 1.921261233542732594e-01
9.739603267447916046e-01 1.902488830827281374e-01
9.953674526483775598e-01 1.979612915441217313e-01
1.000000000000000000e+00 1.935532650811790378e-01
9.868046022869431111e-01 1.777931913556080601e-01
9.596889094757342642e-01 1.743507536363205768e-01
9.225832245761853567e-01 1.835511785714245003e-01
8.740604058613905547e-01 2.069135072476733783e-01
8.597889885923332143e-01 2.051430370085505217e-01
8.497197108524983111e-01 1.978346902618962067e-01
8.644271992047768416e-01 1.964075485349904837e-01
8.659323877448726892e-01 1.921261233542732594e-01
8.569347051385217684e-01 1.831772428535939357e-01
8.283918706004071986e-01 1.764398673042317789e-01
8.131860152958758636e-01 1.635832888161586895e-01
8.269647288735013646e-01 1.549841551904810322e-01
8.669246972268618290e-01 1.465628690403568135e-01
8.696280329980197177e-01 1.407490211856670115e-01
8.583618468654274913e-01 1.358179270098658353e-01
8.141204533313498581e-01 1.420240904334762466e-01
7.898590439739524571e-01 1.531807635723849148e-01
7.727333432510836708e-01 1.511961446084066352e-01
7.682998455912699587e-01 1.464575880932899588e-01
7.679798634991592543e-01 1.350404542780441197e-01
7.741604849779895048e-01 1.276881259171102068e-01
7.972285085809914795e-01 1.193418952820810564e-01
7.942593976319118898e-01 1.093519031937409403e-01
7.797522857443199840e-01 1.007890528323066026e-01
8.012761777891983517e-01 7.836442773453788924e-02
8.178589441594397158e-01 7.367336002109770021e-02
8.226833036927843068e-01 6.624947853786694596e-02
8.269647288735013646e-01 6.943157766612800819e-02
8.355275792349358133e-01 6.067701199984965044e-02
8.683518389537675519e-01 6.070040776586455022e-02
8.754875475882961666e-01 6.671906770778585072e-02
8.854775396766363382e-01 6.314043358013038398e-02
8.872949154694929064e-01 5.797480102513469236e-02
8.740604058613905547e-01 4.778594492566845542e-02
8.283918706004071986e-01 4.159611979994315423e-02
8.125960064867004951e-01 2.515054130630289819e-02
