8.863417015058061565e-01 0.000000000000000000e+00
8.690923885484621580e-01 1.601615311905779659e-03
8.663891380103709849e-01 8.538839001272335860e-03
8.688253226830023879e-01 1.812179064424124242e-02
8.808237761242903030e-01 4.112087458736657375e-02
8.755645666580980091e-01 1.465333426600244904e-01
8.712408244813213409e-01 1.676158362745560626e-01
8.657862702316379000e-01 1.810319685747125429e-01
8.422601239481493085e-01 2.203845678216000414e-01
8.365103529623678646e-01 2.186392105101685468e-01
8.287283353350604065e-01 2.059476428464316888e-01
8.189673689062877404e-01 1.791153782461187283e-01
8.074724883807367082e-01 1.369503910170555838e-01
8.026751621614238719e-01 9.861858444517995759e-02
7.968560990637625352e-01 8.136927148783595909e-02
7.898921117345133469e-01 7.561950050205462626e-02
7.877231170606262545e-01 6.986972951627329342e-02
7.888237602628320744e-01 5.645359721611681314e-02
7.828458237617420545e-01 4.375108897447926859e-02
7.790126431045545363e-01 4.223888561237959527e-02
7.521803785042415758e-01 4.216498722906314445e-02
7.382052406915785570e-01 4.687064557314790658e-02
7.364234924421140249e-01 5.262041655892923941e-02
7.430494528821675049e-01 6.795313918767947881e-02
7.497748620714147494e-01 7.561950050205462626e-02
7.560622860341900120e-01 8.711904247361729192e-02
7.573761350981638163e-01 1.005351747737737722e-01
7.676307865040459255e-01 1.216176683883053444e-01
7.812182430858727322e-01 1.637826556173684889e-01
7.912051061949165742e-01 2.136140041608067808e-01
7.914132685888142227e-01 2.385296784325259267e-01
7.892885158663227596e-01 2.538624010612761661e-01
7.831443091407852553e-01 2.749448946758077383e-01
7.668810341097321848e-01 3.036937496047144025e-01
7.515349960466539692e-01 3.171098819048708828e-01
7.395566825899460017e-01 3.343591948622148813e-01
7.073432220670428094e-01 3.650246401197153601e-01
6.965992589750219510e-01 3.793806388310092537e-01
6.927660783178344328e-01 3.796386413752429467e-01
6.621006330603339540e-01 3.657880277929688173e-01
6.448513201029899555e-01 3.551831008927298639e-01
6.276020071456458460e-01 3.544261816608497706e-01
6.122692845168956621e-01 3.507360301326617469e-01
5.835204295879889980e-01 3.510040447159255006e-01
5.586047553162698520e-01 3.563427719894435297e-01
5.451886230161133717e-01 3.571573459483102786e-01
5.356056713731444097e-01 3.601759526466311589e-01
5.216540211870573929e-01 3.592748691339340272e-01
5.199535170229618863e-01 3.573582788053402681e-01
5.118239797125099244e-01 2.730283043472139237e-01
5.119136663112198171e-01 2.481126300754948333e-01
5.151276408622462721e-01 2.308633171181507793e-01
5.117055039173220576e-01 1.925315105462752086e-01
5.117055039173220576e-01 1.676158362745560626e-01
5.162079224829412283e-01 1.312006200312742510e-01
5.209363838581382300e-01 1.177844877311177707e-01
5.247695645153258592e-01 9.095222313080486565e-02
5.243647169855985002e-01 7.945268115924219998e-02
5.196688061408156756e-01 6.795313918767947881e-02
5.131998177698219310e-01 6.028677787330438687e-02
5.132110505336524575e-01 4.303746491596038837e-02
5.087734067728315601e-01 3.597737197083428207e-02
4.896075034868937470e-01 2.942039975877386304e-02
4.627752388865807864e-01 2.560321780410285131e-02
4.608586485579870273e-01 2.728196500884377818e-02
4.601952134442430231e-01 3.345451327299148181e-02
4.673649683576869829e-01 5.645359721611681314e-02
4.821729877767839678e-01 7.753609083064838536e-02
4.857586130729144580e-01 1.350338006884618247e-01
4.845691940624843319e-01 1.599494749601809152e-01
4.807469589677794142e-01 1.810319685747125429e-01
4.678615747586181706e-01 2.270301364609632611e-01
4.672423686524570519e-01 2.385296784325259267e-01
4.641677615471997420e-01 2.461960397469010187e-01
4.648675166619623544e-01 2.538624010612761661e-01
4.624139144803705026e-01 2.596121720470574989e-01
4.634576612005497642e-01 2.711117140186202201e-01
4.614925976666757190e-01 2.921942076331517368e-01
4.551088775722056945e-01 3.169900950093337832e-01
4.531922872436119354e-01 3.179483901736306906e-01
4.503763737608318385e-01 3.075269302619020317e-01
4.484580230737272855e-01 2.768614850044015530e-01
4.499340836850025394e-01 2.231969558037756873e-01
4.436250453574347441e-01 1.733656072603373954e-01
4.427082520879459526e-01 1.235342587168991035e-01
4.442727707143869775e-01 1.158678974025240116e-01
4.432050548282052693e-01 9.670199411658619848e-02
4.463984036161339208e-01 7.370291017346086715e-02
4.457268587862667775e-01 5.837018754471062776e-02
4.405317338229972624e-01 4.878723590174172120e-02
4.318188825970616374e-01 3.920428425877281464e-02
4.293207256135894156e-01 3.153792294439766719e-02
4.307172709684614076e-01 2.195497130142876063e-02
4.294388007243379324e-01 1.812179064424124242e-02
4.014443483715798289e-01 9.582951642968906558e-03
3.784452644284544975e-01 1.180921138736479303e-02
3.748316930797516155e-01 1.428860998705366869e-02
3.737844652202832463e-01 1.812179064424124242e-02
3.764791071086039942e-01 2.962133261580390808e-02
3.977268240273247324e-01 5.645359721611681314e-02
4.097931319999239541e-01 1.101181264167426788e-01
4.080952028700582379e-01 1.637826556173684889e-01
3.970158631426320972e-01 2.289467267895570202e-01
3.965956608984955722e-01 2.806946656615890712e-01
3.739486486575229751e-01 3.650246401197153601e-01
3.713928109537070754e-01 3.841905434056531732e-01
3.477798191709540188e-01 4.068354747880602029e-01
3.151482165936030366e-01 4.512712049064355191e-01
3.011771881810698659e-01 4.838532404925297570e-01
3.005579820749088027e-01 5.011025534498737555e-01
2.924305452459997623e-01 5.298514083787805307e-01
2.708393652019615017e-01 5.662666246220623423e-01
2.631931585081053182e-01 5.739329859364373787e-01
2.538506507789384803e-01 5.892657085651876736e-01
2.476688872491644156e-01 6.045984311939378575e-01
2.470891327260135162e-01 6.141813828369068196e-01
2.420203821594989479e-01 6.199311538226881524e-01
2.338571179228237096e-01 6.486800087515948166e-01
2.353148976235486800e-01 6.735956830233139625e-01
2.296925414724070302e-01 6.850952249948766282e-01
2.231510112247637734e-01 6.927615863092517756e-01
2.155350864979831971e-01 7.066238215307187875e-01
1.848696412404827183e-01 7.117265567381596547e-01
1.676203282831387198e-01 7.179091061852362898e-01
1.388714733542320001e-01 7.204091169448620935e-01
1.197055700682941870e-01 7.150972351386331027e-01
9.670648612516885567e-02 7.151562071487437278e-01
8.712353448219994911e-02 7.207278335206493969e-01
8.137376349641861628e-02 7.211750379306545167e-01
7.670207457047123478e-02 7.253436218953460690e-01
7.475151482374009504e-02 7.368431638669087347e-01
7.745797118713643181e-02 7.464261155098775857e-01
8.712353448219994911e-02 7.652497705228522573e-01
1.216221603968879461e-01 7.945975599294444747e-01
1.369548830256381855e-01 8.024230989783205370e-01
1.577922313655822362e-01 8.250063189822225418e-01
1.736610103009386674e-01 8.365058609537852075e-01
1.811826412015776766e-01 8.518385835825355024e-01
1.731691664118900631e-01 8.690878965398796119e-01
1.707900738265822893e-01 8.786708481828484629e-01
1.727167162023539593e-01 9.093362934403489417e-01
1.791198702547013855e-01 9.201904529543238898e-01
1.848696412404827183e-01 9.214197965276550439e-01
1.887028218976702920e-01 9.195017382224002223e-01
2.059007976140698748e-01 8.959201611401924614e-01
2.136365772102252203e-01 8.671713062112857973e-01
2.193682671551707708e-01 8.638085613620257730e-01
2.231833667715225067e-01 8.671713062112857973e-01
2.434055041929510388e-01 9.074197031117551271e-01
2.309834654396658027e-01 9.476681000122244569e-01
2.251348503368169607e-01 9.572510516551934190e-01
2.242741662798548030e-01 9.630008226409747518e-01
2.264788172742536743e-01 9.687505936267560847e-01
2.347009897839210102e-01 9.712511450710932248e-01
2.411835747188705303e-01 9.668340032981623811e-01
2.483886390472949124e-01 9.553344613265997154e-01
2.577000737270463415e-01 9.280230491441383567e-01
2.596166640556401006e-01 9.266783446393991319e-01
2.623673261013071412e-01 9.304187870548805694e-01
2.558991397113849486e-01 9.610842323123809372e-01
2.481342344977256476e-01 9.745003646125374175e-01
2.456165706397402393e-01 9.879164969126938978e-01
2.475613108887852465e-01 9.917496775698815270e-01
2.519503027412650087e-01 9.942502290142186672e-01
2.596166640556401006e-01 9.923054887651736600e-01
2.640169989937380945e-01 9.840833162555062685e-01
2.730327963557965809e-01 9.772995952240361994e-01
2.788348379869032279e-01 9.936662678984752306e-01
2.845323383273592466e-01 9.980834096714061854e-01
2.921986996417343940e-01 9.961386694223612892e-01
2.947197530739615878e-01 9.917496775698815270e-01
2.943548637614024077e-01 9.745003646125374175e-01
2.895891881943413182e-01 9.572510516551934190e-01
2.899351403743434252e-01 9.495846903408182715e-01
2.959707125224774193e-01 9.438349193550369387e-01
2.998650609561095415e-01 9.346302421190273435e-01
3.056148319418908743e-01 9.313252824805666741e-01
3.076169843387254188e-01 9.342519677120680877e-01
2.971246730301376759e-01 9.630008226409747518e-01
2.968796029442615225e-01 9.764169549411312321e-01
3.036982416132970597e-01 9.808340967140621869e-01
3.113646029276722071e-01 9.788893564650171797e-01
3.215520176742744929e-01 9.572510516551934190e-01
3.228154180264740103e-01 9.476681000122244569e-01
3.286139158850162056e-01 9.395886804373766443e-01
3.343636868707975385e-01 9.396447267738956555e-01
3.363298441906480418e-01 9.419183290264432351e-01
3.414255850815393067e-01 9.936662678984752306e-01
3.439466385137664450e-01 9.980552597509551038e-01
3.516129998281415370e-01 1.000000000000000000e+00
3.573105001685976112e-01 9.955828582270690452e-01
3.592793611425166844e-01 9.666565412306999949e-01
3.611959514711104990e-01 9.657496166648789071e-01
3.746120837712669238e-01 9.790025437806493258e-01
3.822784450856420713e-01 9.808340967140621869e-01
3.956945773857984960e-01 9.750561758078295505e-01
3.981951288301356917e-01 9.668340032981623811e-01
3.600349400220584917e-01 9.131694740975364599e-01
3.451219061680928513e-01 8.978367514687861650e-01
3.407953217234824805e-01 8.901703901544111286e-01
3.286139158850162056e-01 8.814415711578807988e-01
3.167949421920212560e-01 8.652547158826919826e-01
3.053477660764310486e-01 8.384224512823790221e-01
3.153092132551268412e-01 8.250063189822225418e-01
3.228641448992348728e-01 8.205002927841458238e-01
3.514471410497055914e-01 7.828413317531595084e-01
3.579580753856831388e-01 7.655920187958153988e-01
3.578332066218504748e-01 7.598422478100340660e-01
3.615370395804364811e-01 7.540924768242527332e-01
3.629083149614115156e-01 7.425929348526900675e-01
3.713538802126575278e-01 7.272602122239397726e-01
3.722619789635864818e-01 7.195938509095647362e-01
3.777577918105893273e-01 7.157606702523771069e-01
3.812755780532383065e-01 7.100108992665957741e-01
3.918613967286109778e-01 7.018653903700722285e-01
4.148604806717363092e-01 7.010913827373709273e-01
4.570254679007994536e-01 6.930243446607524671e-01
4.934406841440812652e-01 6.778920396765784062e-01
5.317724907159568914e-01 6.580311147902984104e-01
5.662711166306448884e-01 6.464744087702766207e-01
6.084361038597081439e-01 6.384041359898267043e-01
6.506010910887712884e-01 6.348595956790006323e-01
7.234315235753349116e-01 6.361363541383355802e-01
7.483471978470540575e-01 6.340107212365886369e-01
7.751794624473669071e-01 6.275807029411983873e-01
7.905121850761172020e-01 6.201039611473974089e-01
8.422601239481493085e-01 5.871539099623852564e-01
8.575928465768994924e-01 5.799394431269411232e-01
8.901748821629937858e-01 5.564005403169147712e-01
9.043219175545631483e-01 5.298514083787805307e-01
9.119208108912693067e-01 5.030191437784675701e-01
9.159630341216100646e-01 4.723536985209670913e-01
9.156950195383464219e-01 4.416882532634666125e-01
9.131739661061191171e-01 4.372992614109867948e-01
9.055076047917439697e-01 4.353545211619418431e-01
9.011186129392642075e-01 4.378550726062790388e-01
8.983363626455889150e-01 4.493546145778417045e-01
8.959246531487751186e-01 4.521479430354730100e-01
8.920914724915876004e-01 4.499295916764198822e-01
8.698232916398751513e-01 4.014398563629972272e-01
8.632269612497484035e-01 3.918569047200283206e-01
8.595590038967499957e-01 3.822739530770594141e-01
8.402948067467945759e-01 3.496919174909651762e-01
8.382260104339316342e-01 3.381923755194025105e-01
8.403270112891365606e-01 3.305260142050273631e-01
8.496013494032094160e-01 3.132767012476833646e-01
8.729255692056496763e-01 2.809715064868304468e-01
8.838860701472954773e-01 2.730283043472139237e-01
8.978908104686256220e-01 2.557789913898699252e-01
9.003622969095961270e-01 2.481126300754948333e-01
9.048146836729447084e-01 1.561162943029933969e-01
9.252484851762599050e-01 6.603654885908571970e-02
9.151376857050881330e-01 3.345451327299148181e-02
9.197676089529976950e-01 1.620520031564742780e-02
9.176761452742309144e-01 1.045542932986609497e-02
9.131739661061191171e-01 6.572681681421888022e-03
