2.639087018544935548e-01 0.000000000000000000e+00
2.339514978601996975e-01 1.426533523537776293e-03
2.175463623395149648e-01 1.069900142653351649e-02
2.161198288159771885e-01 2.068473609129817259e-02
2.097004279600570564e-01 2.139800285306703298e-02
2.039942938659058402e-01 3.708987161198290528e-02
1.997146932952924558e-01 1.141226818830243239e-02
1.940085592011412396e-01 1.141226818830243239e-02
1.847360912981454995e-01 2.496433666191155698e-02
1.818830242510698914e-01 5.777460770328102235e-02
1.875891583452211075e-01 7.489300998573467094e-02
1.576319543509272503e-01 1.519258202567760341e-01
1.134094151212553525e-01 2.132667617689015804e-01
1.412268188302425176e-01 2.938659058487874676e-01
1.069900142653352204e-01 2.681883024251069947e-01
9.700427960057061982e-02 2.553495007132667860e-01
6.633380884450784665e-02 2.075606276747503642e-01
6.490727532097007035e-02 1.804564907275321151e-01
7.489300998573467094e-02 1.077032810271041363e-01
1.069900142653352204e-01 7.560627674750358684e-02
1.390870185449358254e-01 5.634807417974324606e-02
1.255349500713267008e-01 4.279600570613412147e-02
8.131241084165480304e-02 4.279600570613412147e-02
6.633380884450784665e-02 5.206847360912980616e-02
6.776034236804562294e-02 6.776034236804562294e-02
5.563480741797433016e-02 7.275320970042797875e-02
4.707560627674750586e-02 5.135520684736089025e-02
3.637660485021398937e-02 5.349500713266763796e-02
3.637660485021398937e-02 5.777460770328102235e-02
2.496433666191155698e-02 5.920114122681885416e-02
2.496433666191155698e-02 7.774607703281027904e-02
3.067047075606277318e-02 8.773181169757487963e-02
2.781740370898716508e-02 1.062767475035663600e-01
3.495007132667615757e-02 1.291012838801711693e-01
3.209700427960054947e-02 2.146932952924393567e-01
2.639087018544933327e-02 2.303851640513552290e-01
2.496433666191155698e-02 2.831669044222538956e-01
8.559201141226818743e-02 3.281027104136947092e-01
1.019971469329529201e-01 3.502139800285306581e-01
1.019971469329529201e-01 3.630527817403709223e-01
6.776034236804562294e-02 4.158345221112695889e-01
4.921540656205419806e-02 4.714693295292439190e-01
4.778887303851642177e-02 5.028530670470755526e-01
6.205420827389446226e-02 5.370898716119828498e-01
8.987161198288157182e-02 5.577746077032810224e-01
1.583452211126961662e-01 5.820256776034237189e-01
1.925820256776034078e-01 5.877318116975749351e-01
3.252496433666191011e-01 5.820256776034237189e-01
3.466476462196861341e-01 5.877318116975749351e-01
4.065620542082739042e-01 5.848787446504992715e-01
4.664764621968616187e-01 5.920114122681883195e-01
4.921540656205420916e-01 6.048502139800284727e-01
5.263908701854493888e-01 6.091298145506419681e-01
6.148359486447931843e-01 5.877318116975749351e-01
6.904422253922967156e-01 6.134094151212553525e-01
7.175463623395149648e-01 6.348074179743223855e-01
7.310984308131240894e-01 6.597717546362339425e-01
7.111269614835948882e-01 6.825962910128388073e-01
6.968616262482167922e-01 7.239657631954350414e-01
6.519258202567760341e-01 7.346647646219686134e-01
6.134094151212553525e-01 7.532097004279600938e-01
5.870185449358059637e-01 7.738944365192581554e-01
5.741797432239658106e-01 7.938659058487874676e-01
5.570613409415121620e-01 8.409415121255350289e-01
5.427960057061340660e-01 9.051355206847360169e-01
5.320970042796006050e-01 9.186875891583452525e-01
4.957203994293866156e-01 9.393723252496433140e-01
4.757489300998573589e-01 9.664764621968615632e-01
4.764621968616262748e-01 9.743223965763194716e-01
4.850213980028530436e-01 9.743223965763194716e-01
5.021398002853066922e-01 9.572039942938659340e-01
5.206847360912981726e-01 9.500713266761768860e-01
5.406562054208273738e-01 9.500713266761768860e-01
5.513552068473609458e-01 9.650499286733238424e-01
5.513552068473609458e-01 9.821683309557773800e-01
5.620542082738944067e-01 9.843081312410841832e-01
5.670470756062767625e-01 9.736091298145506112e-01
5.656205420827389307e-01 9.336661911554922089e-01
5.827389443651925793e-01 8.737517831669043833e-01
5.977175463623395357e-01 8.701854493580598593e-01
6.084165477888729967e-01 8.780313837375177677e-01
6.184022824536377083e-01 8.965763195435092481e-01
6.155492154065620447e-01 9.450784593437946413e-01
6.012838801711840597e-01 9.793152639087018274e-01
6.105563480741797999e-01 9.814550641940085196e-01
6.198288159771754291e-01 9.736091298145506112e-01
6.433666191155491543e-01 9.300998573466476849e-01
6.533523537803138659e-01 9.229671897289586369e-01
6.654778887303851587e-01 9.293865905848788245e-01
6.811697574893009755e-01 9.593437945791726262e-01
6.704707560627675145e-01 9.600570613409414866e-01
6.683309557774608223e-01 9.693295292439372268e-01
6.790299572039942833e-01 9.743223965763194716e-01
7.189728958630527966e-01 9.728958630527817508e-01
7.275320970042795654e-01 9.957203994293866156e-01
7.360912981455064452e-01 9.957203994293866156e-01
7.510699001426532906e-01 9.750356633380884430e-01
7.610556348074180022e-01 9.293865905848788245e-01
7.746077032810271268e-01 9.215406562054208051e-01
7.967189728958630202e-01 9.479315263908701938e-01
7.952924393723252994e-01 9.579172610556347944e-01
7.824536376604850352e-01 9.721825962910128904e-01
7.824536376604850352e-01 9.793152639087018274e-01
7.902995720399429436e-01 9.814550641940085196e-01
8.074179743223965922e-01 9.643366619115549820e-01
8.081312410841654525e-01 9.821683309557773800e-01
8.009985734664764045e-01 9.907275320970042598e-01
8.045649072753209285e-01 1.000000000000000000e+00
8.195435092724678849e-01 9.907275320970042598e-01
8.252496433666191011e-01 9.778887303851639956e-01
8.166904422253922213e-01 9.222539229671897765e-01
7.938659058487874676e-01 8.808844507845934313e-01
7.938659058487874676e-01 8.594864479315263983e-01
8.031383737517832078e-01 8.459343794579172737e-01
8.024251069900143474e-01 8.651925820256776145e-01
8.088445078459343129e-01 8.659058487874464749e-01
8.166904422253922213e-01 8.580599144079885665e-01
8.223965763195435485e-01 8.281027104136946537e-01
8.359486447931525621e-01 8.102710413694722558e-01
8.480741797432239659e-01 8.338088445078459809e-01
8.544935805991440425e-01 8.701854493580598593e-01
8.637660485021397827e-01 8.609129814550642301e-01
8.580599144079885665e-01 8.138373751783166687e-01
8.452211126961484133e-01 7.895863052781739722e-01
8.480741797432239659e-01 7.710413694721826028e-01
8.659058487874464749e-01 7.674750356633380788e-01
8.787446504992867391e-01 7.974322396576318805e-01
8.908701854493581429e-01 7.938659058487874676e-01
8.972895863052781085e-01 7.774607703281026794e-01
9.236804564907274973e-01 8.038516405135520682e-01
9.258202567760343005e-01 8.188302425106990245e-01
9.315263908701854056e-01 8.174037089871611927e-01
9.350927246790299296e-01 8.238231098430812693e-01
9.293865905848788245e-01 8.252496433666191011e-01
9.300998573466476849e-01 8.302425106990014569e-01
9.358059914407987900e-01 8.273894436519257933e-01
9.407988587731811458e-01 8.580599144079885665e-01
9.372325249643367329e-01 8.716119828815976911e-01
9.322396576319543771e-01 8.723252496433666625e-01
9.350927246790299296e-01 8.851640513552068157e-01
9.429386590584878380e-01 8.873038516405136189e-01
9.522111269614835782e-01 8.737517831669043833e-01
9.586305278174036548e-01 8.245363766048502407e-01
9.643366619115549820e-01 8.245363766048502407e-01
9.750356633380884430e-01 8.124108416547788369e-01
9.736091298145506112e-01 7.895863052781739722e-01
9.586305278174036548e-01 7.731811697574892950e-01
9.258202567760343005e-01 7.631954350927246944e-01
9.108416547788873441e-01 7.524964336661912334e-01
8.980028530670470799e-01 7.325249643366619212e-01
9.065620542082739597e-01 7.296718972895863686e-01
9.051355206847360169e-01 7.182596291012839362e-01
8.937232524964335845e-01 7.082738944365192246e-01
8.980028530670470799e-01 6.954350927246790715e-01
8.865905848787446475e-01 6.897289586305278553e-01
8.887303851640513397e-01 6.776034236804564515e-01
8.680456490727532781e-01 6.754636233951497593e-01
8.815977175463622917e-01 6.676176890156918509e-01
8.844507845934379553e-01 6.576319543509272503e-01
9.158345221112695889e-01 6.519258202567760341e-01
9.507845934379457464e-01 6.340941512125535251e-01
9.636233951497860106e-01 5.984308131241083961e-01
9.536376604850214100e-01 5.813124108416547475e-01
9.329529243937232375e-01 5.649072753209700704e-01
9.215406562054208051e-01 5.634807417974322385e-01
9.044222539229671565e-01 5.706134094151212865e-01
8.445078459343794419e-01 5.534950071326676380e-01
8.116975748930099765e-01 5.549215406562054698e-01
8.059914407988587604e-01 5.463623395149785900e-01
7.788873038516405112e-01 5.378031383737518212e-01
7.788873038516405112e-01 5.249643366619115570e-01
7.738944365192581554e-01 5.228245363766048648e-01
7.824536376604850352e-01 5.142653352353779850e-01
7.824536376604850352e-01 4.985734664764622237e-01
7.781740370898715398e-01 4.971469329529243919e-01
7.796005706134094826e-01 4.885877318116975676e-01
7.724679029957204346e-01 4.828815977175463514e-01
7.753209700427959872e-01 4.671897289586305346e-01
7.710413694721826028e-01 4.657631954350927028e-01
7.710413694721826028e-01 4.557774607703281022e-01
7.560627674750356464e-01 4.522111269614835782e-01
7.574893009985734782e-01 4.436519258202567539e-01
7.503566333808844302e-01 4.436519258202567539e-01
7.453637660485021854e-01 4.172610556348074207e-01
7.303851640513552290e-01 4.079885877318116805e-01
7.289586305278173972e-01 4.122681883024251204e-01
7.196861626248216570e-01 3.972895863052781640e-01
7.039942938659058402e-01 3.887303851640513397e-01
7.082738944365192246e-01 3.873038516405135634e-01
7.032810271041369798e-01 3.723252496433666070e-01
6.733238231098430671e-01 3.723252496433666070e-01
6.547788873038515867e-01 3.808844507845934313e-01
6.533523537803138659e-01 3.865905848787446475e-01
6.155492154065620447e-01 3.559201141226818743e-01
6.155492154065620447e-01 3.373751783166904494e-01
6.398002853067047413e-01 2.931526390870185517e-01
6.683309557774608223e-01 2.603423680456490863e-01
6.811697574893009755e-01 1.790299572039942833e-01
6.954350927246790715e-01 1.362339514978602173e-01
7.203994293865905174e-01 9.700427960057061982e-02
7.489300998573467094e-01 7.132667617689014694e-02
7.767475035663338190e-01 6.062767475035663045e-02
7.767475035663338190e-01 5.492154065620541425e-02
7.646219686162625262e-01 4.564907275320967406e-02
7.417974322396576614e-01 3.994293865905851337e-02
7.075606276747503642e-01 4.422253922967189776e-02
6.968616262482167922e-01 5.492154065620541425e-02
6.968616262482167922e-01 7.203994293865906284e-02
6.840228245363766391e-01 6.205420827389446226e-02
6.840228245363766391e-01 5.206847360912980616e-02
6.761768901569187307e-01 4.707560627674750586e-02
6.676176890156918509e-01 6.276747503566332265e-02
6.604850213980029139e-01 6.134094151212554635e-02
6.611982881597717743e-01 8.630527817403710333e-02
6.740370898716119274e-01 1.105563480741797444e-01
6.654778887303851587e-01 1.276747503566333930e-01
6.669044222539229905e-01 1.348074179743223855e-01
6.426533523537802939e-01 1.918687589158345475e-01
6.269614835948644771e-01 2.104136947218259723e-01
6.141226818830242129e-01 2.446504992867332140e-01
6.005706134094150883e-01 2.596291012838801704e-01
5.984308131241083961e-01 2.218259629101284047e-01
5.898716119828816273e-01 1.875891583452211075e-01
5.741797432239658106e-01 1.647646219686162428e-01
5.656205420827389307e-01 1.034236804564907519e-01
5.991440798858773675e-01 5.420827389443649835e-02
6.241084165477888135e-01 3.495007132667615757e-02
6.241084165477888135e-01 2.639087018544933327e-02
6.148359486447931843e-01 2.282453637660486478e-02
6.077032810271041363e-01 2.995720399429385727e-02
6.126961483594864921e-01 1.925820256776034078e-02
5.677603423680456229e-01 1.711840228245364859e-02
5.492154065620542536e-01 2.710413694721824918e-02
5.370898716119828498e-01 4.350927246790298186e-02
5.349500713266761576e-01 5.563480741797433016e-02
5.278174037089871096e-01 3.423680456490729718e-02
5.128388017118402642e-01 4.065620542082737376e-02
5.142653352353779850e-01 6.490727532097007035e-02
5.328102710413694654e-01 1.077032810271041363e-01
5.499286733238231140e-01 2.417974322396576059e-01
5.335235378031383258e-01 3.409415121255349179e-01
4.094151212553495123e-01 3.109843081312411162e-01
3.437945791726105815e-01 3.124108416547788925e-01
3.281027104136947092e-01 3.195435092724678849e-01
2.767475035663338190e-01 3.266761768901569329e-01
2.639087018544935548e-01 3.437945791726105815e-01
2.446504992867332140e-01 3.502139800285306581e-01
1.975748930099857081e-01 2.617689015691868626e-01
1.847360912981454995e-01 2.032810271041369243e-01
1.875891583452211075e-01 1.647646219686162428e-01
2.047075606276747561e-01 1.191155492154065687e-01
2.325249643366619212e-01 7.132667617689014694e-02
2.860199714693295592e-01 2.353780313837372518e-02
2.874465049928673355e-01 1.069900142653351649e-02
2.767475035663338190e-01 1.141226818830243239e-02
2.760342368045649031e-01 4.992867332382300294e-03
