2.479388444893704802e-01 6.093912318586836019e-02
2.416053321540259646e-01 7.913678352428749063e-02
2.586688836928271451e-01 8.305376870923869559e-02
2.512591014625517594e-01 1.006802020415190624e-01
2.574159569495702016e-01 1.124311575963726773e-01
2.518558296743216851e-01 1.352455127959554804e-01
2.244369333796633059e-01 1.439365240118695155e-01
2.205199481947121010e-01 1.594127242181452853e-01
2.367940890226640782e-01 1.653104575932138331e-01
2.336418485642985932e-01 1.829368909254941999e-01
2.536380579334744922e-01 2.064388020352013742e-01
2.596898000442240395e-01 2.375669646034877514e-01
2.734836659757117205e-01 2.456086538847133127e-01
2.772958324119995099e-01 2.612765946245181325e-01
2.621379157848185981e-01 2.671520724019448845e-01
2.599142106537785657e-01 2.945709686966032637e-01
2.773162333765044618e-01 2.984707741219713717e-01
2.831917111539312693e-01 3.236154138430163418e-01
2.969011593012604311e-01 3.217821460799384359e-01
2.986148403196765555e-01 3.435332835084932146e-01
2.832756465507516586e-01 3.533257464708712270e-01
3.104473997325499779e-01 3.827031353580051531e-01
3.426185207001271049e-01 4.022880612827611224e-01
3.399879963357235746e-01 4.106116548007824330e-01
3.301955333733456177e-01 4.094742225643830946e-01
3.145275926335407979e-01 4.181325874202481696e-01
3.079086130386001763e-01 4.159975094300903398e-01
3.066936222636383880e-01 3.985954867073643881e-01
2.851502037464068717e-01 4.006723048939687670e-01
2.773162333765044618e-01 3.902450498149945268e-01
2.440218593044192752e-01 3.882865572225189243e-01
2.399730525026668726e-01 3.964125835053343705e-01
2.126859778248096911e-01 4.131656350058350857e-01
2.048520074549073366e-01 3.965921119929778915e-01
1.852670815301513674e-01 4.030563929921169297e-01
1.656821556053953981e-01 3.938267612543314145e-01
1.363047667182614164e-01 3.962832490888500425e-01
1.307331929638049783e-01 4.062050464677123274e-01
1.423465316025965266e-01 4.120805242451391348e-01
1.497370696874100737e-01 4.297069575774195016e-01
1.343462741257858140e-01 4.396760059374797414e-01
1.282784443973123412e-01 4.375409279473219115e-01
1.265123037558834040e-01 4.260551849310327821e-01
1.069273778311274348e-01 4.391110987326687365e-01
9.517642227627387541e-02 4.335436766725150881e-01
5.992355561171308631e-02 4.489219460124856953e-01
5.013109264933512943e-02 4.433998083298972270e-01
3.662112059938771313e-02 4.727937946118826451e-01
1.683671857724994281e-02 4.851758200020894196e-01
5.551115123125782702e-17 5.139221390538701861e-01
9.002748207347532894e-03 5.155476879056249961e-01
1.291973339229873785e-02 5.284036852424638386e-01
3.446315190953030960e-02 5.333601780341905574e-01
5.013109264933512943e-02 5.290239530286625635e-01
6.188204820418868879e-02 5.390955222899143084e-01
6.971601857409109870e-02 5.355499753552602771e-01
8.930094449884706798e-02 5.456155231495665170e-01
1.037098542863461037e-01 5.452580205334798258e-01
9.973971001674197812e-02 5.609259612732845346e-01
8.961143722692244129e-02 5.707184242356625470e-01
9.909340746122502486e-02 5.841173796549163910e-01
1.715576333828221500e-01 5.889643807349504989e-01
1.735977298333176155e-01 5.942203353453696657e-01
1.637761226359325528e-01 6.079297834926988831e-01
1.656821556053953981e-01 6.209211176894536832e-01
1.754746185677733550e-01 6.242653921617566937e-01
1.989765296774805292e-01 6.171561196900644530e-01
2.068105000473829391e-01 6.202162643658075680e-01
2.342293963420413183e-01 6.033854686492203800e-01
2.758893316305579546e-01 6.040127983077476781e-01
2.691214880553565725e-01 6.275147094174549078e-01
2.767501066114919639e-01 6.470996353422108216e-01
2.307078760074938728e-01 6.999789353390519775e-01
2.250818028918198932e-01 7.215223538562836048e-01
2.537504583779122136e-01 7.176053686713323998e-01
2.503068400784546066e-01 7.411072797810395185e-01
2.272641122026723970e-01 7.763601464456002521e-01
2.236317753138677977e-01 8.037790427402586868e-01
2.347734220621733869e-01 8.116130131101610967e-01
2.306995550416492402e-01 8.272809538499659165e-01
2.387710731297649214e-01 8.331564316273926130e-01
2.383832959535016616e-01 8.449073871822462278e-01
2.191829003671566523e-01 8.782017612543313589e-01
2.251313080260864963e-01 8.840772390317581664e-01
2.244369333796633059e-01 9.216371435806758328e-01
2.521006412483811632e-01 9.075791501414653961e-01
2.694822630066020519e-01 8.877947481193275703e-01
2.812332185614556668e-01 8.848388750399431846e-01
2.835793294795253550e-01 8.938697019941361788e-01
3.047351296711627855e-01 8.895709767276007707e-01
3.106106074485895929e-01 8.980021213642597200e-01
3.357445957186931396e-01 8.821187464392825639e-01
3.595729222604795439e-01 8.466995926678135831e-01
3.674068926303819538e-01 8.442897087492347019e-01
3.822179928609786281e-01 8.507828649596730353e-01
3.813234890326844817e-01 8.664508056994777441e-01
3.909088037400891280e-01 8.702131730481810212e-01
4.047948372851005727e-01 8.527413575521486377e-01
4.063680526462694620e-01 8.351149242198682154e-01
4.352546717268580001e-01 7.763601464456002521e-01
4.473786734898022033e-01 7.665676834832222397e-01
4.555390592917838433e-01 7.485673561105602447e-01
4.614145370692106507e-01 7.646907947487665558e-01
4.792462962377989077e-01 7.430657723735151210e-01
4.764647993760038891e-01 7.254393390412348097e-01
4.868749407713933719e-01 6.983309354746517483e-01
4.986258963262469868e-01 6.895687939436625502e-01
5.065442844803078604e-01 6.941034575616251701e-01
4.963099011176845821e-01 7.176053686713323998e-01
5.103768518811006016e-01 7.609133258372040576e-01
5.240863000284297080e-01 7.419396391328416662e-01
5.358926846189194793e-01 7.450242649659907235e-01
5.402687600086306663e-01 7.763601464456002521e-01
5.504228714693516489e-01 7.881111020004538670e-01
5.472781164776615581e-01 7.998620575553074818e-01
5.652146444704173600e-01 8.280593291110780463e-01
5.789240926177464663e-01 8.252718105869951692e-01
6.088178113701694372e-01 8.507828649596730353e-01
6.162753442028168216e-01 8.723262834769045515e-01
6.474713333543924421e-01 9.122759055252726013e-01
6.572637963167704545e-01 9.092438688450695805e-01
6.709732444640995608e-01 8.847067545079110307e-01
6.788072148340019707e-01 8.938172423711234771e-01
6.925166629813311880e-01 8.873765457836977344e-01
7.004688182490553805e-01 8.919112094016605763e-01
6.975607052242165373e-01 9.095376427339409986e-01
7.140600814985627043e-01 9.130139670855851319e-01
7.395204852007455365e-01 9.390608768141316398e-01
7.495182739994314947e-01 9.232470908812701049e-01
7.494895335608057207e-01 9.114961353264166011e-01
7.376126432787649678e-01 8.977866871790873837e-01
7.415457445861464159e-01 8.860357316242337689e-01
7.349858215827826946e-01 8.742847760693801540e-01
7.434374703856967415e-01 8.549827435190928693e-01
7.512714407555991514e-01 8.521752307871361953e-01
7.688978740878794627e-01 8.656043385620519892e-01
7.776468778821352679e-01 8.507828649596730353e-01
7.669568680364080571e-01 8.370734168123438179e-01
7.673831024733865913e-01 8.233639686650147116e-01
7.504383506229788114e-01 7.959450723703562769e-01
7.525836307925577451e-01 7.841941168155026620e-01
7.368414151450005667e-01 7.763601464456002521e-01
7.315127775847364289e-01 7.548167279283687359e-01
7.513827187438080202e-01 7.391487871885639160e-01
7.564785440768635461e-01 7.254393390412348097e-01
7.493129481631235489e-01 7.136712037267980424e-01
7.316865148308431266e-01 7.071383138159905712e-01
7.254793568563034922e-01 6.803940094142959527e-01
7.421448652746627239e-01 6.647260686744912439e-01
7.336450074233187291e-01 6.601491566377275522e-01
7.293882837274278108e-01 6.451411427497352191e-01
7.127211120730947425e-01 6.373071723798329202e-01
7.121015889060871018e-01 6.216127655239135352e-01
6.945839607178331265e-01 6.216392316400281004e-01
7.199355592759895117e-01 6.080521892797285943e-01
7.277695296458919216e-01 6.163708865662687053e-01
7.884828000126353764e-01 6.306513577100916201e-01
7.989588877478587259e-01 6.235977242325037029e-01
8.012130018637269036e-01 6.138052612701256905e-01
8.178601888997694136e-01 6.038390610616409804e-01
8.354866222320498359e-01 6.122802055628701057e-01
8.511545629718546557e-01 6.093221493201620431e-01
8.668225037116593645e-01 6.157809336221843344e-01
8.746564740815616634e-01 6.085010104988375357e-01
8.844489370439396758e-01 6.169584343440114305e-01
8.907748681176359540e-01 5.942203353453696657e-01
8.746564740815616634e-01 5.906297655924978018e-01
8.669480481086129231e-01 5.687599316431869445e-01
8.805319518589884709e-01 5.626159508490498062e-01
9.001168777837444956e-01 5.661111506779534785e-01
9.138263259310737130e-01 5.570264626293376375e-01
9.275357740784029303e-01 5.633536760493741413e-01
9.471207000031588441e-01 5.509702905948669072e-01
9.510376851881100491e-01 5.668186188102943834e-01
9.660264712385886465e-01 5.530919909033821247e-01
9.615186807025302151e-01 5.413410353485286208e-01
9.703253399157938386e-01 5.158806316463457886e-01
9.882490444451463851e-01 4.920760444087106666e-01
1.000000000000000000e+00 4.908958618594785328e-01
1.000000000000000000e+00 4.781796492411905519e-01
9.725811037053415653e-01 4.771056371743490621e-01
9.651551526255383040e-01 4.649598242419802352e-01
9.471207000031588441e-01 4.604552912792863606e-01
9.236187888934517254e-01 4.675456464929831912e-01
9.118678333385981105e-01 4.561634911326717390e-01
8.816540049067610463e-01 4.512503760946510734e-01
8.871456306905022293e-01 4.316654501698951041e-01
8.766149666740372659e-01 4.124652281472325210e-01
8.648640111191837621e-01 4.199634569298533737e-01
8.531130555643301472e-01 4.151351880647465853e-01
8.374451148245254384e-01 4.174816795978257278e-01
8.101101539266873930e-01 4.081635390601879299e-01
8.085573490855102463e-01 3.924955983203831655e-01
7.865243074201597739e-01 3.903317798915996173e-01
7.669393814954038602e-01 3.982216995441465457e-01
7.218940518684651142e-01 4.020827354464531767e-01
6.913707364644571252e-01 4.179560020225658867e-01
6.972462142418839326e-01 4.062050464677123274e-01
6.827242000189531757e-01 4.008033975433038520e-01
6.735490879824642674e-01 3.748691649881027432e-01
6.964336481662823930e-01 3.488516039104743172e-01
7.081846037211358968e-01 3.501877072033818816e-01
7.418179476649957582e-01 3.082804168439324810e-01
7.156921586589590767e-01 3.004464464740300711e-01
7.156814565136450090e-01 2.847785057342252513e-01
7.336450074233187291e-01 2.688902345777669511e-01
7.538777424363551916e-01 2.338576983298597534e-01
7.594871512070857644e-01 2.005633242577745667e-01
7.429993865163271316e-01 1.946878464803477593e-01
7.408010380496717895e-01 1.692274427781649826e-01
7.688803875468752658e-01 1.320160835211286465e-01
7.610639037179770527e-01 1.236702344054655955e-01
7.611215064412850673e-01 1.143896501888482797e-01
7.758090931401731005e-01 1.006802020415190624e-01
7.649808889029282577e-01 8.325872723635818762e-02
7.551884259405503563e-01 8.595714807878590547e-02
7.473544555706479464e-01 8.088658428313866278e-02
7.160185740910383068e-01 1.046787910844901304e-01
6.964336481662823930e-01 8.136728897682921069e-02
6.376788703920144297e-01 1.282756837338597244e-01
6.241530309252297792e-01 1.261406057437018391e-01
6.200524370597340074e-01 1.060160951251005734e-01
6.024260037274536961e-01 1.064712620347874061e-01
5.781313694255539870e-01 1.555179946308358208e-01
5.786751316949740875e-01 1.711859353706405851e-01
5.612976592854661551e-01 2.041473657020048682e-01
5.377957481757589253e-01 1.920834680329068234e-01
5.084183592886249992e-01 2.318676171471829583e-01
5.221278074359541055e-01 2.316758688628036134e-01
5.242628854261119908e-01 2.377746835148109028e-01
5.139833443379763223e-01 2.514841316621401202e-01
4.986258963262469868e-01 2.535220226029593071e-01
4.940912327082842559e-01 2.299407131449085484e-01
4.997955516245310426e-01 2.103557872201525791e-01
4.809994629939666200e-01 2.075091410101589373e-01
4.692485074391130051e-01 2.312048310909609605e-01
4.563046518506607141e-01 2.240652353674817410e-01
4.478253472389632783e-01 1.966463390728233618e-01
4.503695497744354403e-01 1.809783983330185975e-01
4.398711185519790234e-01 1.793406933203450238e-01
4.300786555896010666e-01 1.544897860197861905e-01
4.202861926272231097e-01 1.558333451330141117e-01
4.171096131784516881e-01 1.476840242609334108e-01
3.909088037400891280e-01 1.487157301801839693e-01
3.872116493563341755e-01 1.300575909286530440e-01
3.731505487910075081e-01 1.241821131512262366e-01
3.733313327226206457e-01 1.065556798189458698e-01
3.567420102404466609e-01 9.676321685656791294e-02
3.584114906068021078e-01 8.501226130171429807e-02
3.380295037432479721e-01 8.093503581374239531e-02
3.328513680252632168e-01 1.026386946339946649e-01
3.223615630034432078e-01 1.124801199111845063e-01
2.772523694876193323e-01 8.892924648666550302e-02
2.779146616686497540e-01 7.521979833933634119e-02
2.655652778216508469e-01 6.512724377004680543e-02
2.518558296743216851e-01 6.923551541788314223e-02
