6.351022706037112719e-01 6.662530354859613757e-02
6.328566445030778809e-01 6.604465312905316576e-02
6.306110184024447118e-01 6.588690043578460109e-02
6.283653923018113208e-01 6.585387652254004465e-02
3.768552690308818454e-01 6.585387652254004465e-02
3.746096429302485653e-01 6.588690043578460109e-02
3.723640168296152853e-01 6.604465312905316576e-02
3.701183907289819497e-01 6.662530354859613757e-02
3.695569842038236574e-01 6.696017761623440645e-02
3.678727646283486141e-01 6.864439719170933873e-02
3.675378905607104008e-01 6.920580371686768650e-02
3.669572401411673734e-01 7.145142981750096656e-02
3.667994874478989198e-01 7.369705591813430212e-02
3.667664635346542523e-01 7.594268201876758217e-02
3.667664635346542523e-01 6.687879725859585678e-01
3.667334396214096959e-01 6.710335986865918478e-01
3.665772111087525209e-01 6.732792247872251279e-01
3.660014095444875659e-01 6.755248508878584079e-01
3.656271385277153341e-01 6.761523052395059796e-01
3.640089667787296257e-01 6.777704769884917990e-01
3.633815124270820540e-01 6.781447480052639198e-01
3.611358863264487740e-01 6.787205495695289859e-01
3.588902602258154939e-01 6.788767780821860498e-01
3.566446341251821583e-01 6.789098019954307173e-01
1.081821462765408803e-02 6.789098019954307173e-01
8.572588527020807980e-03 6.789428259086753847e-01
6.326962426387472416e-03 6.790804255471944995e-01
4.081336325754192362e-03 6.795783963067982825e-01
3.248281481970871631e-03 6.800161030891250791e-01
1.835710225120912309e-03 6.811108458131838184e-01
9.832040202508718352e-04 6.822617291897583591e-01
2.711346632042199722e-04 6.845073552903916392e-01
7.128971748049384161e-05 6.867529813910249192e-01
2.868297226754634721e-05 6.889986074916581993e-01
5.551115123125782702e-17 6.912442335922914793e-01
5.551115123125782702e-17 7.990342864226899211e-01
2.868297226754634721e-05 8.012799125233232012e-01
2.868297226754634721e-05 8.035255386239564812e-01
6.377088008996389945e-05 8.057711647245897613e-01
1.946757669658016887e-04 8.080167908252231523e-01
2.637719546776384760e-04 8.102624169258563214e-01
2.041225113795230861e-04 8.125080430264897124e-01
1.339466957347434928e-04 8.147536691271229925e-01
2.041225113795230861e-04 8.169992952277562726e-01
2.637719546776384760e-04 8.192449213283896636e-01
2.041225113795230861e-04 8.214905474290228327e-01
1.339466957347434928e-04 8.237361735296562237e-01
2.041225113795230861e-04 8.259817996302895038e-01
2.637719546776384760e-04 8.282274257309227838e-01
2.041225113795230861e-04 8.304730518315560639e-01
1.339466957347434928e-04 8.327186779321893439e-01
2.041225113795230861e-04 8.349643040328227350e-01
2.637719546776384760e-04 8.372099301334559041e-01
2.041225113795230861e-04 8.394555562340892951e-01
1.339466957347434928e-04 8.417011823347225752e-01
2.041225113795230861e-04 8.439468084353558552e-01
2.637719546776384760e-04 8.461924345359892463e-01
2.041225113795230861e-04 8.484380606366224153e-01
1.339466957347434928e-04 8.506836867372558064e-01
2.637719546776384760e-04 8.529293128378890865e-01
4.236877527529769871e-04 8.551749389385223665e-01
4.236877527529769871e-04 8.574205650391556466e-01
2.637719546776384760e-04 8.596661911397889266e-01
1.690346035571055339e-04 8.619118172404223177e-01
2.637719546776384760e-04 8.641574433410554867e-01
4.236877527529769871e-04 8.664030694416888778e-01
4.236877527529769871e-04 8.686486955423221579e-01
2.637719546776384760e-04 8.708943216429554379e-01
1.690346035571055339e-04 8.731399477435888290e-01
2.742983270243026794e-04 8.753855738442219980e-01
4.917370285297817389e-04 8.776311999448553891e-01
6.458635598599604677e-04 8.798768260454886692e-01
6.458635598599604677e-04 8.821224521461219492e-01
4.917370285297817389e-04 8.843680782467553403e-01
2.742983270243026794e-04 8.866137043473885093e-01
1.690346035571055339e-04 8.888593304480219004e-01
2.742983270243026794e-04 8.911049565486551804e-01
4.917370285297817389e-04 8.933505826492884605e-01
6.458635598599604677e-04 8.955962087499217406e-01
7.128971748042722822e-04 8.978418348505550206e-01
7.294091314265505055e-04 9.000874609511884117e-01
7.294091314265505055e-04 9.225437219575213232e-01
7.464139822763726784e-04 9.247893480581546033e-01
8.319834074136389646e-04 9.270349741587879944e-01
1.093204820879267736e-03 9.292806002594211634e-01
1.835710225120912309e-03 9.311987392203788794e-01
2.022845733506972721e-03 9.315262263600545545e-01
4.081336325754192362e-03 9.332553584575421501e-01
5.695380085584400565e-03 9.337718524606878345e-01
6.326962426387472416e-03 9.339375134025378333e-01
8.572588527020807980e-03 9.341104786187197639e-01
1.081821462765408803e-02 9.341461234774601774e-01
9.899111945037725180e-01 9.341461234774601774e-01
9.921568206044057980e-01 9.340435007793128630e-01
9.940281756882668462e-01 9.337718524606878345e-01
9.944024467050390781e-01 9.337127570369869733e-01
9.966480728056723581e-01 9.328691988320019224e-01
9.982788250930370033e-01 9.315262263600545545e-01
9.988936989063057492e-01 9.305697559838588262e-01
9.994643088171224488e-01 9.292806002594211634e-01
9.998634010861247035e-01 9.270349741587879944e-01
9.999829951491503444e-01 9.247893480581546033e-01
1.000000000000000000e+00 9.225437219575213232e-01
1.000000000000000000e+00 6.889986074916581993e-01
9.999669760867555546e-01 6.867529813910249192e-01
9.998092233934869899e-01 6.845073552903916392e-01
9.992285729739439626e-01 6.822617291897583591e-01
9.988936989063057492e-01 6.817003226646000114e-01
9.972094793308307059e-01 6.800161030891250791e-01
9.966480728056723581e-01 6.796812290214867547e-01
9.944024467050390781e-01 6.791005786019437274e-01
9.921568206044057980e-01 6.789428259086753847e-01
9.899111945037725180e-01 6.789098019954307173e-01
6.485760272075110633e-01 6.789098019954307173e-01
6.463304011068777832e-01 6.788767780821860498e-01
6.440847750062443922e-01 6.787205495695289859e-01
6.418391489056111121e-01 6.781447480052639198e-01
6.412116945539636514e-01 6.777704769884917990e-01
6.395935228049778321e-01 6.761523052395059796e-01
6.392192517882056002e-01 6.755248508878584079e-01
6.386434502239407562e-01 6.732792247872251279e-01
6.384872217112834702e-01 6.710335986865918478e-01
6.384541977980389138e-01 6.687879725859585678e-01
6.384541977980389138e-01 7.594268201876758217e-02
6.384211738847943574e-01 7.369705591813430212e-02
6.382634211915257927e-01 7.145142981750096656e-02
6.376827707719827654e-01 6.920580371686768650e-02
6.373478967043445520e-01 6.864439719170933873e-02
6.356636771288695087e-01 6.696017761623440645e-02
