8.054123711340206437e-01 1.546391752577319645e-02
4.961340206185567148e-01 4.123711340206185350e-01
3.994845360824742508e-01 2.667525773195876249e-01
3.969072164948453940e-01 2.590206185567009989e-01
3.505154639175257492e-01 1.920103092783504994e-01
3.479381443298968923e-01 1.842783505154639290e-01
2.783505154639175361e-01 8.118556701030926748e-02
7.023195876288659267e-01 7.989690721649483907e-02
7.474226804123711432e-01 1.932989690721648168e-02
7.461340206185567148e-01 1.546391752577319645e-02
1.920103092783504994e-01 1.546391752577319645e-02
1.907216494845360710e-01 1.932989690721648168e-02
4.587628865979381243e-01 4.523195876288659822e-01
4.574742268041236959e-01 4.587628865979381243e-01
2.744845360824742508e-01 4.974226804123711432e-01
2.641752577319587680e-01 4.974226804123711432e-01
9.664948453608246393e-02 5.335051546391752497e-01
9.536082474226803551e-02 5.296391752577319645e-01
1.082474226804123751e-01 4.961340206185567148e-01
1.082474226804123751e-01 4.884020618556700888e-01
1.211340206185567148e-01 4.548969072164948391e-01
1.211340206185567148e-01 4.471649484536082686e-01
1.340206185567010544e-01 4.136597938144329634e-01
1.340206185567010544e-01 4.059278350515463929e-01
1.469072164948453385e-01 3.724226804123711432e-01
1.469072164948453385e-01 3.646907216494845727e-01
1.597938144329896781e-01 3.311855670103092675e-01
1.597938144329896781e-01 3.234536082474226415e-01
1.726804123711340178e-01 2.899484536082473918e-01
1.726804123711340178e-01 2.822164948453608213e-01
1.829896907216495006e-01 2.564432989690721421e-01
1.829896907216495006e-01 2.487113402061855716e-01
1.881443298969072142e-01 2.409793814432989456e-01
1.881443298969072142e-01 2.332474226804123751e-01
1.958762886597938402e-01 2.152061855670103219e-01
1.958762886597938402e-01 2.074742268041236959e-01
2.087628865979381243e-01 1.739690721649484462e-01
2.087628865979381243e-01 1.662371134020618757e-01
2.216494845360824639e-01 1.327319587628865705e-01
2.216494845360824639e-01 1.224226804123711432e-01
1.610824742268041065e-01 5.670103092783507215e-02
1.572164948453608213e-01 5.798969072164950056e-02
1.572164948453608213e-01 6.572164948453607103e-02
1.520618556701031077e-01 7.603092783505155383e-02
1.520618556701031077e-01 8.376288659793812430e-02
1.469072164948453385e-01 9.407216494845360710e-02
1.469072164948453385e-01 1.018041237113402331e-01
1.417525773195876249e-01 1.121134020618556604e-01
1.417525773195876249e-01 1.198453608247422864e-01
1.365979381443299112e-01 1.301546391752577136e-01
1.365979381443299112e-01 1.378865979381443396e-01
1.314432989690721421e-01 1.481958762886597669e-01
1.314432989690721421e-01 1.559278350515463929e-01
1.262886597938144284e-01 1.662371134020618757e-01
1.262886597938144284e-01 1.739690721649484462e-01
1.211340206185567148e-01 1.842783505154639290e-01
1.211340206185567148e-01 1.920103092783504994e-01
1.159793814432989456e-01 2.023195876288659822e-01
1.159793814432989456e-01 2.100515463917525527e-01
1.108247422680412320e-01 2.203608247422680355e-01
1.108247422680412320e-01 2.280927835051546615e-01
1.056701030927835183e-01 2.384020618556700888e-01
1.056701030927835183e-01 2.461340206185567148e-01
1.005154639175257492e-01 2.564432989690721421e-01
1.005154639175257492e-01 2.641752577319587680e-01
9.536082474226803551e-02 2.744845360824742508e-01
9.536082474226803551e-02 2.822164948453608213e-01
9.020618556701032187e-02 2.925257731958762486e-01
9.020618556701032187e-02 3.002577319587628746e-01
8.505154639175255271e-02 3.105670103092783574e-01
8.505154639175255271e-02 3.182989690721649279e-01
7.989690721649483907e-02 3.286082474226804107e-01
7.989690721649483907e-02 3.363402061855670366e-01
7.474226804123712542e-02 3.466494845360824639e-01
7.474226804123712542e-02 3.543814432989690344e-01
6.958762886597935626e-02 3.646907216494845727e-01
6.958762886597935626e-02 3.724226804123711432e-01
6.443298969072164262e-02 3.827319587628865705e-01
6.443298969072164262e-02 3.904639175257731964e-01
5.927835051546392897e-02 4.007731958762886793e-01
5.927835051546392897e-02 4.085051546391752497e-01
5.412371134020615981e-02 4.188144329896907325e-01
5.412371134020615981e-02 4.265463917525773030e-01
4.896907216494844617e-02 4.368556701030927858e-01
4.896907216494844617e-02 4.445876288659793563e-01
4.381443298969073252e-02 4.548969072164948391e-01
4.381443298969073252e-02 4.626288659793814650e-01
3.865979381443296337e-02 4.729381443298968923e-01
3.865979381443296337e-02 4.806701030927835183e-01
3.350515463917524972e-02 4.909793814432989456e-01
3.350515463917524972e-02 4.987113402061855716e-01
2.835051546391753607e-02 5.090206185567009989e-01
2.835051546391753607e-02 5.167525773195876804e-01
2.319587628865976692e-02 5.270618556701031077e-01
2.319587628865976692e-02 5.347938144329896781e-01
1.804123711340205327e-02 5.451030927835051054e-01
1.546391752577319645e-02 5.631443298969072142e-01
0.000000000000000000e+00 6.146907216494845727e-01
3.865979381443285234e-03 6.159793814432990011e-01
1.378865979381443396e-01 5.850515463917526082e-01
1.481958762886597669e-01 5.850515463917526082e-01
1.971649484536082686e-01 5.721649484536082131e-01
2.074742268041236959e-01 5.721649484536082131e-01
2.925257731958762486e-01 5.515463917525773585e-01
3.028350515463917869e-01 5.515463917525773585e-01
3.518041237113401776e-01 5.386597938144329634e-01
3.621134020618556604e-01 5.386597938144329634e-01
4.342783505154639290e-01 5.206185567010309656e-01
4.445876288659793563e-01 5.206185567010309656e-01
4.471649484536082686e-01 5.180412371134021088e-01
4.574742268041236959e-01 5.180412371134021088e-01
4.600515463917526082e-01 5.154639175257731409e-01
4.600515463917526082e-01 8.865979381443298557e-01
1.250000000000000000e-01 6.288659793814432852e-01
6.829896907216492785e-02 6.494845360824742508e-01
5.927835051546392897e-02 6.559278350515463929e-01
6.314432989690721421e-02 6.623711340206185350e-01
4.987113402061855716e-01 9.845360824742268591e-01
5.025773195876288568e-01 9.703608247422680355e-01
5.000000000000000000e-01 9.677835051546391787e-01
5.025773195876288568e-01 9.626288659793814650e-01
5.000000000000000000e-01 9.600515463917524972e-01
5.025773195876288568e-01 9.574742268041236404e-01
5.025773195876288568e-01 8.981958762886597114e-01
5.051546391752577136e-01 8.956185567010308546e-01
5.025773195876288568e-01 8.930412371134019978e-01
5.051546391752577136e-01 8.853092783505154273e-01
5.025773195876288568e-01 8.827319587628865705e-01
5.051546391752577136e-01 8.801546391752577136e-01
5.051546391752577136e-01 8.182989690721649279e-01
5.077319587628865705e-01 8.131443298969072142e-01
5.051546391752577136e-01 8.105670103092783574e-01
5.077319587628865705e-01 8.028350515463917869e-01
5.051546391752577136e-01 8.002577319587629301e-01
5.077319587628865705e-01 7.976804123711340733e-01
5.077319587628865705e-01 7.409793814432990011e-01
5.103092783505154273e-01 7.358247422680412875e-01
5.077319587628865705e-01 7.332474226804124307e-01
5.103092783505154273e-01 7.255154639175257492e-01
5.077319587628865705e-01 7.229381443298968923e-01
5.103092783505154273e-01 7.203608247422680355e-01
5.103092783505154273e-01 6.610824742268041065e-01
5.128865979381442841e-01 6.533505154639175361e-01
5.103092783505154273e-01 6.507731958762886793e-01
5.128865979381442841e-01 6.481958762886598224e-01
5.128865979381442841e-01 5.837628865979381798e-01
5.154639175257731409e-01 5.786082474226803551e-01
5.128865979381442841e-01 5.760309278350514983e-01
5.154639175257731409e-01 5.682989690721649279e-01
5.128865979381442841e-01 5.657216494845360710e-01
5.154639175257731409e-01 5.631443298969072142e-01
5.154639175257731409e-01 5.064432989690721421e-01
5.180412371134021088e-01 5.038659793814432852e-01
5.154639175257731409e-01 5.012886597938144284e-01
5.193298969072165372e-01 4.974226804123711432e-01
5.863402061855670366e-01 5.206185567010309656e-01
5.940721649484536071e-01 5.257731958762886793e-01
6.146907216494845727e-01 5.309278350515463929e-01
6.224226804123711432e-01 5.360824742268041065e-01
6.507731958762886793e-01 5.438144329896906770e-01
6.585051546391752497e-01 5.489690721649485017e-01
6.791237113402062153e-01 5.541237113402062153e-01
6.868556701030927858e-01 5.592783505154639290e-01
7.074742268041237514e-01 5.644329896907216426e-01
7.152061855670103219e-01 5.695876288659793563e-01
7.358247422680412875e-01 5.747422680412370699e-01
7.435567010309278579e-01 5.798969072164947836e-01
7.641752577319587125e-01 5.850515463917526082e-01
7.719072164948452830e-01 5.902061855670103219e-01
8.002577319587629301e-01 5.979381443298968923e-01
8.079896907216495006e-01 6.030927835051546060e-01
8.286082474226803551e-01 6.082474226804124307e-01
8.363402061855670366e-01 6.134020618556701443e-01
8.917525773195875693e-01 6.327319587628865705e-01
5.335051546391752497e-01 8.956185567010308546e-01
5.347938144329896781e-01 9.561855670103092120e-01
1.000000000000000000e+00 6.146907216494845727e-01
9.961340206185567148e-01 6.108247422680412875e-01
9.574742268041236404e-01 6.005154639175257492e-01
8.621134020618557159e-01 5.670103092783504994e-01
8.543814432989691454e-01 5.670103092783504994e-01
7.590206185567009989e-01 5.335051546391752497e-01
7.512886597938144284e-01 5.335051546391752497e-01
6.636597938144329634e-01 5.025773195876288568e-01
6.559278350515463929e-01 5.025773195876288568e-01
5.605670103092783574e-01 4.690721649484536071e-01
5.219072164948453940e-01 4.587628865979381243e-01
5.206185567010309656e-01 4.548969072164948391e-01
7.770618556701031077e-01 1.443298969072164817e-01
7.989690721649485017e-01 2.100515463917525527e-01
7.989690721649485017e-01 2.177835051546391787e-01
8.144329896907216426e-01 2.590206185567009989e-01
8.144329896907216426e-01 2.667525773195876249e-01
8.298969072164947836e-01 3.079896907216495006e-01
8.298969072164947836e-01 3.157216494845360710e-01
8.453608247422680355e-01 3.569587628865979467e-01
8.453608247422680355e-01 3.646907216494845727e-01
8.608247422680412875e-01 4.059278350515463929e-01
8.608247422680412875e-01 4.136597938144329634e-01
8.788659793814432852e-01 4.626288659793814650e-01
8.788659793814432852e-01 4.703608247422680355e-01
8.969072164948452830e-01 5.193298969072165372e-01
8.994845360824742508e-01 5.347938144329896781e-01
9.085051546391752497e-01 5.463917525773196449e-01
9.677835051546391787e-01 5.747422680412370699e-01
9.690721649484536071e-01 5.657216494845360710e-01
9.639175257731958935e-01 5.554123711340206437e-01
9.639175257731958935e-01 5.476804123711340733e-01
9.587628865979380688e-01 5.373711340206185350e-01
9.587628865979380688e-01 5.296391752577319645e-01
9.536082474226803551e-01 5.193298969072165372e-01
9.536082474226803551e-01 5.115979381443298557e-01
9.484536082474226415e-01 5.012886597938144284e-01
9.484536082474226415e-01 4.935567010309278579e-01
9.432989690721649279e-01 4.832474226804123751e-01
9.432989690721649279e-01 4.755154639175257492e-01
9.355670103092783574e-01 4.574742268041236959e-01
9.355670103092783574e-01 4.497422680412371254e-01
9.304123711340206437e-01 4.394329896907216426e-01
9.304123711340206437e-01 4.317010309278350721e-01
9.252577319587629301e-01 4.213917525773195893e-01
9.252577319587629301e-01 4.136597938144329634e-01
9.201030927835052164e-01 4.033505154639175361e-01
9.201030927835052164e-01 3.956185567010309101e-01
9.149484536082475028e-01 3.853092783505154828e-01
9.149484536082475028e-01 3.775773195876288568e-01
9.072164948453608213e-01 3.595360824742268036e-01
9.072164948453608213e-01 3.518041237113401776e-01
9.020618556701031077e-01 3.414948453608247503e-01
9.020618556701031077e-01 3.337628865979381798e-01
8.969072164948452830e-01 3.234536082474226415e-01
8.969072164948452830e-01 3.157216494845360710e-01
8.917525773195875693e-01 3.054123711340206437e-01
8.917525773195875693e-01 2.976804123711340178e-01
8.840206185567009989e-01 2.796391752577319645e-01
8.840206185567009989e-01 2.719072164948453940e-01
8.788659793814432852e-01 2.615979381443298557e-01
8.788659793814432852e-01 2.538659793814432852e-01
8.737113402061855716e-01 2.435567010309278579e-01
8.737113402061855716e-01 2.358247422680412320e-01
8.685567010309278579e-01 2.255154639175257492e-01
8.685567010309278579e-01 2.177835051546391787e-01
8.634020618556701443e-01 2.074742268041236959e-01
8.634020618556701443e-01 1.997422680412371254e-01
8.556701030927835738e-01 1.817010309278350721e-01
8.556701030927835738e-01 1.739690721649484462e-01
8.505154639175257492e-01 1.636597938144329634e-01
8.505154639175257492e-01 1.559278350515463929e-01
8.453608247422680355e-01 1.456185567010309101e-01
8.453608247422680355e-01 1.378865979381443396e-01
8.402061855670103219e-01 1.275773195876288568e-01
8.402061855670103219e-01 1.198453608247422864e-01
8.350515463917524972e-01 1.095360824742268036e-01
8.350515463917524972e-01 1.018041237113402331e-01
8.273195876288659267e-01 8.376288659793812430e-02
8.092783505154639290e-01 1.675257731958762486e-02
