5.071114107793315284e-01 -1.110223024625156540e-16
4.859594107699913290e-01 1.035401810741637396e-02
4.718580774304312331e-01 4.269710839772400401e-03
4.364741761802387598e-01 1.431323862198519148e-02
4.342880964614603267e-01 3.781546085458536988e-02
4.460056329745710202e-01 4.043497937426054900e-02
4.486022494631728419e-01 4.956657197088548683e-02
4.363962566262417075e-01 7.071857198022563074e-02
4.390898151208796341e-01 8.952034976630579566e-02
4.335494551912928429e-01 1.083221275523859606e-01
4.340277460297107259e-01 1.529763497943263384e-01
4.487063269328785409e-01 1.600270164641063864e-01
4.363962566262417075e-01 1.858794609199665993e-01
4.396961902367421682e-01 2.046812387060467642e-01
4.337954940802904447e-01 2.258332387153869636e-01
4.342880964614603267e-01 2.704874609573273414e-01
4.460056329745710202e-01 2.731069794770025205e-01
4.486022494631728419e-01 2.822385720736274584e-01
4.365084234986104095e-01 3.033905720829676023e-01
4.391255469500275344e-01 3.221923498690477672e-01
4.342545218582709032e-01 3.307620626099592176e-01
4.131025218489307038e-01 3.241326496115065625e-01
4.039793864913668320e-01 3.057407943062276368e-01
3.281028181076933725e-01 2.281834609386469981e-01
3.050136652355448508e-01 2.140821275990868466e-01
2.979416329091897353e-01 1.969020031470560816e-01
2.624887523903900455e-01 1.717781275804065033e-01
2.579664894571943590e-01 1.600270164641063864e-01
1.992322995322689527e-01 1.031874029124374981e-01
1.851309661927088013e-01 1.210179358368591584e-01
1.537577167029641756e-01 1.435754609012862559e-01
1.451771883972884924e-01 1.646583367275894494e-01
1.190042590928019339e-01 1.764785720269265168e-01
1.131134423513839304e-01 2.070314609293067987e-01
1.310758550577283410e-01 2.081680438077686546e-01
1.383729159928502317e-01 2.164323498223468811e-01
1.376760624680502532e-01 2.305336831619069771e-01
1.428269661740284580e-01 2.342131294294698685e-01
1.616287439601086229e-01 2.283627151760143081e-01
1.676511884072124370e-01 2.328839053851670116e-01
1.629997069236769902e-01 2.563861276177672455e-01
1.804305217461887878e-01 2.586015010249385071e-01
1.882339939718568056e-01 2.657870165108072724e-01
1.898314106392288703e-01 2.844610648282320797e-01
2.109834106485690142e-01 2.777609935275889841e-01
2.162039862428597470e-01 2.822385720736274584e-01
2.136453970443022987e-01 3.057407943062276368e-01
2.390247875672694700e-01 3.127914609760076847e-01
2.414112877305631399e-01 3.268927943155678362e-01
2.581874022836688765e-01 3.339434609853478841e-01
2.814900773463696049e-01 3.665880476664294951e-01
2.957783601809618190e-01 3.715470165575082140e-01
3.026420773557098043e-01 3.895884283301807027e-01
3.196224329187634661e-01 3.950492387901083924e-01
3.210933834067424275e-01 4.138510165761885018e-01
3.449460773743901476e-01 4.132354821843823300e-01
3.504363506008582041e-01 4.209016832459686053e-01
3.214438551417899692e-01 4.368872464714182446e-01
3.096927440254898523e-01 4.302062515560881040e-01
2.697389662300695434e-01 4.396456686822964866e-01
2.297851884346491791e-01 4.401615551942096305e-01
2.250847439881291656e-01 4.257280324544490124e-01
2.039327439787889662e-01 4.368872464714182446e-01
1.945318550857488837e-01 4.304881159987397066e-01
1.169745217181682451e-01 4.406827202917404929e-01
1.095055951611978440e-01 4.350030165855287012e-01
1.099238550483881971e-01 4.272720224300681213e-01
8.877185503904799768e-02 4.368872464714182446e-01
7.702074392274788073e-02 4.302062515560881040e-01
3.706696612732757190e-02 4.396456686822964866e-01
1.356474389472733799e-02 4.371798617595318848e-01
8.382696533604849787e-03 4.420536832553087492e-01
1.846104019318567380e-02 4.538047943716088661e-01
9.370812858392640887e-03 5.219612388461494223e-01
1.604981493407608983e-02 5.360625721857095183e-01
1.073947675399988810e-02 5.548643499717896832e-01
3.001629945754752393e-02 5.646942476833614055e-01
5.351852169014770233e-02 5.595857785453032252e-01
6.291941058318778479e-02 5.665525087071096033e-01
1.028731883786080936e-01 5.572810879183496269e-01
1.146242994949082106e-01 5.686928896604357409e-01
1.310758550577283410e-01 5.582917573807105738e-01
1.475274106205484714e-01 5.643615594477502384e-01
1.616287439601086229e-01 5.587512559564120629e-01
1.851309661927088013e-01 5.668239485433790303e-01
2.109834106485690142e-01 5.563648764681787817e-01
2.297851884346491791e-01 5.686152115763023485e-01
2.485869662207293440e-01 5.582917573807105738e-01
2.603380773370294055e-01 5.643615594477502384e-01
2.861905217928896183e-01 5.595857785453032252e-01
2.955914106859297563e-01 5.665525087071096033e-01
3.332276082334131306e-01 5.572145721950497732e-01
3.476794880036164770e-01 5.736661277578698481e-01
2.962537460397575706e-01 6.042190166602501300e-01
3.047181069862561209e-01 6.136199055532902680e-01
2.631439548892888780e-01 6.441727944556704388e-01
2.604284704994625499e-01 6.535736833487105768e-01
1.874811884159688358e-01 7.291375246519189446e-01
1.710296328531487053e-01 7.378669214811703903e-01
1.460165534770241913e-01 7.663843500651914553e-01
1.086547350478276885e-01 7.945870167443117582e-01
1.288838208687261844e-01 8.039879056373517852e-01
1.357762995042484100e-01 8.272208315735368744e-01
1.475274106205484714e-01 8.294025636006440161e-01
1.851309661927088013e-01 8.725502975868191236e-01
1.961618479180098351e-01 8.744945723351524869e-01
2.039327439787889662e-01 8.855951755146573845e-01
2.611742140895353947e-01 8.298403500932121091e-01
2.747331884544970682e-01 7.992874611908318272e-01
3.002918551324497698e-01 7.883724868270376440e-01
3.186876854436031525e-01 7.546332389488914494e-01
3.472962995976501821e-01 7.413233069702249711e-01
4.248536329652308208e-01 6.558226028899334370e-01
4.342545218582709032e-01 6.553923076881379428e-01
4.396961902367421682e-01 6.700252389115306517e-01
4.339747334983590221e-01 6.864767944743508377e-01
4.342880964614603267e-01 7.358314611628112845e-01
4.480865589014158545e-01 7.405319056093313534e-01
4.365084234986104095e-01 7.687345722884515453e-01
4.340277460297107259e-01 8.509923501025522530e-01
4.487063269328785409e-01 8.580430167723323009e-01
4.363962566262417075e-01 8.838954612281925138e-01
4.396961902367421682e-01 9.026972390142726788e-01
4.337954940802904447e-01 9.238492390236128227e-01
4.340277460297107259e-01 9.661532390422931105e-01
4.480920547441998858e-01 9.732039057120732695e-01
4.496832955276353627e-01 9.826047946051132964e-01
4.718580774304312331e-01 1.000000000000000000e+00
5.165122996723715554e-01 9.855860950179524682e-01
5.306136330119317623e-01 9.959040679795926332e-01
5.546359863923026046e-01 9.802545723818533174e-01
5.665720330278100070e-01 9.308999056933928706e-01
5.604137163584239634e-01 9.167985723538327747e-01
5.730139536135325784e-01 8.909461278979725618e-01
5.705674108073520712e-01 8.824393452855205933e-01
5.577499951638321685e-01 8.768447945584123548e-01
5.561817763923975200e-01 8.533425723258122320e-01
5.665720330278100070e-01 8.157390167536519021e-01
5.604252979823607372e-01 7.992874611908318272e-01
5.730139536135325784e-01 7.734350167349715033e-01
5.706475320195086853e-01 7.663843500651914553e-01
5.588162996910519542e-01 7.624393341904336374e-01
5.553962001870541565e-01 7.428821278325913324e-01
5.665720330278100070e-01 6.982279055906509546e-01
5.604137163584239634e-01 6.794261278045707897e-01
5.752678552538721402e-01 6.484481987128776215e-01
5.823782733361079211e-01 6.559239055719705558e-01
5.750328330315460645e-01 6.747256833580507207e-01
5.964198552632122841e-01 6.770972712378857672e-01
6.034705219329923320e-01 7.025206584270136112e-01
6.275781044352201077e-01 6.982279055906509546e-01
6.250302135524898883e-01 7.240803500465111675e-01
6.504536007416176213e-01 7.311310167162912155e-01
6.501657266319742501e-01 7.499327945023713804e-01
6.763274108540529017e-01 7.466903582869478528e-01
6.765967071504681574e-01 7.734350167349715033e-01
6.974794108633931566e-01 7.777437574776149276e-01
7.004171886424681581e-01 7.945870167443117582e-01
7.202243392684984924e-01 8.016376834140918062e-01
7.421336331053335345e-01 8.337157165251833923e-01
7.593137575573642994e-01 8.415914612095121150e-01
7.632856331146736784e-01 8.594050773789942976e-01
7.797371886774937533e-01 8.606570394492234488e-01
7.853941189125499545e-01 8.838954612281925138e-01
8.032394109100939872e-01 8.816070869581762448e-01
8.455434109287743860e-01 8.382695124900965133e-01
8.817232741926137596e-01 8.133887945303919231e-01
8.870378899594429933e-01 8.016376834140918062e-01
8.670101728430154031e-01 7.757852389582315933e-01
8.342022222932754527e-01 7.499327945023713804e-01
7.869791525049809611e-01 6.935274611441308856e-01
7.654363081680343184e-01 6.817763500278307687e-01
7.594055492555180642e-01 6.676750166882706727e-01
7.231323081493539195e-01 6.394723500091503698e-01
7.092305219796932736e-01 6.150435978616112243e-01
6.857282997470930397e-01 6.020600915946973108e-01
6.614782795343646660e-01 5.642652388648298212e-01
6.763274108540529017e-01 5.563648764681787817e-01
6.951291886401330666e-01 5.686152115763023485e-01
7.139309664262132316e-01 5.582917573807105738e-01
7.256820775425133485e-01 5.643615594477502384e-01
7.468340775518536034e-01 5.587512559564120629e-01
7.632856331146736784e-01 5.672309954798959719e-01
7.985389664635740292e-01 5.564871224592787824e-01
8.126402998031341252e-01 5.687348579144225758e-01
8.290918553659543111e-01 5.582917573807105738e-01
8.455434109287743860e-01 5.643615594477502384e-01
8.596447442683344820e-01 5.587512559564120629e-01
8.831469665009347159e-01 5.668239485433790303e-01
9.089994109567949288e-01 5.563648764681787817e-01
9.278011887428749827e-01 5.686152115763023485e-01
9.466029665289552586e-01 5.582917573807105738e-01
9.583540776452552645e-01 5.643615594477502384e-01
9.795060776545955195e-01 5.571932065384747057e-01
9.916173034663950947e-01 5.407630166322295873e-01
9.810789186809310003e-01 5.243114610694095123e-01
9.895496054368082550e-01 5.008092388368092784e-01
9.858155203924242604e-01 4.843576832739891480e-01
9.903630824903075780e-01 4.632056832646489486e-01
9.745376254106861147e-01 4.561550165948689006e-01
9.795060776545955195e-01 4.378988261106169233e-01
9.278011887428749827e-01 4.401615551942096305e-01
9.231007442963550247e-01 4.257280324544490124e-01
9.019487442870148808e-01 4.368872464714182446e-01
8.925478553939747428e-01 4.304881159987397066e-01
8.149905220263941041e-01 4.406827202917404929e-01
8.075215954694237031e-01 4.350030165855287012e-01
8.079398553566140562e-01 4.272720224300681213e-01
7.867878553472738012e-01 4.368872464714182446e-01
7.750367442309737953e-01 4.302062515560881040e-01
7.350829664355533755e-01 4.396456686822964866e-01
6.951291886401330666e-01 4.401615551942096305e-01
6.904287441936129976e-01 4.257280324544490124e-01
6.692767441842728537e-01 4.368872464714182446e-01
6.520277917957038039e-01 4.279523499157486532e-01
6.890050518852921524e-01 4.020999054598884404e-01
7.236466172241542427e-01 3.621461276644680760e-01
7.444838553285935134e-01 3.265360641566801281e-01
7.656358553379336573e-01 3.176877572744660205e-01
7.820874109007538433e-01 2.888135985315571919e-01
8.087602159439784000e-01 2.728376831805873204e-01
8.148892193443570964e-01 2.540359053945071555e-01
8.361425220357343591e-01 2.457276636754388566e-01
8.784239237638065134e-01 1.952803498130066817e-01
8.737247119513195104e-01 1.788287942501865513e-01
8.258602998089716873e-01 1.341745720082461735e-01
8.220411886961741521e-01 1.147852386663510416e-01
7.938385220170539602e-01 1.026345897720966627e-01
7.891380775705338912e-01 1.143895379859041217e-01
7.632856331146736784e-01 1.309257354055043954e-01
7.444838553285935134e-01 1.627339688462541289e-01
7.188347954882077229e-01 1.764785720269265168e-01
7.142876965851009397e-01 1.929301275897466472e-01
6.763274108540529017e-01 2.226916151312333114e-01
6.584973595641283595e-01 2.516856831712471765e-01
6.363736330586325929e-01 2.672107088191282287e-01
6.034705219329923320e-01 3.043622985791232249e-01
5.682171885840920922e-01 3.234409054251546900e-01
5.706475320195086853e-01 3.010403498597076233e-01
5.588162996910519542e-01 2.970953339849496944e-01
5.553962001870541565e-01 2.775381276271073894e-01
5.665720330278100070e-01 2.328839053851670116e-01
5.604137163584239634e-01 2.187825720456069156e-01
5.730139536135325784e-01 1.929301275897466472e-01
5.705674108073520712e-01 1.844233449772946232e-01
5.577499951638321685e-01 1.788287942501865513e-01
5.561817763923975200e-01 1.553265720175863729e-01
5.665720330278100070e-01 1.177230164454260430e-01
5.604252979823607372e-01 1.012714608826059126e-01
5.730139536135325784e-01 7.541901642674569972e-02
5.706475320195086853e-01 6.836834975696565175e-02
5.588162996910519542e-01 6.442333388220772283e-02
5.553962001870541565e-01 4.486612752436541784e-02
5.627253427766784055e-01 1.431323862198519148e-02
5.470651885747518373e-01 1.464072860391485431e-02
5.353140774584517203e-01 2.072497875839296455e-03
