6.154940420404337864e-01 5.619241824541443275e-02
5.706419868791002825e-01 5.606506895166690763e-02
5.414881510242335327e-01 5.820725666086495886e-02
5.033639041370999712e-01 5.846209788337253244e-02
4.876656848306332726e-01 6.022899702609169070e-02
4.517840407015664694e-01 6.070470064143923539e-02
4.360858213950997708e-01 6.247159978415833814e-02
3.934763689918329144e-01 6.294730339950588283e-02
3.777781496853661602e-01 6.471420254222504109e-02
3.531095193466327609e-01 6.514207442042502239e-02
3.508669165885660579e-01 6.568904344855291955e-02
3.486243138304994105e-01 6.737389543446242746e-02
3.468862966929977532e-01 7.054157183023163080e-02
3.455832085752423843e-01 7.502677734636498119e-02
3.449715896412241523e-01 7.951198286249833158e-02
3.410980030591089784e-01 9.521020216896508570e-02
3.404863841250908019e-01 9.969540768509843609e-02
3.366127975429756836e-01 1.153936269915651902e-01
3.360011786089574515e-01 1.198788325076985406e-01
3.298849892687756302e-01 1.445474628464319400e-01
3.292733703347574536e-01 1.490326683625652904e-01
3.253997837526422798e-01 1.647308876690320445e-01
3.225455620605574003e-01 1.804291069754987431e-01
3.164293727203755791e-01 2.095829428303655484e-01
3.158177537863573470e-01 2.163107511045655462e-01
3.119663841313325969e-01 2.342515731690989478e-01
3.113108540943592684e-01 2.432219842013656486e-01
3.097237813732659495e-01 2.499497924755657019e-01
3.090682513362925654e-01 2.589202035078324027e-01
3.074811786151993021e-01 2.656480117820324560e-01
3.068256485782259180e-01 2.768610255723658042e-01
3.052385758571325991e-01 2.835888338465658576e-01
3.045830458201592705e-01 3.015296559110992591e-01
3.027513723390012346e-01 3.105000669433659599e-01
3.029057985126401564e-01 3.845059579595662136e-01
3.046726976553593147e-01 3.957189717498995618e-01
3.051484012707068594e-01 4.069319855402329655e-01
3.069153004134260176e-01 4.181449993305663693e-01
3.074811786151993021e-01 4.271154103628330700e-01
3.119441672042422287e-01 4.495414379434998220e-01
3.169204216136374819e-01 4.697248627660998710e-01
3.198141025917879965e-01 4.786952737983665718e-01
3.214056271297708323e-01 4.854230820725666251e-01
3.281283951809556010e-01 5.056065068951667296e-01
3.391119404650332347e-01 5.325177399919668320e-01
3.550117270432071592e-01 5.639141786049002292e-01
3.579751664020809909e-01 5.683993841210336351e-01
3.639821380754738600e-01 5.796123979113669833e-01
3.714307829504810421e-01 5.908254117017003315e-01
3.751951518658072082e-01 5.975532199759003849e-01
3.871290022569477962e-01 6.154940420404337864e-01
3.908933711722739623e-01 6.222218503146338398e-01
3.983420160472811444e-01 6.334348641049671880e-01
4.137951232912129296e-01 6.603460972017672903e-01
4.229794626532838997e-01 6.805295220243673393e-01
4.297016377370551088e-01 6.984703440889007409e-01
4.317292898077079721e-01 7.074407551211674416e-01
4.317359453557463311e-01 7.096833578792340891e-01
4.306701743091302381e-01 7.119259606373008475e-01
4.271154103628330700e-01 7.144488887401257982e-01
4.203876020886330167e-01 7.167547907695895892e-01
3.912337662337662669e-01 7.239714557544922879e-01
3.688077386530994595e-01 7.284349670947608546e-01
3.598373276208327587e-01 7.290904971317342387e-01
3.531095193466327609e-01 7.306775698528276131e-01
3.396539027982327097e-01 7.313330998898008861e-01
3.329260945240326564e-01 7.329201726108942605e-01
3.105000669433659599e-01 7.333311018878029275e-01
3.037722586691659066e-01 7.339070273532717348e-01
2.835888338465658576e-01 7.342968422485069979e-01
2.678906145400991035e-01 7.333311018878029275e-01
2.409793814432990011e-01 7.330098244460943047e-01
2.297663676529655974e-01 7.312429253033752019e-01
2.163107511045655462e-01 7.306775698528276131e-01
2.095829428303655484e-01 7.290904971317342387e-01
1.983699290400321447e-01 7.284349670947608546e-01
1.916421207658321468e-01 7.268478943736675912e-01
1.826717097335654461e-01 7.261923643366942072e-01
1.759439014593653927e-01 7.245830746885104645e-01
1.692160931851653949e-01 7.239714557544922879e-01
1.624882849109653415e-01 7.223404719304438171e-01
1.557604766367653437e-01 7.217288529964256405e-01
1.153936269915651902e-01 7.133700608981771163e-01
1.109084214754318398e-01 7.127584419641589397e-01
9.521020216896508570e-02 7.088848553820437104e-01
7.951198286249833158e-02 7.060306336899588864e-01
6.381376355603163297e-02 7.021570471078437681e-01
5.932855803989828258e-02 7.015454281738255915e-01
4.363033873343152846e-02 6.976718415917103622e-01
3.914513321729817807e-02 6.970602226576921856e-01
2.344691391083147947e-02 6.931866360755770673e-01
9.991297362431428297e-03 6.906924281740187688e-01
7.748694604364725347e-03 6.909327070409544413e-01
6.338025127516355717e-03 6.917425358147006875e-01
4.906775591987155849e-03 6.939851385727674460e-01
3.841660111795486277e-03 7.119259606373008475e-01
4.250903735439848230e-03 7.186537689115009009e-01
3.841660111795486277e-03 7.253815771857008432e-01
4.317847101352301209e-03 7.365945909760343024e-01
3.841660111795486277e-03 7.433223992502342448e-01
3.936269915651435802e-03 7.679910295889676997e-01
3.355399037332507106e-03 7.747188378631677530e-01
2.818528223535621269e-03 7.949022626857678020e-01
2.242602758066702950e-03 8.016300709599678553e-01
1.921325316358191149e-03 8.442395233632347118e-01
1.323459718157837806e-03 8.487247288793680067e-01
0.000000000000000000e+00 8.733933592181014616e-01
1.843599045366905997e-04 9.227306198955682603e-01
1.020886330164727518e-03 9.251289589562785576e-01
3.263489088231374957e-03 9.269588605123398883e-01
9.991297362431428297e-03 9.280822855682273609e-01
3.465992770116482768e-02 9.285579891835749056e-01
5.932855803989828258e-02 9.304793144999330412e-01
7.054157183023163080e-02 9.308005919416415530e-01
8.848239389476503236e-02 9.327219172579996886e-01
1.019380104431651390e-01 9.330431946997082004e-01
1.109084214754318398e-01 9.342462070738948299e-01
1.288492435399652414e-01 9.352857974577748479e-01
1.467900656044986429e-01 9.372071227741330945e-01
1.580030793948319912e-01 9.373744811889141992e-01
1.759439014593653927e-01 9.392952993585608201e-01
1.961273262819654972e-01 9.397710029739082538e-01
2.118255455884321958e-01 9.415379021166274676e-01
2.409793814432990011e-01 9.420136057319750122e-01
2.477071897174989989e-01 9.427874461753742441e-01
2.835888338465658576e-01 9.434221344055429004e-01
2.925592448788325584e-01 9.439349310483331479e-01
2.992870531530325562e-01 9.434221344055429004e-01
3.127426697014326074e-01 9.435523239646950167e-01
3.486243138304994105e-01 9.424334869842969642e-01
3.553521221046994638e-01 9.418596867050474941e-01
3.710503414111661624e-01 9.416923282902665004e-01
3.822633552014995661e-01 9.409740153480947722e-01
3.912337662337662669e-01 9.397710029739082538e-01
4.046893827821662626e-01 9.394497255321997420e-01
4.226302048466996641e-01 9.375284002158416063e-01
4.316006158789664204e-01 9.370526966004941727e-01
4.540266434596331724e-01 9.348100938424274142e-01
4.652396572499665206e-01 9.330431946997082004e-01
4.742100682822332214e-01 9.325674910843607668e-01
4.854230820725666251e-01 9.308005919416415530e-01
4.921508903467666229e-01 9.303248883262940083e-01
5.033639041370999712e-01 9.285579891835749056e-01
5.100917124113000245e-01 9.280822855682273609e-01
5.370029455081001268e-01 9.240727836674416107e-01
5.437307537823001802e-01 9.235970800520940660e-01
5.706419868791002825e-01 9.195875781513082048e-01
5.773697951533003359e-01 9.191118745359607711e-01
5.885828089436336841e-01 9.173449753932414463e-01
5.975532199759003849e-01 9.168692717778940127e-01
6.087662337662337331e-01 9.151023726351747989e-01
6.177366447985004339e-01 9.146266690198273652e-01
6.289496585888338931e-01 9.128597698771081514e-01
6.424052751372338887e-01 9.123840662617606068e-01
6.581034944437006429e-01 9.106171671190415040e-01
6.827721247824340978e-01 9.102958896773329922e-01
6.894999330566340401e-01 9.097199642118640739e-01
7.096833578792340891e-01 9.093301493166289218e-01
7.253815771857008432e-01 9.097199642118640739e-01
7.321093854599008965e-01 9.102958896773329922e-01
7.567780157986343514e-01 9.106171671190415040e-01
7.881744544115678597e-01 9.128597698771081514e-01
8.038726737180345028e-01 9.146266690198273652e-01
8.128430847503012036e-01 9.151023726351747989e-01
8.218134957825679043e-01 9.163053850093614283e-01
8.352691123309679000e-01 9.173449753932414463e-01
8.464821261213013592e-01 9.191118745359607711e-01
8.576951399116347075e-01 9.195875781513082048e-01
8.689081537019680557e-01 9.213544772940274186e-01
8.801211674923015149e-01 9.218301809093748522e-01
8.913341812826348631e-01 9.235970800520940660e-01
9.047897978310348588e-01 9.240727836674416107e-01
9.204880171375016129e-01 9.258396828101607134e-01
9.361862364439683670e-01 9.261614673985807400e-01
9.675826750569018753e-01 9.278541046582283736e-01
9.720678805730351701e-01 9.277239150990761463e-01
9.787956888472352235e-01 9.282367117418663938e-01
9.922513053956352191e-01 9.278743674914513573e-01
9.944939081537018666e-01 9.269588605123398883e-01
9.964795460124068471e-01 9.249732226536350188e-01
9.973950529915183161e-01 9.227306198955682603e-01
9.977239255589770428e-01 9.204880171375016129e-01
9.979247556567143462e-01 8.532099343955013016e-01
1.000000000000000000e+00 8.195708930245012569e-01
9.999135314856963941e-01 6.670739054759673436e-01
9.994463225777657778e-01 6.648313027179006962e-01
9.981259495770925527e-01 6.625886999598339377e-01
9.944939081537018666e-01 6.601779019949123306e-01
9.832808943633686294e-01 6.573049919465102642e-01
9.787956888472352235e-01 6.566933730124919766e-01
9.586122640246350635e-01 6.517193107856560363e-01
9.496418529923684737e-01 6.488256298075054662e-01
9.339436336859017196e-01 6.449915025114559830e-01
9.249732226536350188e-01 6.420978215333054129e-01
9.182454143794349655e-01 6.405062969953225771e-01
9.092750033471682647e-01 6.376126160171720070e-01
9.025471950729682113e-01 6.360210914791892822e-01
8.868489757665014572e-01 6.308848077429720647e-01
8.801211674923015149e-01 6.292932832049892289e-01
8.711507564600347031e-01 6.263996022268386588e-01
8.554525371535680600e-01 6.225654749307891755e-01
8.464821261213013592e-01 6.196717939526386054e-01
8.173282902664344984e-01 6.124529367851767603e-01
8.128430847503012036e-01 6.118413178511585837e-01
7.971448654438344494e-01 6.079677312690433544e-01
7.926596599277011546e-01 6.073561123350251778e-01
7.859318516535011012e-01 6.057251285109767069e-01
7.792040433793010479e-01 6.051135095769585304e-01
7.724762351051011056e-01 6.034825257529100595e-01
7.567780157986343514e-01 6.011719653355079851e-01
7.478076047663676507e-01 6.006962617201605514e-01
7.365945909760343024e-01 5.989293625774413377e-01
6.984703440889007409e-01 5.987749364038023048e-01
6.805295220243673393e-01 6.006756130467471033e-01
6.782869192663006919e-01 6.002921364591129461e-01
6.760443165082340444e-01 5.989914108750952204e-01
6.735213884054089828e-01 5.953106172178337374e-01
6.651437965448443457e-01 5.706419868791002825e-01
6.561733855125776449e-01 5.482159592984334751e-01
6.474324429865667696e-01 5.280325344758334261e-01
6.337752591664594926e-01 5.011213013790333237e-01
6.308118198075857164e-01 4.966360958628999733e-01
6.203196426180593859e-01 4.764526710402999243e-01
6.173562032591856097e-01 4.719674655241665739e-01
6.046214233115927428e-01 4.472988351854331190e-01
5.992164836881331835e-01 4.383284241531664183e-01
5.954072811298193324e-01 4.293580131208997175e-01
5.929326849829871238e-01 4.248728076047663671e-01
5.859909483789829121e-01 4.091745882982996685e-01
5.770261705371450001e-01 3.822633552014995661e-01
5.720521083103088378e-01 3.620799303788994616e-01
5.698311997281069186e-01 3.508669165885660579e-01
5.692658442775593297e-01 3.418965055562993571e-01
5.674989451348402270e-01 3.306834917659660089e-01
5.674989451348402270e-01 2.948018476368992058e-01
5.692658442775593297e-01 2.835888338465658576e-01
5.698311997281069186e-01 2.701332172981657509e-01
5.714182724492002929e-01 2.634054090239657531e-01
5.720738024861735660e-01 2.544349979916990523e-01
5.736830921343574197e-01 2.477071897174989989e-01
5.742947110683755962e-01 2.409793814432990011e-01
5.759256948924240671e-01 2.342515731690989478e-01
5.765373138264422437e-01 2.297663676529655974e-01
5.804109004085573620e-01 2.140681483464988988e-01
5.810225193425755386e-01 2.095829428303655484e-01
5.882391843274783483e-01 1.804291069754987431e-01
5.911328653056288074e-01 1.714586959432320423e-01
5.949669926016784016e-01 1.557604766367653437e-01
5.978606735798288607e-01 1.467900656044986429e-01
6.016948008758784550e-01 1.310918462980318888e-01
6.068310846120955615e-01 1.153936269915651902e-01
6.129078146662118032e-01 9.072499665283173531e-02
6.158014956443622623e-01 8.175458562056503453e-02
6.205398982460837987e-01 6.157116079796493002e-02
6.201956390507665784e-01 5.932855803989828258e-02
6.182812768968880546e-01 5.708595528183157963e-02
