6.571146245059288349e-01 1.482213438735180411e-02
6.422924901185771418e-01 2.766798418972332696e-02
6.422924901185771418e-01 3.162055335968377845e-02
6.304347826086956763e-01 4.347826086956524394e-02
6.205533596837944366e-01 6.521739130434783815e-02
6.126482213438735336e-01 7.312252964426879664e-02
6.067193675889328563e-01 9.288537549407116511e-02
5.988142292490118423e-01 1.047430830039525751e-01
5.928853754940711651e-01 1.245059288537549436e-01
5.750988142292490224e-01 1.581027667984189478e-01
5.750988142292490224e-01 1.640316205533596805e-01
5.592885375494071054e-01 1.897233201581027817e-01
5.454545454545454142e-01 2.015810276679841917e-01
5.296442687747036082e-01 2.272727272727272929e-01
5.316205533596838340e-01 2.292490118577075187e-01
5.158102766798419170e-01 2.667984189723320299e-01
5.177865612648221427e-01 2.687747035573122556e-01
5.118577075098814655e-01 2.806324110671936656e-01
5.039525691699604515e-01 3.162055335968379510e-01
4.980237154150197743e-01 3.142292490118576698e-01
4.822134387351778573e-01 2.529644268774703386e-01
4.664031620553359403e-01 2.154150197628458274e-01
4.565217391304348116e-01 2.055335968379446432e-01
4.565217391304348116e-01 2.015810276679841917e-01
4.308300395256917104e-01 1.719367588932806390e-01
4.031620553359683834e-01 1.067193675889328008e-01
3.932806324110671992e-01 9.090909090909088386e-02
3.932806324110671992e-01 8.498023715415020662e-02
3.695652173913043237e-01 4.347826086956524394e-02
3.577075098814229137e-01 3.162055335968377845e-02
3.577075098814229137e-01 2.766798418972332696e-02
3.428853754940711651e-01 1.482213438735180411e-02
3.399209486166008265e-01 4.743083003952569543e-02
3.537549407114624622e-01 1.245059288537549436e-01
3.616600790513834207e-01 1.422924901185770863e-01
3.715415019762845494e-01 1.897233201581027817e-01
3.754940711462450564e-01 1.936758893280632332e-01
3.932806324110671992e-01 2.826086956521739468e-01
3.913043478260869734e-01 2.885375494071146241e-01
3.972332015810276507e-01 3.142292490118576698e-01
4.357707509881422747e-01 4.100790513833992290e-01
3.903162055335968050e-01 3.685770750988142108e-01
3.488142292490118423e-01 3.389328063241106581e-01
2.994071146245059212e-01 3.171936758893280639e-01
1.867588932806323876e-01 2.480237154150197743e-01
1.729249011857707519e-01 2.361660079051383643e-01
1.630434782608695676e-01 2.341897233201580830e-01
1.452569169960474249e-01 2.203557312252964473e-01
1.333992094861660149e-01 2.183794466403162216e-01
1.215415019762846049e-01 2.104743083003952631e-01
1.156126482213438722e-01 2.104743083003952631e-01
1.136363636363636465e-01 2.065217391304347561e-01
1.116600790513834207e-01 2.084980237154150373e-01
8.794466403162054524e-02 2.005928853754940788e-01
8.893280632411065811e-02 2.094861660079051502e-01
1.047430830039525751e-01 2.371541501976284771e-01
1.511857707509881577e-01 2.835968379446640597e-01
1.590909090909091161e-01 2.875494071146245112e-01
2.154150197628458274e-01 3.418972332015810522e-01
2.173913043478261087e-01 3.498023715415019552e-01
2.233201581027667859e-01 3.537549407114624622e-01
2.252964426877470117e-01 3.616600790513834207e-01
2.440711462450592673e-01 3.843873517786561278e-01
3.260869565217391353e-01 4.407114624505928946e-01
3.250988142292490224e-01 4.436758893280632332e-01
2.341897233201580830e-01 4.416996047430830075e-01
2.243083003952568988e-01 4.456521739130434590e-01
2.203557312252964473e-01 4.436758893280632332e-01
1.729249011857707519e-01 4.614624505928853759e-01
1.709486166007905261e-01 4.594861660079051502e-01
1.610671936758893419e-01 4.654150197628458274e-01
1.551383399209486091e-01 4.634387351778656017e-01
1.057312252964426880e-01 4.713438735177865602e-01
6.422924901185772528e-02 4.733201581027667859e-01
6.027667984189721828e-02 4.772727272727272929e-01
3.656126482213439832e-02 4.792490118577075187e-01
0.000000000000000000e+00 4.940711462450592673e-01
7.905138339920958490e-03 5.000000000000000000e-01
3.952569169960451489e-03 5.059288537549406772e-01
3.260869565217389132e-02 5.167984189723320299e-01
7.411067193675890952e-02 5.227272727272727071e-01
8.596837944664031950e-02 5.207509881422924813e-01
2.203557312252964473e-01 5.286561264822133843e-01
2.717391304347825942e-01 5.405138339920948498e-01
2.776679841897233270e-01 5.385375494071146241e-01
3.033596837944664282e-01 5.424901185770750756e-01
3.972332015810276507e-01 5.335968379446640597e-01
3.270750988142292481e-01 5.741106719367589095e-01
2.994071146245059212e-01 5.958498023715415037e-01
2.598814229249011842e-01 6.393280632411066922e-01
1.590909090909091161e-01 7.203557312252963918e-01
1.353754940711462407e-01 7.440711462450593228e-01
1.294466403162055079e-01 7.460474308300395485e-01
1.156126482213438722e-01 7.638339920948615802e-01
1.116600790513834207e-01 7.638339920948615802e-01
9.881422924901184235e-02 7.845849802371541726e-01
9.288537549407116511e-02 7.885375494071146241e-01
8.992094861660077099e-02 8.013833992094860914e-01
1.136363636363636465e-01 7.994071146245058657e-01
1.294466403162055079e-01 7.915019762845849627e-01
1.373517786561264664e-01 7.915019762845849627e-01
2.243083003952568988e-01 7.420948616600790970e-01
2.776679841897233270e-01 7.203557312252963918e-01
2.796442687747035527e-01 7.223320158102766175e-01
2.915019762845849627e-01 7.164031620553359403e-01
2.934782608695651884e-01 7.183794466403161660e-01
3.250988142292490224e-01 7.005928853754941343e-01
3.290513833992094739e-01 6.946640316205533461e-01
3.330039525691699254e-01 6.946640316205533461e-01
3.922924901185770863e-01 6.472332015810277062e-01
3.932806324110671992e-01 6.561264822134387220e-01
3.853754940711462407e-01 6.699604743083004132e-01
3.577075098814229137e-01 7.569169960474309011e-01
3.616600790513834207e-01 8.043478260869565410e-01
3.577075098814229137e-01 8.122529644268774440e-01
3.596837944664031950e-01 8.181818181818181213e-01
3.537549407114624622e-01 8.359683794466403750e-01
3.557312252964426880e-01 8.399209486166008265e-01
3.438735177865612780e-01 8.814229249011857892e-01
3.359683794466403195e-01 9.486166007905139086e-01
3.399209486166008265e-01 9.841897233201580830e-01
3.448616600790513909e-01 9.851778656126481959e-01
3.656126482213438722e-01 9.584980237154150373e-01
3.715415019762845494e-01 9.426877470355731203e-01
3.774703557312252822e-01 9.367588932806323321e-01
3.833992094861660149e-01 9.169960474308300746e-01
3.913043478260869734e-01 9.090909090909091717e-01
4.011857707509881577e-01 8.754940711462451119e-01
4.110671936758893419e-01 8.577075098814228582e-01
4.367588932806324431e-01 7.865612648221343983e-01
4.703557312252964473e-01 7.252964426877470672e-01
4.802371541501976315e-01 6.996047430830039104e-01
4.782608695652174058e-01 6.976284584980236847e-01
4.822134387351778573e-01 6.936758893280632332e-01
5.009881422924901129e-01 6.096837944664031950e-01
5.079051383399209030e-01 6.324110671936759021e-01
5.059288537549406772e-01 6.343873517786561278e-01
5.118577075098814655e-01 6.521739130434782705e-01
5.098814229249012397e-01 6.581027667984189478e-01
5.335968379446640597e-01 7.312252964426877444e-01
5.415019762845849627e-01 7.391304347826086474e-01
5.395256916996047369e-01 7.411067193675888731e-01
5.454545454545454142e-01 7.470355731225296614e-01
5.691699604743083452e-01 7.964426877470356381e-01
5.810276679841896996e-01 8.339920948616601493e-01
5.849802371541501511e-01 8.379446640316206008e-01
5.830039525691699254e-01 8.399209486166008265e-01
5.988142292490118423e-01 8.735177865612648862e-01
6.086956521739130821e-01 9.071146245059288349e-01
6.166007905138339851e-01 9.169960474308300746e-01
6.225296442687746623e-01 9.367588932806323321e-01
6.284584980237154506e-01 9.407114624505928946e-01
6.264822134387351138e-01 9.426877470355731203e-01
6.343873517786561278e-01 9.584980237154150373e-01
6.551383399209486091e-01 9.851778656126481959e-01
6.600790513833991735e-01 9.841897233201580830e-01
6.640316205533596250e-01 9.347826086956521063e-01
6.541501976284584963e-01 8.873517786561264664e-01
6.561264822134387220e-01 8.833992094861660149e-01
6.383399209486165793e-01 8.023715415019763153e-01
6.422924901185771418e-01 7.549407114624506754e-01
6.363636363636363535e-01 7.272727272727272929e-01
6.086956521739130821e-01 6.561264822134387220e-01
6.086956521739130821e-01 6.482213438735178190e-01
6.116600790513834207e-01 6.472332015810277062e-01
6.531620553359683834e-01 6.828063241106718806e-01
6.571146245059288349e-01 6.828063241106718806e-01
6.669960474308300746e-01 6.926877470355731203e-01
6.709486166007905261e-01 6.926877470355731203e-01
6.749011857707509776e-01 6.986166007905137976e-01
7.065217391304348116e-01 7.164031620553359403e-01
7.104743083003952631e-01 7.144268774703557146e-01
7.164031620553359403e-01 7.183794466403161660e-01
7.262845849802371800e-01 7.183794466403161660e-01
7.994071146245058657e-01 7.539525691699604515e-01
8.073122529644268797e-01 7.618577075098813545e-01
8.448616600790513909e-01 7.796442687747036082e-01
8.468379446640316166e-01 7.835968379446640597e-01
8.646245059288537593e-01 7.915019762845849627e-01
8.666007905138339851e-01 7.895256916996047369e-01
8.745059288537548881e-01 7.954545454545454142e-01
8.824110671936759021e-01 7.954545454545454142e-01
8.863636363636363535e-01 7.994071146245058657e-01
9.100790513833991735e-01 8.013833992094860914e-01
9.061264822134387220e-01 7.875494071146245112e-01
8.992094861660079319e-01 7.826086956521738358e-01
8.922924901185771418e-01 7.697628458498023685e-01
8.705533596837944366e-01 7.460474308300395485e-01
8.646245059288537593e-01 7.440711462450593228e-01
8.330039525691699254e-01 7.144268774703557146e-01
8.290513833992094739e-01 7.144268774703557146e-01
8.053359683794466539e-01 6.946640316205533461e-01
7.954545454545454142e-01 6.828063241106718806e-01
7.895256916996047369e-01 6.808300395256916548e-01
7.717391304347825942e-01 6.630434782608696231e-01
7.677865612648221427e-01 6.630434782608696231e-01
6.926877470355731203e-01 5.879446640316206008e-01
6.749011857707509776e-01 5.741106719367589095e-01
6.067193675889328563e-01 5.355731225296442854e-01
6.077075098814229692e-01 5.326086956521739468e-01
6.413043478260869179e-01 5.385375494071146241e-01
7.025691699604743601e-01 5.424901185770750756e-01
7.440711462450593228e-01 5.365612648221343983e-01
7.519762845849802257e-01 5.326086956521739468e-01
8.231225296442687966e-01 5.247035573122529328e-01
8.685770750988142108e-01 5.247035573122529328e-01
8.804347826086956763e-01 5.207509881422924813e-01
9.021739130434782705e-01 5.227272727272727071e-01
9.871541501976284216e-01 5.108695652173913526e-01
1.000000000000000000e+00 5.039525691699604515e-01
9.930830039525690989e-01 5.009881422924901129e-01
9.920948616600790970e-01 4.960474308300395485e-01
9.980237154150197743e-01 4.940711462450592673e-01
9.792490118577075187e-01 4.851778656126481959e-01
9.713438735177866157e-01 4.851778656126481959e-01
9.673913043478261642e-01 4.812252964426877444e-01
9.397233201581027817e-01 4.792490118577075187e-01
9.318181818181818787e-01 4.752964426877470117e-01
9.140316205533596250e-01 4.752964426877470117e-01
9.061264822134387220e-01 4.713438735177865602e-01
8.962450592885375933e-01 4.733201581027667859e-01
8.409090909090908283e-01 4.673913043478261087e-01
7.895256916996047369e-01 4.476284584980236847e-01
7.381422924901186455e-01 4.416996047430830075e-01
6.808300395256916548e-01 4.456521739130434590e-01
6.739130434782608647e-01 4.426877470355731203e-01
7.322134387351778573e-01 4.041501976284584963e-01
7.667984189723320299e-01 3.715415019762845494e-01
7.865612648221343983e-01 3.379446640316205452e-01
8.280632411067193610e-01 3.003952569169960340e-01
8.280632411067193610e-01 2.964426877470355826e-01
8.458498023715415037e-01 2.845849802371541726e-01
8.853754940711462407e-01 2.470355731225296614e-01
9.110671936758893974e-01 2.094861660079051502e-01
9.120553359683793992e-01 2.005928853754940788e-01
8.745059288537548881e-01 2.124505928853754888e-01
8.646245059288537593e-01 2.203557312252964473e-01
8.527667984189724049e-01 2.223320158102766730e-01
7.915019762845849627e-01 2.638339920948616912e-01
7.796442687747036082e-01 2.677865612648221427e-01
7.005928853754941343e-01 3.191699604743082896e-01
6.472332015810277062e-01 3.428853754940711651e-01
6.086956521739130821e-01 3.715415019762845494e-01
5.681818181818181213e-01 4.100790513833992290e-01
5.652173913043477826e-01 4.090909090909090606e-01
5.691699604743083452e-01 3.972332015810276507e-01
5.731225296442687966e-01 3.952569169960474249e-01
6.027667984189722938e-01 3.221343873517786838e-01
6.106719367588933078e-01 2.845849802371541726e-01
6.086956521739130821e-01 2.766798418972332141e-01
6.225296442687746623e-01 2.035573122529644174e-01
6.284584980237154506e-01 1.916996047430830075e-01
6.383399209486165793e-01 1.422924901185770863e-01
6.442687747035573675e-01 1.324110671936759021e-01
6.561264822134387220e-01 7.509881422924902239e-02
6.600790513833991735e-01 3.359683794466400419e-02
