5.385462555066079515e-01 5.947136563876653792e-02
5.209251101321585864e-01 7.268722466960353401e-02
5.011013215859030367e-01 7.048458149779734949e-02
4.922907488986784097e-01 7.488986784140971853e-02
4.636563876651982330e-01 6.607929515418503597e-02
4.416299559471365543e-01 8.149779735682821658e-02
4.284140969162995582e-01 7.709251101321584754e-02
4.162995594713656544e-01 8.920704845814980688e-02
4.174008810572686912e-01 9.691629955947134167e-02
4.207048458149779679e-01 9.581497797356830493e-02
4.185022026431718389e-01 9.801762114537443393e-02
4.229074889867841525e-01 1.002202643171806185e-01
4.107929515418502486e-01 1.299559471365638874e-01
3.964757709251101048e-01 1.442731277533039758e-01
3.975770925110131970e-01 1.497797356828193815e-01
4.085903083700440641e-01 1.497797356828193815e-01
4.118942731277532854e-01 1.574889867841409719e-01
3.986784140969162893e-01 1.795154185022026505e-01
3.942731277533039758e-01 1.971365638766519601e-01
3.964757709251101048e-01 2.147577092511013253e-01
3.920704845814977912e-01 2.279735682819383213e-01
3.964757709251101048e-01 2.389867841409691884e-01
3.810572687224669797e-01 2.566079295154184980e-01
3.788546255506607952e-01 2.654185022026431806e-01
3.832599118942731087e-01 2.808370044052863612e-01
3.678414096916299281e-01 3.160792951541849805e-01
3.678414096916299281e-01 3.359030837004405301e-01
3.568281938325991165e-01 3.535242290748898952e-01
3.579295154185022088e-01 3.634361233480176145e-01
3.612334801762114855e-01 3.623348017621145223e-01
3.524229074889867475e-01 3.997797356828193815e-01
3.546255506607929320e-01 4.107929515418502486e-01
3.370044052863436224e-01 4.306167400881057428e-01
3.381057268722467146e-01 4.405286343612334621e-01
3.546255506607929320e-01 4.438325991189427389e-01
3.237885462555065708e-01 4.944933920704845942e-01
3.270925110132158475e-01 5.044052863436123690e-01
3.359030837004405301e-01 5.000000000000000000e-01
3.348017621145374378e-01 5.143171806167401439e-01
3.392070484581497514e-01 5.209251101321585864e-01
3.348017621145374378e-01 5.319383259911893980e-01
3.215859030837004418e-01 5.451541850220263941e-01
3.259911894273127553e-01 5.627753303964757592e-01
3.105726872246695747e-01 6.068281938325991165e-01
3.127753303964757592e-01 6.156387665198237436e-01
3.006607929515418554e-01 6.475770925110132525e-01
2.885462555066079515e-01 6.574889867841409163e-01
3.039647577092511321e-01 6.707048458149780235e-01
2.962555066079295418e-01 6.806167400881056873e-01
2.852422907488986747e-01 6.828193832599118718e-01
2.786343612334801767e-01 6.651982378854626177e-01
2.632158590308369961e-01 6.784140969162995027e-01
2.544052863436123690e-01 6.674008810572686912e-01
2.345814977973568194e-01 6.762114537444934292e-01
2.059471365638766427e-01 6.696035242290748757e-01
1.839207048458149640e-01 6.828193832599118718e-01
1.740088105726872447e-01 6.795154185022026505e-01
1.707048458149779679e-01 6.651982378854626177e-01
1.552863436123347873e-01 6.784140969162995027e-01
1.464757709251101048e-01 6.674008810572686912e-01
1.376651982378854777e-01 6.674008810572686912e-01
1.266519823788546106e-01 6.762114537444934292e-01
9.801762114537443393e-02 6.696035242290748757e-01
6.718061674008812822e-02 6.828193832599118718e-01
6.057268722466963018e-02 6.651982378854626177e-01
4.515418502202644957e-02 6.784140969162995027e-01
3.634361233480176701e-02 6.674008810572686912e-01
8.810572687224682564e-03 6.795154185022026505e-01
1.762114537444936513e-02 7.103524229074890117e-01
0.000000000000000000e+00 7.367841409691630039e-01
5.506607929515405786e-03 7.444933920704845942e-01
1.872246696035240188e-02 7.422907488986784097e-01
2.202643171806167866e-02 7.455947136563876310e-01
8.810572687224682564e-03 7.632158590308369961e-01
1.321585903083699609e-02 7.786343612334801767e-01
8.810572687224682564e-03 7.984581497797356153e-01
1.762114537444936513e-02 8.182819383259911650e-01
0.000000000000000000e+00 8.469162995594713417e-01
5.506607929515405786e-03 8.546255506607929320e-01
2.092511013215858640e-02 8.524229074889868585e-01
2.202643171806167866e-02 8.579295154185022643e-01
8.810572687224682564e-03 8.755506607929515184e-01
1.321585903083699609e-02 8.821585903083699609e-01
8.810572687224682564e-03 9.063876651982378796e-01
1.872246696035240188e-02 9.295154185022026505e-01
2.753303964757708444e-02 9.229074889867840970e-01
4.735682819383257858e-02 9.207048458149780235e-01
6.718061674008812822e-02 9.251101321585902815e-01
7.378854625550662627e-02 9.207048458149780235e-01
7.819383259911893980e-02 9.295154185022026505e-01
8.920704845814980688e-02 9.295154185022026505e-01
1.090308370044053010e-01 9.207048458149780235e-01
1.167400881057268913e-01 9.262114537444934292e-01
1.156387665198237991e-01 9.405286343612334621e-01
1.200440528634361126e-01 9.405286343612334621e-01
1.310572687224669797e-01 9.251101321585902815e-01
1.574889867841409719e-01 9.207048458149780235e-01
1.729074889867841525e-01 9.251101321585902815e-01
1.795154185022026505e-01 9.207048458149780235e-01
1.839207048458149640e-01 9.273127753303964660e-01
1.971365638766519601e-01 9.295154185022026505e-01
2.125550660792951407e-01 9.207048458149780235e-01
2.268722466960352291e-01 9.262114537444934292e-01
2.246696035242291001e-01 9.394273127753303143e-01
2.455947136563876865e-01 9.229074889867840970e-01
2.654185022026431806e-01 9.207048458149780235e-01
2.852422907488986747e-01 9.251101321585902815e-01
2.874449339207048593e-01 9.207048458149780235e-01
2.896475770925109883e-01 9.251101321585902815e-01
2.918502202643171728e-01 9.229074889867840970e-01
2.962555066079295418e-01 9.295154185022026505e-01
3.072687224669603534e-01 9.295154185022026505e-01
3.270925110132158475e-01 9.207048458149780235e-01
3.348017621145374378e-01 9.262114537444934292e-01
3.337004405286343456e-01 9.405286343612334621e-01
3.381057268722467146e-01 9.405286343612334621e-01
3.491189427312775262e-01 9.251101321585902815e-01
3.755506607929515184e-01 9.207048458149780235e-01
3.909691629955946990e-01 9.251101321585902815e-01
3.975770925110131970e-01 9.207048458149780235e-01
4.019823788546255661e-01 9.273127753303964660e-01
4.151982378854625622e-01 9.295154185022026505e-01
4.306167400881057428e-01 9.207048458149780235e-01
4.449339207048458311e-01 9.262114537444934292e-01
4.427312775330396466e-01 9.394273127753303143e-01
4.460352422907488679e-01 9.405286343612334621e-01
4.636563876651982330e-01 9.229074889867840970e-01
4.834801762114537271e-01 9.207048458149780235e-01
5.033039647577092213e-01 9.251101321585902815e-01
5.055066079295154058e-01 9.207048458149780235e-01
5.077092511013215903e-01 9.251101321585902815e-01
5.099118942731277748e-01 9.229074889867840970e-01
5.143171806167401439e-01 9.295154185022026505e-01
5.253303964757709554e-01 9.295154185022026505e-01
5.451541850220263941e-01 9.207048458149780235e-01
5.528634361233479844e-01 9.262114537444934292e-01
5.517621145374449476e-01 9.405286343612334621e-01
5.561674008810573167e-01 9.405286343612334621e-01
5.671806167400881282e-01 9.251101321585902815e-01
5.936123348017621204e-01 9.207048458149780235e-01
6.090308370044053010e-01 9.251101321585902815e-01
6.156387665198237436e-01 9.207048458149780235e-01
6.200440528634361126e-01 9.273127753303964660e-01
6.332599118942731087e-01 9.295154185022026505e-01
6.486784140969162893e-01 9.207048458149780235e-01
6.629955947136563221e-01 9.262114537444934292e-01
6.607929515418502486e-01 9.394273127753303143e-01
6.640969162995594699e-01 9.405286343612334621e-01
6.817180616740088350e-01 9.229074889867840970e-01
7.015418502202643847e-01 9.207048458149780235e-01
7.213656387665198233e-01 9.251101321585902815e-01
7.235682819383260078e-01 9.207048458149780235e-01
7.257709251101321923e-01 9.251101321585902815e-01
7.279735682819383769e-01 9.229074889867840970e-01
7.323788546255506349e-01 9.295154185022026505e-01
7.433920704845815575e-01 9.295154185022026505e-01
7.632158590308369961e-01 9.207048458149780235e-01
7.709251101321585864e-01 9.262114537444934292e-01
7.698237885462555496e-01 9.405286343612334621e-01
7.742290748898679187e-01 9.405286343612334621e-01
7.852422907488987303e-01 9.251101321585902815e-01
8.116740088105727224e-01 9.207048458149780235e-01
8.270925110132159030e-01 9.251101321585902815e-01
8.337004405286343456e-01 9.207048458149780235e-01
8.381057268722467146e-01 9.273127753303964660e-01
8.513215859030837107e-01 9.295154185022026505e-01
8.667400881057268913e-01 9.207048458149780235e-01
8.810572687224669242e-01 9.262114537444934292e-01
8.788546255506608507e-01 9.394273127753303143e-01
8.821585903083699609e-01 9.405286343612334621e-01
8.997797356828194371e-01 9.229074889867840970e-01
9.196035242290748757e-01 9.207048458149780235e-01
9.394273127753303143e-01 9.251101321585902815e-01
9.416299559471366099e-01 9.207048458149780235e-01
9.438325991189426833e-01 9.251101321585902815e-01
9.460352422907489789e-01 9.229074889867840970e-01
9.504405286343612369e-01 9.295154185022026505e-01
9.834801762114537826e-01 9.207048458149780235e-01
1.000000000000000000e+00 8.865638766519823299e-01
9.867841409691630039e-01 8.777533039647577029e-01
9.867841409691630039e-01 8.689427312775330758e-01
9.977973568281938155e-01 8.535242290748898952e-01
9.955947136563876310e-01 8.270925110132159030e-01
9.856828193832598561e-01 8.259911894273127553e-01
9.823788546255506349e-01 8.160792951541850915e-01
9.977973568281938155e-01 7.764317180616739922e-01
9.867841409691630039e-01 7.676211453744493651e-01
9.867841409691630039e-01 7.588105726872247381e-01
9.977973568281938155e-01 7.433920704845815575e-01
9.944933920704845942e-01 7.158590308370044175e-01
9.878854625550661517e-01 7.180616740088106020e-01
9.823788546255506349e-01 7.125550660792951962e-01
9.933920704845815575e-01 6.773127753303964660e-01
9.790748898678414136e-01 6.696035242290748757e-01
9.394273127753303143e-01 6.828193832599118718e-01
9.328193832599118718e-01 6.651982378854626177e-01
9.174008810572686912e-01 6.784140969162995027e-01
9.085903083700440641e-01 6.674008810572686912e-01
8.887665198237886255e-01 6.762114537444934292e-01
8.601321585903083378e-01 6.696035242290748757e-01
8.381057268722467146e-01 6.828193832599118718e-01
8.281938325991189398e-01 6.795154185022026505e-01
8.248898678414097185e-01 6.651982378854626177e-01
8.094713656387665379e-01 6.784140969162995027e-01
8.006607929515419109e-01 6.674008810572686912e-01
7.918502202643171728e-01 6.674008810572686912e-01
7.808370044052863612e-01 6.762114537444934292e-01
7.522026431718061845e-01 6.696035242290748757e-01
7.290748898678414136e-01 6.795154185022026505e-01
7.279735682819383769e-01 6.696035242290748757e-01
7.136563876651982330e-01 6.640969162995594699e-01
7.224669603524229711e-01 6.442731277533040313e-01
7.224669603524229711e-01 6.310572687224669242e-01
7.092511013215858640e-01 6.134361233480176701e-01
7.202643171806166755e-01 6.002202643171805629e-01
7.026431718061674214e-01 5.870044052863435668e-01
7.070484581497797905e-01 5.759911894273127553e-01
7.004405286343612369e-01 5.671806167400881282e-01
7.070484581497797905e-01 5.363436123348017670e-01
6.938325991189426833e-01 5.319383259911893980e-01
6.960352422907488679e-01 5.253303964757709554e-01
6.894273127753304253e-01 5.099118942731277748e-01
6.916299559471366099e-01 4.856828193832599116e-01
6.850220264317180563e-01 4.570484581497797349e-01
6.762114537444934292e-01 4.438325991189427389e-01
6.762114537444934292e-01 4.328193832599118718e-01
6.828193832599118718e-01 4.218061674008810602e-01
6.817180616740088350e-01 4.118942731277532854e-01
6.585903083700440641e-01 4.085903083700440641e-01
6.740088105726872447e-01 3.843612334801762009e-01
6.607929515418502486e-01 3.557268722466960242e-01
6.629955947136563221e-01 3.403083700440528991e-01
6.519823788546255106e-01 3.314977973568281611e-01
6.563876651982378796e-01 3.160792951541849805e-01
6.497797356828194371e-01 3.072687224669603534e-01
6.497797356828194371e-01 2.984581497797356708e-01
6.607929515418502486e-01 2.786343612334801767e-01
6.552863436123348428e-01 2.731277533039647709e-01
6.442731277533040313e-01 2.753303964757709554e-01
6.409691629955946990e-01 2.698237885462554941e-01
6.431718061674008835e-01 2.566079295154184980e-01
6.387665198237885145e-01 2.477973568281938155e-01
6.409691629955946990e-01 2.103524229074890117e-01
6.299559471365638874e-01 2.037444933920704582e-01
6.255506607929515184e-01 1.729074889867841525e-01
6.321585903083700719e-01 1.574889867841409719e-01
6.288546255506608507e-01 1.519823788546255661e-01
6.101321585903083378e-01 1.486784140969162893e-01
6.233480176211453339e-01 1.244493392070484816e-01
6.134361233480176701e-01 9.471365638766521267e-02
6.046255506607929320e-01 9.251101321585902815e-02
6.057268722466960797e-01 7.599118942731275528e-02
5.715859030837004973e-01 6.607929515418503597e-02
5.495594713656387631e-01 8.149779735682821658e-02
5.429515418502202095e-01 8.149779735682821658e-02
5.374449339207048038e-01 7.378854625550662627e-02
