6.840101522842639836e-01 3.045685279187815286e-02
6.611675126903553412e-01 2.538071065989849773e-02
6.243654822335025223e-01 5.203045685279189536e-02
6.218274111675127225e-01 6.472081218274111647e-02
5.837563451776649481e-01 1.002538071065989800e-01
5.989847715736040801e-01 1.104060913705584013e-01
5.710659898477157270e-01 1.357868020304568435e-01
5.456852791878172848e-01 1.992385786802030601e-01
5.190355329949238872e-01 2.208121827411167470e-01
5.139593908629441765e-01 2.335025380710659682e-01
5.317258883248731083e-01 2.284263959390863130e-01
5.380710659898477743e-01 2.423857868020304340e-01
5.228426395939086424e-01 2.626903553299492211e-01
5.126903553299492211e-01 2.982233502538070846e-01
5.177664974619289318e-01 3.337563451776649481e-01
4.974619289340101447e-01 3.616751269035533012e-01
5.025380710659897998e-01 3.769035532994923776e-01
4.974619289340101447e-01 3.972081218274111647e-01
4.898477157360406342e-01 3.946700507614213094e-01
4.949238578680202894e-01 3.870558375634517434e-01
4.898477157360406342e-01 3.616751269035533012e-01
5.025380710659897998e-01 3.439086294416243694e-01
5.012690355329949554e-01 3.350253807106599035e-01
4.822335025380710682e-01 3.362944162436548590e-01
4.847715736040609236e-01 3.109137055837563057e-01
4.771573604060913576e-01 3.007614213197969955e-01
4.796954314720812129e-01 2.703045685279187871e-01
4.644670050761421365e-01 2.500000000000000000e-01
4.593908629441624258e-01 2.246192893401015023e-01
4.644670050761421365e-01 2.017766497461929154e-01
4.505076142131979600e-01 2.005076142131979600e-01
4.390862944162436388e-01 1.890862944162436388e-01
4.492385786802030601e-01 1.713197969543147070e-01
4.454314720812182493e-01 1.573604060913705860e-01
4.251269035532995177e-01 1.649746192893400965e-01
4.238578680203045623e-01 1.383248730964466988e-01
4.149746192893400965e-01 1.269035532994923776e-01
4.035532994923857752e-01 1.281725888324873330e-01
4.137055837563451965e-01 1.230964467005076224e-01
3.997461928934010200e-01 8.883248730964465878e-02
3.845177664974619436e-01 8.883248730964465878e-02
3.730964467005076224e-01 4.187817258883247407e-02
3.591370558375634459e-01 3.045685279187815286e-02
3.312182741116751483e-01 4.314720812182742948e-02
3.261421319796954377e-01 2.284263959390864240e-02
3.058375634517766506e-01 3.045685279187815286e-02
2.829949238578680082e-01 2.538071065989849773e-02
2.652284263959390764e-01 3.807106598984771884e-02
2.423857868020304340e-01 2.791878172588829754e-02
2.043147208121827152e-01 5.076142131979693994e-02
1.967005076142132047e-01 4.822335025380708462e-02
1.776649746192893176e-01 6.725888324873097179e-02
1.802030456852791729e-01 8.248730964467004823e-02
1.662436548223350519e-01 9.390862944162436943e-02
1.675126903553299518e-01 1.129441624365482011e-01
1.370558375634517989e-01 1.383248730964466988e-01
1.434010152284264095e-01 1.472081218274111647e-01
1.548223350253807307e-01 1.459390862944162648e-01
1.548223350253807307e-01 1.560913705583756306e-01
1.345177664974619436e-01 1.789340101522842730e-01
1.294416243654822329e-01 1.992385786802030601e-01
1.484771573604060646e-01 2.030456852791878153e-01
1.586294416243654859e-01 2.335025380710659682e-01
1.738578680203045623e-01 2.360406091370558235e-01
1.840101522842639836e-01 2.639593908629441765e-01
1.967005076142132047e-01 2.614213197969543212e-01
2.030456852791878153e-01 2.677664974619289318e-01
2.055837563451776706e-01 2.982233502538070846e-01
2.322335025380710682e-01 2.994923857868020400e-01
2.423857868020304340e-01 3.197969543147207716e-01
2.614213197969543212e-01 3.286802030456852930e-01
2.563451776649746106e-01 3.540609137055837907e-01
2.829949238578680082e-01 3.451776649746193248e-01
3.032994923857867953e-01 3.680203045685279117e-01
3.388324873096446588e-01 3.832487309644669882e-01
3.464467005076142248e-01 3.959390862944162093e-01
3.769035532994923776e-01 4.060913705583756306e-01
3.845177664974619436e-01 4.162436548223350519e-01
4.022842639593908753e-01 4.162436548223350519e-01
4.175126903553299518e-01 4.314720812182741283e-01
4.251269035532995177e-01 4.289340101522842730e-01
4.263959390862944177e-01 4.352791878172588835e-01
4.149746192893400965e-01 4.390862944162436388e-01
4.073604060913705860e-01 4.314720812182741283e-01
3.743654822335025223e-01 4.289340101522842730e-01
3.565989847715735905e-01 4.365482233502537834e-01
3.261421319796954377e-01 4.137055837563451965e-01
2.931472081218273740e-01 4.263959390862944177e-01
2.829949238578680082e-01 4.187817258883248517e-01
2.322335025380710682e-01 4.340101522842639836e-01
2.195431472081218471e-01 4.213197969543147070e-01
1.941624365482233494e-01 4.162436548223350519e-01
1.662436548223350519e-01 4.340101522842639836e-01
1.560913705583756306e-01 4.263959390862944177e-01
1.205583756345177671e-01 4.365482233502537834e-01
1.078680203045685460e-01 4.492385786802030601e-01
9.010152284263961420e-02 4.441624365482233494e-01
4.441624365482232939e-02 4.670050761421319918e-01
1.776649746192893176e-02 5.418781725888325296e-01
2.030456852791878708e-02 5.799492385786801929e-01
0.000000000000000000e+00 6.180203045685279672e-01
2.791878172588829754e-02 6.180203045685279672e-01
2.284263959390864240e-02 6.383248730964466988e-01
4.568527918781728481e-02 6.484771573604061201e-01
4.314720812182742948e-02 6.611675126903553412e-01
4.949238578680204004e-02 6.700507614213198071e-01
7.868020304568529300e-02 6.713197969543147625e-01
7.360406091370558235e-02 6.865482233502537834e-01
1.040609137055837352e-01 7.017766497461929154e-01
9.898477157360408007e-02 7.170050761421320473e-01
1.357868020304568435e-01 7.182741116751268917e-01
1.535532994923857752e-01 7.106598984771573813e-01
1.738578680203045623e-01 7.157360406091370919e-01
2.093908629441624258e-01 6.928934010152284495e-01
2.271573604060913576e-01 6.928934010152284495e-01
2.626903553299492211e-01 6.725888324873096069e-01
2.829949238578680082e-01 6.446700507614213649e-01
2.944162436548223294e-01 6.484771573604061201e-01
2.982233502538070846e-01 6.624365482233502966e-01
3.236040609137055823e-01 6.319796954314720328e-01
3.553299492385786906e-01 6.129441624365482566e-01
3.616751269035533012e-01 5.888324873096446588e-01
3.718274111675127225e-01 6.091370558375635014e-01
3.819796954314720883e-01 6.091370558375635014e-01
4.124365482233502411e-01 5.558375634517767061e-01
4.276649746192893176e-01 5.609137055837563057e-01
4.505076142131979600e-01 5.329949238578680637e-01
4.644670050761421365e-01 5.317258883248731083e-01
4.238578680203045623e-01 5.748730964467004823e-01
4.263959390862944177e-01 5.875634517766497034e-01
4.010152284263959199e-01 6.078680203045685460e-01
4.035532994923857752e-01 6.230964467005075669e-01
3.883248730964466988e-01 6.383248730964466988e-01
3.921319796954314540e-01 6.497461928934009645e-01
3.972081218274111647e-01 6.472081218274111647e-01
4.035532994923857752e-01 6.586294416243654304e-01
3.705583756345177671e-01 7.068527918781726260e-01
3.667512690355330118e-01 7.461928934010152448e-01
3.819796954314720883e-01 7.385786802030456233e-01
3.857868020304568435e-01 7.474619289340100892e-01
3.629441624365482566e-01 7.753807106598984422e-01
3.705583756345177671e-01 7.829949238578679527e-01
3.680203045685279117e-01 8.236040609137056379e-01
3.604060913705583458e-01 8.312182741116751483e-01
3.578680203045685460e-01 8.921319796954314540e-01
3.895939086294416542e-01 9.086294416243654304e-01
4.048223350253807307e-01 9.086294416243654304e-01
4.149746192893400965e-01 9.340101522842639836e-01
4.378172588832487389e-01 9.238578680203045623e-01
4.365482233502537834e-01 9.479695431472081601e-01
4.428934010152284495e-01 9.543147208121827152e-01
4.720812182741116469e-01 9.530456852791877598e-01
4.695431472081218471e-01 9.733502538071066024e-01
4.784263959390863130e-01 9.771573604060913576e-01
4.961928934010152448e-01 9.644670050761421365e-01
5.088832487309644659e-01 9.695431472081218471e-01
5.368020304568528189e-01 9.568527918781726260e-01
5.723350253807106824e-01 9.213197969543147625e-01
5.799492385786801929e-01 9.314720812182741838e-01
6.154822335025380564e-01 9.060913705583756306e-01
6.446700507614213649e-01 8.718274111675126115e-01
6.421319796954314540e-01 8.565989847715735905e-01
6.243654822335025223e-01 8.388324873096446588e-01
6.345177664974619436e-01 7.855329949238578635e-01
6.269035532994924331e-01 7.652284263959390209e-01
6.370558375634517434e-01 7.500000000000000000e-01
6.332487309644669882e-01 7.411167512690355341e-01
6.205583756345177671e-01 7.436548223350254450e-01
6.116751269035533012e-01 7.119289340101522257e-01
6.192893401015228116e-01 6.916243654822334941e-01
6.040609137055837907e-01 6.840101522842639836e-01
6.091370558375635014e-01 6.637055837563451410e-01
5.888324873096446588e-01 6.459390862944162093e-01
5.939086294416243694e-01 6.230964467005075669e-01
5.736040609137056379e-01 5.977157360406091247e-01
5.774111675126903931e-01 5.736040609137056379e-01
5.621827411167512611e-01 5.710659898477157270e-01
5.482233502538070846e-01 5.444162436548223294e-01
5.482233502538070846e-01 5.241116751269035978e-01
5.291878172588831974e-01 5.228426395939086424e-01
5.342639593908629081e-01 5.050761421319797106e-01
5.355329949238578635e-01 5.139593908629441765e-01
5.532994923857867953e-01 5.215736040609136870e-01
5.596446700507614613e-01 5.406091370558375742e-01
5.964467005076141692e-01 5.672588832487309718e-01
5.977157360406091247e-01 5.812182741116751483e-01
6.180203045685279672e-01 5.812182741116751483e-01
6.192893401015228116e-01 6.078680203045685460e-01
6.307106598984771884e-01 6.116751269035533012e-01
6.510152284263959199e-01 6.040609137055837907e-01
6.573604060913705860e-01 6.104060913705583458e-01
6.535532994923858308e-01 6.345177664974619436e-01
6.637055837563451410e-01 6.294416243654822329e-01
6.802030456852792284e-01 6.408629441624364986e-01
6.802030456852792284e-01 6.484771573604061201e-01
6.890862944162436943e-01 6.522842639593908753e-01
6.992385786802030045e-01 6.446700507614213649e-01
7.309644670050761128e-01 6.637055837563451410e-01
7.347715736040609791e-01 6.827411167512690282e-01
7.753807106598984422e-01 6.827411167512690282e-01
8.058375634517767061e-01 7.081218274111675814e-01
8.426395939086294140e-01 7.068527918781726260e-01
8.401015228426396142e-01 7.220812182741116469e-01
8.540609137055836797e-01 7.284263959390863130e-01
9.022842639593908753e-01 6.852791878172588280e-01
9.251269035532995177e-01 6.827411167512690282e-01
1.000000000000000000e+00 5.951776649746193248e-01
9.860406091370558235e-01 5.989847715736040801e-01
9.771573604060913576e-01 5.926395939086294140e-01
9.822335025380710682e-01 5.647208121827411720e-01
9.644670050761421365e-01 5.520304568527918399e-01
9.746192893401015578e-01 5.317258883248731083e-01
9.492385786802031156e-01 4.758883248730964577e-01
9.517766497461929154e-01 4.606598984771573813e-01
9.327411167512690282e-01 4.619289340101522812e-01
8.819796954314720328e-01 4.365482233502537834e-01
8.591370558375635014e-01 4.416243654822334941e-01
8.248730964467004823e-01 4.352791878172588835e-01
8.299492385786801929e-01 4.200507614213198071e-01
8.210659898477157270e-01 4.162436548223350519e-01
8.007614213197968844e-01 4.289340101522842730e-01
7.829949238578679527e-01 4.213197969543147070e-01
7.347715736040609791e-01 4.314720812182741283e-01
7.284263959390863130e-01 4.200507614213198071e-01
6.941624365482232939e-01 4.137055837563451965e-01
6.763959390862943621e-01 4.263959390862944177e-01
6.611675126903553412e-01 4.213197969543147070e-01
6.256345177664974777e-01 4.289340101522842730e-01
6.129441624365482566e-01 4.390862944162436388e-01
6.015228426395938799e-01 4.378172588832487389e-01
6.357868020304568990e-01 3.934010152284264095e-01
6.840101522842639836e-01 3.705583756345177671e-01
7.474619289340100892e-01 3.172588832487309718e-01
7.626903553299492211e-01 3.172588832487309718e-01
7.690355329949238872e-01 2.982233502538070846e-01
7.931472081218273740e-01 2.741116751269035423e-01
8.007614213197968844e-01 2.766497461928933976e-01
8.121827411167512611e-01 2.677664974619289318e-01
8.299492385786801929e-01 2.271573604060913576e-01
8.274111675126902821e-01 2.195431472081218471e-01
8.489847715736040801e-01 2.030456852791878153e-01
8.515228426395939909e-01 2.081218274111675259e-01
8.680203045685279672e-01 1.916243654822334941e-01
8.502538071065990355e-01 1.763959390862944177e-01
8.578680203045685460e-01 1.611675126903553412e-01
8.375634517766497034e-01 1.383248730964466988e-01
8.426395939086294140e-01 1.180203045685279117e-01
8.223350253807106824e-01 9.010152284263961420e-02
8.274111675126902821e-01 7.487309644670048225e-02
8.134517766497462166e-01 7.106598984771572702e-02
7.906091370558375742e-01 3.045685279187815286e-02
7.652284263959390209e-01 4.060913705583757416e-02
7.398477157360405787e-01 2.791878172588829754e-02
7.144670050761421365e-01 4.314720812182742948e-02
7.055837563451776706e-01 4.187817258883247407e-02
7.055837563451776706e-01 2.411167512690354231e-02
