8.060867391576053143e-01 1.598614828318872805e-02
8.035037287005790674e-01 1.544802110464149614e-02
1.758321876432112352e-01 1.570038419527047813e-02
1.731056766052391782e-01 1.652427546173579342e-02
1.718557110185788273e-01 1.910728591876198479e-02
1.734285529123674729e-01 2.169029637578817615e-02
2.094113235845519450e-01 4.903543592565212661e-02
2.145773444986043277e-01 5.370472405950721395e-02
2.843186268383118831e-01 1.058616659802286697e-01
2.894846477523642658e-01 1.105309541140837570e-01
3.488938882639670003e-01 1.549388646637265277e-01
3.540599091780194385e-01 1.596081527975816705e-01
4.238011915177269384e-01 2.117650947183030707e-01
4.289672124317793767e-01 2.164343828521581581e-01
4.987084947714868766e-01 2.685913247728796138e-01
5.038745156855393148e-01 2.732606129067346457e-01
5.736157980252468702e-01 3.254175548274561014e-01
5.787818189392992529e-01 3.300868429613111887e-01
6.381910594509019319e-01 3.744947535109539594e-01
6.433570803649544256e-01 3.791640416448091022e-01
7.130983627046618700e-01 4.313209835655305024e-01
7.182643836187143638e-01 4.359902716993855898e-01
7.888413458121656952e-01 4.892151890975313111e-01
7.913353278756822817e-01 4.943812100115837493e-01
7.908594758988460871e-01 4.995472309256361321e-01
7.702091617078938857e-01 5.486244296091340455e-01
7.673415823022122773e-01 5.523106007821818597e-01
7.647585718451860304e-01 5.531677605022962130e-01
7.595925509311336477e-01 5.515533789666547948e-01
7.492605091030287712e-01 5.424401064956770879e-01
7.285964254468191292e-01 5.264453109733224778e-01
7.208473940757404996e-01 5.191930123824411991e-01
7.130983627046618700e-01 5.135302586881914655e-01
7.053493313335833514e-01 5.062779600973101868e-01
6.976002999625047218e-01 5.006152064030604532e-01
6.898512685914260922e-01 4.933629078121791744e-01
6.691871849352164503e-01 4.773681122898246199e-01
6.614381535641378207e-01 4.701158136989433411e-01
6.536891221930591911e-01 4.644530600046936075e-01
6.459400908219805615e-01 4.572007614138122733e-01
6.381910594509019319e-01 4.515380077195625952e-01
6.304420280798233023e-01 4.442857091286812610e-01
6.097779444236137714e-01 4.282909136063267619e-01
6.020289130525351418e-01 4.210386150154454277e-01
5.942798816814565122e-01 4.153758613211956940e-01
5.865308503103778826e-01 4.081235627303144153e-01
5.787818189392992529e-01 4.024608090360646817e-01
5.710327875682206233e-01 3.952085104451833475e-01
5.503687039120109814e-01 3.792137149228288484e-01
5.426196725409323518e-01 3.719614163319475697e-01
5.348706411698537222e-01 3.662986626376978361e-01
5.271216097987752036e-01 3.590463640468165019e-01
5.193725784276965740e-01 3.533836103525667682e-01
5.116235470566179444e-01 3.461313117616854895e-01
4.909594634004083025e-01 3.301365162393309349e-01
4.832104320293296729e-01 3.228842176484496562e-01
4.754614006582510433e-01 3.172214639541999226e-01
4.677123692871724137e-01 3.099691653633186439e-01
4.599633379160938396e-01 3.043064116690689103e-01
4.522143065450152100e-01 2.970541130781875760e-01
4.315502228888055680e-01 2.810593175558330215e-01
4.238011915177269384e-01 2.738070189649517427e-01
4.160521601466483643e-01 2.681442652707020091e-01
4.083031287755697347e-01 2.608919666798207304e-01
4.005540974044911051e-01 2.552292129855709968e-01
3.928050660334124755e-01 2.479769143946896626e-01
3.721409823772028336e-01 2.319821188723351635e-01
3.643919510061242040e-01 2.247298202814538293e-01
3.566429196350455744e-01 2.190670665872040956e-01
3.488938882639670003e-01 2.118147679963228169e-01
3.411448568928883707e-01 2.061520143020730833e-01
3.333958255218097966e-01 1.988997157111918046e-01
3.256467941507311670e-01 1.932369620169420710e-01
3.178977627796525374e-01 1.859846634260607368e-01
2.972336791234428954e-01 1.699898679037062377e-01
2.894846477523642658e-01 1.627375693128249035e-01
2.817356163812856362e-01 1.570748156185751698e-01
2.739865850102070066e-01 1.498225170276938911e-01
2.662375536391284325e-01 1.441597633334441575e-01
2.584885222680498029e-01 1.369074647425628788e-01
2.378244386118401610e-01 1.209126692202083242e-01
2.300754072407615314e-01 1.136603706293269900e-01
2.223263758696829573e-01 1.079976169350773119e-01
2.145773444986043277e-01 1.007453183441959776e-01
2.068283131275256981e-01 9.508256464994624402e-02
1.990792817564471240e-01 8.783026605906496531e-02
1.732491771861850438e-01 6.756356862701312638e-02
1.706661667291588524e-01 6.664929914195194538e-02
1.680831562721326611e-01 6.727768305883585764e-02
1.655001458151064142e-01 7.039254192842747671e-02
1.625630129567137705e-01 7.851652643036471924e-02
1.607299087614048050e-01 8.626555780144334884e-02
1.522309711286089495e-01 1.120956623717053735e-01
1.503978669332999840e-01 1.198446937427840031e-01
1.418989293005041286e-01 1.456747983130460278e-01
1.400658251051951630e-01 1.534238296841246574e-01
1.315668874723993076e-01 1.792539342543867376e-01
1.297337832770903421e-01 1.870029656254653116e-01
1.238178561013206780e-01 2.050840388246487622e-01
1.219847519060117125e-01 2.128330701957273918e-01
1.134858142732158570e-01 2.386631747659894165e-01
1.116527100779068915e-01 2.464122061370680461e-01
1.031537724451110360e-01 2.722423107073300708e-01
1.013206682498020705e-01 2.799913420784087004e-01
9.282173061700621508e-02 3.058214466486707805e-01
9.098862642169724957e-02 3.135704780197493546e-01
8.507269924592758548e-02 3.316515512189328607e-01
8.323959505061867548e-02 3.394005825900114348e-01
7.474065741782276451e-02 3.652306871602735150e-01
7.290755322251385451e-02 3.729797185313521446e-01
6.440861558971794354e-02 3.988098231016141693e-01
6.257551139440903354e-02 4.065588544726927989e-01
5.407657376161312257e-02 4.323889590429548235e-01
5.224346956630421257e-02 4.401379904140334531e-01
4.632754239053454848e-02 4.582190636132168482e-01
4.449443819522558297e-02 4.659680949842954778e-01
3.599550056242972751e-02 4.917981995545575580e-01
3.416239636712076200e-02 4.995472309256361321e-01
2.566345873432490654e-02 5.253773354958981567e-01
2.383035453901594103e-02 5.331263668669767863e-01
1.791442736324627694e-02 5.512074400661602924e-01
1.608132316793731142e-02 5.589564714372389220e-01
7.582385535141455968e-03 5.847865760075009467e-01
5.749281339832490456e-03 5.925356073785795763e-01
0.000000000000000000e+00 6.106166805777629714e-01
3.950399057260356450e-04 6.157827014918153541e-01
2.021413989917841825e-03 6.183657119488416010e-01
3.634962296379617985e-02 6.445950090442804647e-01
4.668166479190100082e-02 6.514986915385140298e-01
9.575886347539891430e-02 6.885061868137258845e-01
1.060909053035037353e-01 6.954098693079595606e-01
1.655001458151064142e-01 7.401663959542500448e-01
1.758321876432112352e-01 7.470700784484836099e-01
2.249093863267091487e-01 7.840775737236955756e-01
2.352414281548139696e-01 7.909812562179291406e-01
2.946506686664166486e-01 8.357377828642196249e-01
3.049827104945215250e-01 8.426414653584533010e-01
3.540599091780194385e-01 8.796489606336650446e-01
3.643919510061242040e-01 8.865526431278987207e-01
4.238011915177269384e-01 9.313091697741892050e-01
4.341332333458317594e-01 9.382128522684227701e-01
4.832104320293296729e-01 9.752203475436347357e-01
4.961254843144606852e-01 9.835897957804679015e-01
4.987084947714868766e-01 9.845519788953583928e-01
5.012915052285130679e-01 9.845074442323061836e-01
5.038745156855393148e-01 9.833594395847389258e-01
5.297046202558013395e-01 9.640429568386849057e-01
5.400366620839062159e-01 9.571392743444512297e-01
5.787818189392992529e-01 9.278808104403180046e-01
5.891138607674040184e-01 9.209771279460843285e-01
6.381910594509019319e-01 8.839696326708725849e-01
6.485231012790068084e-01 8.770659501766389088e-01
6.976002999625047218e-01 8.400584549014270541e-01
7.079323417906094873e-01 8.331547724071934891e-01
7.456501649415036015e-01 8.043424648547283784e-01
7.476848727242427772e-01 8.017594543977022425e-01
7.480196511383788716e-01 7.991764439406758846e-01
7.465237480235605849e-01 7.965934334836497488e-01
7.260134149897929934e-01 7.800770685420879147e-01
6.666041744781902034e-01 7.356691579924451441e-01
6.614381535641378207e-01 7.309998698585900012e-01
6.123609548806399072e-01 6.943409906800258602e-01
6.071949339665875245e-01 6.896717025461707173e-01
5.581177352830896110e-01 6.530128233676065763e-01
5.529517143690372283e-01 6.483435352337514335e-01
4.935424738574344938e-01 6.039356246841086628e-01
4.883764529433820556e-01 5.992663365502536310e-01
4.392992542598841976e-01 5.626074573716893790e-01
4.341332333458317594e-01 5.579381692378343471e-01
3.747239928342290805e-01 5.135302586881914655e-01
3.695579719201766422e-01 5.088609705543364337e-01
3.204807732366787287e-01 4.722020913757722371e-01
3.153147523226262905e-01 4.675328032419171498e-01
2.662375536391284325e-01 4.308739240633529533e-01
2.596078267994278432e-01 4.246399276718761939e-01
2.578158632948659434e-01 4.220569172148500026e-01
2.578158632948659434e-01 4.194739067578238112e-01
2.596078267994278432e-01 4.168908963007975643e-01
2.817356163812856362e-01 3.951378964715278608e-01
2.920676582093905127e-01 3.866501795350473780e-01
2.972336791234428954e-01 3.847346051027341063e-01
2.998166895804690868e-01 3.852044835391743582e-01
3.049827104945215250e-01 3.880316249218411229e-01
3.178977627796525374e-01 3.977418476241898482e-01
3.230637836937049201e-01 4.024111357580449355e-01
3.411448568928883707e-01 4.158229208233732432e-01
3.463108778069408089e-01 4.204922089572283861e-01
3.643919510061242040e-01 4.339039940225566938e-01
3.695579719201766422e-01 4.385732821564117812e-01
3.876390451193600928e-01 4.519850672217401444e-01
3.928050660334124755e-01 4.566543553555952317e-01
4.108861392325959261e-01 4.700661404209235950e-01
4.160521601466483643e-01 4.747354285547786823e-01
4.341332333458317594e-01 4.881472136201070455e-01
4.392992542598841976e-01 4.928165017539621329e-01
4.573803274590675927e-01 5.062282868192904406e-01
4.625463483731200309e-01 5.108975749531455834e-01
4.806274215723034815e-01 5.243093600184738357e-01
4.857934424863558642e-01 5.289786481523289785e-01
5.038745156855393148e-01 5.423904332176573417e-01
5.090405365995916975e-01 5.470597213515123736e-01
5.271216097987752036e-01 5.604715064168407368e-01
5.322876307128275863e-01 5.651407945506958796e-01
5.503687039120109814e-01 5.785525796160242429e-01
5.684497771111944875e-01 5.935539095779841512e-01
5.865308503103778826e-01 6.069656946433124034e-01
5.916968712244302653e-01 6.116349827771675463e-01
6.097779444236137714e-01 6.250467678424959095e-01
6.149439653376661541e-01 6.297160559763510523e-01
6.330250385368495492e-01 6.431278410416793045e-01
6.381910594509019319e-01 6.477971291755344474e-01
6.562721326500854380e-01 6.612089142408628106e-01
6.614381535641378207e-01 6.658782023747178425e-01
6.795192267633212158e-01 6.792899874400462057e-01
6.846852476773737095e-01 6.839592755739012375e-01
7.027663208765571046e-01 6.973710606392296008e-01
7.079323417906094873e-01 7.020403487730847436e-01
7.260134149897929934e-01 7.154521338384131068e-01
7.311794359038453761e-01 7.201214219722681387e-01
7.492605091030287712e-01 7.335332070375965019e-01
7.544265300170811539e-01 7.382024951714516448e-01
7.725076032162646600e-01 7.516142802367800080e-01
7.776736241303170427e-01 7.562835683706350398e-01
7.905886764154480550e-01 7.655281202192363299e-01
7.957546973295004378e-01 7.662738107380802077e-01
7.983377077865266847e-01 7.655281202192363299e-01
8.164187809857101907e-01 7.530814482393810572e-01
8.551639378411032277e-01 7.238229843352478321e-01
8.654959796692081042e-01 7.169193018410141560e-01
9.042411365246010302e-01 6.876608379368809310e-01
9.145731783527059067e-01 6.807571554426472549e-01
9.533183352080989437e-01 6.514986915385140298e-01
9.636503770362038201e-01 6.445950090442804647e-01
9.979785860100821582e-01 6.183657119488416010e-01
9.996049600942739088e-01 6.157827014918153541e-01
1.000000000000000000e+00 6.106166805777629714e-01
9.839186768320626886e-01 5.615394818942650579e-01
9.820855726367536676e-01 5.537904505231864283e-01
9.632545931758531577e-01 4.969642204686099407e-01
9.614214889805441366e-01 4.892151890975313111e-01
9.425905095196434047e-01 4.323889590429548235e-01
9.407574053243343837e-01 4.246399276718761939e-01
9.219264258634338738e-01 3.678136976172997064e-01
9.200933216681248528e-01 3.600646662462210768e-01
9.012623422072241208e-01 3.032384361916445892e-01
8.994292380119150998e-01 2.954894048205659596e-01
8.805982585510145899e-01 2.386631747659894165e-01
8.787651543557055689e-01 2.309141433949108424e-01
8.599341748948048370e-01 1.740879133403342993e-01
8.581010706994958159e-01 1.663388819692556697e-01
8.392700912385953060e-01 1.095126519146791821e-01
8.374369870432862850e-01 1.017636205436005525e-01
8.186060075823855531e-01 4.493739048902406497e-02
8.167729033870765321e-01 3.718835911794543536e-02
8.115325862045021932e-01 2.169029637578817615e-02
8.086697496146315611e-01 1.750694248343054316e-02
