5.124716553287982368e-01 0.000000000000000000e+00
5.102040816326530726e-01 2.267573696145108730e-03
5.056689342403628551e-01 0.000000000000000000e+00
5.034013605442176909e-01 2.267573696145108730e-03
4.988662131519274179e-01 0.000000000000000000e+00
4.965986394557823091e-01 2.267573696145108730e-03
4.920634920634920917e-01 0.000000000000000000e+00
4.897959183673469274e-01 2.267573696145108730e-03
4.852607709750567100e-01 0.000000000000000000e+00
4.829931972789115457e-01 2.267573696145108730e-03
4.557823129251700744e-01 2.267573696145108730e-03
4.535147392290249657e-01 4.535147392290272972e-03
4.376417233560090936e-01 4.535147392290272972e-03
4.353741496598639293e-01 6.802721088435381702e-03
4.081632653061224580e-01 9.070294784580490433e-03
4.058956916099772938e-01 1.133786848072559916e-02
4.036281179138321851e-01 9.070294784580490433e-03
3.945578231292516946e-01 1.360544217687076340e-02
3.786848072562358225e-01 1.587301587301587213e-02
3.696145124716553321e-01 2.040816326530614511e-02
3.628117913832199504e-01 2.040816326530614511e-02
3.537414965986394599e-01 2.494331065759636257e-02
3.469387755102040782e-01 2.494331065759636257e-02
3.015873015873016261e-01 4.308390022675734343e-02
2.517006802721088454e-01 6.802721088435376151e-02
1.950113378684807386e-01 1.065759637188208875e-01
1.281179138321995592e-01 1.712018140589569026e-01
8.730158730158732450e-02 2.256235827664399007e-01
5.555555555555558023e-02 2.823129251700680076e-01
3.061224489795916215e-02 3.458049886621314961e-01
3.061224489795916215e-02 3.526077097505668778e-01
2.607709750566894469e-02 3.616780045351474238e-01
2.154195011337867172e-02 3.866213151927437863e-01
1.473922902494329001e-02 4.047619047619047672e-01
1.473922902494329001e-02 4.206349206349206393e-01
1.247165532879818128e-02 4.229024943310657481e-01
1.247165532879818128e-02 4.387755102040816202e-01
1.020408163265307255e-02 4.410430839002267289e-01
1.020408163265307255e-02 4.546485260770974923e-01
7.936507936507963823e-03 4.569160997732426566e-01
7.936507936507963823e-03 5.453514739229025077e-01
1.247165532879818128e-02 5.612244897959183243e-01
1.020408163265307255e-02 5.634920634920634885e-01
1.247165532879818128e-02 5.657596371882086528e-01
1.247165532879818128e-02 5.770975056689342519e-01
1.473922902494329001e-02 5.793650793650793052e-01
1.247165532879818128e-02 5.816326530612244694e-01
2.154195011337867172e-02 6.224489795918367596e-01
2.607709750566894469e-02 6.315192743764171945e-01
2.834467120181405342e-02 6.473922902494331222e-01
5.328798185941041599e-02 7.131519274376416639e-01
8.956916099773243323e-02 7.789115646258503167e-01
1.247165532879818683e-01 8.231292517006802978e-01
2.426303854875283550e-01 8.231292517006802978e-01
2.448979591836734637e-01 8.253968253968253510e-01
2.471655328798185725e-01 8.231292517006802978e-01
2.494331065759637367e-01 8.253968253968253510e-01
2.517006802721088454e-01 8.231292517006802978e-01
2.539682539682539542e-01 8.253968253968253510e-01
2.585034013605442271e-01 8.231292517006802978e-01
2.607709750566893359e-01 8.253968253968253510e-01
2.925170068027210801e-01 8.253968253968253510e-01
2.947845804988662444e-01 8.276643990929705152e-01
2.970521541950112976e-01 8.253968253968253510e-01
2.993197278911564618e-01 8.276643990929705152e-01
3.197278911564626069e-01 8.276643990929705152e-01
3.219954648526077157e-01 8.299319727891156795e-01
3.242630385487528244e-01 8.276643990929705152e-01
3.265306122448979886e-01 8.299319727891156795e-01
3.424036281179138053e-01 8.299319727891156795e-01
3.446712018140589695e-01 8.321995464852607327e-01
3.469387755102040782e-01 8.299319727891156795e-01
3.492063492063491870e-01 8.321995464852607327e-01
3.605442176870748416e-01 8.321995464852607327e-01
3.628117913832199504e-01 8.344671201814058970e-01
3.650793650793651146e-01 8.321995464852607327e-01
3.786848072562358225e-01 8.367346938775510612e-01
3.809523809523809312e-01 8.344671201814058970e-01
3.945578231292516946e-01 8.390022675736961144e-01
3.968253968253968589e-01 8.367346938775510612e-01
4.081632653061224580e-01 8.412698412698412787e-01
4.104308390022675668e-01 8.390022675736961144e-01
4.195011337868480572e-01 8.435374149659864429e-01
4.217687074829932214e-01 8.412698412698412787e-01
4.421768707482993110e-01 8.480725623582766604e-01
4.512471655328798015e-01 8.480725623582766604e-01
4.693877551020408379e-01 8.548752834467120421e-01
4.716553287981859466e-01 8.526077097505668778e-01
4.784580498866213283e-01 8.571428571428572063e-01
4.852607709750567100e-01 8.571428571428572063e-01
5.181405895691609809e-01 8.696145124716553321e-01
1.723356009070294848e-01 8.707482993197279697e-01
1.712018140589569026e-01 8.741496598639455495e-01
2.244897959183673741e-01 9.160997732426303664e-01
2.879818594104308627e-01 9.523809523809523281e-01
3.446712018140589695e-01 9.750566893424036374e-01
4.126984126984126755e-01 9.931972789115646183e-01
4.263038548752834389e-01 9.931972789115646183e-01
4.285714285714286031e-01 9.954648526077096715e-01
4.308390022675737119e-01 9.931972789115646183e-01
4.331065759637188206e-01 9.954648526077096715e-01
4.444444444444444198e-01 9.954648526077096715e-01
4.467120181405895840e-01 9.977324263038549468e-01
4.603174603174603474e-01 9.977324263038549468e-01
4.625850340136054561e-01 1.000000000000000000e+00
4.648526077097505649e-01 9.977324263038549468e-01
4.671201814058956736e-01 1.000000000000000000e+00
5.328798185941042709e-01 1.000000000000000000e+00
5.351473922902494351e-01 9.977324263038549468e-01
5.510204081632652517e-01 9.977324263038549468e-01
5.532879818594104160e-01 9.954648526077096715e-01
5.691609977324263436e-01 9.954648526077096715e-01
5.714285714285713969e-01 9.931972789115646183e-01
5.850340136054421603e-01 9.931972789115646183e-01
5.873015873015873245e-01 9.909297052154195651e-01
5.986394557823129237e-01 9.909297052154195651e-01
6.077097505668934696e-01 9.863945578231292366e-01
6.145124716553287403e-01 9.863945578231292366e-01
6.235827664399092862e-01 9.818594104308390191e-01
6.394557823129252139e-01 9.795918367346938549e-01
6.485260770975056488e-01 9.750566893424036374e-01
6.553287981859410305e-01 9.750566893424036374e-01
7.165532879818594658e-01 9.501133786848072749e-01
8.027210884353741527e-01 8.956916099773242212e-01
8.718820861678004963e-01 8.287981859410431529e-01
9.285714285714286031e-01 7.471655328798185725e-01
9.671201814058956181e-01 6.587301587301587213e-01
9.693877551020408934e-01 6.428571428571427937e-01
9.739229024943309998e-01 6.337868480725623588e-01
9.761904761904761640e-01 6.179138321995465422e-01
9.829931972789115457e-01 5.997732426303854503e-01
9.829931972789115457e-01 5.884353741496598511e-01
9.852607709750567100e-01 5.861678004535146869e-01
9.852607709750567100e-01 5.725623582766440345e-01
9.875283446712017632e-01 5.702947845804988702e-01
9.852607709750567100e-01 5.680272108843537060e-01
9.920634920634920917e-01 5.317460317460317443e-01
9.897959183673469274e-01 5.294784580498865800e-01
9.920634920634920917e-01 5.226757369614511983e-01
9.897959183673469274e-01 5.204081632653061451e-01
9.920634920634920917e-01 5.158730158730158166e-01
9.897959183673469274e-01 5.136054421768707634e-01
9.920634920634920917e-01 5.068027210884353817e-01
9.897959183673469274e-01 5.045351473922902175e-01
9.920634920634920917e-01 5.000000000000000000e-01
9.897959183673469274e-01 4.977324263038548913e-01
9.920634920634920917e-01 4.909297052154195096e-01
9.897959183673469274e-01 4.886621315192744008e-01
9.920634920634920917e-01 4.841269841269841279e-01
9.897959183673469274e-01 4.818594104308390191e-01
9.920634920634920917e-01 4.750566893424036374e-01
9.897959183673469274e-01 4.727891156462585287e-01
9.920634920634920917e-01 4.682539682539682557e-01
9.897959183673469274e-01 4.659863945578231470e-01
9.897959183673469274e-01 4.501133786848072749e-01
9.875283446712017632e-01 4.478458049886621106e-01
9.875283446712017632e-01 4.342403628117914027e-01
9.852607709750567100e-01 4.319727891156462385e-01
9.852607709750567100e-01 4.160997732426303664e-01
9.829931972789115457e-01 4.138321995464852576e-01
9.829931972789115457e-01 4.002267573696144942e-01
9.761904761904761640e-01 3.798185941043084046e-01
9.761904761904761640e-01 3.707482993197278587e-01
9.557823129251701300e-01 3.117913832199546431e-01
9.263038548752834389e-01 2.505668934240362633e-01
8.979591836734693855e-01 2.086167800453514465e-01
8.911564625850340038e-01 2.063492063492063378e-01
8.888888888888888395e-01 2.086167800453514465e-01
8.843537414965986221e-01 2.063492063492063378e-01
8.820861678004534578e-01 2.086167800453514465e-01
8.775510204081632404e-01 2.063492063492063378e-01
8.752834467120180761e-01 2.086167800453514465e-01
8.707482993197279697e-01 2.063492063492063378e-01
8.684807256235826944e-01 2.086167800453514465e-01
8.639455782312925880e-01 2.063492063492063378e-01
8.616780045351473127e-01 2.086167800453514465e-01
8.571428571428572063e-01 2.063492063492063378e-01
8.548752834467120421e-01 2.086167800453514465e-01
8.503401360544218246e-01 2.063492063492063378e-01
8.480725623582766604e-01 2.086167800453514465e-01
8.435374149659864429e-01 2.063492063492063378e-01
8.412698412698412787e-01 2.086167800453514465e-01
8.367346938775510612e-01 2.063492063492063378e-01
8.344671201814058970e-01 2.086167800453514465e-01
8.299319727891156795e-01 2.063492063492063378e-01
8.276643990929705152e-01 2.086167800453514465e-01
8.253968253968253510e-01 2.063492063492063378e-01
6.009070294784580879e-01 2.063492063492063378e-01
5.963718820861677594e-01 2.040816326530612290e-01
5.941043083900227062e-01 2.063492063492063378e-01
5.895691609977324887e-01 2.040816326530612290e-01
5.873015873015873245e-01 2.063492063492063378e-01
5.827664399092971070e-01 2.040816326530612290e-01
5.804988662131519428e-01 2.063492063492063378e-01
5.759637188208617253e-01 2.040816326530612290e-01
5.736961451247165611e-01 2.063492063492063378e-01
5.691609977324263436e-01 2.040816326530612290e-01
5.668934240362811794e-01 2.063492063492063378e-01
5.623582766439909619e-01 2.040816326530612290e-01
5.600907029478457977e-01 2.063492063492063378e-01
5.555555555555555802e-01 2.040816326530612290e-01
5.532879818594104160e-01 2.063492063492063378e-01
5.487528344671201985e-01 2.040816326530612290e-01
5.464852607709750343e-01 2.063492063492063378e-01
5.419501133786848168e-01 2.040816326530612290e-01
5.396825396825396526e-01 2.063492063492063378e-01
5.317460317460317443e-01 2.052154195011338111e-01
5.396825396825396526e-01 1.995464852607709560e-01
6.190476190476190688e-01 1.791383219954648665e-01
6.213151927437641220e-01 1.814058956916099752e-01
6.326530612244898322e-01 1.768707482993197022e-01
6.462585034013605956e-01 1.768707482993197022e-01
6.485260770975056488e-01 1.746031746031745935e-01
6.643990929705215764e-01 1.746031746031745935e-01
6.666666666666666297e-01 1.723356009070294848e-01
6.689342403628117939e-01 1.746031746031745935e-01
6.712018140589568471e-01 1.723356009070294848e-01
6.893424036281179390e-01 1.723356009070294848e-01
6.916099773242629922e-01 1.700680272108843760e-01
6.938775510204081565e-01 1.723356009070294848e-01
6.961451247165533207e-01 1.700680272108843760e-01
7.210884353741496833e-01 1.700680272108843760e-01
7.256235827664399007e-01 1.678004535147392118e-01
7.278911564625850650e-01 1.700680272108843760e-01
7.324263038548752824e-01 1.678004535147392118e-01
7.346938775510204467e-01 1.700680272108843760e-01
7.369614512471654999e-01 1.678004535147392118e-01
8.163265306122449161e-01 1.678004535147392118e-01
8.185941043083899693e-01 1.700680272108843760e-01
8.231292517006802978e-01 1.678004535147392118e-01
8.253968253968253510e-01 1.700680272108843760e-01
8.299319727891156795e-01 1.678004535147392118e-01
8.321995464852607327e-01 1.700680272108843760e-01
8.367346938775510612e-01 1.678004535147392118e-01
8.390022675736961144e-01 1.700680272108843760e-01
8.435374149659864429e-01 1.678004535147392118e-01
8.458049886621314961e-01 1.700680272108843760e-01
8.503401360544218246e-01 1.678004535147392118e-01
8.526077097505668778e-01 1.700680272108843760e-01
8.571428571428572063e-01 1.678004535147392118e-01
8.594104308390022595e-01 1.700680272108843760e-01
8.650793650793651146e-01 1.666666666666666852e-01
7.981859410430838242e-01 1.020408163265306145e-01
7.188208616780045190e-01 5.215419501133788938e-02
6.530612244897959773e-01 2.494331065759636257e-02
6.371882086167800496e-01 2.267573696145125384e-02
6.281179138321995037e-01 1.814058956916098087e-02
6.122448979591836871e-01 1.587301587301587213e-02
5.941043083900227062e-01 9.070294784580490433e-03
5.782312925170067786e-01 9.070294784580490433e-03
5.759637188208617253e-01 6.802721088435381702e-03
5.623582766439909619e-01 6.802721088435381702e-03
5.600907029478457977e-01 4.535147392290272972e-03
5.442176870748299811e-01 4.535147392290272972e-03
5.419501133786848168e-01 2.267573696145108730e-03
5.170068027210884543e-01 2.267573696145108730e-03
