0.000000000000000000e+00 5.827505827505907732e-04
0.000000000000000000e+00 7.575757575757569029e-03
2.097902097902099028e-02 6.351981351981350610e-02
2.097902097902099028e-02 7.051282051282053986e-02
7.692307692307692735e-02 2.057109557109557119e-01
1.421911421911422058e-01 3.315850815850815980e-01
1.421911421911422058e-01 3.362470862470862132e-01
1.468531468531468764e-01 3.409090909090909394e-01
1.468531468531468764e-01 3.455710955710955545e-01
1.655011655011655036e-01 3.758741258741258862e-01
1.655011655011655036e-01 3.805361305361305568e-01
2.342657342657342712e-01 5.052447552447552059e-01
2.645687645687645473e-01 5.192307692307692735e-01
2.668997668997669104e-01 5.168997668997669104e-01
2.808857808857808669e-01 5.238927738927738886e-01
3.298368298368298257e-01 5.355477855477855931e-01
3.321678321678321888e-01 5.332167832167832300e-01
3.438228438228437822e-01 5.378787878787878451e-01
3.461538461538461453e-01 5.355477855477855931e-01
3.484848484848485084e-01 5.378787878787878451e-01
4.114219114219114237e-01 5.378787878787878451e-01
4.137529137529137868e-01 5.355477855477855931e-01
4.160839160839160944e-01 5.378787878787878451e-01
4.487179487179487336e-01 5.308857808857808669e-01
4.510489510489510412e-01 5.332167832167832300e-01
4.696969696969697239e-01 5.262237762237762517e-01
4.720279720279720315e-01 5.285547785547785038e-01
4.976689976689976924e-01 5.192307692307692735e-01
5.139860139860139565e-01 5.168997668997669104e-01
5.606060606060605522e-01 5.005827505827505908e-01
5.675990675990676415e-01 5.005827505827505908e-01
5.955710955710955545e-01 4.889277389277389418e-01
6.025641025641025328e-01 4.889277389277389418e-01
6.095571095571095110e-01 4.842657342657342712e-01
6.771561771561771526e-01 4.656177156177155885e-01
6.876456876456876754e-01 4.667832167832167700e-01
6.923076923076922906e-01 4.970862470862471016e-01
6.899766899766899275e-01 4.994172494172494092e-01
6.923076923076922906e-01 5.087412587412587506e-01
5.839160839160839611e-01 5.378787878787878451e-01
5.606060606060605522e-01 5.472027972027971865e-01
5.536130536130535740e-01 5.472027972027971865e-01
5.372960372960372544e-01 5.541958041958041647e-01
4.324009324009324140e-01 5.775058275058274626e-01
4.114219114219114237e-01 5.775058275058274626e-01
4.090909090909090606e-01 5.798368298368298257e-01
4.067599067599067530e-01 5.775058275058274626e-01
4.044289044289044455e-01 5.798368298368298257e-01
3.717948717948718063e-01 5.798368298368298257e-01
3.694638694638694432e-01 5.775058275058274626e-01
3.671328671328671356e-01 5.798368298368298257e-01
3.648018648018648280e-01 5.775058275058274626e-01
3.484848484848485084e-01 5.775058275058274626e-01
3.461538461538461453e-01 5.751748251748252105e-01
3.438228438228437822e-01 5.775058275058274626e-01
2.832167832167832300e-01 5.635198135198135061e-01
2.692307692307692180e-01 5.565268065268065278e-01
2.657342657342657288e-01 5.576923076923077094e-01
2.890442890442890267e-01 6.019813519813519420e-01
3.846153846153845812e-01 7.488344988344988185e-01
4.265734265734265618e-01 8.047785547785547555e-01
4.289044289044289249e-01 8.117715617715617338e-01
4.475524475524475521e-01 8.350815850815851427e-01
5.058275058275057967e-01 9.259906759906759710e-01
5.419580419580419806e-01 9.994172494172494092e-01
5.547785547785547555e-01 9.865967365967365232e-01
6.060606060606060774e-01 8.980186480186480580e-01
6.060606060606060774e-01 8.933566433566433318e-01
6.130536130536130557e-01 8.840326340326341015e-01
6.503496503496503101e-01 8.001165501165501404e-01
6.526806526806526731e-01 7.884615384615384359e-01
6.829836829836829493e-01 7.162004662004661792e-01
6.794871794871795156e-01 7.127039627039626346e-01
6.445221445221445133e-01 7.196969696969697239e-01
6.048951048951048959e-01 7.336829836829836804e-01
5.979020979020979176e-01 7.336829836829836804e-01
5.909090909090909394e-01 7.383449883449884066e-01
5.116550116550117044e-01 7.616550116550115934e-01
5.058275058275057967e-01 7.604895104895104119e-01
5.011655011655011815e-01 7.348484848484848619e-01
5.034965034965035446e-01 7.325174825174824988e-01
5.011655011655011815e-01 7.301864801864801358e-01
6.398601398601398982e-01 6.870629370629370847e-01
6.958041958041958353e-01 6.754079254079253802e-01
7.016317016317016320e-01 6.672494172494172204e-01
7.039627039627039951e-01 6.555944055944056270e-01
7.179487179487179516e-01 6.252913752913753509e-01
7.202797202797203147e-01 6.136363636363636465e-01
7.459207459207459756e-01 5.553613053613053463e-01
7.482517482517482277e-01 5.437062937062937529e-01
8.438228438228438932e-01 3.245920745920746198e-01
8.484848484848485084e-01 3.199300699300698936e-01
8.484848484848485084e-01 3.152680652680652784e-01
8.834498834498833997e-01 2.476689976689976924e-01
8.822843822843822181e-01 2.418414918414918402e-01
8.566433566433566682e-01 2.418414918414918402e-01
8.543123543123543051e-01 2.395104895104895326e-01
8.519813519813519420e-01 2.418414918414918402e-01
8.496503496503495789e-01 2.395104895104895326e-01
8.473193473193473269e-01 2.418414918414918402e-01
8.449883449883449638e-01 2.395104895104895326e-01
8.426573426573427117e-01 2.418414918414918402e-01
8.379953379953379855e-01 2.395104895104895326e-01
8.356643356643356224e-01 2.418414918414918402e-01
8.310023310023310072e-01 2.395104895104895326e-01
8.286713286713286442e-01 2.418414918414918402e-01
8.216783216783216659e-01 2.395104895104895326e-01
8.193473193473193028e-01 2.418414918414918402e-01
8.146853146853146876e-01 2.395104895104895326e-01
8.123543123543124356e-01 2.418414918414918402e-01
8.076923076923077094e-01 2.395104895104895326e-01
8.053613053613053463e-01 2.418414918414918402e-01
8.030303030303029832e-01 2.395104895104895326e-01
8.006993006993006201e-01 2.418414918414918402e-01
7.983682983682983680e-01 2.395104895104895326e-01
7.960372960372961160e-01 2.418414918414918402e-01
7.727272727272727071e-01 2.418414918414918402e-01
7.703962703962703440e-01 2.441724941724941478e-01
7.680652680652680919e-01 2.418414918414918402e-01
7.657342657342657288e-01 2.441724941724941478e-01
7.494172494172494092e-01 2.441724941724941478e-01
7.470862470862470461e-01 2.465034965034965109e-01
7.447552447552447941e-01 2.441724941724941478e-01
6.328671328671329199e-01 2.674825174825175012e-01
6.095571095571095110e-01 2.768065268065268425e-01
6.025641025641025328e-01 2.768065268065268425e-01
5.559440559440559371e-01 2.931235431235431621e-01
5.489510489510489588e-01 2.931235431235431621e-01
5.186480186480186827e-01 3.047785547785547555e-01
4.836829836829836804e-01 3.117715617715617338e-01
4.743589743589743390e-01 3.164335664335664600e-01
4.720279720279720315e-01 3.141025641025640969e-01
4.627039627039626901e-01 3.187645687645687675e-01
4.603729603729603825e-01 3.164335664335664600e-01
4.324009324009324140e-01 3.234265734265734382e-01
4.114219114219114237e-01 3.234265734265734382e-01
4.090909090909090606e-01 3.257575757575757458e-01
4.067599067599067530e-01 3.234265734265734382e-01
4.044289044289044455e-01 3.257575757575757458e-01
3.741258741258741138e-01 3.257575757575757458e-01
3.717948717948718063e-01 3.234265734265734382e-01
3.694638694638694432e-01 3.257575757575757458e-01
3.671328671328671356e-01 3.234265734265734382e-01
3.648018648018648280e-01 3.257575757575757458e-01
3.624708624708624649e-01 3.234265734265734382e-01
3.461538461538461453e-01 3.234265734265734382e-01
3.438228438228437822e-01 3.210955710955710751e-01
3.414918414918415301e-01 3.234265734265734382e-01
3.065268065268065278e-01 3.164335664335664600e-01
2.680652680652680919e-01 3.036130536130535740e-01
2.657342657342657288e-01 2.686480186480186827e-01
2.634032634032633657e-01 2.663170163170163196e-01
2.668997668997669104e-01 2.651515151515151381e-01
3.158508158508158692e-01 2.814685314685314577e-01
3.601398601398601018e-01 2.884615384615384359e-01
4.137529137529137868e-01 2.884615384615384359e-01
4.160839160839160944e-01 2.861305361305361283e-01
4.184149184149184020e-01 2.884615384615384359e-01
4.533799533799534043e-01 2.837995337995338208e-01
5.489510489510489588e-01 2.604895104895105229e-01
5.722610722610722567e-01 2.511655011655011815e-01
5.792540792540792349e-01 2.511655011655011815e-01
6.188811188811188524e-01 2.371794871794871695e-01
6.724941724941724264e-01 2.231934731934732130e-01
7.261072261072261114e-01 2.138694638694638717e-01
7.284382284382284745e-01 2.162004662004661792e-01
7.424242424242424310e-01 2.115384615384615641e-01
7.447552447552447941e-01 2.138694638694638717e-01
7.634032634032634768e-01 2.092074592074592010e-01
7.657342657342657288e-01 2.115384615384615641e-01
7.680652680652680919e-01 2.092074592074592010e-01
7.703962703962703440e-01 2.115384615384615641e-01
7.727272727272727071e-01 2.092074592074592010e-01
7.960372960372961160e-01 2.092074592074592010e-01
7.983682983682983680e-01 2.068764568764568934e-01
8.030303030303029832e-01 2.092074592074592010e-01
8.053613053613053463e-01 2.068764568764568934e-01
8.076923076923077094e-01 2.092074592074592010e-01
8.100233100233100725e-01 2.068764568764568934e-01
8.123543123543124356e-01 2.092074592074592010e-01
8.146853146853146876e-01 2.068764568764568934e-01
8.170163170163169397e-01 2.092074592074592010e-01
8.193473193473193028e-01 2.068764568764568934e-01
8.216783216783216659e-01 2.092074592074592010e-01
8.240093240093240290e-01 2.068764568764568934e-01
8.263403263403263921e-01 2.092074592074592010e-01
8.286713286713286442e-01 2.068764568764568934e-01
8.310023310023310072e-01 2.092074592074592010e-01
8.333333333333332593e-01 2.068764568764568934e-01
8.356643356643356224e-01 2.092074592074592010e-01
8.379953379953379855e-01 2.068764568764568934e-01
8.403263403263403486e-01 2.092074592074592010e-01
8.426573426573427117e-01 2.068764568764568934e-01
8.473193473193473269e-01 2.092074592074592010e-01
8.496503496503495789e-01 2.068764568764568934e-01
8.519813519813519420e-01 2.092074592074592010e-01
8.799533799533799661e-01 2.092074592074592010e-01
8.822843822843822181e-01 2.115384615384615641e-01
8.846153846153845812e-01 2.092074592074592010e-01
8.869463869463869443e-01 2.115384615384615641e-01
8.892773892773893074e-01 2.092074592074592010e-01
9.009324009324009008e-01 2.115384615384615641e-01
9.067599067599068086e-01 2.080419580419580194e-01
9.067599067599068086e-01 2.033799533799534043e-01
9.463869463869463150e-01 1.404428904428904334e-01
1.000000000000000000e+00 6.818181818181817677e-02
9.988344988344988185e-01 6.468531468531468764e-02
9.452214452214452445e-01 6.002331002331001697e-02
9.428904428904428814e-01 5.769230769230770939e-02
9.405594405594406293e-01 6.002331002331001697e-02
9.382284382284382662e-01 5.769230769230770939e-02
9.195804195804195835e-01 5.769230769230770939e-02
9.172494172494172204e-01 5.536130536130534630e-02
9.149184149184148573e-01 5.769230769230770939e-02
9.125874125874126053e-01 5.536130536130534630e-02
8.892773892773893074e-01 5.536130536130534630e-02
8.869463869463869443e-01 5.303030303030303871e-02
8.846153846153845812e-01 5.536130536130534630e-02
8.822843822843822181e-01 5.303030303030303871e-02
8.333333333333332593e-01 5.303030303030303871e-02
8.310023310023310072e-01 5.069930069930067562e-02
8.263403263403263921e-01 5.303030303030303871e-02
8.240093240093240290e-01 5.069930069930067562e-02
8.216783216783216659e-01 5.303030303030303871e-02
8.193473193473193028e-01 5.069930069930067562e-02
8.146853146853146876e-01 5.303030303030303871e-02
8.123543123543124356e-01 5.069930069930067562e-02
8.100233100233100725e-01 5.303030303030303871e-02
7.727272727272727071e-01 5.303030303030303871e-02
7.703962703962703440e-01 5.536130536130534630e-02
7.680652680652680919e-01 5.303030303030303871e-02
7.657342657342657288e-01 5.536130536130534630e-02
7.494172494172494092e-01 5.536130536130534630e-02
7.470862470862470461e-01 5.769230769230770939e-02
7.447552447552447941e-01 5.536130536130534630e-02
6.072261072261072590e-01 8.566433566433567792e-02
5.606060606060605522e-01 1.019813519813519975e-01
5.536130536130535740e-01 1.019813519813519975e-01
5.372960372960372544e-01 1.089743589743589758e-01
4.324009324009324140e-01 1.322843822843822736e-01
4.114219114219114237e-01 1.322843822843822736e-01
4.090909090909090606e-01 1.346153846153846367e-01
4.067599067599067530e-01 1.322843822843822736e-01
4.044289044289044455e-01 1.346153846153846367e-01
3.717948717948718063e-01 1.346153846153846367e-01
3.694638694638694432e-01 1.322843822843822736e-01
3.671328671328671356e-01 1.346153846153846367e-01
3.648018648018648280e-01 1.322843822843822736e-01
3.484848484848485084e-01 1.322843822843822736e-01
3.461538461538461453e-01 1.299533799533799661e-01
3.438228438228437822e-01 1.322843822843822736e-01
2.995337995337995496e-01 1.229603729603729878e-01
2.762237762237762517e-01 1.159673659673659540e-01
2.342657342657342712e-01 9.965034965034963443e-02
7.808857808857810889e-02 2.272727272727270709e-02
1.515151515151513806e-02 1.748251748251772320e-03
