6.544554455445544816e-01 1.485148514851486468e-02
6.168316831683168244e-01 6.039603960396039417e-02
6.099009900990098876e-01 6.336633663366336711e-02
6.009900990099009688e-01 7.821782178217823178e-02
5.970297029702970049e-01 7.821782178217823178e-02
5.930693069306930409e-01 8.613861386138615961e-02
5.336633663366336933e-01 1.455445544554455628e-01
5.267326732673267564e-01 1.485148514851485357e-01
4.910891089108910812e-01 1.881188118811881194e-01
4.475247524752475337e-01 2.772277227722772519e-01
4.366336633663366329e-01 3.257425742574257543e-01
4.316831683168316780e-01 3.227722772277227814e-01
4.277227722772277141e-01 2.910891089108911256e-01
4.277227722772277141e-01 2.198019801980197752e-01
4.237623762376237502e-01 2.138613861386138848e-01
4.257425742574257321e-01 1.980198019801980291e-01
4.217821782178217682e-01 1.940594059405940652e-01
4.198019801980197863e-01 1.742574257425742457e-01
4.138613861386138959e-01 1.663366336633663178e-01
4.158415841584158223e-01 1.643564356435643359e-01
4.039603960396039861e-01 1.465346534653465538e-01
4.059405940594059681e-01 1.445544554455445718e-01
3.881188118811881305e-01 1.029702970297029507e-01
3.841584158415841666e-01 8.316831683168318667e-02
3.801980198019802026e-01 8.118811881188120472e-02
3.782178217821782207e-01 6.732673267326733102e-02
3.722772277227722748e-01 6.336633663366336711e-02
3.702970297029702929e-01 5.346534653465345732e-02
3.603960396039603831e-01 3.960396039603958362e-02
3.623762376237623650e-01 3.762376237623760167e-02
3.435643564356435364e-01 1.485148514851486468e-02
3.405940594059405635e-01 1.584158415841585565e-02
3.306930693069306537e-01 1.267326732673267342e-01
3.108910891089108897e-01 2.198019801980197752e-01
3.108910891089108897e-01 2.693069306930693241e-01
3.247524752475247634e-01 3.425742574257425455e-01
3.326732673267326357e-01 3.564356435643564192e-01
3.326732673267326357e-01 3.643564356435643470e-01
3.465346534653465094e-01 3.960396039603960583e-01
3.415841584158415545e-01 3.970297029702970493e-01
3.247524752475247634e-01 3.801980198019802026e-01
2.910891089108911256e-01 3.326732673267326357e-01
2.405940594059405857e-01 2.801980198019802248e-01
2.267326732673267120e-01 2.722772277227722970e-01
2.247524752475247301e-01 2.742574257425742790e-01
2.089108910891089299e-01 2.623762376237623872e-01
2.069306930693069480e-01 2.643564356435643692e-01
1.455445544554455628e-01 2.207920792079207661e-01
1.396039603960396169e-01 2.207920792079207661e-01
1.376237623762376350e-01 2.168316831683168577e-01
9.405940594059403193e-02 2.009900990099010021e-01
8.712871287128715059e-02 2.019801980198019931e-01
1.108910891089108786e-01 2.475247524752475226e-01
1.188118811881188064e-01 2.554455445544554504e-01
1.168316831683168244e-01 2.574257425742574323e-01
1.267326732673267342e-01 2.673267326732673421e-01
1.346534653465346620e-01 2.871287128712871617e-01
1.445544554455445718e-01 2.990099009900989979e-01
1.425742574257425899e-01 3.009900990099009799e-01
1.544554455445544816e-01 3.168316831683168355e-01
1.524752475247524997e-01 3.188118811881188175e-01
1.623762376237623539e-01 3.326732673267326357e-01
1.841584158415841554e-01 3.861386138613861485e-01
2.118811881188119028e-01 4.237623762376237502e-01
2.297029702970296849e-01 4.396039603960396058e-01
2.297029702970296849e-01 4.435643564356435697e-01
2.514851485148514865e-01 4.594059405940594254e-01
2.514851485148514865e-01 4.633663366336633893e-01
3.148514851485148536e-01 5.049504950495049549e-01
3.138613861386138626e-01 5.099009900990099098e-01
1.831683168316831645e-01 4.742574257425742346e-01
4.653465346534652047e-02 4.821782178217821624e-01
4.059405940594057460e-02 4.861386138613861263e-01
3.267326732673264678e-02 4.841584158415841443e-01
8.910891089108918806e-03 4.900990099009900902e-01
0.000000000000000000e+00 4.970297029702970271e-01
5.940594059405945870e-03 4.990099009900990090e-01
1.980198019801981957e-03 5.049504950495049549e-01
2.475247524752477446e-02 5.178217821782178376e-01
6.039603960396039417e-02 5.297029702970297294e-01
1.158415841584158334e-01 5.554455445544554948e-01
1.356435643564356530e-01 5.693069306930693685e-01
1.415841584158415989e-01 5.693069306930693685e-01
1.871287128712871284e-01 5.970297029702970049e-01
2.960396039603960805e-01 6.168316831683168244e-01
3.514851485148514643e-01 6.128712871287128605e-01
3.544554455445544372e-01 6.158415841584158334e-01
3.297029702970296627e-01 6.287128712871287162e-01
3.277227722772277363e-01 6.267326732673267342e-01
3.198019801980198085e-01 6.326732673267326801e-01
2.960396039603960805e-01 6.386138613861386260e-01
2.821782178217822068e-01 6.465346534653465538e-01
2.782178217821782429e-01 6.445544554455445718e-01
2.188118811881187842e-01 6.702970297029703373e-01
1.514851485148515087e-01 7.297029702970296849e-01
1.445544554455445718e-01 7.306930693069306759e-01
1.465346534653465538e-01 7.326732673267326579e-01
1.128712871287128605e-01 7.584158415841584233e-01
1.148514851485148425e-01 7.603960396039604053e-01
1.009900990099009688e-01 7.742574257425742790e-01
9.108910891089111450e-02 7.881188118811881527e-01
8.712871287128715059e-02 7.980198019801980625e-01
1.178217821782178154e-01 7.950495049504950895e-01
1.217821782178217793e-01 7.910891089108911256e-01
1.336633663366336711e-01 7.910891089108911256e-01
1.613861386138613629e-01 7.811881188118812158e-01
1.950495049504950562e-01 7.772277227722772519e-01
1.990099009900990201e-01 7.732673267326732880e-01
2.069306930693069480e-01 7.752475247524752699e-01
3.039603960396039528e-01 7.613861386138613963e-01
3.514851485148514643e-01 7.435643564356435586e-01
3.534653465346534462e-01 7.396039603960395947e-01
3.702970297029702929e-01 7.346534653465346398e-01
3.683168316831683109e-01 7.326732673267326579e-01
4.168316831683168133e-01 7.039603960396039195e-01
4.465346534653465427e-01 6.801980198019801360e-01
4.475247524752475337e-01 6.851485148514850909e-01
4.336633663366336600e-01 7.108910891089108564e-01
4.277227722772277141e-01 7.148514851485148203e-01
3.683168316831683109e-01 8.118811881188119361e-01
3.544554455445544372e-01 8.851485148514851575e-01
3.504950495049504733e-01 8.891089108910891214e-01
3.465346534653465094e-01 9.128712871287127939e-01
3.425742574257425455e-01 9.168316831683167578e-01
3.386138613861385815e-01 9.485148514851484691e-01
3.405940594059405635e-01 9.841584158415841443e-01
3.435643564356435364e-01 9.851485148514851353e-01
3.594059405940593921e-01 9.633663366336633338e-01
3.633663366336633560e-01 9.633663366336633338e-01
3.712871287128712838e-01 9.495049504950494601e-01
4.762376237623762165e-01 8.425742574257426565e-01
4.801980198019801804e-01 8.425742574257426565e-01
5.128712871287128827e-01 8.019801980198020264e-01
5.128712871287128827e-01 7.960396039603960805e-01
5.188118811881188286e-01 7.920792079207921166e-01
5.465346534653465760e-01 7.326732673267326579e-01
5.603960396039604497e-01 6.772277227722771631e-01
5.633663366336634226e-01 6.762376237623761721e-01
5.683168316831683775e-01 6.930693069306930187e-01
5.663366336633663956e-01 6.990099009900989646e-01
5.702970297029703595e-01 7.089108910891088744e-01
5.722772277227722304e-01 8.118811881188119361e-01
5.782178217821781763e-01 8.316831683168317557e-01
5.980198019801979958e-01 8.693069306930693019e-01
5.960396039603960139e-01 8.712871287128712838e-01
6.099009900990098876e-01 9.009900990099010132e-01
6.079207920792079056e-01 9.029702970297029951e-01
6.198019801980197974e-01 9.267326732673266676e-01
6.178217821782178154e-01 9.287128712871286496e-01
6.277227722772277252e-01 9.425742574257425233e-01
6.257425742574257432e-01 9.445544554455445052e-01
6.544554455445544816e-01 9.851485148514851353e-01
6.574257425742574545e-01 9.841584158415841443e-01
6.673267326732673643e-01 8.712871287128712838e-01
6.871287128712870729e-01 7.801980198019802248e-01
6.871287128712870729e-01 7.306930693069306759e-01
6.772277227722771631e-01 6.693069306930693463e-01
6.673267326732673643e-01 6.376237623762376350e-01
6.613861386138614185e-01 6.297029702970297071e-01
6.613861386138614185e-01 6.217821782178217793e-01
6.554455445544554726e-01 6.138613861386138515e-01
6.554455445544554726e-01 6.059405940594059237e-01
6.693069306930693463e-01 6.138613861386138515e-01
6.673267326732673643e-01 6.158415841584158334e-01
6.831683168316831090e-01 6.316831683168316891e-01
6.811881188118811270e-01 6.336633663366336711e-01
6.910891089108910368e-01 6.415841584158415989e-01
7.366336633663366218e-01 7.029702970297029285e-01
7.633663366336633782e-01 7.237623762376237391e-01
7.693069306930693241e-01 7.237623762376237391e-01
8.524752475247524552e-01 7.792079207920792339e-01
8.584158415841584011e-01 7.792079207920792339e-01
8.603960396039603831e-01 7.831683168316831978e-01
9.039603960396039861e-01 7.990099009900990534e-01
9.108910891089108119e-01 7.980198019801980625e-01
8.792079207920792117e-01 7.445544554455445496e-01
8.811881188118811936e-01 7.425742574257425677e-01
8.712871287128712838e-01 7.326732673267326579e-01
8.633663366336633560e-01 7.128712871287128383e-01
8.574257425742574101e-01 7.089108910891088744e-01
8.554455445544554282e-01 6.990099009900989646e-01
8.356435643564357196e-01 6.673267326732673643e-01
8.376237623762377016e-01 6.633663366336634004e-01
8.198019801980198640e-01 6.237623762376237613e-01
7.851485148514851797e-01 5.732673267326732214e-01
7.376237623762376128e-01 5.277227722772277474e-01
6.851485148514850909e-01 4.930693069306930632e-01
6.881188118811880639e-01 4.900990099009900902e-01
7.099009900990098654e-01 4.940594059405940541e-01
7.138613861386138293e-01 4.980198019801980180e-01
7.455445544554455406e-01 5.039603960396039639e-01
7.574257425742574323e-01 5.099009900990099098e-01
8.267326732673268008e-01 5.257425742574257654e-01
8.445544554455445274e-01 5.257425742574257654e-01
8.504950495049504733e-01 5.217821782178218015e-01
8.801980198019802026e-01 5.178217821782178376e-01
9.297029702970296405e-01 5.198019801980198196e-01
9.376237623762375684e-01 5.158415841584158557e-01
9.514851485148514421e-01 5.178217821782178376e-01
9.574257425742573879e-01 5.138613861386138737e-01
9.653465346534653158e-01 5.158415841584158557e-01
1.000000000000000000e+00 5.029702970297029729e-01
9.940594059405940541e-01 4.990099009900990090e-01
9.940594059405940541e-01 4.930693069306930632e-01
9.653465346534653158e-01 4.782178217821781985e-01
9.574257425742573879e-01 4.782178217821781985e-01
9.514851485148514421e-01 4.722772277227722526e-01
8.564356435643564192e-01 4.287128712871287051e-01
8.267326732673268008e-01 4.089108910891089410e-01
7.990099009900990534e-01 3.970297029702970493e-01
7.237623762376237391e-01 3.831683168316831756e-01
6.643564356435643914e-01 3.831683168316831756e-01
6.485148514851485357e-01 3.871287128712871395e-01
6.435643564356435808e-01 3.821782178217821846e-01
6.603960396039604275e-01 3.772277227722772297e-01
6.623762376237624094e-01 3.732673267326732658e-01
7.495049504950495045e-01 3.415841584158415545e-01
7.613861386138613963e-01 3.336633663366336267e-01
7.633663366336633782e-01 3.356435643564356086e-01
8.138613861386139181e-01 2.970297029702970160e-01
8.138613861386139181e-01 2.930693069306931076e-01
8.336633663366337377e-01 2.811881188118812158e-01
8.316831683168317557e-01 2.792079207920792339e-01
8.386138613861386926e-01 2.782178217821782429e-01
8.801980198019802026e-01 2.405940594059405857e-01
8.821782178217821846e-01 2.425742574257425677e-01
8.881188118811881305e-01 2.306930693069306759e-01
8.920792079207920944e-01 2.306930693069306759e-01
9.108910891089108119e-01 2.019801980198019931e-01
8.801980198019802026e-01 2.049504950495049660e-01
8.287128712871287828e-01 2.188118811881187842e-01
8.247524752475248189e-01 2.168316831683168577e-01
7.613861386138613963e-01 2.306930693069306759e-01
7.554455445544554504e-01 2.287128712871286940e-01
6.881188118811880639e-01 2.386138613861386037e-01
6.465346534653465538e-01 2.544554455445544594e-01
6.445544554455445718e-01 2.584158415841584233e-01
6.267326732673267342e-01 2.643564356435643692e-01
6.227722772277227703e-01 2.702970297029703151e-01
6.207920792079207883e-01 2.683168316831683331e-01
5.871287128712870951e-01 2.900990099009901346e-01
5.495049504950495489e-01 3.217821782178217904e-01
5.485148514851485579e-01 3.168316831683168355e-01
5.564356435643564858e-01 3.069306930693069257e-01
5.564356435643564858e-01 3.009900990099009799e-01
5.643564356435644136e-01 2.910891089108911256e-01
5.623762376237624316e-01 2.891089108910891436e-01
5.801980198019801582e-01 2.693069306930693241e-01
6.217821782178217793e-01 2.000000000000000111e-01
6.297029702970297071e-01 1.782178217821782096e-01
6.277227722772277252e-01 1.702970297029702818e-01
6.415841584158415989e-01 1.168316831683168244e-01
6.475247524752475448e-01 1.069306930693069146e-01
6.495049504950495267e-01 8.910891089108913254e-02
6.534653465346534906e-01 8.514851485148516863e-02
6.594059405940594365e-01 2.970297029702972935e-02
