3.674871867410755000e-01 0.000000000000000000e+00
3.624038770859045466e-01 6.254101091784702859e-03
3.629806771202463977e-01 1.123366973358491672e-02
3.765532492139181953e-01 1.870302269628515424e-02
3.833124067807358593e-01 4.111108158438592231e-02
3.824473563244148444e-01 5.107021886798623900e-02
3.726949856122915294e-01 6.849870911428679321e-02
3.736004964575712073e-01 7.347827775608700707e-02
3.901791684026122420e-01 8.343741503968732376e-02
3.850993496012130035e-01 1.008659052859878780e-01
3.950176707484051031e-01 1.656002976293900475e-01
3.849823676388288152e-01 1.830287878756906572e-01
3.868007994017719220e-01 1.904981408383908947e-01
3.998543829127765847e-01 1.932213424393753876e-01
4.031027733939509528e-01 1.979674938010911323e-01
3.990055928033788279e-01 2.178857683682918212e-01
4.015589275632389654e-01 2.477631802190928267e-01
4.134367137976867612e-01 2.651916704653933810e-01
4.080499229690726648e-01 3.050282195997947587e-01
4.125686094039302532e-01 3.149873568833950754e-01
4.123033045172770361e-01 3.404944026389991052e-01
4.247522261217774320e-01 3.372525592940671113e-01
4.317712989413362012e-01 3.398852000923958672e-01
4.323253200978485755e-01 3.448647687341960810e-01
4.212405154005078867e-01 3.672728276222968491e-01
4.255374657922151305e-01 3.847013178685974033e-01
4.203828987350998192e-01 4.021298081148980130e-01
3.898952456291762680e-01 4.180315438247976245e-01
3.799361083455759514e-01 3.986135337669600709e-01
3.625076180992753416e-01 4.034932614334861278e-01
3.475689121738748666e-01 3.988814176337236450e-01
3.176915003230738610e-01 4.043955118469171328e-01
3.077323630394734888e-01 3.916519657644434993e-01
3.002630100767732513e-01 3.913218807218999951e-01
2.728753825468723804e-01 4.018244572076178356e-01
2.579366766214718498e-01 3.895788461693769911e-01
2.405081863751712401e-01 3.932297581916805451e-01
2.230796961288706859e-01 3.858839654210249881e-01
2.056512058825700762e-01 3.930867235531382842e-01
1.981818529198698386e-01 3.848791596058045439e-01
1.907124999571696011e-01 3.823135738887178947e-01
1.508759508227682788e-01 3.871688719723466177e-01
1.334474605764676691e-01 3.755918688849867459e-01
1.185087546510671941e-01 3.792280850942050252e-01
1.085496173674668219e-01 3.723190869155497129e-01
8.365177415846603015e-02 3.777571537860870410e-01
5.118364078456627553e-02 3.747421805849970866e-01
5.012860669491842058e-02 3.622932589804966907e-01
4.630500934496473153e-02 3.603999854864788355e-01
2.887651909866417732e-02 3.690314848013452886e-01
1.337195310033179041e-02 3.647830433013967699e-01
1.564235782372597194e-02 3.946604551521977200e-01
2.638673477776409815e-02 4.074428300139615322e-01
4.641421041167087536e-02 4.220480826820986464e-01
5.411028558905628394e-02 4.419663572492993353e-01
5.377436230766502456e-02 4.848973526111050036e-01
6.871306823306549960e-02 4.871715038256414498e-01
7.122395242109180735e-02 4.967416123091011881e-01
5.770664071924525018e-02 5.166598868763018215e-01
5.955143998975348518e-02 5.390679457644025341e-01
4.668292303652998854e-02 5.689453576152035952e-01
3.883565638226449401e-02 5.773307632997444205e-01
2.140716613596393980e-02 5.830149878814219200e-01
1.360435991600028593e-02 5.913534165033043077e-01
9.748272248672140705e-03 6.112716910705049411e-01
2.887651909866417732e-02 6.212930729621278791e-01
4.879479366586481071e-02 6.037792845492778726e-01
5.377436230766502456e-02 6.040246402793136848e-01
5.357429035330696365e-02 6.187410440332052897e-01
5.626414662856510374e-02 6.214710707008588297e-01
9.112112712116626767e-02 6.165871829936964144e-01
1.334474605764676691e-01 6.033083332822293254e-01
1.533657351436683580e-01 6.090027747135557945e-01
1.757737940317690706e-01 5.955094411004990818e-01
2.034034839262020000e-01 5.963329851451044661e-01
2.067763968737460489e-01 6.062921224287047828e-01
2.156103431661704484e-01 6.096054507942103573e-01
2.654060295841720873e-01 5.858810780479927205e-01
2.706708860127420846e-01 5.988227694660045453e-01
2.803447355095726179e-01 6.015334217508554460e-01
3.027527943976733305e-01 5.877159972219894168e-01
3.351199905693744707e-01 5.837003909267671764e-01
3.525484808156750249e-01 5.923216659614320978e-01
3.874054613082761889e-01 5.761494056912506156e-01
3.973645985918765056e-01 5.775662358263200513e-01
4.023441672336766639e-01 5.930215719983074063e-01
4.073237358754768778e-01 5.928680352985185031e-01
4.297317947635775903e-01 5.773678311382484107e-01
4.382644931133288790e-01 5.813942792197039910e-01
4.375346009835412442e-01 5.888636321824042286e-01
4.221604014598568932e-01 6.112716910705049411e-01
4.248950825992061642e-01 6.287001813168056064e-01
4.120422787416987975e-01 6.685367304512068731e-01
4.125686094039302532e-01 6.934345736602077759e-01
4.056314605948651009e-01 7.133528482274084093e-01
4.078177407010523114e-01 7.258017698319088051e-01
4.033000665711651278e-01 7.482098287200096287e-01
4.097114798553564419e-01 7.606587503245100246e-01
4.052217048504546670e-01 7.755974562499104996e-01
3.867720951213805547e-01 8.004952994589114024e-01
3.865985867598363268e-01 8.054748681007115607e-01
4.012680740102368415e-01 8.154340053843118774e-01
3.928066869721642540e-01 8.403318485933126691e-01
3.865819172636708045e-01 8.926173193322144428e-01
3.890850777152325413e-01 9.025764566158147595e-01
3.718146690131161058e-01 9.349436527875158998e-01
3.791128732072137630e-01 9.498823587129163748e-01
3.623075461449173362e-01 9.971882608100179901e-01
3.699769710619755791e-01 1.000000000000000000e+00
3.957132110320958907e-01 9.822495548846175151e-01
4.069458221839116208e-01 9.598414959965166915e-01
4.222624418008773528e-01 9.483420684126985245e-01
4.273075310827012530e-01 9.523721430338164540e-01
4.244824994870132762e-01 9.648210646383168498e-01
4.272420104426775112e-01 9.689114245940813053e-01
4.322215790844776695e-01 9.688089395251822111e-01
4.431622659561251787e-01 9.598414959965166915e-01
4.571194222934785167e-01 9.399964503799307369e-01
4.845070498233794432e-01 9.296629005585099748e-01
5.019355400696799974e-01 9.293221866254836039e-01
5.293231675995809793e-01 9.226399686017345836e-01
5.545989245001470280e-01 9.424130057502160263e-01
5.641801480921820877e-01 9.589383389389352086e-01
5.791188540175825628e-01 9.541703205989109371e-01
5.998587574106802878e-01 9.698006332801170082e-01
6.089962658683836239e-01 9.906081165333534555e-01
6.168805828845672634e-01 9.523721430338164540e-01
6.098064337823272396e-01 9.349436527875158998e-01
6.189339394940451822e-01 9.150253782203151554e-01
6.177658395319983731e-01 9.100458095785149970e-01
6.015269129056833863e-01 9.077635072843566189e-01
5.985119397045933765e-01 8.751888290859137776e-01
6.023887613244565120e-01 8.527807701978131760e-01
5.855013963640168795e-01 8.004952994589114024e-01
5.856114454390066726e-01 7.880463778544108955e-01
5.914249191446543374e-01 7.706178876081103413e-01
5.890779913011829905e-01 7.641387897730408385e-01
5.700311412462973903e-01 7.581689660036099454e-01
5.814219045144152220e-01 7.357609071155091218e-01
5.792225950309535243e-01 7.058834952647081717e-01
5.637923947963042748e-01 6.909447893393076967e-01
5.756462600963272447e-01 6.585775931676065564e-01
5.738581806943904295e-01 6.535980245258063981e-01
5.593561909704382051e-01 6.436388872422060814e-01
5.690576763929616755e-01 6.137614753914051313e-01
5.665478841620577022e-01 6.062921224287047828e-01
5.513917104439226557e-01 5.913534165033043077e-01
5.494489241935232027e-01 5.838840635406040702e-01
5.865882069802828003e-01 5.814165094368549669e-01
5.965473442638832280e-01 5.893389546436670345e-01
6.114860501892837030e-01 5.891995554637955435e-01
6.338941090773844156e-01 5.788007538854330614e-01
6.388736777191845739e-01 5.797640632953050543e-01
6.438532463609847323e-01 5.984924919540484112e-01
6.513225993236850808e-01 5.990436374299553668e-01
6.737306582117857934e-01 5.877302229019945035e-01
7.011182857416866643e-01 5.909384524498210167e-01
7.057265707566859891e-01 6.013125537869046244e-01
7.110774230252869810e-01 6.047790996490809423e-01
7.534037564805884379e-01 5.941485517314846199e-01
7.633628937641887546e-01 6.040024100621628200e-01
7.733220310477890713e-01 6.048496283380245808e-01
7.882607369731895464e-01 5.963115214871657077e-01
8.031994428985901324e-01 5.972444240482911448e-01
8.181381488239906075e-01 6.118413874829142785e-01
8.256075017866908450e-01 6.145084106876751440e-01
8.455257763538914784e-01 6.084807231623992063e-01
8.729134038837924603e-01 6.058376379891754482e-01
8.928316784509930937e-01 6.138635157324255909e-01
9.152397373390939173e-01 6.013937424060644688e-01
9.179332312862493737e-01 6.038023381078048146e-01
9.172523129984881951e-01 6.162512597123052105e-01
9.202193059808940756e-01 6.197980279430213013e-01
9.500967178316950257e-01 6.198744533136149037e-01
9.700149923988956591e-01 6.151595850485259698e-01
9.902517277513278593e-01 6.137614753914051313e-01
9.878462418735771688e-01 6.087819067496049730e-01
9.675252080779956909e-01 6.022462229072421680e-01
9.624027829587666893e-01 5.938432008242043869e-01
9.631097311963994212e-01 5.838840635406040702e-01
9.504301710889584420e-01 5.564964360107031993e-01
9.390733985399679629e-01 5.440475144062026924e-01
9.353580838606526671e-01 5.266190241599021382e-01
9.265748080631914796e-01 5.166598868763018215e-01
9.303231981668722561e-01 5.042109652718014257e-01
9.194217969406057733e-01 4.917620436673009743e-01
9.201978423229553172e-01 4.842926907046007368e-01
9.330016808426577768e-01 4.668642004583001826e-01
9.373824913405413017e-01 4.245378670029987256e-01
9.625456394361955326e-01 3.804369000423748481e-01
9.675252080779956909e-01 3.788687675613036654e-01
9.749945610406958174e-01 3.898192078615586587e-01
9.799741296824959758e-01 3.872868631249167803e-01
9.893267810417746277e-01 3.672728276222968491e-01
9.675252080779956909e-01 3.665142214620226158e-01
9.451171491898948673e-01 3.753451752252150442e-01
9.177295216599938854e-01 3.777172618498014223e-01
9.136899736291459462e-01 3.747421805849970866e-01
9.156942217786232519e-01 3.647830433013967699e-01
9.127499530181937271e-01 3.578768558398525146e-01
9.027908157345934104e-01 3.540769707215263296e-01
8.953214627718932839e-01 3.577286543921798789e-01
8.828725411673927770e-01 3.731804067837052319e-01
8.704236195628923811e-01 3.723544366051175780e-01
8.604644822792920644e-01 3.761056339035852014e-01
8.455257763538914784e-01 3.737202541846277315e-01
8.206279331448906866e-01 3.816085389074793666e-01
8.031994428985901324e-01 3.818756102663060092e-01
7.683424624059889130e-01 3.929559105017353948e-01
7.534037564805884379e-01 3.864324960292232491e-01
7.285059132715876462e-01 3.953520619080033160e-01
7.160569916670871393e-01 3.893747654873360164e-01
7.011182857416866643e-01 4.000179374855631353e-01
6.911591484580863476e-01 4.025655203710555297e-01
6.787102268535859517e-01 3.890584404301725696e-01
6.737306582117857934e-01 3.894600185464468511e-01
6.413634620400846531e-01 4.120210421897465558e-01
6.363838933982844948e-01 4.101326862892197278e-01
6.336700284885035117e-01 3.996400237939978783e-01
6.264247561146841781e-01 3.955238481021873254e-01
6.089962658683836239e-01 4.029273171551863153e-01
5.915677756220830696e-01 4.013062640702925177e-01
5.666699324130821669e-01 4.115952812659061100e-01
5.588226657588166724e-01 4.046195924357980922e-01
5.559132860891935479e-01 3.921706708312976408e-01
5.718703690188331468e-01 3.672728276222968491e-01
5.722413350328011683e-01 3.373954157714957880e-01
5.619776465775397911e-01 3.299260628087955505e-01
5.614250588846287915e-01 3.224567098460953130e-01
5.840765824460415478e-01 2.851099450325940698e-01
5.846586241315853139e-01 2.776405920698938323e-01
5.674417655525612059e-01 2.701712391071935393e-01
5.675206087227230300e-01 2.651916704653933810e-01
5.815419476870300475e-01 2.452733958981927476e-01
5.898249265974530031e-01 1.979674938010911323e-01
5.863271812047046172e-01 1.755594349129904197e-01
5.967718330141282834e-01 1.531513760248896516e-01
5.957621045934454740e-01 1.357228857785890419e-01
6.113840098482631324e-01 9.090676800238756128e-02
6.072261848277437091e-01 7.596806207698708624e-02
6.213431471318634491e-01 4.609065022618608065e-02
6.173868390298169473e-01 2.119280701718523341e-02
6.092647720206375572e-01 1.372345405448499589e-02
6.065064815474835447e-01 5.108800304170713069e-03
5.924505173358567411e-01 1.870302269628515424e-02
5.763178466565700431e-01 4.360086590528600148e-02
5.392823048831812960e-01 6.627422968003998660e-02
5.044253243905800765e-01 7.069424619726233372e-02
5.004140052069078193e-01 6.849870911428679321e-02
4.969559714278798390e-01 5.264395046704567482e-02
4.795274811815792848e-01 5.936311587529191636e-02
4.695683438979789126e-01 5.851734161353561170e-02
4.571194222934785167e-01 5.084573011774112805e-02
4.446705006889781209e-01 4.940397859169159966e-02
4.172828731590771945e-01 3.141870690659620546e-02
4.073237358754768778e-01 1.399733032978400793e-02
