5.932539682539682557e-01 0.000000000000000000e+00
4.953703703703703498e-01 5.291005291005290712e-03
4.781746031746031966e-01 6.481481481481482509e-02
4.464285714285714524e-01 2.261904761904761640e-01
4.437830687830687793e-01 3.002645502645502340e-01
4.490740740740740700e-01 3.267195767195767431e-01
4.464285714285714524e-01 3.293650793650793607e-01
4.543650793650793607e-01 3.690476190476190688e-01
4.318783068783068613e-01 3.809523809523809312e-01
4.226190476190476164e-01 3.505291005291005235e-01
4.252645502645502340e-01 3.478835978835979059e-01
4.199735449735449988e-01 3.293650793650793607e-01
4.173280423280423257e-01 2.738095238095238360e-01
4.226190476190476164e-01 2.314814814814814548e-01
4.199735449735449988e-01 2.288359788359788372e-01
4.305555555555555802e-01 1.600529100529100579e-01
4.675925925925926152e-01 1.455026455026453558e-02
4.662698412698412787e-01 7.936507936507963823e-03
3.974867724867724994e-01 1.322751322751325453e-02
3.948412698412698263e-01 1.058201058201058142e-02
3.604497354497354644e-01 1.587301587301587213e-02
3.551587301587301182e-01 1.322751322751325453e-02
3.458994708994709288e-01 1.719576719576720869e-02
3.406084656084655826e-01 3.571428571428569843e-02
3.432539682539682557e-01 3.835978835978837154e-02
3.353174603174603474e-01 5.952380952380953438e-02
3.379629629629629650e-01 6.216931216931215198e-02
3.273809523809523836e-01 9.656084656084656936e-02
3.300264550264550012e-01 9.920634920634918696e-02
3.141534391534391846e-01 1.706349206349206393e-01
3.167989417989418022e-01 1.732804232804232569e-01
3.115079365079365115e-01 1.891534391534391291e-01
3.141534391534391846e-01 1.917989417989418022e-01
3.088624338624338383e-01 2.129629629629629650e-01
3.115079365079365115e-01 2.156084656084655826e-01
3.062169312169312207e-01 2.473544973544973269e-01
3.062169312169312207e-01 3.399470899470899421e-01
3.115079365079365115e-01 3.611111111111111049e-01
3.088624338624338383e-01 3.637566137566137225e-01
3.194444444444444198e-01 4.060846560846561037e-01
3.167989417989418022e-01 4.087301587301587213e-01
3.247354497354497660e-01 4.298941798941798842e-01
3.154761904761904656e-01 4.365079365079365115e-01
2.440476190476190688e-01 4.523809523809523836e-01
2.017195767195767431e-01 4.550264550264550012e-01
1.620370370370370350e-01 4.497354497354497660e-01
1.593915343915344174e-01 4.523809523809523836e-01
8.597883597883604345e-03 4.206349206349206393e-01
1.521164021164023161e-02 4.933862433862433727e-01
1.256613756613755850e-02 4.960317460317460458e-01
2.050264550264552232e-02 5.621693121693122075e-01
3.505291005291005790e-02 5.687830687830688348e-01
1.567460317460317443e-01 5.925925925925925597e-01
1.593915343915344174e-01 5.899470899470899976e-01
2.361111111111111049e-01 5.978835978835979059e-01
2.810846560846560482e-01 5.952380952380952328e-01
3.498677248677248830e-01 5.820105820105819783e-01
3.816137566137566273e-01 5.687830687830688348e-01
4.041005291005290712e-01 5.992063492063491870e-01
4.027777777777777901e-01 6.031746031746031411e-01
3.472222222222222099e-01 6.216931216931216309e-01
2.863756613756613945e-01 6.322751322751323233e-01
2.837301587301587213e-01 6.296296296296296502e-01
2.810846560846560482e-01 6.322751322751323233e-01
1.884920634920634885e-01 6.296296296296296502e-01
1.858465608465608709e-01 6.322751322751323233e-01
1.646825396825397081e-01 6.269841269841269771e-01
1.620370370370370350e-01 6.296296296296296502e-01
2.976190476190476719e-02 6.031746031746031411e-01
2.579365079365081304e-02 6.071428571428570953e-01
3.373015873015872135e-02 6.574074074074074403e-01
3.108465608465610375e-02 6.600529100529100024e-01
3.769841269841267550e-02 6.746031746031746490e-01
1.223544973544973269e-01 6.904761904761904656e-01
1.250000000000000000e-01 6.878306878306877925e-01
1.408730158730158721e-01 6.931216931216931387e-01
1.435185185185185452e-01 6.904761904761904656e-01
1.620370370370370350e-01 6.957671957671958118e-01
1.646825396825397081e-01 6.931216931216931387e-01
1.964285714285714524e-01 6.984126984126983739e-01
1.990740740740740700e-01 6.957671957671958118e-01
2.810846560846560482e-01 6.984126984126983739e-01
2.837301587301587213e-01 6.957671957671958118e-01
2.863756613756613945e-01 6.984126984126983739e-01
3.101851851851851749e-01 6.931216931216931387e-01
3.128306878306877925e-01 6.957671957671958118e-01
3.869047619047619180e-01 6.798941798941798842e-01
4.398148148148148251e-01 6.587301587301587213e-01
4.464285714285714524e-01 6.600529100529100024e-01
4.437830687830687793e-01 6.626984126984126755e-01
4.490740740740740700e-01 6.679894179894180217e-01
4.464285714285714524e-01 6.706349206349206948e-01
4.596560846560846514e-01 7.076719576719576743e-01
4.570105820105820338e-01 7.103174603174603474e-01
4.623015873015873245e-01 7.235449735449734909e-01
4.596560846560846514e-01 7.261904761904761640e-01
4.649470899470899421e-01 7.473544973544973269e-01
4.623015873015873245e-01 7.500000000000000000e-01
4.649470899470899421e-01 7.526455026455026731e-01
4.623015873015873245e-01 7.552910052910053462e-01
4.649470899470899421e-01 8.082010582010581423e-01
4.623015873015873245e-01 8.108465608465609264e-01
4.649470899470899421e-01 8.134920634920634885e-01
4.623015873015873245e-01 8.161375661375661617e-01
4.649470899470899421e-01 8.187830687830688348e-01
4.596560846560846514e-01 8.425925925925925597e-01
4.623015873015873245e-01 8.452380952380952328e-01
4.570105820105820338e-01 8.611111111111111605e-01
4.596560846560846514e-01 8.637566137566137225e-01
4.543650793650793607e-01 8.769841269841269771e-01
4.570105820105820338e-01 8.796296296296296502e-01
4.517195767195767431e-01 8.928571428571427937e-01
4.543650793650793607e-01 8.955026455026455778e-01
4.490740740740740700e-01 9.034391534391534861e-01
4.517195767195767431e-01 9.060846560846560482e-01
4.358465608465608154e-01 9.748677248677248830e-01
4.305555555555555802e-01 9.828042328042327913e-01
4.332010582010581978e-01 9.854497354497354644e-01
4.279100529100529071e-01 9.960317460317460458e-01
4.345238095238095344e-01 1.000000000000000000e+00
4.583333333333333148e-01 9.947089947089946538e-01
4.609788359788359879e-01 9.973544973544973269e-01
4.768518518518518601e-01 9.947089947089946538e-01
4.834656084656084873e-01 9.854497354497354644e-01
5.152116402116402316e-01 8.267195767195767431e-01
5.125661375661375585e-01 8.240740740740740700e-01
5.178571428571429047e-01 7.923280423280423257e-01
5.152116402116402316e-01 7.896825396825397636e-01
5.178571428571429047e-01 7.870370370370369795e-01
5.152116402116402316e-01 7.843915343915344174e-01
5.178571428571429047e-01 7.817460317460317443e-01
5.152116402116402316e-01 7.791005291005290712e-01
5.178571428571429047e-01 7.711640211640211628e-01
5.152116402116402316e-01 7.685185185185186008e-01
5.178571428571429047e-01 7.605820105820105814e-01
5.152116402116402316e-01 7.579365079365079083e-01
5.178571428571429047e-01 7.552910052910053462e-01
5.152116402116402316e-01 7.526455026455026731e-01
5.178571428571429047e-01 7.500000000000000000e-01
5.072751322751323233e-01 6.759259259259259300e-01
4.914021164021163957e-01 6.335978835978836043e-01
5.112433862433862775e-01 6.190476190476190688e-01
5.178571428571429047e-01 6.230158730158730229e-01
5.363756613756613945e-01 6.865079365079365115e-01
5.416666666666666297e-01 7.261904761904761640e-01
5.390211640211640676e-01 8.082010582010581423e-01
5.416666666666666297e-01 8.108465608465609264e-01
5.072751322751323233e-01 9.880952380952381375e-01
5.112433862433862775e-01 9.920634920634920917e-01
5.350529100529100024e-01 9.867724867724867455e-01
5.376984126984126755e-01 9.894179894179894186e-01
5.588624338624338383e-01 9.841269841269841834e-01
5.615079365079365115e-01 9.867724867724867455e-01
5.853174603174603474e-01 9.814814814814813992e-01
5.879629629629630205e-01 9.841269841269841834e-01
6.144179894179894186e-01 9.788359788359788372e-01
6.170634920634920917e-01 9.814814814814813992e-01
6.488095238095238360e-01 9.761904761904761640e-01
6.514550264550265091e-01 9.788359788359788372e-01
6.541005291005290712e-01 9.761904761904761640e-01
6.567460317460317443e-01 9.788359788359788372e-01
6.686507936507937178e-01 9.722222222222222099e-01
6.871693121693122075e-01 8.611111111111111605e-01
6.845238095238095344e-01 8.584656084656084873e-01
6.898148148148148806e-01 8.373015873015873245e-01
6.871693121693122075e-01 8.346560846560846514e-01
6.924603174603174427e-01 8.029100529100529071e-01
6.898148148148148806e-01 8.002645502645502340e-01
6.924603174603174427e-01 7.896825396825397636e-01
6.898148148148148806e-01 7.870370370370369795e-01
6.924603174603174427e-01 7.314814814814815103e-01
6.898148148148148806e-01 7.288359788359788372e-01
6.924603174603174427e-01 7.261904761904761640e-01
6.898148148148148806e-01 7.235449735449734909e-01
6.924603174603174427e-01 7.208994708994709288e-01
6.871693121693122075e-01 6.917989417989418577e-01
6.898148148148148806e-01 6.891534391534391846e-01
6.845238095238095344e-01 6.706349206349206948e-01
6.871693121693122075e-01 6.679894179894180217e-01
6.712962962962962798e-01 5.965608465608465139e-01
6.554232804232804632e-01 5.489417989417989530e-01
6.832010582010581423e-01 5.423280423280423257e-01
6.858465608465608154e-01 5.449735449735449988e-01
7.096560846560846514e-01 5.396825396825396526e-01
7.123015873015873245e-01 5.423280423280423257e-01
7.149470899470899976e-01 5.396825396825396526e-01
7.175925925925925597e-01 5.423280423280423257e-01
7.202380952380952328e-01 5.396825396825396526e-01
7.228835978835979059e-01 5.423280423280423257e-01
7.281746031746031411e-01 5.396825396825396526e-01
7.308201058201058142e-01 5.423280423280423257e-01
7.361111111111111605e-01 5.396825396825396526e-01
7.387566137566137225e-01 5.423280423280423257e-01
7.414021164021163957e-01 5.396825396825396526e-01
7.440476190476190688e-01 5.423280423280423257e-01
7.466931216931216309e-01 5.396825396825396526e-01
7.810846560846560482e-01 5.449735449735449988e-01
7.837301587301587213e-01 5.423280423280423257e-01
8.339947089947090664e-01 5.502645502645502340e-01
9.900793650793651146e-01 5.899470899470899976e-01
9.914021164021163957e-01 5.489417989417989530e-01
9.861111111111111605e-01 5.171957671957672087e-01
9.887566137566137225e-01 5.145502645502645356e-01
9.834656084656084873e-01 4.828042328042327913e-01
9.861111111111111605e-01 4.801587301587301737e-01
9.834656084656084873e-01 4.775132275132275006e-01
9.861111111111111605e-01 4.748677248677248830e-01
9.808201058201058142e-01 4.457671957671957563e-01
9.834656084656084873e-01 4.431216931216931387e-01
9.808201058201058142e-01 4.404761904761904656e-01
9.834656084656084873e-01 4.378306878306878480e-01
9.808201058201058142e-01 4.246031746031745935e-01
7.784391534391534861e-01 3.835978835978836043e-01
7.757936507936508130e-01 3.862433862433862775e-01
7.414021164021163957e-01 3.809523809523809312e-01
7.387566137566137225e-01 3.835978835978836043e-01
6.832010582010581423e-01 3.809523809523809312e-01
6.805555555555555802e-01 3.835978835978836043e-01
6.752645502645502340e-01 3.809523809523809312e-01
5.800264550264550012e-01 3.968253968253968589e-01
5.654761904761904656e-01 3.690476190476190688e-01
5.667989417989418577e-01 3.650793650793651146e-01
6.488095238095238360e-01 3.492063492063491870e-01
6.514550264550265091e-01 3.518518518518518601e-01
6.884920634920634885e-01 3.465608465608465694e-01
6.911375661375661617e-01 3.492063492063491870e-01
6.937830687830688348e-01 3.465608465608465694e-01
6.964285714285713969e-01 3.492063492063491870e-01
7.175925925925925597e-01 3.465608465608465694e-01
7.202380952380952328e-01 3.492063492063491870e-01
7.255291005291004680e-01 3.465608465608465694e-01
7.281746031746031411e-01 3.492063492063491870e-01
7.308201058201058142e-01 3.465608465608465694e-01
8.816137566137566273e-01 3.650793650793651146e-01
9.781746031746032521e-01 3.849206349206349409e-01
9.755291005291004680e-01 3.558201058201058142e-01
9.781746031746032521e-01 3.531746031746031411e-01
9.742063492063491870e-01 3.439153439153439518e-01
7.943121693121693028e-01 3.121693121693122075e-01
7.916666666666667407e-01 3.148148148148148251e-01
7.652116402116402316e-01 3.095238095238095344e-01
7.599206349206348854e-01 3.121693121693122075e-01
6.620370370370369795e-01 3.095238095238095344e-01
5.548941798941798842e-01 3.267195767195767431e-01
5.496031746031746490e-01 2.976190476190476164e-01
5.522486772486772111e-01 2.949735449735449988e-01
5.469576719576719759e-01 2.658730158730158721e-01
5.496031746031746490e-01 2.605820105820105814e-01
5.469576719576719759e-01 2.579365079365079083e-01
5.496031746031746490e-01 2.526455026455026731e-01
5.469576719576719759e-01 2.500000000000000000e-01
5.522486772486772111e-01 2.129629629629629650e-01
5.496031746031746490e-01 2.103174603174602919e-01
5.548941798941798842e-01 1.891534391534391291e-01
5.522486772486772111e-01 1.865079365079365115e-01
5.945767195767195368e-01 9.259259259259244867e-03
