5.077419354838709209e-01 0.000000000000000000e+00
4.858064516129032007e-01 2.193548387096772023e-02
4.935483870967741771e-01 3.483870967741936608e-02
4.651612903225806339e-01 3.999999999999998002e-02
4.677419354838709964e-01 7.354838709677419262e-02
4.367741935483870908e-01 1.045161290322580427e-01
4.470967741935483741e-01 1.174193548387096886e-01
4.316129032258064768e-01 1.251612903225806650e-01
4.238709677419355004e-01 1.664516129032257985e-01
4.109677419354838546e-01 1.716129032258064679e-01
4.135483870967742170e-01 2.154838709677419084e-01
4.238709677419355004e-01 2.180645161290322709e-01
4.083870967741935476e-01 2.283870967741935543e-01
4.264516129032258074e-01 2.774193548387096642e-01
4.135483870967742170e-01 2.903225806451612545e-01
4.212903225806451379e-01 3.135483870967741837e-01
3.941935483870967483e-01 3.096774193548387233e-01
3.890322580645161343e-01 2.580645161290322509e-01
3.670967741935483586e-01 2.516129032258064280e-01
3.683870967741935676e-01 2.322580645161290147e-01
3.387096774193548709e-01 2.206451612903225779e-01
3.399999999999999689e-01 1.961290322580644951e-01
2.999999999999999889e-01 1.922580645161290347e-01
3.051612903225806583e-01 1.741935483870967749e-01
2.858064516129031896e-01 1.703225806451613145e-01
2.780645161290322687e-01 1.419354838709677158e-01
2.419354838709677491e-01 1.470967741935483852e-01
2.483870967741935720e-01 1.251612903225806650e-01
2.187096774193548199e-01 1.212903225806451490e-01
2.135483870967742059e-01 9.806451612903227533e-02
1.825806451612903003e-01 1.032258064516128893e-01
1.554838709677419106e-01 7.096774193548388565e-02
1.258064516129032140e-01 7.741935483870965307e-02
1.077419354838709542e-01 6.193548387096775576e-02
8.709677419354838745e-02 6.709677419354836969e-02
6.387096774193545823e-02 4.129032258064518901e-02
4.193548387096773800e-02 6.580645161290321621e-02
5.354838709677417485e-02 1.032258064516128893e-01
7.290322580645158812e-02 1.096774193548387122e-01
6.258064516129030475e-02 1.380645161290322553e-01
1.012903225806451868e-01 1.948387096774193417e-01
9.354838709677421038e-02 2.206451612903225779e-01
1.193548387096774466e-01 2.283870967741935543e-01
1.232258064516129070e-01 2.503225806451613300e-01
1.361290322580644974e-01 2.503225806451613300e-01
1.425806451612903203e-01 2.954838709677419240e-01
1.632258064516128870e-01 2.903225806451612545e-01
1.683870967741935565e-01 3.238709677419354671e-01
1.903225806451612767e-01 3.225806451612903136e-01
1.954838709677419462e-01 3.535483870967741638e-01
2.187096774193548199e-01 3.483870967741935498e-01
2.264516129032257963e-01 3.767741935483870930e-01
2.483870967741935720e-01 3.754838709677419395e-01
2.470967741935483630e-01 4.051612903225806361e-01
2.754838709677419617e-01 3.922580645161290458e-01
2.896774193548387055e-01 4.141935483870967660e-01
3.141935483870967882e-01 4.206451612903225890e-01
3.038709677419354493e-01 4.438709677419354627e-01
2.961290322580645284e-01 4.258064516129032029e-01
2.677419354838709298e-01 4.335483870967741793e-01
2.264516129032257963e-01 4.129032258064516125e-01
1.799999999999999933e-01 4.283870967741935654e-01
1.670967741935484030e-01 4.206451612903225890e-01
1.619354838709677336e-01 4.309677419354838723e-01
1.206451612903226001e-01 4.335483870967741793e-01
1.180645161290322376e-01 4.490322580645161321e-01
6.516129032258066722e-02 4.477419354838709786e-01
8.322580645161292701e-02 4.554838709677419550e-01
7.419354838709679711e-02 4.670967741935483919e-01
5.870967741935484430e-02 4.593548387096774155e-01
3.032258064516130114e-02 4.954838709677419351e-01
5.806451612903218429e-03 5.045161290322580649e-01
2.387096774193547821e-02 5.096774193548386789e-01
3.161290322580645462e-02 5.329032258064516636e-01
7.161290322580643464e-02 5.316129032258064546e-01
8.451612903225808049e-02 5.651612903225806672e-01
1.219354838709677535e-01 5.561290322580645373e-01
1.167741935483870841e-01 5.690322580645161832e-01
1.335483870967741904e-01 5.832258064516129270e-01
1.645161290322580405e-01 5.703225806451612812e-01
1.696774193548387100e-01 5.935483870967741549e-01
1.903225806451612767e-01 5.754838709677418951e-01
1.941935483870967927e-01 5.922580645161290569e-01
2.625806451612903158e-01 5.883870967741935409e-01
2.806451612903225756e-01 5.754838709677418951e-01
3.038709677419354493e-01 5.806451612903226200e-01
3.077419354838709653e-01 5.948387096774193639e-01
2.767741935483870597e-01 6.077419354838710097e-01
2.522580645161290325e-01 6.451612903225806273e-01
2.380645161290322331e-01 6.464516129032258362e-01
2.470967741935483630e-01 6.219354838709677535e-01
2.251612903225806428e-01 6.309677419354838834e-01
2.199999999999999734e-01 6.567741935483870641e-01
1.696774193548387100e-01 6.812903225806451468e-01
1.670967741935484030e-01 7.148387096774193594e-01
1.270967741935483675e-01 7.367741935483871352e-01
9.096774193548384790e-02 8.064516129032257563e-01
9.612903225806451735e-02 8.322580645161290480e-01
6.516129032258066722e-02 8.632258064516129537e-01
7.806451612903225756e-02 8.709677419354838745e-01
5.741935483870969081e-02 9.019354838709676692e-01
4.709677419354840744e-02 9.638709677419354804e-01
1.038709677419354938e-01 9.329032258064515748e-01
1.103225806451613167e-01 9.393548387096773977e-01
1.387096774193548598e-01 9.161290322580645240e-01
1.361290322580644974e-01 9.316129032258064768e-01
1.670967741935484030e-01 9.238709677419354449e-01
1.825806451612903003e-01 9.032258064516128782e-01
2.058064516129032295e-01 9.032258064516128782e-01
2.419354838709677491e-01 8.696774193548386656e-01
2.651612903225806228e-01 8.774193548387096975e-01
2.858064516129031896e-01 8.361290322580645640e-01
2.909677419354838590e-01 8.490322580645162098e-01
3.399999999999999689e-01 8.077419354838709653e-01
4.212903225806451379e-01 6.877419354838709697e-01
4.109677419354838546e-01 7.135483870967742615e-01
4.290322580645161143e-01 7.290322580645161032e-01
4.135483870967742170e-01 7.832258064516128826e-01
4.251612903225806539e-01 7.845161290322580916e-01
4.135483870967742170e-01 8.064516129032257563e-01
4.212903225806451379e-01 8.425806451612902759e-01
4.393548387096773977e-01 8.503225806451613078e-01
4.238709677419355004e-01 8.709677419354838745e-01
4.406451612903226067e-01 8.800000000000000044e-01
4.341935483870967838e-01 9.303225806451612678e-01
4.587096774193548665e-01 9.290322580645160588e-01
4.909677419354838701e-01 1.000000000000000000e+00
5.270967741935483897e-01 9.664516129032257874e-01
5.296774193548386966e-01 9.380645161290321887e-01
5.503225806451612634e-01 9.251612903225806539e-01
5.541935483870967794e-01 8.800000000000000044e-01
5.748387096774193461e-01 8.851612903225806184e-01
5.606451612903226023e-01 8.632258064516129537e-01
5.890322580645160899e-01 8.477419354838708898e-01
5.735483870967741371e-01 7.780645161290322687e-01
5.864516129032257830e-01 7.496774193548386700e-01
5.683870967741935232e-01 7.393548387096774421e-01
5.761290322580645551e-01 7.212903225806451823e-01
5.632258064516129092e-01 7.083870967741935365e-01
5.696774193548387322e-01 6.967741935483870996e-01
6.019354838709677358e-01 7.083870967741935365e-01
5.941935483870968149e-01 7.290322580645161032e-01
6.199999999999999956e-01 7.470967741935483630e-01
6.135483870967741726e-01 7.638709677419355248e-01
6.483870967741935942e-01 7.729032258064516547e-01
6.483870967741935942e-01 8.116129032258063702e-01
6.832258064516129048e-01 8.309677419354839500e-01
7.012903225806451646e-01 8.206451612903225001e-01
7.051612903225806805e-01 8.580645161290323397e-01
7.335483870967741682e-01 8.632258064516129537e-01
7.374193548387096842e-01 8.800000000000000044e-01
7.606451612903225579e-01 8.722580645161290835e-01
7.722580645161289947e-01 8.864516129032258274e-01
7.619354838709677669e-01 9.070967741935483941e-01
7.993548387096773844e-01 8.980645161290322642e-01
8.406451612903225179e-01 9.264516129032258629e-01
8.819354838709677624e-01 9.316129032258064768e-01
8.974193548387097152e-01 9.212903225806451379e-01
8.883870967741935853e-01 9.406451612903226067e-01
9.232258064516128959e-01 9.470967741935483186e-01
9.361290322580645418e-01 9.703225806451613034e-01
9.632258064516128204e-01 9.380645161290321887e-01
9.464516129032258807e-01 9.367741935483870908e-01
9.219354838709676869e-01 8.296774193548386300e-01
8.974193548387097152e-01 8.283870967741935321e-01
9.038709677419354271e-01 7.935483870967741105e-01
8.625806451612902936e-01 7.651612903225806228e-01
8.754838709677419395e-01 7.419354838709677491e-01
8.496774193548386478e-01 7.316129032258064102e-01
8.496774193548386478e-01 7.109677419354838435e-01
8.174193548387096442e-01 7.122580645161290525e-01
8.212903225806451601e-01 6.799999999999999378e-01
8.019354838709678024e-01 6.761290322580645329e-01
7.890322580645161565e-01 6.503225806451613522e-01
7.606451612903225579e-01 6.606451612903225801e-01
7.619354838709677669e-01 6.258064516129031585e-01
7.283870967741935543e-01 6.206451612903225445e-01
7.296774193548387633e-01 6.064516129032258007e-01
6.974193548387096486e-01 6.051612903225807027e-01
6.935483870967742437e-01 5.858064516129032340e-01
6.741935483870967749e-01 5.870967741935484430e-01
7.077419354838709875e-01 5.767741935483871041e-01
7.051612903225806805e-01 5.948387096774193639e-01
7.451612903225806051e-01 5.806451612903226200e-01
7.709677419354838968e-01 5.961290322580645729e-01
7.916129032258064635e-01 5.754838709677418951e-01
8.096774193548387233e-01 5.935483870967741549e-01
8.303225806451612900e-01 5.677419354838709742e-01
8.354838709677419040e-01 5.987096774193548798e-01
8.793548387096774555e-01 5.574193548387096353e-01
9.000000000000000222e-01 5.548387096774193283e-01
9.051612903225806361e-01 5.677419354838709742e-01
9.167741935483870730e-01 5.587096774193548443e-01
9.064516129032258451e-01 5.535483870967742304e-01
9.670967741935483364e-01 5.290322580645161477e-01
9.696774193548387544e-01 5.058064516129032739e-01
9.774193548387096753e-01 5.212903225806451157e-01
9.941935483870967261e-01 5.148387096774194038e-01
9.838709677419354982e-01 5.122580645161289858e-01
9.864516129032258052e-01 4.941935483870967816e-01
9.619354838709677225e-01 4.903225806451612656e-01
9.632258064516128204e-01 4.606451612903225690e-01
9.258064516129032029e-01 4.722580645161290613e-01
9.206451612903225890e-01 4.412903225806451557e-01
9.025806451612903292e-01 4.516129032258064391e-01
8.612903225806451957e-01 4.232258064516128959e-01
8.277419354838709831e-01 4.387096774193548487e-01
8.303225806451612900e-01 4.232258064516128959e-01
7.800000000000000266e-01 4.296774193548387188e-01
7.812903225806451246e-01 4.077419354838709431e-01
7.451612903225806051e-01 4.283870967741935654e-01
7.322580645161290702e-01 4.180645161290322820e-01
6.883870967741935187e-01 4.412903225806451557e-01
6.793548387096773888e-01 4.270967741935484119e-01
6.987096774193548576e-01 4.077419354838709431e-01
7.193548387096774244e-01 4.077419354838709431e-01
7.451612903225806051e-01 3.716129032258064235e-01
7.567741935483871529e-01 3.729032258064516325e-01
7.529032258064516370e-01 3.974193548387096597e-01
7.800000000000000266e-01 3.548387096774193727e-01
8.135483870967741282e-01 3.393548387096774199e-01
8.238709677419354671e-01 3.058064516129032073e-01
8.509677419354838568e-01 2.916129032258064635e-01
9.141935483870967660e-01 1.974193548387097041e-01
8.935483870967741993e-01 1.870967741935483653e-01
9.077419354838709431e-01 1.651612903225806450e-01
9.296774193548387188e-01 1.587096774193548221e-01
9.374193548387097508e-01 1.354838709677419484e-01
9.270967741935484119e-01 1.174193548387096886e-01
9.658064516129032384e-01 7.612903225806449958e-02
9.593548387096774155e-01 5.419354838709677935e-02
9.438709677419354627e-01 5.677419354838708632e-02
9.309677419354838168e-01 3.612903225806451957e-02
9.025806451612903292e-01 7.225806451612903913e-02
8.690322580645161166e-01 6.709677419354836969e-02
8.070967741935484163e-01 1.032258064516128893e-01
7.916129032258064635e-01 1.006451612903225823e-01
7.516129032258064280e-01 1.432258064516129248e-01
7.451612903225806051e-01 1.212903225806451490e-01
6.883870967741935187e-01 1.909677419354838812e-01
6.780645161290322909e-01 1.729032258064516214e-01
6.290322580645161255e-01 2.296774193548387077e-01
6.019354838709677358e-01 2.903225806451612545e-01
5.683870967741935232e-01 3.109677419354838768e-01
5.838709677419354760e-01 2.877419354838709475e-01
5.709677419354838301e-01 2.593548387096774599e-01
5.890322580645160899e-01 2.387096774193548376e-01
5.709677419354838301e-01 2.258064516129032473e-01
5.838709677419354760e-01 2.077419354838709875e-01
5.658064516129032162e-01 1.974193548387097041e-01
5.787096774193548621e-01 1.741935483870967749e-01
5.709677419354838301e-01 1.251612903225806650e-01
5.567741935483870863e-01 1.238709677419355115e-01
5.309677419354839056e-01 6.967741935483873217e-02
5.309677419354839056e-01 3.612903225806451957e-02
4.987096774193548465e-01 2.709677419354838968e-02
