1.094067373004958821e-02 2.216878373336728103e-04
8.356401400486324071e-03 0.000000000000000000e+00
5.772129070923004424e-03 1.182660187926232176e-03
5.165616177249976460e-03 2.083239939137726537e-03
4.698999035765372145e-03 4.667512268700990674e-03
4.863595830060907232e-03 7.251784598264310322e-03
7.996297879153735355e-03 1.758887391651742238e-02
1.125841213122541484e-02 2.534169090520727030e-02
1.324957277859384330e-02 3.309450789389711822e-02
1.651168703066552279e-02 4.084732488258696614e-02
2.091765952697011155e-02 5.376868653040339785e-02
2.417977377904179104e-02 6.152150351909324577e-02
2.617093442641027501e-02 6.927432050778309369e-02
2.943304867848195450e-02 7.702713749647294161e-02
3.383902117478654326e-02 8.994849914428937332e-02
3.977013799673512207e-02 1.028698607921058050e-01
4.417611049303971082e-02 1.157912224399222367e-01
4.752295498542496999e-02 1.235440394286120847e-01
4.934465515216623910e-02 1.287125840877386684e-01
5.527577197411481791e-02 1.416339457355550446e-01
5.709747214085608702e-02 1.468024903946816284e-01
6.302858896280466583e-02 1.597238520424980601e-01
6.485028912954599045e-02 1.648923967016246439e-01
6.819713362193119410e-02 1.726452136903144918e-01
7.001883378867251873e-02 1.778137583494410201e-01
7.621508565426887705e-02 1.907351199972574518e-01
8.060463557957014968e-02 2.010722093155106194e-01
8.345624642598487020e-02 2.062407539746371476e-01
8.784431113730362117e-02 2.165778432928903152e-01
1.446877170914307453e-01 3.302858257936748254e-01
1.475148515754520773e-01 3.354543704528013537e-01
1.509297828680892795e-01 3.406229151119279375e-01
1.537432555411673563e-01 3.457914597710545213e-01
1.581328054664686844e-01 3.561285490893076888e-01
1.640916601761177596e-01 3.664656384075608009e-01
1.731147127166268729e-01 3.845555447145037609e-01
1.790743226198264204e-01 3.948926340327569284e-01
1.813912564325382282e-01 4.000611786918835122e-01
1.873501111421873588e-01 4.103982680101366243e-01
1.940317535075911648e-01 4.233196296579530560e-01
1.974466848002284225e-01 4.284881743170796398e-01
2.147059321440974444e-01 4.620837146014022956e-01
2.181208634367347021e-01 4.672522592605288794e-01
2.276272937919138761e-01 4.853421655674718393e-01
2.310422250845510783e-01 4.905107102265984231e-01
2.405486554397303078e-01 5.086006165335413831e-01
2.439635867323675100e-01 5.137691611926680224e-01
2.508857447579834199e-01 5.266905228404844541e-01
2.543006760506206776e-01 5.318590674996109824e-01
2.638071064057998516e-01 5.499489738065539424e-01
2.672220376984371093e-01 5.551175184656805817e-01
2.741441957240530192e-01 5.680388801134970134e-01
2.775591270166902214e-01 5.732074247726235416e-01
2.844812850423061312e-01 5.861287864204399733e-01
2.878962163349433334e-01 5.912973310795665016e-01
2.922341020309959791e-01 5.990501480682564051e-01
3.008175779827597651e-01 6.119715097160728368e-01
3.077397360083756750e-01 6.248928713638892685e-01
3.111546673010129327e-01 6.300614160230157967e-01
3.154925529970655229e-01 6.378142330117055891e-01
3.240760289488293644e-01 6.507355946595220209e-01
3.284139146448819546e-01 6.584884116482119243e-01
3.369973905966457406e-01 6.714097732960283560e-01
3.413352762926983863e-01 6.791625902847181484e-01
3.981821356227006059e-01 7.644435771603065310e-01
4.041964421351388337e-01 7.721963941489964345e-01
4.111034972705170376e-01 7.825334834672494910e-01
4.171178037829552654e-01 7.902863004559393945e-01
4.291934035774600531e-01 8.083762067628823544e-01
4.352077100898982254e-01 8.161290237515722579e-01
4.421147652252764293e-01 8.264661130698254254e-01
4.481290717377146571e-01 8.342189300585152179e-01
4.550361268730928610e-01 8.445560193767683854e-01
4.688032503742209367e-01 8.626459256837113454e-01
4.828437103717450607e-01 8.833201043202176805e-01
4.875152795828787133e-01 8.884886489793442088e-01
4.894774290107272163e-01 8.910729213089074729e-01
5.411549046321451062e-01 9.686010911958060632e-01
5.454927903281978629e-01 9.763539081844958556e-01
5.588064075974658040e-01 9.961335310146148814e-01
5.613906799270291792e-01 9.989813159072999937e-01
5.639749522565924433e-01 1.000000000000000000e+00
5.665592245861557075e-01 9.988875022776391166e-01
5.697450085786345264e-01 9.944438144914389266e-01
5.764579105627865019e-01 9.815224528436223839e-01
5.798728418554237596e-01 9.763539081844958556e-01
5.930264803614330171e-01 9.505111848888629922e-01
5.974145450727517126e-01 9.401740955706099356e-01
6.002661559191664331e-01 9.350055509114832963e-01
6.046557058444678168e-01 9.246684615932301288e-01
6.108519577100641751e-01 9.117470999454138081e-01
6.126736578768054997e-01 9.065785552862871688e-01
6.186047746987539675e-01 8.936571936384707371e-01
6.204264748654954031e-01 8.884886489793442088e-01
6.263575916874437599e-01 8.755672873315277771e-01
6.281792918541851956e-01 8.703987426724011378e-01
6.315261363465703992e-01 8.626459256837113454e-01
6.333478365133118348e-01 8.574773810245848171e-01
6.366946810056969275e-01 8.497245640358949137e-01
6.385163811724383631e-01 8.445560193767683854e-01
6.418632256648235668e-01 8.368032023880784820e-01
6.462691981611281555e-01 8.238818407402621613e-01
6.496160426535133592e-01 8.161290237515722579e-01
6.514377428202547948e-01 8.109604790924456186e-01
6.547845873126398875e-01 8.032076621037558262e-01
6.617748321385079624e-01 7.825334834672494910e-01
6.651216766308930550e-01 7.747806664785596986e-01
6.695276491271977548e-01 7.618593048307432669e-01
6.728744936195829585e-01 7.541064878420533635e-01
6.772804661158875472e-01 7.411851261942370428e-01
6.806273106082727509e-01 7.334323092055471394e-01
6.876175554341407148e-01 7.127581305690409152e-01
6.909643999265259184e-01 7.050053135803510118e-01
6.953703724228306182e-01 6.920839519325345801e-01
6.987172169152158219e-01 6.843311349438447877e-01
7.031231894115204106e-01 6.714097732960283560e-01
7.063853036635920901e-01 6.636569563073384526e-01
7.083815891238827156e-01 6.559041393186486602e-01
7.141336791477493895e-01 6.429827776708322284e-01
7.161344061125725080e-01 6.352299606821423250e-01
7.219756678812853101e-01 6.223085990343258933e-01
7.263816403775900099e-01 6.093872373865094616e-01
7.297284848699752136e-01 6.016344203978196692e-01
7.315501850367165382e-01 5.964658757386931409e-01
7.348970295291017418e-01 5.887130587500032375e-01
7.393030020254064416e-01 5.757916971021868058e-01
7.426498465177916453e-01 5.680388801134970134e-01
7.444715466845329699e-01 5.628703354543703741e-01
7.478183911769181735e-01 5.551175184656805817e-01
7.496400913436596092e-01 5.499489738065539424e-01
7.529869358360448128e-01 5.421961568178641500e-01
7.548086360027861375e-01 5.370276121587375107e-01
7.581554804951713411e-01 5.292747951700477183e-01
7.625614529914759299e-01 5.163534335222312865e-01
7.684925698134243977e-01 5.034320718744148548e-01
7.703142699801658333e-01 4.982635272152882711e-01
7.736611144725510369e-01 4.905107102265984231e-01
7.780670869688557367e-01 4.775893485787819914e-01
7.839982037908042045e-01 4.646679869309655597e-01
7.858199039575455291e-01 4.594994422718390314e-01
7.891667484499307328e-01 4.517466252831491835e-01
7.909884486166720574e-01 4.465780806240225997e-01
7.943352931090572611e-01 4.388252636353327518e-01
7.961569932757986967e-01 4.336567189762061680e-01
8.020881100977471645e-01 4.207353573283897363e-01
8.039098102644886001e-01 4.155668126692632081e-01
8.098409270864370679e-01 4.026454510214467764e-01
8.116626272531783926e-01 3.974769063623201926e-01
8.150094717455635962e-01 3.897240893736303446e-01
8.168311719123049208e-01 3.845555447145037609e-01
8.227622887342533886e-01 3.716341830666873847e-01
8.245839889009948243e-01 3.664656384075608009e-01
8.305151057229432920e-01 3.535442767597443692e-01
8.323368058896847277e-01 3.483757321006177854e-01
8.408521950411964596e-01 3.302858257936748254e-01
8.426738952079377842e-01 3.251172811345482416e-01
8.537735566890127803e-01 3.018588301684786979e-01
8.555952568557542159e-01 2.966902855093521141e-01
8.579143941416695895e-01 2.915217408502255303e-01
8.638619335346214845e-01 2.811846515319724182e-01
8.682514834599227571e-01 2.708475622137193062e-01
8.811615297910420086e-01 2.450048389180864428e-01
8.871203845006909727e-01 2.346677495998332752e-01
8.894373183134028915e-01 2.294992049407067469e-01
8.953969282166024390e-01 2.191621156224535794e-01
9.046604964173237118e-01 2.010722093155106194e-01
9.080754277099607474e-01 1.959036646563840356e-01
9.149975857355767683e-01 1.829823030085676039e-01
9.184125170282139150e-01 1.778137583494410201e-01
9.227504027242665607e-01 1.700609413607511722e-01
9.313338786760303467e-01 1.571395797129347960e-01
9.356717643720831035e-01 1.493867627242448926e-01
9.390866956647201391e-01 1.442182180651183643e-01
9.434245813607728959e-01 1.364654010764285164e-01
9.537536997091782265e-01 1.209597670990487650e-01
9.597147265810557215e-01 1.132069501103589171e-01
9.641449077174498727e-01 1.054541331216690692e-01
9.701050955398695663e-01 9.770131613297922124e-02
9.770121506752478258e-01 8.736422681472610918e-02
9.830264571876859980e-01 7.961140982603626126e-02
9.899335123230642575e-01 6.927432050778309369e-02
9.938174564314061765e-01 6.410577584865650991e-02
9.951416476862295912e-01 6.152150351909324577e-02
9.953010009642346834e-01 5.893723118952998163e-02
9.933702589016003559e-01 5.635295885996666199e-02
9.903798866345343566e-01 5.534796406513647904e-02
9.800427973162811890e-01 5.480631102636435159e-02
9.619528910093382290e-01 5.277021767579942457e-02
9.386944400432686297e-01 5.239940790802283255e-02
9.309416230545788373e-01 5.173818684288938874e-02
9.102674444180725022e-01 5.075370214591284901e-02
8.818404487928763746e-01 5.075370214591284901e-02
8.637505424859333036e-01 5.153308586435267902e-02
8.585819978268067754e-01 5.222203869680108745e-02
8.379078191903005512e-01 5.251512159442112138e-02
8.327392745311739120e-01 5.277021767579942457e-02
8.198179128833575913e-01 5.480631102636435159e-02
8.094808235651044237e-01 5.535449000536268871e-02
7.965594619172879920e-01 5.739058335592761573e-02
7.913909172581614637e-01 5.793876233492600836e-02
7.655481939625286003e-01 6.218776122905878001e-02
7.577953769738386969e-01 6.318561827676655307e-02
7.500425599851487934e-01 6.506508906190350272e-02
7.448740153260222652e-01 6.576989060632981721e-02
7.267841090190793052e-01 7.023363372103008651e-02
7.216155643599527769e-01 7.093843526545640099e-02
6.983571133938831776e-01 7.667284209645219839e-02
6.880200240756300101e-01 8.000738703782411809e-02
6.699301177686870501e-01 8.442565908514204631e-02
6.518402114617440901e-01 9.034447635607723015e-02
6.440873944730541867e-01 9.217847607383189423e-02
6.259974881661112267e-01 9.809729334476707807e-02
6.182446711774214343e-01 9.993129306252179767e-02
5.924019478817885709e-01 1.084343826630202456e-01
5.846491308930986674e-01 1.102683823807749097e-01
5.743120415748454999e-01 1.136029273221467739e-01
5.665592245861557075e-01 1.154369270399014935e-01
5.562221352679025399e-01 1.187714719812733577e-01
5.174580503244532448e-01 1.283582886877179252e-01
5.122895056653267165e-01 1.299441513697961459e-01
4.967838716879470207e-01 1.331632753219865184e-01
4.709411483923141573e-01 1.375030255723894701e-01
4.657726037331876290e-01 1.380512045513878072e-01
4.528512420853711973e-01 1.400872979019527342e-01
4.399298804375547656e-01 1.404575232571717569e-01
4.321770634488649176e-01 1.411211932892131315e-01
4.192557018010484859e-01 1.416551282956334812e-01
4.011657954941054705e-01 1.416551282956334812e-01
3.934129785054156780e-01 1.413262942677500078e-01
3.882444338462890943e-01 1.406354768809510714e-01
3.727387998689093429e-01 1.400872979019527342e-01
3.598174382210929667e-01 1.380512045513878072e-01
3.520646212324031188e-01 1.374247142896754537e-01
3.443118042437132154e-01 1.355452435045385040e-01
3.391432595845866871e-01 1.348404419601121895e-01
3.055477193002639758e-01 1.265242889699632056e-01
2.745364513455045841e-01 1.161936910814115320e-01
2.667836343568147361e-01 1.128468465890263284e-01
2.616150896976881524e-01 1.110251464222849482e-01
2.538622727089983044e-01 1.076783019298998001e-01
2.486937280498717207e-01 1.058566017631583644e-01
2.357723664020552889e-01 9.992548494120995217e-02
2.306038217429287607e-01 9.810378477446851653e-02
2.254352770838021769e-01 9.578464748855308741e-02
1.194801115717075146e-01 4.280706473250578403e-02
1.143115669125809308e-01 4.048722136125437743e-02
1.091430222534544026e-01 3.866552119451299729e-02
1.039744775943278188e-01 3.634638390859756818e-02
8.588457128738485880e-02 2.730143075512608819e-02
8.071602662825827501e-02 2.498158738387468158e-02
7.554748196913169123e-02 2.315988721713330145e-02
6.262612032131525952e-02 1.722877039518483366e-02
4.970475867349882781e-02 1.282279789888013388e-02
4.195194168480897989e-02 9.475953406494985742e-03
2.644630770742928405e-02 4.313216868680247451e-03
1.869349071873943613e-02 2.479217150925583368e-03
