4.852607709750567100e-01 0.000000000000000000e+00
4.058956916099772938e-01 1.133786848072559916e-02
4.036281179138321851e-01 9.070294784580490433e-03
3.469387755102040782e-01 2.494331065759636257e-02
2.517006802721088454e-01 6.802721088435376151e-02
1.950113378684807386e-01 1.065759637188208875e-01
1.281179138321995592e-01 1.712018140589569026e-01
8.730158730158732450e-02 2.256235827664399007e-01
5.555555555555558023e-02 2.823129251700680076e-01
3.061224489795916215e-02 3.458049886621314961e-01
1.473922902494329001e-02 4.047619047619047672e-01
7.936507936507963823e-03 4.569160997732426566e-01
9.070294784580490433e-03 5.192743764172335075e-01
2.857142857142856984e-01 5.238095238095238360e-01
2.902494331065759714e-01 5.215419501133786717e-01
4.036281179138321851e-01 5.260770975056688892e-01
4.081632653061224580e-01 5.238095238095238360e-01
5.079365079365079083e-01 5.283446712018140534e-01
5.124716553287982368e-01 5.260770975056688892e-01
5.986394557823129237e-01 5.306122448979592177e-01
6.054421768707483054e-01 5.283446712018140534e-01
6.757369614512471756e-01 5.328798185941042709e-01
6.825396825396825573e-01 5.306122448979592177e-01
7.369614512471654999e-01 5.351473922902494351e-01
7.392290249433106641e-01 5.328798185941042709e-01
7.868480725623583361e-01 5.374149659863945994e-01
7.913832199546485535e-01 5.351473922902494351e-01
8.480725623582766604e-01 5.419501133786848168e-01
8.503401360544218246e-01 5.396825396825396526e-01
8.605442176870747861e-01 5.430839002267573434e-01
8.571428571428572063e-01 5.464852607709750343e-01
8.276643990929705152e-01 5.510204081632652517e-01
8.231292517006802978e-01 5.487528344671201985e-01
7.936507936507937178e-01 5.532879818594104160e-01
7.891156462585033893e-01 5.510204081632652517e-01
7.528344671201814275e-01 5.555555555555555802e-01
7.482993197278910991e-01 5.532879818594104160e-01
6.938775510204081565e-01 5.578231292517006334e-01
6.916099773242629922e-01 5.555555555555555802e-01
6.394557823129252139e-01 5.600907029478457977e-01
6.349206349206348854e-01 5.578231292517006334e-01
5.600907029478457977e-01 5.623582766439909619e-01
5.578231292517006334e-01 5.600907029478457977e-01
4.875283446712018187e-01 5.646258503401360151e-01
4.829931972789115457e-01 5.623582766439909619e-01
4.036281179138321851e-01 5.668934240362811794e-01
3.990929705215419676e-01 5.646258503401360151e-01
3.106575963718820610e-01 5.691609977324263436e-01
3.061224489795918435e-01 5.668934240362811794e-01
2.086167800453514465e-01 5.714285714285713969e-01
2.040816326530612290e-01 5.691609977324263436e-01
1.360544217687076340e-02 5.736961451247165611e-01
1.247165532879818128e-02 5.816326530612244694e-01
2.834467120181405342e-02 6.473922902494331222e-01
5.328798185941041599e-02 7.131519274376416639e-01
7.709750566893425194e-02 7.551020408163264808e-01
9.297052154195012408e-02 7.505668934240362633e-01
1.814058956916099752e-01 7.551020408163264808e-01
1.859410430839002482e-01 7.528344671201814275e-01
2.358276643990929733e-01 7.573696145124716450e-01
2.380952380952380820e-01 7.551020408163264808e-01
2.743764172335600993e-01 7.596371882086168092e-01
2.766439909297052080e-01 7.573696145124716450e-01
3.219954648526077157e-01 7.619047619047618625e-01
3.287981859410430974e-01 7.596371882086168092e-01
3.673469387755101678e-01 7.641723356009070267e-01
3.696145124716553321e-01 7.619047619047618625e-01
4.353741496598639293e-01 7.687074829931972442e-01
4.376417233560090936e-01 7.664399092970521910e-01
5.147392290249432900e-01 7.755102040816326259e-01
5.181405895691609809e-01 7.789115646258503167e-01
4.965986394557823091e-01 7.845804988662131718e-01
4.943310657596372004e-01 7.823129251700680076e-01
4.693877551020408379e-01 7.868480725623583361e-01
4.648526077097505649e-01 7.845804988662131718e-01
4.263038548752834389e-01 7.891156462585033893e-01
4.217687074829932214e-01 7.868480725623583361e-01
3.696145124716553321e-01 7.913832199546485535e-01
3.650793650793651146e-01 7.891156462585033893e-01
2.857142857142856984e-01 7.936507936507937178e-01
2.811791383219954810e-01 7.913832199546485535e-01
1.746031746031745935e-01 7.959183673469387710e-01
1.700680272108843760e-01 7.936507936507937178e-01
1.031746031746031966e-01 7.970521541950112976e-01
1.247165532879818683e-01 8.231292517006802978e-01
2.585034013605442271e-01 8.231292517006802978e-01
2.947845804988662444e-01 8.276643990929705152e-01
2.970521541950112976e-01 8.253968253968253510e-01
3.219954648526077157e-01 8.299319727891156795e-01
3.242630385487528244e-01 8.276643990929705152e-01
3.446712018140589695e-01 8.321995464852607327e-01
3.469387755102040782e-01 8.299319727891156795e-01
3.628117913832199504e-01 8.344671201814058970e-01
3.650793650793651146e-01 8.321995464852607327e-01
3.786848072562358225e-01 8.367346938775510612e-01
3.809523809523809312e-01 8.344671201814058970e-01
3.945578231292516946e-01 8.390022675736961144e-01
3.968253968253968589e-01 8.367346938775510612e-01
4.081632653061224580e-01 8.412698412698412787e-01
4.104308390022675668e-01 8.390022675736961144e-01
4.195011337868480572e-01 8.435374149659864429e-01
4.217687074829932214e-01 8.412698412698412787e-01
4.693877551020408379e-01 8.548752834467120421e-01
4.716553287981859466e-01 8.526077097505668778e-01
5.181405895691609809e-01 8.696145124716553321e-01
1.723356009070294848e-01 8.707482993197279697e-01
1.712018140589569026e-01 8.741496598639455495e-01
2.244897959183673741e-01 9.160997732426303664e-01
2.879818594104308627e-01 9.523809523809523281e-01
3.446712018140589695e-01 9.750566893424036374e-01
4.285714285714286031e-01 9.954648526077096715e-01
4.308390022675737119e-01 9.931972789115646183e-01
4.625850340136054561e-01 1.000000000000000000e+00
5.328798185941042709e-01 1.000000000000000000e+00
5.986394557823129237e-01 9.909297052154195651e-01
6.553287981859410305e-01 9.750566893424036374e-01
7.165532879818594658e-01 9.501133786848072749e-01
8.027210884353741527e-01 8.956916099773242212e-01
8.718820861678004963e-01 8.287981859410431529e-01
9.285714285714286031e-01 7.471655328798185725e-01
9.671201814058956181e-01 6.587301587301587213e-01
9.875283446712017632e-01 5.702947845804988702e-01
9.852607709750567100e-01 5.680272108843537060e-01
9.920634920634920917e-01 5.317460317460317443e-01
9.909297052154195651e-01 4.920634920634920917e-01
7.981859410430838242e-01 4.875283446712018187e-01
7.959183673469387710e-01 4.897959183673469274e-01
6.916099773242629922e-01 4.852607709750567100e-01
6.893424036281179390e-01 4.875283446712018187e-01
5.850340136054421603e-01 4.829931972789115457e-01
5.827664399092971070e-01 4.852607709750567100e-01
4.784580498866213283e-01 4.807256235827664370e-01
4.761904761904761640e-01 4.829931972789115457e-01
3.764172335600907138e-01 4.784580498866213283e-01
3.696145124716553321e-01 4.784580498866213283e-01
3.673469387755101678e-01 4.807256235827664370e-01
2.913832199546485535e-01 4.773242630385487462e-01
3.605442176870748416e-01 4.739229024943310553e-01
3.628117913832199504e-01 4.761904761904761640e-01
3.922902494331065859e-01 4.739229024943310553e-01
3.945578231292516946e-01 4.761904761904761640e-01
3.990929705215419676e-01 4.739229024943310553e-01
4.013605442176870763e-01 4.761904761904761640e-01
4.036281179138321851e-01 4.739229024943310553e-01
4.058956916099772938e-01 4.761904761904761640e-01
4.104308390022675668e-01 4.739229024943310553e-01
4.126984126984126755e-01 4.761904761904761640e-01
5.306122448979592177e-01 4.716553287981859466e-01
5.328798185941042709e-01 4.739229024943310553e-01
6.530612244897959773e-01 4.693877551020408379e-01
6.553287981859410305e-01 4.716553287981859466e-01
7.981859410430838242e-01 4.671201814058956736e-01
8.004535147392290995e-01 4.693877551020408379e-01
8.072562358276644812e-01 4.671201814058956736e-01
8.095238095238095344e-01 4.693877551020408379e-01
8.163265306122449161e-01 4.671201814058956736e-01
8.185941043083899693e-01 4.693877551020408379e-01
9.297052154195011298e-01 4.648526077097505649e-01
9.319727891156461830e-01 4.671201814058956736e-01
9.365079365079365115e-01 4.648526077097505649e-01
9.387755102040815647e-01 4.671201814058956736e-01
9.433106575963718932e-01 4.648526077097505649e-01
9.455782312925169464e-01 4.671201814058956736e-01
9.478458049886621106e-01 4.648526077097505649e-01
9.501133786848072749e-01 4.671201814058956736e-01
9.523809523809523281e-01 4.648526077097505649e-01
9.546485260770974923e-01 4.671201814058956736e-01
9.886621315192744008e-01 4.648526077097505649e-01
9.897959183673469274e-01 4.501133786848072749e-01
9.761904761904761640e-01 3.707482993197278587e-01
9.557823129251701300e-01 3.117913832199546431e-01
9.433106575963718932e-01 2.902494331065759714e-01
8.276643990929705152e-01 2.879818594104308627e-01
8.253968253968253510e-01 2.902494331065759714e-01
8.208616780045351335e-01 2.879818594104308627e-01
8.185941043083899693e-01 2.902494331065759714e-01
8.140589569160997518e-01 2.879818594104308627e-01
8.117913832199545876e-01 2.902494331065759714e-01
7.573696145124716450e-01 2.857142857142856984e-01
7.551020408163264808e-01 2.879818594104308627e-01
7.210884353741496833e-01 2.834467120181405897e-01
7.188208616780045190e-01 2.857142857142856984e-01
6.893424036281179390e-01 2.811791383219954810e-01
6.870748299319727748e-01 2.834467120181405897e-01
6.621315192743764122e-01 2.789115646258503167e-01
6.598639455782313590e-01 2.811791383219954810e-01
6.371882086167800496e-01 2.766439909297052080e-01
6.349206349206348854e-01 2.789115646258503167e-01
5.396825396825396526e-01 2.675736961451247176e-01
5.362811791383219617e-01 2.641723356009070267e-01
6.621315192743764122e-01 2.607709750566893359e-01
6.643990929705215764e-01 2.630385487528345001e-01
6.757369614512471756e-01 2.607709750566893359e-01
6.780045351473922288e-01 2.630385487528345001e-01
7.641723356009070267e-01 2.585034013605442271e-01
7.664399092970521910e-01 2.607709750566893359e-01
7.709750566893424084e-01 2.585034013605442271e-01
7.732426303854875727e-01 2.607709750566893359e-01
7.755102040816326259e-01 2.585034013605442271e-01
7.777777777777777901e-01 2.607709750566893359e-01
7.823129251700680076e-01 2.585034013605442271e-01
7.845804988662131718e-01 2.607709750566893359e-01
9.274376417233560765e-01 2.585034013605442271e-01
9.285714285714286031e-01 2.551020408163265363e-01
8.979591836734693855e-01 2.086167800453514465e-01
8.911564625850340038e-01 2.063492063492063378e-01
8.888888888888888395e-01 2.086167800453514465e-01
8.843537414965986221e-01 2.063492063492063378e-01
8.820861678004534578e-01 2.086167800453514465e-01
8.775510204081632404e-01 2.063492063492063378e-01
8.752834467120180761e-01 2.086167800453514465e-01
8.707482993197279697e-01 2.063492063492063378e-01
8.684807256235826944e-01 2.086167800453514465e-01
8.639455782312925880e-01 2.063492063492063378e-01
8.616780045351473127e-01 2.086167800453514465e-01
8.571428571428572063e-01 2.063492063492063378e-01
8.548752834467120421e-01 2.086167800453514465e-01
8.503401360544218246e-01 2.063492063492063378e-01
8.480725623582766604e-01 2.086167800453514465e-01
8.435374149659864429e-01 2.063492063492063378e-01
8.412698412698412787e-01 2.086167800453514465e-01
8.367346938775510612e-01 2.063492063492063378e-01
8.344671201814058970e-01 2.086167800453514465e-01
8.299319727891156795e-01 2.063492063492063378e-01
8.276643990929705152e-01 2.086167800453514465e-01
5.317460317460317443e-01 2.052154195011338111e-01
5.396825396825396526e-01 1.995464852607709560e-01
6.190476190476190688e-01 1.791383219954648665e-01
6.213151927437641220e-01 1.814058956916099752e-01
6.666666666666666297e-01 1.723356009070294848e-01
6.689342403628117939e-01 1.746031746031745935e-01
6.916099773242629922e-01 1.700680272108843760e-01
6.938775510204081565e-01 1.723356009070294848e-01
7.256235827664399007e-01 1.678004535147392118e-01
7.278911564625850650e-01 1.700680272108843760e-01
7.324263038548752824e-01 1.678004535147392118e-01
7.346938775510204467e-01 1.700680272108843760e-01
8.163265306122449161e-01 1.678004535147392118e-01
8.185941043083899693e-01 1.700680272108843760e-01
8.231292517006802978e-01 1.678004535147392118e-01
8.253968253968253510e-01 1.700680272108843760e-01
8.299319727891156795e-01 1.678004535147392118e-01
8.321995464852607327e-01 1.700680272108843760e-01
8.367346938775510612e-01 1.678004535147392118e-01
8.390022675736961144e-01 1.700680272108843760e-01
8.435374149659864429e-01 1.678004535147392118e-01
8.458049886621314961e-01 1.700680272108843760e-01
8.503401360544218246e-01 1.678004535147392118e-01
8.526077097505668778e-01 1.700680272108843760e-01
8.571428571428572063e-01 1.678004535147392118e-01
8.594104308390022595e-01 1.700680272108843760e-01
8.650793650793651146e-01 1.666666666666666852e-01
7.981859410430838242e-01 1.020408163265306145e-01
7.188208616780045190e-01 5.215419501133788938e-02
6.530612244897959773e-01 2.494331065759636257e-02
5.941043083900227062e-01 9.070294784580490433e-03
