8.087027552101730965e-01 2.433390627033410469e-02
8.060976686683150039e-01 2.393400263452261090e-02
7.852569763334510400e-01 2.943829839231942858e-02
7.696264570823030393e-01 3.464261657502909486e-02
7.357603320381490564e-01 4.766804928431911392e-02
7.123145531614269998e-01 5.912438000412112427e-02
7.018942069939950734e-01 6.354928418484601105e-02
6.888687742847050544e-01 7.191876634749627684e-02
6.758433415754150353e-01 7.889667672747308069e-02
6.628179088661250162e-01 8.675845575558033262e-02
6.289517838219710333e-01 1.121312114218497302e-01
6.102241061266141520e-01 1.287887359443071755e-01
5.966946828183763429e-01 1.418141686535971391e-01
5.928062080536912193e-01 1.470243417373131578e-01
5.732179611716435863e-01 1.678650340721771772e-01
5.634220159917794346e-01 1.808904667814671408e-01
5.477986861028409926e-01 2.043362456581891418e-01
5.298462070183558303e-01 2.355972841604851431e-01
5.191751452015449519e-01 2.590430630372071441e-01
5.139649721178289887e-01 2.720684957464971632e-01
5.087606539351192669e-01 2.876990149976451638e-01
5.039076298127870279e-01 3.064928536210493326e-01
5.013025432709290463e-01 3.118343756060354410e-01
4.986974567290710092e-01 3.117617880553336107e-01
4.960923701872129721e-01 3.064928536210493326e-01
4.912393460648807331e-01 2.876990149976451638e-01
4.860350278821710668e-01 2.720684957464971632e-01
4.808248547984550481e-01 2.590430630372071441e-01
4.701537929816441697e-01 2.355972841604851431e-01
4.522013138971590074e-01 2.043362456581891418e-01
4.365779840082206764e-01 1.808904667814671408e-01
4.267820388283564137e-01 1.678650340721771772e-01
4.071937919463087252e-01 1.470243417373131578e-01
4.033053171816236016e-01 1.418141686535971391e-01
3.897758938733859591e-01 1.287887359443071755e-01
3.710482161780289667e-01 1.121312114218497302e-01
3.371820911338749838e-01 8.675845575558033262e-02
3.241566584245849647e-01 7.889667672747308069e-02
3.111312257152949456e-01 7.191876634749627684e-02
2.981057930060049821e-01 6.354928418484601105e-02
2.876854468385730002e-01 5.912438000412112427e-02
2.642396679618509436e-01 4.766804928431911392e-02
2.303735429176969607e-01 3.464261657502909486e-02
2.147430236665489600e-01 2.943829839231942858e-02
1.939023313316849406e-01 2.393400263452261090e-02
1.912972447898269590e-01 2.433390627033410469e-02
1.886921582479689774e-01 2.655769693739390425e-02
1.876541940789474006e-01 2.979544735370315278e-02
1.875062606430933365e-01 8.189717819086311801e-02
1.896339972284868391e-01 9.231752435829515546e-02
1.903954840637991919e-01 1.105531301513011377e-01
1.922390837703448208e-01 1.183683897768751381e-01
1.930005706056572290e-01 1.313938224861651571e-01
1.981849357224667041e-01 1.574446879047451398e-01
2.039655285377332539e-01 1.808904667814671408e-01
2.169851063460169205e-01 2.199667649093371424e-01
2.245338072530319029e-01 2.382023707023431802e-01
2.430035607054549240e-01 2.746735822883551448e-01
2.508188203310289244e-01 2.876990149976451638e-01
2.612319771362512366e-01 3.033295342487931645e-01
2.788431819416895552e-01 3.267753131255151655e-01
2.835523768442790304e-01 3.319854862092311842e-01
2.892635281091215926e-01 3.398007458348051846e-01
3.085261391734369640e-01 3.592857298672736954e-01
3.215515718827269831e-01 3.713373223367207876e-01
3.449973507594489841e-01 3.896999944138488381e-01
3.610620511009066114e-01 3.997177362975392056e-01
3.660353981353627884e-01 4.049279093812551689e-01
3.663743844411661010e-01 4.075329959231132060e-01
3.632329565524550219e-01 4.083742217855882428e-01
3.137363122571529828e-01 4.089521848600954912e-01
3.033159660897210008e-01 4.110799214454891604e-01
2.902905333804309818e-01 4.118414082808013466e-01
2.824752737548569814e-01 4.137102087079734813e-01
2.746600141292829811e-01 4.144206868557528400e-01
2.303735429176969607e-01 4.254114527547354641e-01
2.017175909572589410e-01 4.358259440211611491e-01
1.834819851642529587e-01 4.438919192961140459e-01
1.756667255386789583e-01 4.484416854321205403e-01
1.678514659131049580e-01 4.517071789216880462e-01
1.496158601200989757e-01 4.618443983805991526e-01
1.365904274108089567e-01 4.704970072517704049e-01
1.287751677852349563e-01 4.748698310898891717e-01
1.149356455316143388e-01 4.856855921788532093e-01
1.036035190745320245e-01 4.935008518044272097e-01
9.230395619922293626e-02 5.028740553422887949e-01
8.188361003179095432e-02 5.128135606868552410e-01
7.406835040621695398e-02 5.185247119516978032e-01
5.999577506735653820e-02 5.325771499322972113e-01
3.657013354889554479e-02 5.586280153508772495e-01
3.085898228405303811e-02 5.664432749764511943e-01
2.614978738146350734e-02 5.716534480601671575e-01
8.592291340768110075e-03 5.950992269368892140e-01
9.202625072041725751e-04 6.081246596461792331e-01
5.551115123125782702e-17 6.107297461880372147e-01
1.369591951542736830e-04 6.133348327298951963e-01
2.056315284856502501e-03 6.159399192717531779e-01
2.978187919463093358e-02 6.266378566280716989e-01
5.843783115506895331e-02 6.337763585785067821e-01
6.885817732250093526e-02 6.371320915368678950e-01
8.448869657364893593e-02 6.403132668414095452e-01
9.230395619922293626e-02 6.410237449891889039e-01
1.131446485340869557e-01 6.454976319582189648e-01
1.287751677852349563e-01 6.462591187935313730e-01
1.391955139526669383e-01 6.483868553789248201e-01
2.017175909572589410e-01 6.483868553789248201e-01
2.121379371246909784e-01 6.462591187935313730e-01
2.251633698339809420e-01 6.454976319582189648e-01
2.329786294595549423e-01 6.436288315310469965e-01
2.407938890851289426e-01 6.429183533832674158e-01
2.538193217944189617e-01 6.403132668414095452e-01
2.876854468385730002e-01 6.319275874842849028e-01
3.033159660897210008e-01 6.267232693015752920e-01
3.111312257152949456e-01 6.233494686981854160e-01
3.241566584245849647e-01 6.189080096760012362e-01
3.502075238431650028e-01 6.061598062374897733e-01
3.606278700105969848e-01 6.001521965223896027e-01
3.658380430943130035e-01 5.978166016917583203e-01
3.892838219710350045e-01 5.824763985113409204e-01
4.101245143058989684e-01 5.662220883832745910e-01
4.153346873896149871e-01 5.642595994928348846e-01
4.179397739314729687e-01 5.656143838040418315e-01
4.179643502196037641e-01 5.690483615183091759e-01
4.157403975887568048e-01 5.768636211438832317e-01
4.123665969853669289e-01 5.846788807694571766e-01
4.045571922607992255e-01 6.107297461880372147e-01
3.987765994455327312e-01 6.367806116066172528e-01
3.980661212977532615e-01 6.445958712321911976e-01
3.961973208705812377e-01 6.524111308577652535e-01
3.954358340352688850e-01 6.654365635670551615e-01
3.933080974498753823e-01 6.758569097344871990e-01
3.933080974498753823e-01 7.279586405716472752e-01
3.954358340352688850e-01 7.383789867390792017e-01
3.961973208705812377e-01 7.514044194483692207e-01
3.980661212977532615e-01 7.592196790739431655e-01
3.987765994455327312e-01 7.670349386995172214e-01
4.045628612919323075e-01 7.956908906599552411e-01
4.097673653445152442e-01 8.139264964529612234e-01
4.175767700690829476e-01 8.373722753296832799e-01
4.261607437561888423e-01 8.582129676645472438e-01
4.308529184277518631e-01 8.712384003738372629e-01
4.389376697645526182e-01 8.868689196249852635e-01
4.422024019780996795e-01 8.946841792505593194e-01
4.519631024738425817e-01 9.103146985017072090e-01
4.552278346873896431e-01 9.181299581272812649e-01
4.618236408593173192e-01 9.285503042947131913e-01
4.678863877203686683e-01 9.363655639202872472e-01
4.761752994444622411e-01 9.493909966295772662e-01
4.856720240197809901e-01 9.621233571029083054e-01
4.960923701872129721e-01 9.742551004013109139e-01
4.986974567290710092e-01 9.760659973654775001e-01
5.013025432709290463e-01 9.760659973654775001e-01
5.039076298127870279e-01 9.742551004013109139e-01
5.143279759802189544e-01 9.621233571029083054e-01
5.238247005555376479e-01 9.493909966295772662e-01
5.321136122796312762e-01 9.363655639202872472e-01
5.381763591406826253e-01 9.285503042947131913e-01
5.447721653126104124e-01 9.181299581272812649e-01
5.480368975261573627e-01 9.103146985017072090e-01
5.577975980219004315e-01 8.946841792505593194e-01
5.610623302354473818e-01 8.868689196249852635e-01
5.691470815722481369e-01 8.712384003738372629e-01
5.738392562438112687e-01 8.582129676645472438e-01
5.824232299309171079e-01 8.373722753296832799e-01
5.902326346554847003e-01 8.139264964529612234e-01
5.954371387080678035e-01 7.956908906599552411e-01
6.012234005544673243e-01 7.670349386995172214e-01
6.019338787022467940e-01 7.592196790739431655e-01
6.038026791294188733e-01 7.514044194483692207e-01
6.045641659647310595e-01 7.383789867390792017e-01
6.066919025501247287e-01 7.279586405716472752e-01
6.066919025501247287e-01 6.758569097344871990e-01
6.045641659647310595e-01 6.654365635670551615e-01
6.038026791294188733e-01 6.524111308577652535e-01
6.019338787022467940e-01 6.445958712321911976e-01
6.012234005544673243e-01 6.367806116066172528e-01
5.954428077392007745e-01 6.107297461880372147e-01
5.876334030146330711e-01 5.846788807694571766e-01
5.842596024112431952e-01 5.768636211438832317e-01
5.820356497803962359e-01 5.690483615183091759e-01
5.820602260685270313e-01 5.656143838040418315e-01
5.846653126103850129e-01 5.642595994928348846e-01
5.898754856941009761e-01 5.662220883832745910e-01
6.107161780289650510e-01 5.824763985113409204e-01
6.341619569056869965e-01 5.978166016917583203e-01
6.393721299894030707e-01 6.001521965223896027e-01
6.497924761568349972e-01 6.061598062374897733e-01
6.758433415754150353e-01 6.189080096760012362e-01
6.888687742847050544e-01 6.233494686981854160e-01
6.966840339102789992e-01 6.267232693015752920e-01
7.123145531614269998e-01 6.319275874842849028e-01
7.461806782055810938e-01 6.403132668414095452e-01
7.592061109148711129e-01 6.429183533832674158e-01
7.670213705404450577e-01 6.436288315310469965e-01
7.748366301660190025e-01 6.454976319582189648e-01
7.878620628753090216e-01 6.462591187935313730e-01
7.982824090427410590e-01 6.483868553789248201e-01
8.608044860473330617e-01 6.483868553789248201e-01
8.712248322147650992e-01 6.462591187935313730e-01
8.868553514659129888e-01 6.454976319582189648e-01
9.076960438007770637e-01 6.410237449891889039e-01
9.155113034263511196e-01 6.403132668414095452e-01
9.311418226774990092e-01 6.371320915368678950e-01
9.415621688449310467e-01 6.337763585785067821e-01
9.702181208053690664e-01 6.266378566280716989e-01
9.979436847151434975e-01 6.159399192717531779e-01
9.998630408048456708e-01 6.133348327298951963e-01
1.000000000000000000e+00 6.107297461880372147e-01
9.990797374927957719e-01 6.081246596461792331e-01
9.914077086592318899e-01 5.950992269368892140e-01
9.738502126185364371e-01 5.716534480601671575e-01
9.691410177159469619e-01 5.664432749764511943e-01
9.634298664511045107e-01 5.586280153508772495e-01
9.400042249326433508e-01 5.325771499322972113e-01
9.259316495937830460e-01 5.185247119516978032e-01
9.181163899682089902e-01 5.128135606868552410e-01
9.076960438007770637e-01 5.028740553422887949e-01
8.963964809254680866e-01 4.935008518044272097e-01
8.850643544683856057e-01 4.856855921788532093e-01
8.712248322147650992e-01 4.748698310898891717e-01
8.634095725891910433e-01 4.704970072517704049e-01
8.503841398799010243e-01 4.618443983805991526e-01
8.321485340868950420e-01 4.517071789216880462e-01
8.243332744613209861e-01 4.484416854321205403e-01
8.165180148357470413e-01 4.438919192961140459e-01
7.982824090427410590e-01 4.358259440211611491e-01
7.696264570823030393e-01 4.254114527547354641e-01
7.253399858707170189e-01 4.144206868557528400e-01
7.175247262451429631e-01 4.137102087079734813e-01
7.097094666195690182e-01 4.118414082808013466e-01
6.966840339102789992e-01 4.110799214454891604e-01
6.862636877428469617e-01 4.089521848600954912e-01
6.367670434475449781e-01 4.083742217855882428e-01
6.336256155588340100e-01 4.075329959231132060e-01
6.339646018646372116e-01 4.049279093812551689e-01
6.389379488990932776e-01 3.997177362975392056e-01
6.550026492405509604e-01 3.896999944138488381e-01
6.784484281172730169e-01 3.713373223367207876e-01
6.914738608265630360e-01 3.592857298672736954e-01
7.107364718908784074e-01 3.398007458348051846e-01
7.164476231557209696e-01 3.319854862092311842e-01
7.211568180583104448e-01 3.267753131255151655e-01
7.387680228637486524e-01 3.033295342487931645e-01
7.491811796689711311e-01 2.876990149976451638e-01
7.569964392945450760e-01 2.746735822883551448e-01
7.754661927469681526e-01 2.382023707023431802e-01
7.830148936539831350e-01 2.199667649093371424e-01
7.960344714622666906e-01 1.808904667814671408e-01
8.018150642775333514e-01 1.574446879047451398e-01
8.069994293943428820e-01 1.313938224861651571e-01
8.077609162296550682e-01 1.183683897768751381e-01
8.096045159362008636e-01 1.105531301513011377e-01
8.103660027715131609e-01 9.231752435829515546e-02
8.124937393569067190e-01 8.189717819086311801e-02
8.123458059210526550e-01 2.979544735370315278e-02
8.113078417520309671e-01 2.655769693739390425e-02
