7.425847457627118287e-01 7.838983050847458944e-02
7.404661016949152241e-01 8.050847457627119397e-02
7.383474576271186196e-01 7.838983050847458944e-02
7.319915254237288060e-01 8.262711864406779849e-02
7.086864406779660452e-01 8.686440677966100754e-02
7.065677966101695517e-01 8.474576271186440302e-02
6.938559322033898136e-01 8.686440677966100754e-02
6.493644067796610075e-01 8.050847457627119397e-02
6.302966101694915668e-01 8.474576271186440302e-02
6.260593220338983578e-01 8.898305084745761206e-02
6.218220338983050377e-01 8.898305084745761206e-02
6.175847457627118287e-01 9.322033898305082111e-02
6.133474576271186196e-01 9.322033898305082111e-02
5.699152542372881713e-01 1.260593220338983023e-01
5.688559322033898136e-01 1.292372881355932090e-01
5.519067796610169774e-01 1.398305084745762872e-01
5.476694915254237683e-01 1.398305084745762872e-01
5.434322033898305593e-01 1.440677966101694962e-01
5.328389830508474256e-01 1.440677966101694962e-01
5.264830508474576121e-01 1.483050847457627053e-01
5.137711864406779849e-01 1.504237288135593098e-01
5.010593220338983578e-01 1.588983050847457834e-01
4.968220338983050932e-01 1.588983050847457834e-01
4.798728813559322015e-01 1.461864406779661008e-01
4.502118644067796827e-01 1.398305084745762872e-01
4.173728813559322015e-01 1.197033898305084887e-01
4.163135593220338992e-01 1.165254237288135819e-01
4.067796610169491789e-01 1.112288135593220151e-01
4.057203389830508211e-01 1.080508474576271083e-01
3.972457627118644030e-01 1.038135593220338992e-01
3.930084745762711940e-01 9.745762711864408567e-02
3.887711864406779849e-01 9.745762711864408567e-02
3.612288135593220151e-01 8.050847457627119397e-02
3.591101694915254106e-01 8.262711864406779849e-02
3.506355932203389925e-01 7.838983050847458944e-02
3.485169491525423879e-01 8.050847457627119397e-02
3.463983050847457834e-01 7.838983050847458944e-02
3.019067796610169774e-01 8.262711864406779849e-02
2.997881355932203729e-01 8.474576271186440302e-02
2.976694915254237683e-01 8.262711864406779849e-02
2.955508474576271083e-01 8.474576271186440302e-02
2.934322033898305038e-01 8.262711864406779849e-02
2.764830508474576121e-01 8.262711864406779849e-02
2.743644067796610075e-01 8.050847457627119397e-02
2.722457627118644030e-01 8.262711864406779849e-02
2.658898305084745894e-01 7.838983050847458944e-02
2.574152542372881713e-01 7.838983050847458944e-02
2.415254237288135819e-01 9.427966101694917889e-02
2.266949152542372947e-01 1.154661016949152796e-01
2.266949152542372947e-01 1.218220338983050932e-01
2.224576271186440857e-01 1.260593220338983023e-01
2.182203389830508211e-01 1.493644067796610075e-01
2.203389830508474811e-01 1.514830508474576121e-01
2.182203389830508211e-01 1.620762711864406902e-01
2.203389830508474811e-01 1.663135593220338992e-01
2.182203389830508211e-01 1.684322033898305038e-01
2.203389830508474811e-01 1.769067796610169219e-01
2.182203389830508211e-01 1.811440677966101864e-01
2.203389830508474811e-01 1.853813559322033955e-01
2.182203389830508211e-01 1.875000000000000000e-01
2.203389830508474811e-01 1.959745762711864181e-01
2.182203389830508211e-01 2.023305084745762872e-01
2.203389830508474811e-01 2.044491525423728917e-01
2.139830508474576121e-01 2.362288135593220151e-01
2.097457627118644030e-01 2.404661016949152796e-01
1.991525423728813804e-01 2.658898305084745894e-01
2.012711864406779849e-01 2.743644067796610075e-01
1.991525423728813804e-01 2.786016949152542166e-01
2.097457627118644030e-01 3.082627118644067910e-01
2.076271186440677985e-01 3.103813559322033955e-01
2.182203389830508211e-01 3.273305084745762317e-01
2.182203389830508211e-01 3.336864406779661008e-01
2.065677966101694962e-01 3.432203389830508211e-01
2.023305084745762872e-01 3.432203389830508211e-01
2.002118644067796827e-01 3.474576271186440302e-01
1.896186440677966045e-01 3.474576271186440302e-01
1.769067796610169219e-01 3.538135593220338992e-01
1.451271186440677985e-01 3.580508474576271083e-01
1.408898305084745894e-01 3.622881355932203729e-01
1.302966101694915113e-01 3.622881355932203729e-01
1.281779661016949068e-01 3.665254237288135819e-01
1.175847457627118842e-01 3.686440677966101864e-01
9.533898305084748115e-02 3.887711864406779849e-01
7.309322033898307813e-02 4.279661016949152241e-01
5.614406779661018643e-02 4.449152542372881158e-01
4.025423728813559698e-02 4.544491525423728917e-01
3.072033898305082111e-02 4.661016949152542166e-01
2.860169491525421659e-02 4.639830508474576121e-01
0.000000000000000000e+00 4.904661016949152796e-01
3.177966101694906786e-03 5.000000000000000000e-01
2.224576271186440302e-02 5.211864406779660452e-01
5.720338983050848869e-02 5.455508474576271638e-01
5.826271186440679095e-02 5.487288135593220151e-01
6.779661016949151131e-02 5.540254237288135819e-01
8.898305084745761206e-02 5.773305084745762317e-01
8.898305084745761206e-02 5.815677966101695517e-01
9.957627118644069020e-02 5.963983050847457834e-01
9.957627118644069020e-02 6.006355932203389925e-01
1.218220338983050932e-01 6.228813559322033955e-01
1.260593220338983023e-01 6.228813559322033955e-01
1.281779661016949068e-01 6.271186440677966045e-01
1.345338983050847204e-01 6.271186440677966045e-01
1.408898305084745894e-01 6.313559322033898136e-01
1.472457627118644030e-01 6.313559322033898136e-01
1.536016949152542166e-01 6.355932203389830226e-01
1.875000000000000000e-01 6.419491525423728362e-01
1.896186440677966045e-01 6.398305084745762317e-01
1.980932203389830781e-01 6.461864406779660452e-01
2.086864406779661008e-01 6.461864406779660452e-01
2.129237288135593098e-01 6.504237288135592543e-01
2.171610169491525189e-01 6.504237288135592543e-01
2.203389830508474811e-01 6.599576271186440302e-01
2.118644067796610075e-01 6.705508474576271638e-01
2.139830508474576121e-01 6.726694915254237683e-01
2.076271186440677985e-01 6.790254237288135819e-01
2.076271186440677985e-01 6.832627118644067910e-01
2.033898305084745894e-01 6.875000000000000000e-01
2.055084745762711940e-01 6.896186440677966045e-01
1.991525423728813804e-01 6.980932203389830226e-01
1.991525423728813804e-01 7.065677966101695517e-01
1.949152542372881158e-01 7.108050847457627608e-01
1.970338983050847204e-01 7.150423728813559698e-01
1.949152542372881158e-01 7.171610169491525744e-01
1.949152542372881158e-01 7.362288135593220151e-01
2.118644067796610075e-01 7.722457627118644030e-01
2.161016949152542166e-01 8.061440677966101864e-01
2.139830508474576121e-01 8.082627118644067910e-01
2.161016949152542166e-01 8.103813559322033955e-01
2.139830508474576121e-01 8.188559322033898136e-01
2.161016949152542166e-01 8.230932203389831336e-01
2.139830508474576121e-01 8.273305084745763427e-01
2.161016949152542166e-01 8.294491525423728362e-01
2.139830508474576121e-01 8.379237288135592543e-01
2.161016949152542166e-01 8.400423728813559698e-01
2.139830508474576121e-01 8.506355932203389925e-01
2.182203389830508211e-01 8.633474576271186196e-01
2.182203389830508211e-01 8.739406779661016422e-01
2.245762711864406902e-01 8.887711864406779849e-01
2.447033898305084887e-01 9.131355932203389925e-01
2.552966101694915668e-01 9.131355932203389925e-01
2.701271186440677985e-01 9.067796610169491789e-01
2.722457627118644030e-01 9.088983050847457834e-01
2.828389830508474256e-01 9.046610169491524633e-01
2.849576271186440302e-01 9.067796610169491789e-01
2.870762711864406902e-01 9.046610169491524633e-01
3.103813559322033955e-01 9.046610169491524633e-01
3.125000000000000000e-01 9.067796610169491789e-01
3.315677966101694962e-01 9.067796610169491789e-01
3.336864406779661008e-01 9.088983050847457834e-01
3.527542372881355970e-01 9.088983050847457834e-01
3.718220338983050932e-01 9.025423728813559698e-01
3.983050847457627053e-01 8.866525423728813804e-01
3.961864406779661008e-01 8.845338983050847759e-01
4.046610169491525744e-01 8.824152542372880603e-01
4.025423728813559143e-01 8.802966101694915668e-01
4.279661016949152241e-01 8.633474576271186196e-01
4.258474576271186196e-01 8.612288135593220151e-01
4.438559322033898136e-01 8.495762711864407457e-01
4.459745762711864181e-01 8.516949152542372392e-01
4.544491525423728917e-01 8.453389830508475367e-01
4.841101694915254106e-01 8.389830508474576121e-01
4.883474576271186196e-01 8.347457627118644030e-01
4.925847457627118842e-01 8.347457627118644030e-01
5.116525423728813804e-01 8.516949152542372392e-01
5.243644067796610075e-01 8.559322033898304483e-01
5.264830508474576121e-01 8.538135593220339548e-01
5.413135593220339548e-01 8.601694915254236573e-01
5.476694915254237683e-01 8.601694915254236573e-01
5.519067796610169774e-01 8.644067796610168664e-01
5.561440677966101864e-01 8.644067796610168664e-01
5.900423728813559698e-01 8.877118644067796271e-01
5.942796610169491789e-01 8.940677966101695517e-01
6.197033898305084332e-01 9.110169491525423879e-01
6.430084745762711940e-01 9.194915254237288060e-01
6.451271186440677985e-01 9.173728813559322015e-01
6.557203389830508211e-01 9.216101694915254106e-01
6.578389830508474256e-01 9.194915254237288060e-01
6.726694915254237683e-01 9.194915254237288060e-01
6.832627118644067910e-01 9.152542372881355970e-01
6.853813559322033955e-01 9.173728813559322015e-01
6.875000000000000000e-01 9.152542372881355970e-01
7.108050847457627608e-01 9.152542372881355970e-01
7.129237288135592543e-01 9.173728813559322015e-01
7.171610169491525744e-01 9.152542372881355970e-01
7.277542372881355970e-01 9.194915254237288060e-01
7.584745762711864181e-01 8.908898305084745894e-01
7.690677966101695517e-01 8.697033898305084332e-01
7.733050847457627608e-01 8.463983050847457834e-01
7.733050847457627608e-01 7.786016949152542166e-01
7.838983050847457834e-01 7.447033898305084332e-01
7.923728813559322015e-01 7.298728813559322015e-01
7.902542372881355970e-01 7.044491525423728362e-01
7.860169491525423879e-01 6.980932203389830226e-01
7.860169491525423879e-01 6.917372881355932090e-01
7.817796610169491789e-01 6.875000000000000000e-01
7.838983050847457834e-01 6.853813559322033955e-01
7.754237288135592543e-01 6.747881355932203729e-01
7.775423728813559698e-01 6.663135593220339548e-01
7.870762711864407457e-01 6.588983050847457834e-01
7.913135593220339548e-01 6.588983050847457834e-01
7.997881355932203729e-01 6.525423728813559698e-01
8.167372881355932090e-01 6.504237288135592543e-01
8.188559322033898136e-01 6.461864406779660452e-01
8.506355932203389925e-01 6.419491525423728362e-01
8.569915254237288060e-01 6.377118644067796271e-01
8.739406779661016422e-01 6.334745762711864181e-01
8.877118644067796271e-01 6.260593220338983578e-01
8.887711864406779849e-01 6.228813559322033955e-01
8.930084745762711940e-01 6.228813559322033955e-01
9.110169491525423879e-01 6.006355932203389925e-01
9.110169491525423879e-01 5.963983050847457834e-01
9.173728813559322015e-01 5.879237288135593653e-01
9.152542372881355970e-01 5.858050847457627608e-01
9.279661016949152241e-01 5.688559322033898136e-01
9.565677966101695517e-01 5.423728813559322015e-01
9.608050847457627608e-01 5.423728813559322015e-01
1.000000000000000000e+00 5.074152542372881713e-01
1.000000000000000000e+00 4.989406779661016977e-01
9.841101694915254106e-01 4.809322033898305038e-01
9.692796610169491789e-01 4.703389830508474811e-01
9.650423728813559698e-01 4.639830508474576121e-01
9.343220338983051487e-01 4.417372881355932090e-01
9.173728813559322015e-01 4.247881355932203729e-01
9.067796610169491789e-01 4.078389830508474256e-01
9.067796610169491789e-01 4.036016949152542166e-01
9.025423728813559698e-01 3.993644067796610075e-01
9.025423728813559698e-01 3.951271186440677985e-01
8.866525423728813804e-01 3.771186440677966045e-01
8.697033898305084332e-01 3.665254237288135819e-01
8.442796610169491789e-01 3.580508474576271083e-01
8.103813559322033955e-01 3.538135593220338992e-01
8.082627118644067910e-01 3.495762711864406902e-01
7.913135593220339548e-01 3.474576271186440302e-01
7.870762711864407457e-01 3.432203389830508211e-01
7.828389830508475367e-01 3.432203389830508211e-01
7.775423728813559698e-01 3.379237288135593098e-01
7.796610169491524633e-01 3.315677966101694962e-01
7.775423728813559698e-01 3.294491525423728917e-01
7.881355932203389925e-01 3.125000000000000000e-01
7.881355932203389925e-01 3.082627118644067910e-01
7.923728813559322015e-01 3.040254237288135819e-01
7.923728813559322015e-01 2.976694915254237683e-01
7.987288135593220151e-01 2.828389830508474256e-01
7.966101694915254106e-01 2.807203389830508211e-01
7.987288135593220151e-01 2.658898305084745894e-01
8.008474576271186196e-01 2.637711864406779849e-01
7.923728813559322015e-01 2.425847457627118842e-01
7.860169491525423879e-01 2.341101694915254106e-01
7.796610169491524633e-01 2.044491525423728917e-01
7.796610169491524633e-01 1.684322033898305038e-01
7.775423728813559698e-01 1.663135593220338992e-01
7.796610169491524633e-01 1.578389830508474811e-01
7.775423728813559698e-01 1.557203389830508211e-01
7.796610169491524633e-01 1.472457627118644030e-01
7.754237288135592543e-01 1.218220338983050932e-01
7.584745762711864181e-01 9.216101694915251885e-02
