5.324237055373607364e-01 7.827859557071326080e-03
5.045187792885977851e-01 1.684430434274503119e-02
4.882409056434859895e-01 1.888134550326564520e-02
4.742884425191045139e-01 2.826102630132198978e-02
4.510343373118020360e-01 3.707557014298296094e-02
4.417326952288810338e-01 4.415521653453302608e-02
4.297816100116854665e-01 6.532726813606531957e-02
4.228856180245754715e-01 8.625596282263753301e-02
4.210853002020745750e-01 9.555760490555853526e-02
4.182347969831149426e-01 1.025338364677492731e-01
4.094582475984233638e-01 1.374149942787030176e-01
4.025536804733634288e-01 1.513674574030844933e-01
3.952244848142760780e-01 1.593051567767310162e-01
3.882482532520853402e-01 1.644031721491011622e-01
3.788864712419041103e-01 1.746215626103869711e-01
3.734908403320664760e-01 1.932248467762289756e-01
3.732372077264759502e-01 2.281060045871826647e-01
3.753890801486441942e-01 2.397330571908339314e-01
3.753890801486441942e-01 2.815904465639783583e-01
3.720706128190740536e-01 2.932174991676296250e-01
3.672594186382528436e-01 3.001937307298203628e-01
3.642965248885637886e-01 3.118207833334716295e-01
3.739717575141594530e-01 3.467019411444253185e-01
3.909358178703064013e-01 3.862339199968395365e-01
3.937295780509495469e-01 3.978609726004908032e-01
3.928990742935458691e-01 4.005625524701627582e-01
3.905736637728156047e-01 4.023386247733862220e-01
3.859228427313551313e-01 4.009689732003129392e-01
3.699598684275922089e-01 3.839085094761093275e-01
3.301129902338291178e-01 3.473174909881480144e-01
2.975572429436056932e-01 3.231363970280964892e-01
2.719777272155729508e-01 3.092515797742776407e-01
2.370965694046192618e-01 3.005500436321902891e-01
2.161678747180469928e-01 2.935796532651203661e-01
1.789613063863630393e-01 2.769199186536981383e-01
1.719850748241723015e-01 2.748955146615533751e-01
1.626834327412512993e-01 2.699436870915074005e-01
1.091989907644556057e-01 2.510463639305770545e-01
9.524652764007413008e-02 2.487106666602105220e-01
9.059570659861360120e-02 2.512279841967163807e-01
8.570109251868940348e-02 2.606617518774061448e-01
8.446020037853302354e-02 2.746142150017876205e-01
7.928575542960736300e-02 2.908920886468994160e-01
7.431783295350186114e-02 2.958958737852564469e-01
5.803995930839012107e-02 3.028697983925655590e-01
3.943667514254817208e-02 3.063419752126601558e-01
2.083339097670616757e-02 3.114967507199272179e-01
1.153174889378516532e-02 3.161601654659057514e-01
6.053618340141841969e-03 3.211224254163925762e-01
1.916360946956130462e-03 3.304240674993135785e-01
-1.110223024625156540e-16 3.722814568724580608e-01
3.323396831804492635e-03 3.862339199968395365e-01
4.241771467686394903e-03 4.094880252041420143e-01
8.319529276166248710e-03 4.211150778077932810e-01
1.850798045597590313e-02 4.347240143779760313e-01
3.246044358035743427e-02 4.470060324448523192e-01
4.873831722546917433e-02 4.583828411531806757e-01
6.501619087058085888e-02 4.675212965328925385e-01
9.059570659861360120e-02 4.852651045767844007e-01
9.853340597226017961e-02 4.932028039504309236e-01
1.025849132997556645e-01 5.001790355126216614e-01
1.065495476301809852e-01 5.118060881162729281e-01
1.106076529068210079e-01 5.187823196784636659e-01
1.208260433681068169e-01 5.283954006704110196e-01
1.440801485754092948e-01 5.399548074034995482e-01
2.045408221143957817e-01 5.556325751077776376e-01
2.161678747180469928e-01 5.602521406314864283e-01
2.228534299651464545e-01 5.652905300930686217e-01
2.324457483631587329e-01 5.754812997280335241e-01
2.394219799253494707e-01 5.794526613791552982e-01
2.556998535704612108e-01 5.826269861394083316e-01
2.836047798192241620e-01 5.826269861394083316e-01
2.929064219021452198e-01 5.807276783960702016e-01
3.138351165887174332e-01 5.800479430130874858e-01
3.208113481509081710e-01 5.784022678753399926e-01
3.328145701035010173e-01 5.792429932174500973e-01
3.344857730608544744e-01 5.815684037381804172e-01
3.324384007545594377e-01 5.859576160960586755e-01
3.068588850265266954e-01 6.002308085104816060e-01
2.998826534643359576e-01 6.024773915559328286e-01
2.277949273216982595e-01 6.481497332704095893e-01
2.112757374904729590e-01 6.652831824844692710e-01
1.909413230869108635e-01 6.978389297746927511e-01
1.729465426356280866e-01 7.210930349819952845e-01
1.533817906583302970e-01 7.417310533534762218e-01
1.167907721703690394e-01 7.862045295624422447e-01
1.019113202932385165e-01 8.071332242490143472e-01
9.778160632250959550e-02 8.187602768526656138e-01
9.921727579339656433e-02 8.234110978941261427e-01
1.045481697229950768e-01 8.283733578446129675e-01
1.231514538888370813e-01 8.372615693290019756e-01
1.309997143963016475e-01 8.443397925806983562e-01
1.351291636345031688e-01 8.536414346636194139e-01
1.358717965134286221e-01 8.792209503916521562e-01
1.337199240912603226e-01 8.908480029953034229e-01
1.337199240912603226e-01 9.117766976818755253e-01
1.367924781041922611e-01 9.210783397647965831e-01
1.464055590961395592e-01 9.304401217749778130e-01
1.743104853449025660e-01 9.393194698331477355e-01
1.859375379485537771e-01 9.461967827171673395e-01
2.091916431558562550e-01 9.486326088715446581e-01
2.254695168009679951e-01 9.539109216408212522e-01
2.301203378424284685e-01 9.543317102112391925e-01
2.463982114875402085e-01 9.493072986271039460e-01
2.626760851326519486e-01 9.399930628396648835e-01
2.812793692984939531e-01 9.266459091846218632e-01
2.975572429436056932e-01 9.108772464427251636e-01
3.045334745057964310e-01 9.070574822133348203e-01
3.115097060679871688e-01 8.999127977103722476e-01
3.277875797130989088e-01 8.907076764983626882e-01
3.347638112752896467e-01 8.881719353325582267e-01
3.603433270033223890e-01 8.864068501155480950e-01
3.649941480447828623e-01 8.841832103421389810e-01
3.792372874842556696e-01 8.722447188294613074e-01
3.891038288210332818e-01 8.606176662258101517e-01
4.134332796953513189e-01 8.210856873733959338e-01
4.268187642930437731e-01 8.024824032075539293e-01
4.347564636666902960e-01 7.951532075484666340e-01
4.487089267910717716e-01 7.888047613265314340e-01
4.537191294584633217e-01 7.838791190417119248e-01
4.629854225289976588e-01 7.676012453966001292e-01
4.699564277587118810e-01 7.466725507100280268e-01
4.835900846020255162e-01 6.949793033235245332e-01
4.859154951227557806e-01 6.934155945450428682e-01
4.882409056434859895e-01 6.938065689781073297e-01
4.912601886583051747e-01 6.978389297746927511e-01
5.013884189722300766e-01 7.536487822722186536e-01
5.048694364306126614e-01 7.652758348758699203e-01
5.065304439454199059e-01 7.769028874795211870e-01
5.181472097994348491e-01 8.141094558112051960e-01
5.321122666283344405e-01 8.396889715392379383e-01
5.612280830252741604e-01 8.745701293501916274e-01
5.718554511776744453e-01 8.931734135160336319e-01
5.816102905695925696e-01 9.071258766404151075e-01
5.878867862905672315e-01 9.210783397647965831e-01
6.007003422154681971e-01 9.420070344513687965e-01
6.070736895685807655e-01 9.489832660135595344e-01
6.268487885089361056e-01 9.792136027830526945e-01
6.370671789702219145e-01 9.906028293107203009e-01
6.417180000116824434e-01 9.921721404429285629e-01
6.463688210531428613e-01 9.908610537246052008e-01
6.696229262604453947e-01 9.695589966032351903e-01
6.789245683433663414e-01 9.664932601584612648e-01
6.952024419884781370e-01 9.673052505196357842e-01
7.231073682372410882e-01 9.795376353965972172e-01
7.370598313616225639e-01 9.841781696884213115e-01
7.463614734445435106e-01 9.855903144453677101e-01
7.510122944860040395e-01 9.848999581970259154e-01
7.579885260481947773e-01 9.816925781494916237e-01
7.789172207347669907e-01 9.539699796857921132e-01
7.880176253687787291e-01 9.466578554928293254e-01
7.927293573622078426e-01 9.327053923684478498e-01
8.048497005596962905e-01 9.141021082026058453e-01
8.093913505427239308e-01 9.048004661196848986e-01
8.099525072998976505e-01 8.861971819538427830e-01
8.070659400219937218e-01 8.722447188294613074e-01
7.978445375141534068e-01 8.466652031014285651e-01
7.904039468414776337e-01 8.303873294563168805e-01
7.804019059133870950e-01 7.978315821660935114e-01
7.801493412345569256e-01 7.815537085209817159e-01
7.838817876401356077e-01 7.676012453966001292e-01
7.846266241774555450e-01 7.582996033136792935e-01
7.813428644675977086e-01 7.466725507100280268e-01
7.722524280816025488e-01 7.303946770649162312e-01
7.300835997994318260e-01 6.785089548211226118e-01
7.230873215948210309e-01 6.676085930051995909e-01
7.209916258782160803e-01 6.490053088393575864e-01
7.123970640119545727e-01 6.350528457149761108e-01
6.859007999055570792e-01 6.132685754594559002e-01
6.440434105324126524e-01 5.888617367350161835e-01
6.397279852391344335e-01 5.838938142589106262e-01
6.395695229001381321e-01 5.815684037381804172e-01
6.413418306627406418e-01 5.792429932174500973e-01
6.440434105324126524e-01 5.784124894600464195e-01
6.859007999055570792e-01 5.846987640545480147e-01
6.998532630299385549e-01 5.853784994375307305e-01
7.068294945921292927e-01 5.870241745752782236e-01
7.254327787579712972e-01 5.877039099582609394e-01
7.347344208408923549e-01 5.896032177015990694e-01
7.649647576103855151e-01 5.896032177015990694e-01
7.835680417762275196e-01 5.870241745752782236e-01
7.998459154213393152e-01 5.818924363517247178e-01
8.300762521908324754e-01 5.695850382321592242e-01
8.882115152090885868e-01 5.551256674380583567e-01
8.951877467712794356e-01 5.544684272850547435e-01
9.323943151029634446e-01 5.446806416875642487e-01
9.696008834346473426e-01 5.302398110983116419e-01
9.716704987980973041e-01 5.280839617613846126e-01
9.728599815129435058e-01 5.234331407199241948e-01
9.721359621170828635e-01 5.187823196784636659e-01
9.599485842097114086e-01 4.932028039504309236e-01
9.600179416919605302e-01 4.792503408260494480e-01
9.645970982962902562e-01 4.699486987431284457e-01
9.920305249118727131e-01 4.373929514529050211e-01
9.976060428955108028e-01 4.280913093699840188e-01
1.000000000000000000e+00 4.211150778077932810e-01
9.999624933786979142e-01 4.164642567663327521e-01
9.955333632595766424e-01 4.071626146834117499e-01
9.808749719414020518e-01 3.885593305175698009e-01
9.757112706540130853e-01 3.746068673931882698e-01
9.672754729139170227e-01 3.685921036424533170e-01
9.593377735402706108e-01 3.606544042688067941e-01
9.466374545424360853e-01 3.443765306236951096e-01
9.393705466651540714e-01 3.393789378379151733e-01
9.277434940615028047e-01 3.347611426768659637e-01
9.044893888542003824e-01 3.316908956188158175e-01
8.882115152090885868e-01 3.338427680409841725e-01
8.603065889603256355e-01 3.340163061395461375e-01
8.510049468774046888e-01 3.359156138828843230e-01
8.393778942737535331e-01 3.361681785617144369e-01
8.207746101079114176e-01 3.330307776798095976e-01
8.114729680249904709e-01 3.284516210754799270e-01
8.044967364627997330e-01 3.231363970280964892e-01
7.951950943798786753e-01 3.185532218571986429e-01
7.812426312554971997e-01 3.179920651000248677e-01
7.463614734445435106e-01 3.277746243650389579e-01
7.068294945921292927e-01 3.446578302834608643e-01
6.952024419884781370e-01 3.475426664865355342e-01
6.789245683433663414e-01 3.477952311653656481e-01
6.649721052189848658e-01 3.459091875578128028e-01
6.556704631360639191e-01 3.487033190516112269e-01
6.277655368873008568e-01 3.667138874526327252e-01
6.161384842836497011e-01 3.778937457253743748e-01
5.859081475141564299e-01 4.021763978937690220e-01
5.835827369934262210e-01 4.022843078301407416e-01
5.812573264726959010e-01 4.004407248969258926e-01
5.810829206836412020e-01 3.955355620797605387e-01
6.024298141977318943e-01 3.513527621858858474e-01
6.044523110735391391e-01 3.443765306236951096e-01
6.094060457599226321e-01 3.350748885407740518e-01
6.114285426357298769e-01 3.280986569785833140e-01
6.164625168971940017e-01 3.187970148956623673e-01
6.231344227146601300e-01 3.001937307298203628e-01
6.308958972036685653e-01 2.699633939603271471e-01
6.311495298092590911e-01 2.327568256286431936e-01
6.292502220659208501e-01 2.234551835457221913e-01
6.289976573870907917e-01 2.095027204213407157e-01
6.308958972036685653e-01 2.002010783384197135e-01
6.315756325866511700e-01 1.746215626103869711e-01
6.332213077243988852e-01 1.676453310481962333e-01
6.339010431073813789e-01 1.490420468823542288e-01
6.355467182451290942e-01 1.420658153201634910e-01
6.362264536281116989e-01 1.141608890714005398e-01
6.378721287658593031e-01 1.071846575092098020e-01
6.381257613714499399e-01 9.788301542628879970e-02
6.362264536281116989e-01 8.858137334336779745e-02
6.352262289746437585e-01 7.230349969825605738e-02
6.300909474080311767e-01 6.748113197903682359e-02
6.161384842836497011e-01 6.684772886115813995e-02
6.091622527214588523e-01 6.849340399890579967e-02
5.928843790763471677e-01 6.874596867773591358e-02
5.835827369934262210e-01 6.568023223296187707e-02
5.779971921152016190e-01 6.067644709460484620e-02
5.559892496536895656e-01 2.579528928365110163e-02
5.487015791824724209e-01 1.668743141079093162e-02
5.417253476202816831e-01 1.041020717774826521e-02
