5.252476217543500248e-01 7.955435439464531022e-04
5.202801819629331304e-01 6.378470426317006670e-04
5.128290222758077332e-01 5.551115123125782702e-17
4.855081034230144255e-01 5.551115123125782702e-17
4.780569437358890283e-01 6.378470426317006670e-04
4.730895039444720229e-01 7.955435439464531022e-04
4.631546243616381231e-01 2.127899779487074650e-03
4.507360248830957206e-01 2.754619310280648214e-03
4.432848651959703234e-01 4.536355435931727076e-03
4.358337055088448708e-01 5.138469350042862427e-03
4.234151060303024683e-01 7.095339570904024562e-03
4.159639463431770712e-01 7.697453485015159913e-03
4.085127866560516186e-01 9.503795227348676988e-03
4.035453468646346686e-01 1.018117338072366262e-02
3.861593075946753162e-01 1.447123501876562690e-02
3.787081479075499191e-01 1.569786291819735835e-02
3.687732683247159637e-01 1.889725786321966305e-02
3.613221086375905111e-01 2.065989778920640507e-02
3.389686295762142088e-01 2.810547534541868453e-02
3.315174698890888116e-01 3.132209619395909250e-02
3.190988704105464091e-01 3.555663503254413715e-02
3.066802709320040066e-01 4.076311004851973507e-02
3.017128311405871122e-01 4.350376648516363076e-02
2.917779515577531568e-01 4.772109431957205494e-02
2.768756321835023071e-01 5.516208057774613094e-02
2.719081923920853017e-01 5.787921301207976654e-02
2.669407526006684073e-01 6.116127144569449836e-02
2.495547133307090548e-01 7.029781249062216908e-02
2.371361138521666523e-01 7.854731071565385081e-02
2.296849541650411997e-01 8.276076411015936829e-02
2.222337944779158025e-01 8.848985112284146748e-02
2.122989148950819027e-01 9.512815702591692624e-02
1.998803154165395002e-01 1.044677254239576580e-01
1.924291557294140476e-01 1.114412466696007575e-01
1.849779960422885949e-01 1.168863249025000606e-01
1.651082368766207953e-01 1.362985813649049138e-01
1.603477737431796002e-01 1.402189627689153228e-01
1.502059175023699455e-01 1.503608190097248665e-01
1.462855360983594810e-01 1.551212821431661726e-01
1.268732796359546833e-01 1.749910413088339722e-01
1.214282014030553802e-01 1.824422009959594249e-01
1.144546801574123362e-01 1.898933606830848775e-01
1.125662714464968905e-01 1.923770805787933247e-01
8.276848711978523898e-02 2.370840387015459294e-01
7.859938586627462920e-02 2.445351983886713820e-01
7.531732743265984187e-02 2.495026381800883319e-01
7.260019499832620626e-02 2.544700779715052819e-01
5.522432915731823044e-02 2.892421565114239312e-01
5.299474945312415697e-02 2.942095963028409367e-01
5.124393051024772605e-02 2.991770360942578866e-01
4.554358976599875986e-02 3.115956355728002336e-01
4.130905092741382623e-02 3.240142350513426361e-01
3.809243007887330723e-02 3.314653947384680888e-01
2.816313262695258057e-02 3.612700334869698438e-01
1.770901383515233185e-02 4.034932717140139458e-01
1.698300340409902853e-02 4.134281512968478456e-01
1.520068832276133541e-02 4.208793109839732982e-01
1.264170418778903793e-02 4.382653502539326507e-01
1.211485451294175286e-02 4.506839497324749977e-01
1.015798429208053522e-02 4.631025492110174002e-01
9.912813841045531316e-03 4.680699890024343501e-01
9.801602502431727704e-03 4.904234680638106525e-01
9.166109138924238842e-03 4.978746277509361051e-01
9.166109138924238842e-03 5.053257874380615577e-01
9.801602502431727704e-03 5.127769471251869549e-01
9.912813841045531316e-03 5.326467062908547545e-01
1.015798429208053522e-02 5.376141460822717599e-01
1.211485451294175286e-02 5.500327455608141625e-01
1.247067462916318092e-02 5.624513450393565650e-01
1.274157404373532643e-02 5.649350649350649567e-01
1.452331016938634978e-02 5.723862246221904648e-01
1.520068832276133541e-02 5.798373843093158619e-01
1.698300340409902853e-02 5.872885439964412591e-01
1.770901383515233185e-02 5.972234235792752699e-01
2.567941273124407786e-02 6.295117822234854721e-01
2.888421259667439678e-02 6.394466618063193719e-01
3.064685252266108328e-02 6.468978214934447690e-01
3.809243007887330723e-02 6.692513005548210714e-01
4.130905092741382623e-02 6.767024602419464685e-01
4.554358976599875986e-02 6.891210597204888710e-01
5.372765040595622876e-02 7.065070989904482790e-01
5.547846934883265968e-02 7.114745387818651734e-01
5.770804905302667764e-02 7.164419785732821788e-01
7.260019499832620626e-02 7.462466173217838783e-01
7.531732743265984187e-02 7.512140571132008837e-01
7.859938586627462920e-02 7.561814969046177781e-01
8.276848711978523898e-02 7.636326565917432863e-01
1.075988316550799406e-01 8.008884550273703828e-01
1.169384000531207835e-01 8.133070545059127854e-01
1.239119212987638829e-01 8.207582141930381825e-01
1.293569995316631860e-01 8.282093738801636906e-01
1.462855360983594810e-01 8.455954131501229876e-01
1.502059175023699455e-01 8.503558762835642382e-01
1.603477737431796002e-01 8.604977325243738928e-01
1.651082368766207953e-01 8.644181139283843018e-01
1.849779960422885949e-01 8.838303703907890441e-01
1.924291557294140476e-01 8.892754486236884581e-01
1.998803154165395002e-01 8.962489698693314466e-01
2.122989148950819027e-01 9.047756844833222400e-01
2.197500745822072998e-01 9.105559780587892948e-01
2.421035536435836022e-01 9.254514430112500412e-01
2.495547133307090548e-01 9.296205442647607065e-01
2.545221531221260047e-01 9.329026026983755493e-01
2.669407526006684073e-01 9.395554238475946063e-01
2.719081923920853017e-01 9.428374822812093381e-01
2.768756321835023071e-01 9.455546147155430292e-01
2.917779515577531568e-01 9.529956009737170497e-01
2.967453913491701067e-01 9.552251806779110677e-01
3.017128311405871122e-01 9.569759996207876096e-01
3.190988704105464091e-01 9.651600602607450785e-01
3.315174698890888116e-01 9.693945990993300121e-01
3.389686295762142088e-01 9.726112199478704756e-01
3.613221086375905111e-01 9.800567975040828106e-01
3.687732683247159637e-01 9.818194374300693861e-01
3.787081479075499191e-01 9.850188323750916908e-01
3.861593075946753162e-01 9.862454602745235333e-01
4.035453468646346686e-01 9.905355219125655530e-01
4.085127866560516186e-01 9.912129000659404277e-01
4.159639463431770712e-01 9.930192418082739447e-01
4.234151060303024683e-01 9.936213557223850801e-01
4.358337055088448708e-01 9.955782259432461867e-01
4.457685850916787706e-01 9.962043665183532015e-01
4.532197447788042233e-01 9.979620759830084564e-01
4.557034646745127260e-01 9.982329753975806019e-01
4.780569437358890283e-01 9.984183276286036079e-01
4.879918233187229282e-01 9.999211517493425960e-01
5.078615824843907278e-01 1.000000000000000000e+00
5.128290222758077332e-01 9.996861966798433752e-01
5.202801819629331304e-01 9.985887955138019745e-01
5.252476217543500248e-01 9.983441867361944055e-01
5.426336610243094327e-01 9.982329753975806019e-01
5.451173809200179354e-01 9.979620759830084564e-01
5.525685406071433325e-01 9.962043665183532015e-01
5.550522605028518353e-01 9.959346077328951052e-01
5.649871400856857351e-01 9.957492555018720992e-01
5.674708599813942378e-01 9.954783560872999537e-01
5.749220196685196349e-01 9.937206466226446988e-01
5.848568992513535347e-01 9.929946361915915620e-01
5.923080589384789318e-01 9.912129000659404277e-01
5.972754987298959373e-01 9.905355219125655530e-01
6.295638573741061395e-01 9.825405173997912023e-01
6.394987369569400393e-01 9.793357175343608834e-01
6.469498966440654364e-01 9.775730776083741969e-01
6.618522160183163416e-01 9.726112199478704756e-01
6.693033757054418498e-01 9.693945990993300121e-01
6.817219751839841413e-01 9.651600602607450785e-01
6.991080144539435492e-01 9.569759996207876096e-01
7.040754542453604437e-01 9.552251806779110677e-01
7.090428940367774491e-01 9.529956009737170497e-01
7.239452134110282433e-01 9.453212021769179518e-01
7.289126532024452487e-01 9.420391437433031090e-01
7.462986924724046567e-01 9.329026026983755493e-01
7.587172919509470592e-01 9.246531044733437010e-01
7.661684516380724563e-01 9.204840032198331468e-01
7.736196113251978534e-01 9.155234178502063003e-01
7.810707710123232506e-01 9.097431242747391344e-01
7.910056505951572614e-01 9.031048183716638977e-01
8.034242500736996639e-01 8.937652499736230549e-01
8.108754097608250611e-01 8.867917287279799554e-01
8.183265694479504582e-01 8.813466504950806524e-01
8.689801261671589172e-01 8.306930937758720823e-01
8.744252044000582202e-01 8.232419340887466852e-01
8.813987256457013197e-01 8.157907744016212881e-01
8.868438038786006228e-01 8.083396147144958910e-01
8.913336052285352196e-01 8.033721749230788856e-01
8.932220139394505543e-01 8.008884550273703828e-01
9.130849186833283060e-01 7.710838162788686834e-01
9.172540199368390823e-01 7.636326565917432863e-01
9.205360783704538141e-01 7.586652168003262808e-01
9.247051796239644794e-01 7.512140571132008837e-01
9.279872380575793223e-01 7.462466173217838783e-01
9.307043704919129024e-01 7.412791775303668729e-01
9.431127965415039283e-01 7.164419785732821788e-01
9.453423762456979462e-01 7.114745387818651734e-01
9.470931951885744882e-01 7.065070989904482790e-01
9.527935359328234544e-01 6.940884995119058765e-01
9.545443548756998853e-01 6.891210597204888710e-01
9.577609757242403488e-01 6.816699000333634739e-01
9.701739930718695781e-01 6.444141015977362663e-01
9.719366329978562646e-01 6.369629419106108692e-01
9.751414328632864725e-01 6.270280623277769694e-01
9.781689975846438179e-01 6.146094628492345668e-01
9.788463757380188035e-01 6.096420230578175614e-01
9.831364373760607123e-01 5.922559837878582645e-01
9.837385512901719586e-01 5.848048241007328674e-01
9.856954215110330653e-01 5.723862246221904648e-01
9.862222711858803503e-01 5.674187848307734594e-01
9.881791414067415680e-01 5.550001853522310569e-01
9.888052819818484718e-01 5.450653057693971570e-01
9.905629914465037267e-01 5.376141460822717599e-01
9.908338908610758722e-01 5.351304261865632572e-01
9.908338908610758722e-01 4.680699890024343501e-01
9.905629914465037267e-01 4.655862691067259029e-01
9.888052819818484718e-01 4.581351094196004503e-01
9.885355231963903755e-01 4.556513895238919476e-01
9.883501709653674805e-01 4.457165099410580478e-01
9.880792715507953350e-01 4.432327900453496006e-01
9.863215620861399691e-01 4.357816303582241479e-01
9.855955516550868323e-01 4.258467507753902481e-01
9.838378421904314663e-01 4.183955910882647955e-01
9.831118317593783296e-01 4.084607115054308957e-01
9.788463757380188035e-01 3.910746722354715432e-01
9.781689975846438179e-01 3.861072324440545933e-01
9.751414328632864725e-01 3.736886329655122463e-01
9.719366329978562646e-01 3.637537533826782910e-01
9.701739930718695781e-01 3.563025936955528383e-01
9.577609757242403488e-01 3.190467952599256862e-01
9.545443548756998853e-01 3.115956355728002336e-01
9.527935359328234544e-01 3.066281957813833392e-01
9.470931951885744882e-01 2.942095963028409367e-01
9.453423762456979462e-01 2.892421565114239312e-01
9.431127965415039283e-01 2.842747167200070368e-01
9.331880903876212940e-01 2.644049575543391817e-01
9.304709579532877139e-01 2.594375177629222318e-01
9.271888995196729821e-01 2.544700779715052819e-01
9.205360783704538141e-01 2.420514784929628793e-01
9.172540199368390823e-01 2.370840387015459294e-01
9.130849186833283060e-01 2.296328790144204768e-01
8.981894537308675597e-01 2.072793999530441744e-01
8.924012155968116256e-01 1.998282402659187773e-01
8.813987256457013197e-01 1.849259208916678721e-01
8.744252044000582202e-01 1.774747612045424749e-01
8.689801261671589172e-01 1.700236015174170223e-01
8.208102893436589609e-01 1.218537646939170105e-01
8.133591296565334527e-01 1.164086864610177074e-01
8.034242500736996639e-01 1.069514453196661607e-01
7.885219306994486477e-01 9.594895536855585494e-02
7.810707710123232506e-01 9.016071723449997632e-02
7.587172919509470592e-01 7.526525228203911899e-02
7.512661322638215511e-01 7.109615102852839819e-02
7.462986924724046567e-01 6.781409259491366637e-02
7.413312526809876513e-01 6.509696016058003076e-02
7.239452134110282433e-01 5.619383165427754845e-02
7.189777736196113489e-01 5.291838713642521563e-02
7.140103338281944545e-01 5.045895440679498689e-02
7.090428940367774491e-01 4.870813546391844495e-02
7.040754542453604437e-01 4.647923437171780359e-02
6.916568547668180411e-01 4.026993463244660232e-02
6.866894149754011467e-01 3.804035492825258435e-02
6.817219751839841413e-01 3.628953598537604242e-02
6.742708154968587442e-01 3.307291513683563444e-02
6.693033757054418498e-01 3.132209619395909250e-02
6.618522160183163416e-01 2.810547534541868453e-02
6.469498966440654364e-01 2.314361768491490778e-02
6.394987369569400393e-01 2.138097775892816577e-02
6.295638573741061395e-01 1.817617789349795787e-02
5.972754987298959373e-01 1.018117338072366262e-02
5.898243390427705402e-01 9.503795227348676988e-03
5.823731793556450320e-01 7.697453485015159913e-03
5.749220196685196349e-01 7.020075331640174277e-03
5.674708599813942378e-01 5.238339205989095415e-03
5.649871400856857351e-01 4.967439791417005424e-03
5.575359803985603380e-01 4.782087560394054915e-03
5.550522605028518353e-01 4.512328774936014142e-03
5.476011008157263271e-01 2.754619310280648214e-03
5.351825013371840356e-01 2.127899779487074650e-03
