2.529866876640717299e-01 6.608006531166688013e-02
2.509962693793655886e-01 6.728507951616180538e-02
2.502294688926345323e-01 6.972162603709519679e-02
2.500901834437904148e-01 9.559706373827514536e-02
2.517158821438362226e-01 1.035587368770997663e-01
2.522976967193657494e-01 1.194820831547489526e-01
2.537063004285423640e-01 1.254533380088674321e-01
2.542881150040718907e-01 1.354054294323981944e-01
2.602396512621297786e-01 1.712329585571089052e-01
2.646606488735784302e-01 1.911371414041704297e-01
2.726179905850041885e-01 2.190029973900565752e-01
2.865464451365352661e-01 2.588113630841795687e-01
2.966900960360248640e-01 2.826963825006534314e-01
3.086326057442617676e-01 3.065814019171272387e-01
3.285702030543605767e-01 3.404185127571318081e-01
3.333732978228173272e-01 3.463897676112502877e-01
3.378423501979122556e-01 3.543514407500748531e-01
3.413349709616418926e-01 3.583322773194871358e-01
3.458040233367368765e-01 3.662939504583118122e-01
3.533305633055559003e-01 3.742556235971363776e-01
3.616750091914393561e-01 3.861981333053732812e-01
3.752251644373235662e-01 4.001310612983163262e-01
3.795887737537947393e-01 4.061023161524348057e-01
4.082393138711515324e-01 4.347528562697916543e-01
4.181914052946822946e-01 4.411068838709689688e-01
4.281434967182130569e-01 4.506762025474408406e-01
4.480476795652745814e-01 4.650386015625839753e-01
4.549215659671086431e-01 4.717861195477378033e-01
4.553203617593932218e-01 4.737765378324439447e-01
4.540189344193930054e-01 4.753145883251714277e-01
4.520285161346868641e-01 4.755633906107596953e-01
4.221722418640946328e-01 4.617482342326248990e-01
3.783830396005592456e-01 4.456985880949088652e-01
3.385746739064362520e-01 4.352498808822604648e-01
3.027471447817254857e-01 4.292983446242025769e-01
2.908046350734885821e-01 4.287165300486732167e-01
2.828429619346639612e-01 4.270908313486272423e-01
2.529866876640717299e-01 4.269422926706641364e-01
2.450250145252471090e-01 4.256177454282646377e-01
2.370633413864224881e-01 4.269422926706641364e-01
2.072070671158302013e-01 4.270908313486272423e-01
1.992453939770056359e-01 4.287165300486732167e-01
1.873028842687686768e-01 4.292983446242025769e-01
1.614274465675887282e-01 4.332594625975543234e-01
1.295807540122903001e-01 4.396708784937091163e-01
1.017148980264041547e-01 4.476282202051349302e-01
6.588736890169344385e-02 4.595662564719598664e-01
4.598318605463191933e-02 4.677194890867433230e-01
4.184402075802728938e-03 4.876570863968420766e-01
5.551115123125782702e-17 4.916903023947993279e-01
3.868935062975586980e-04 4.936807206795054692e-01
1.214607521462734985e-02 5.017281877099122323e-01
4.797360433933806068e-02 5.196419522722676154e-01
9.972447974169801332e-02 5.397288897264771457e-01
1.076861528805226342e-01 5.412099831070451561e-01
1.196286625887595378e-01 5.457001445805955697e-01
1.534657734287641073e-01 5.541019787614566150e-01
1.853124659840625355e-01 5.600535150195145029e-01
2.191495768240671049e-01 5.642514465797959788e-01
2.888142167887824407e-01 5.642514465797959788e-01
2.967758899276070617e-01 5.626257478797500600e-01
3.087183996358439653e-01 5.620439333042206442e-01
3.365842556217301107e-01 5.580630967348082505e-01
3.863447127393838665e-01 5.457044760079944323e-01
4.162009870099761533e-01 5.357568580258756930e-01
4.500380978499807227e-01 5.216502442843867771e-01
4.520285161346868641e-01 5.217886545648828811e-01
4.536457309910106317e-01 5.235369949500977560e-01
4.520963713034836795e-01 5.275178315195100387e-01
4.321243332876253396e-01 5.422206382829526383e-01
4.241626601488007742e-01 5.466896906580476223e-01
4.022680590170331083e-01 5.661587403351034942e-01
3.863447127393838665e-01 5.784840227903993437e-01
3.696366823302639215e-01 5.951920531995191777e-01
3.632826547290866626e-01 6.051441446230499954e-01
3.477420811984962556e-01 6.210674909006992372e-01
3.243751720360771307e-01 6.529141834559976099e-01
2.966900960360248640e-01 6.986938040042390829e-01
2.825656085671229834e-01 7.285500782748313142e-01
2.646606488735784302e-01 7.743296988230728983e-01
2.631795554930104752e-01 7.822913719618974637e-01
2.586893940194600061e-01 7.942338816701344228e-01
2.482971415538928195e-01 8.380230839336697546e-01
2.443360235805411285e-01 8.619081033501435618e-01
2.437542090050116017e-01 8.718601947736743796e-01
2.423456052958349871e-01 8.778314496277928036e-01
2.417637907203054604e-01 8.897739593360296517e-01
2.403551870111288458e-01 8.957452141901480758e-01
2.390537596711286294e-01 9.238598724616224889e-01
2.410441779558347708e-01 9.257842819766828324e-01
2.569675242334840126e-01 9.179063891993317625e-01
2.629387790876024367e-01 9.133568616914320426e-01
2.728908705111332544e-01 9.079542977758010558e-01
2.808525436499578198e-01 9.013726695223628349e-01
2.927950533581947790e-01 8.944871196139658753e-01
3.445459287605546761e-01 8.507502777733773058e-01
3.652347957390869038e-01 8.300614107948451892e-01
3.695984050555580769e-01 8.240901559407266541e-01
3.950387095867324838e-01 7.962242999548405642e-01
3.995077619618274123e-01 7.882626268160159988e-01
4.050431614332099528e-01 7.822913719618974637e-01
4.164675608873921742e-01 7.663680256842482219e-01
4.361575492855825353e-01 7.345213331289498493e-01
4.541047283109752031e-01 6.986938040042390829e-01
4.640568197345059653e-01 6.748087845877652757e-01
4.781160475875158578e-01 6.330100006089360853e-01
4.845839182307518644e-01 6.071345629077561368e-01
4.905354544888096968e-01 5.732974520677515118e-01
4.911478908841039326e-01 5.633453606442208050e-01
4.938705700762270889e-01 5.494124326512777046e-01
4.958177183982221958e-01 5.482338955090174659e-01
4.977648667202173582e-01 5.494124326512777046e-01
5.005181677321052236e-01 5.693166154983392291e-01
5.010999823076346393e-01 5.812591252065761882e-01
5.050611002809863859e-01 6.071345629077561368e-01
5.154490213191547099e-01 6.509237651712914685e-01
5.234062210165673079e-01 6.767992028724714171e-01
5.375307084854692441e-01 7.126267319971821834e-01
5.594587240802741945e-01 7.564159342607175152e-01
5.714012337885110426e-01 7.763201171077790397e-01
5.762043285569679041e-01 7.822913719618974637e-01
5.806733809320627770e-01 7.902530451007221401e-01
5.876790765557766694e-01 7.982147182395467055e-01
5.985347850714713980e-01 8.141380645171958363e-01
6.081041037479433253e-01 8.240901559407266541e-01
6.144581313491206398e-01 8.340422473642574719e-01
6.530607628900082506e-01 8.726448789051450827e-01
6.689841091676573814e-01 8.865778068980880722e-01
7.107828931464865718e-01 9.196826130351667405e-01
7.147637297158988545e-01 9.215333528437532618e-01
7.286966577088419550e-01 9.318393171922748630e-01
7.346679125629603790e-01 9.339199346883331199e-01
7.366583308476666314e-01 9.325324092735565173e-01
7.375135887043762217e-01 9.295823250301527008e-01
7.375644167832418052e-01 8.917643776207357931e-01
7.359387180831957753e-01 8.838027044819112277e-01
7.353569035076664706e-01 8.678793582042619859e-01
7.274149489649024414e-01 8.201093193713143714e-01
7.229939513534537898e-01 8.002051365242528469e-01
7.150366096420279760e-01 7.723392805383666460e-01
7.009165956145380072e-01 7.325309148442437079e-01
6.833980549127378623e-01 6.947129674348268003e-01
6.570939788879653909e-01 6.489333468865853272e-01
6.339412641744173182e-01 6.170866543312868435e-01
6.219987544661804701e-01 6.031537263383438541e-01
5.714536132170560112e-01 5.526085850892192841e-01
5.381035196169263735e-01 5.275178315195100387e-01
5.378597757229599541e-01 5.255274132348038973e-01
5.392849412333491355e-01 5.235369949500977560e-01
5.415973389464636689e-01 5.228680838872047376e-01
5.455781755158759516e-01 5.235557724810855351e-01
5.555302669394067694e-01 5.295955488517910537e-01
5.993194692029421011e-01 5.476993677341126521e-01
6.232044886194159083e-01 5.556565674315252501e-01
6.650032725982450987e-01 5.660444884696934631e-01
7.028212200076620064e-01 5.719960247277513510e-01
7.187445662853111372e-01 5.725778393032808777e-01
7.267062394241358136e-01 5.742035380033266856e-01
7.824379513959081045e-01 5.742035380033266856e-01
7.903996245347326699e-01 5.725778393032808777e-01
8.043325525276756593e-01 5.719960247277513510e-01
8.103038073817941944e-01 5.705874210185747364e-01
8.202558988053250122e-01 5.700056064430452096e-01
8.660355193535664853e-01 5.616234908582448115e-01
8.879301204853340401e-01 5.556565674315252501e-01
9.416714141724001896e-01 5.375557168346229986e-01
9.894414530053479151e-01 5.156611157028553327e-01
9.986524312377647039e-01 5.096040669571546555e-01
9.998014170282036872e-01 5.076136486724485142e-01
1.000000000000000000e+00 5.036328121030362315e-01
9.980080571914851095e-01 4.996519755336239488e-01
9.954127078594663391e-01 4.973949833715018420e-01
9.536139238806371488e-01 4.756811622255679439e-01
9.197768130406325238e-01 4.615566747566660077e-01
8.759876107770971920e-01 4.476325516325337373e-01
8.680259376382726266e-01 4.461514582519658378e-01
8.620546827841542026e-01 4.437115906771647023e-01
8.222463170900311535e-01 4.352695994783210565e-01
8.122942256665003358e-01 4.346877849027916962e-01
7.923900428194388113e-01 4.312887629089087738e-01
7.744762782570834281e-01 4.307069483333793580e-01
7.665146051182588627e-01 4.290812496333333836e-01
7.227254028547235309e-01 4.290812496333333836e-01
7.147637297158988545e-01 4.307069483333793580e-01
6.948595468688374410e-01 4.312887629089087738e-01
6.669936908829512401e-01 4.352695994783210565e-01
6.212140703347097670e-01 4.457020089618708436e-01
5.794152863558805766e-01 4.595662564719598664e-01
5.435877572311698103e-01 4.756693865933899756e-01
5.415973389464636689e-01 4.755372924689147407e-01
5.399224747800647206e-01 4.737765378324439447e-01
5.409924078991510399e-01 4.697957012630316620e-01
5.455781755158759516e-01 4.655015581117675216e-01
5.615015217935251934e-01 4.546570391168531788e-01
5.674727766476437285e-01 4.491216396454705828e-01
5.754344497864682939e-01 4.446525872703756543e-01
5.873769594947051420e-01 4.331452107321443479e-01
5.933482143488236771e-01 4.287816014156731748e-01
6.318984854667645257e-01 3.901789698747856194e-01
6.363675378418593986e-01 3.822172967359609985e-01
6.478218317444137675e-01 3.702747870277240949e-01
6.522908841195086405e-01 3.623131138888994740e-01
6.577739231679444742e-01 3.563418590347809944e-01
6.609351369812579424e-01 3.503706041806625704e-01
6.672602647603672610e-01 3.424089310418379495e-01
6.832191542216718982e-01 3.165334933406579454e-01
6.969357590451257245e-01 2.906580556394779968e-01
7.070794099446153780e-01 2.687634545077103310e-01
7.170315013681460847e-01 2.428880168065303824e-01
7.269791193502648241e-01 2.130317425359380956e-01
7.349364610616906379e-01 1.851658865500519502e-01
7.393574586731392895e-01 1.652617037029904257e-01
7.453089949311971774e-01 1.294341745782797148e-01
7.458908095067265931e-01 1.174916648700428112e-01
7.472994132159033187e-01 1.115204100159243317e-01
7.478812277914327344e-01 9.161622716886286266e-02
7.495069264914786533e-01 8.365455403003824175e-02
7.494735624191977141e-01 7.370246260650747949e-02
7.486008405559034795e-01 7.061020562848180360e-02
7.466104222711973382e-01 6.911344267232388816e-02
7.426295857017850555e-01 6.970446725877871286e-02
7.207349845700173896e-01 8.334694393149277847e-02
7.127733114311927132e-01 8.992792594522819316e-02
7.028212200076620064e-01 9.533048986085917997e-02
6.669936908829512401e-01 1.246686538773967290e-01
6.550511811747143920e-01 1.362283908385747977e-01
6.490799263205958569e-01 1.405920001550459153e-01
6.303814776267697706e-01 1.592904488488720016e-01
6.260178683102987085e-01 1.652617037029904257e-01
5.985347850714713980e-01 1.951179779735827124e-01
5.936503314098950934e-01 2.030796511124073334e-01
5.870693493961597342e-01 2.110413242512319543e-01
5.671706595865722011e-01 2.408975985218242410e-01
5.534540547631183749e-01 2.647826179382980483e-01
5.393295672942165497e-01 2.926484739241841382e-01
5.253966393012734493e-01 3.264855847641887632e-01
5.175002257783408721e-01 3.503706041806625704e-01
5.050808188770469220e-01 4.041118978677286644e-01
5.010581165384251356e-01 4.319777538536148098e-01
4.997985549676345340e-01 4.479322004169625226e-01
4.978081366829283927e-01 4.491004547387151269e-01
4.958177183982221958e-01 4.480474544169041340e-01
4.935825765539210708e-01 4.419298452771455166e-01
4.925258727735158937e-01 4.240160807147901889e-01
4.801064658722219991e-01 3.583322773194871358e-01
4.702196340645832806e-01 3.264855847641887632e-01
4.580855648803875413e-01 2.946388922088902795e-01
4.383977052028152910e-01 2.548305265147672860e-01
4.124867243179798915e-01 2.130317425359380956e-01
3.950910700096791905e-01 1.891467231194642884e-01
3.676079867708519355e-01 1.592904488488720016e-01
3.632443774543807624e-01 1.533191939947535221e-01
3.425555104758485347e-01 1.326303270162212944e-01
3.266321641981992929e-01 1.186973990232782494e-01
2.927950533581947790e-01 9.083154303739215951e-02
2.649291973723085780e-01 7.165966489325636957e-02
