7.418014232983057843e-01 8.589236910621039778e-02
7.375090123861923752e-01 8.583639235333001549e-02
7.074621360013988447e-01 9.754119608139305564e-02
6.967311087211154330e-01 1.001994596361709955e-01
6.473683832318117837e-01 1.005927252972347863e-01
6.430759723196983746e-01 1.013447238627837588e-01
6.280525341273015538e-01 1.074896793231224223e-01
6.151753013909615486e-01 1.157470672380276899e-01
6.001518631985647279e-01 1.287038982536446996e-01
5.961277279684584762e-01 1.337628111143496779e-01
5.799899138661860354e-01 1.509324547628031477e-01
5.752847711356002813e-01 1.573710711309732058e-01
5.602787324218253540e-01 1.745407147794266201e-01
5.464967267971476694e-01 1.883053209254825222e-01
5.379119049729208513e-01 1.942142647932796340e-01
5.185960558684107324e-01 2.023488768522989645e-01
5.100112340441840253e-01 2.080339018484650415e-01
5.035726176760140227e-01 2.139215601759384411e-01
5.014264122199573182e-01 2.151039978988978918e-01
4.992802067639006136e-01 2.153741237580223400e-01
4.971340013078439091e-01 2.145245224257626426e-01
4.842567685715038484e-01 2.015952854802949834e-01
4.735257412912204367e-01 1.954841030214464204e-01
4.563560976427669669e-01 1.877820359413477358e-01
4.477712758185402042e-01 1.818667045573124641e-01
4.318430647378058707e-01 1.659558929551999129e-01
4.168370260240308878e-01 1.487862493067464431e-01
4.121318832934451337e-01 1.423476329385763850e-01
4.039597932876908271e-01 1.337628111143496779e-01
4.005547557852932039e-01 1.292021245202292223e-01
3.833851121368397341e-01 1.136008617819709854e-01
3.726540848565563224e-01 1.055747019548909371e-01
3.683616739444429689e-01 1.031972684110090688e-01
3.533382357520461481e-01 9.705231295067040520e-02
3.383147975596494383e-01 9.471193215219331218e-02
3.297299757354226757e-01 9.614014979884855094e-02
3.039755102627424987e-01 9.614014979884855094e-02
2.803672502461189708e-01 9.109832362096481617e-02
2.696362229658355592e-01 8.624722966509473787e-02
2.631976065976655010e-01 8.486262990436849174e-02
2.610514011416088520e-01 8.551527081299692412e-02
2.473280681774002177e-01 9.942352381744273826e-02
2.414097887089471928e-01 1.080083456416694454e-01
2.329257248021563420e-01 1.251779892901229152e-01
2.300275207805506650e-01 1.402014274825197360e-01
2.300275207805506650e-01 1.595172765870298548e-01
2.317804605755434122e-01 1.681020984112566174e-01
2.324078129396215386e-01 1.766869202354833246e-01
2.339474276927717700e-01 1.831255366036533827e-01
2.345327564535145126e-01 1.895641529718234408e-01
2.403860440609418281e-01 2.174648239005603223e-01
2.409713728216845707e-01 2.239034402687303249e-01
2.427445889306178439e-01 2.324882620929570876e-01
2.425114878558268239e-01 2.625351384777506736e-01
2.346530740321116082e-01 2.925820148625442041e-01
2.346530740321116082e-01 2.947282203186009086e-01
2.392902851650340890e-01 3.118978639670543229e-01
2.478484050771172509e-01 3.290675076155078482e-01
2.542870214452872535e-01 3.397985348957912599e-01
2.624757011260827610e-01 3.505295621760746716e-01
2.674711911461292724e-01 3.591143840003013787e-01
2.678656034645888195e-01 3.634067949124147323e-01
2.667365624028653626e-01 3.655530003684713813e-01
2.631976065976655010e-01 3.681987536461964750e-01
2.589051956855521475e-01 3.701050329083335755e-01
2.481741684052687358e-01 3.727675525553696967e-01
2.331507302128719150e-01 3.733949049194477121e-01
2.245659083886452079e-01 3.751468590862173103e-01
1.880804156356816192e-01 3.753070236724901920e-01
1.794955938114548566e-01 3.770599634674830503e-01
1.666183610751147404e-01 3.776873158315610657e-01
1.473025119706046215e-01 3.824976386062092226e-01
1.301328683221511517e-01 3.910200276104297545e-01
1.207019462700559265e-01 3.998922876653783209e-01
1.033053001214426225e-01 4.235005476820018488e-01
9.579358102524421215e-02 4.308439369385095308e-01
8.653806999599977789e-02 4.385239858743986141e-01
7.647773192073409332e-02 4.453266906681496717e-01
5.286947190411056541e-02 4.575140716507573035e-01
3.784603371171380015e-02 4.665541692013458475e-01
2.926121188748703750e-02 4.703970195332053406e-01
1.281591258045272630e-02 4.814480949955323164e-01
2.283908422402503025e-03 4.900329168197590235e-01
4.557680704125322002e-04 4.921791222758157280e-01
-1.110223024625156540e-16 4.943253277318723771e-01
6.386354871674715383e-04 4.964715331879290816e-01
7.799157326920214128e-03 5.054529364551227921e-01
1.853018460720362581e-02 5.144872770642510140e-01
4.428465007988385826e-02 5.311308686668795298e-01
6.145429372833732806e-02 5.390315538834816733e-01
6.574670464045068163e-02 5.418676110932708623e-01
8.506255374496080046e-02 5.519087866198217895e-01
1.065246083055276238e-01 5.664089398280838239e-01
1.138505980834134679e-01 5.737349296059696124e-01
1.276549765683402393e-01 5.930507787104798423e-01
1.365714846903212099e-01 6.024817007625750120e-01
1.451563065145479170e-01 6.083999802310280369e-01
1.537411283387746797e-01 6.125916332257055341e-01
1.752031828993415030e-01 6.174019560003536355e-01
1.837880047235682102e-01 6.180293083644318175e-01
1.923728265477949728e-01 6.197822481594246202e-01
2.395893465810419731e-01 6.199424127456975020e-01
2.481741684052687358e-01 6.216943669124670446e-01
2.589051956855521475e-01 6.220886182017542065e-01
2.631976065976655010e-01 6.228034172504914867e-01
2.684060808141933152e-01 6.252438605513300773e-01
2.699137495334290593e-01 6.273900660073867819e-01
2.696173966021859769e-01 6.316824769195000799e-01
2.657145202688592778e-01 6.381210932876701936e-01
2.537666845455702758e-01 6.531445314800669033e-01
2.442075208213068116e-01 6.681679696724637241e-01
2.393019083503200584e-01 6.746065860406337267e-01
2.330582213570073780e-01 6.874838187769738429e-01
2.285687518979572785e-01 7.003610515133139591e-01
2.267648893887032613e-01 7.132382842496540754e-01
2.285687518979572785e-01 7.239693115299374870e-01
2.334743643689439763e-01 7.389927497223343078e-01
2.360728714876568213e-01 7.518699824586743130e-01
2.363059725624477858e-01 7.647472151950144292e-01
2.345540183956782432e-01 7.733320370192411364e-01
2.339266660316001167e-01 7.862092697555812526e-01
2.280941400853444545e-01 8.141099406843181896e-01
2.275088113246017119e-01 8.205485570524881922e-01
2.259691965714515360e-01 8.269871734206581948e-01
2.253418442073734096e-01 8.355719952448850130e-01
2.235889044123805514e-01 8.441568170691117201e-01
2.238229911153948315e-01 8.699112825417918415e-01
2.285592578847506773e-01 8.870809261902453668e-01
2.350094974382067048e-01 8.999581589265854831e-01
2.460279629492120312e-01 9.121126898256819437e-01
2.481741684052687358e-01 9.132109776177355087e-01
2.524665793173820894e-01 9.129937182949297014e-01
2.782210447900622663e-01 9.017701192706333302e-01
2.910982775264023825e-01 8.974830994087136249e-01
3.018293048066857942e-01 8.948898121957439278e-01
3.490458248399328500e-01 8.942624598316657458e-01
3.597768521202162617e-01 8.915983425130743489e-01
3.726540848565563224e-01 8.852604840623401472e-01
3.812389066807830851e-01 8.793667348812114204e-01
3.941161394171231458e-01 8.686277675141501620e-01
4.115127855657364497e-01 8.505954334372818337e-01
4.207167051176718409e-01 8.398644061569983110e-01
4.254218478482576504e-01 8.334257897888283084e-01
4.382816811059758733e-01 8.184023515964314877e-01
4.499174812745969088e-01 8.067839509064324011e-01
4.606485085548803204e-01 7.989923706736732356e-01
4.799643576593904948e-01 7.908217288497382258e-01
4.906953849396739065e-01 7.841571961177726813e-01
4.928415903957305555e-01 7.837991865795176372e-01
4.949877958517872600e-01 7.843667726187779632e-01
4.971340013078439091e-01 7.860423426645546385e-01
5.027265174481454491e-01 7.947940915798079597e-01
5.100112340441840253e-01 8.020788081758465360e-01
5.164498504123540279e-01 8.060437851786383945e-01
5.250346722365808461e-01 8.094832846601959231e-01
5.422043158850342603e-01 8.180382631708504881e-01
5.507891377092609675e-01 8.239535945548859264e-01
5.624249378778820585e-01 8.355719952448850130e-01
5.713885018414129879e-01 8.463030225251684247e-01
5.853967006881750645e-01 8.613264607175652454e-01
5.885747356904127425e-01 8.656188716296785435e-01
6.149007867396053539e-01 8.913733371023586649e-01
6.323449450394149629e-01 9.021968732385066136e-01
6.430759723196983746e-01 9.066254693187616454e-01
6.538069995999817863e-01 9.092858980240625666e-01
6.645380268802651980e-01 9.095199847270767357e-01
6.752690541605486096e-01 9.075339438572929129e-01
6.924386978090020239e-01 9.075339438572929129e-01
7.053159305453421402e-01 9.098924887269690398e-01
7.246317796498522590e-01 9.151373700956315638e-01
7.289241905619656681e-01 9.146778887997288887e-01
7.310703960180223726e-01 9.130023187539522134e-01
7.344754335204199958e-01 9.085429807508121902e-01
7.426475235261742469e-01 8.999581589265854831e-01
7.528198888093110552e-01 8.870809261902453668e-01
7.571239229067104892e-01 8.784961043660186597e-01
7.614068398056172970e-01 8.656188716296785435e-01
7.620942763790805596e-01 8.613264607175652454e-01
7.620942763790805596e-01 8.269871734206581948e-01
7.603205749229160482e-01 8.184023515964314877e-01
7.597352461621733610e-01 8.119637352282614851e-01
7.517357530986893410e-01 7.733320370192411364e-01
7.511504243379466539e-01 7.668934206510711338e-01
7.493772082290133252e-01 7.583085988268443156e-01
7.493772082290133252e-01 7.389927497223343078e-01
7.522088164225171347e-01 7.239693115299374870e-01
7.575565224416309640e-01 7.046534624254272572e-01
7.575565224416309640e-01 7.003610515133139591e-01
7.504787539783970285e-01 6.788989969527471358e-01
7.421271866264572692e-01 6.638755587603503150e-01
7.289816782081101065e-01 6.445597096558401962e-01
7.285486046071557587e-01 6.402672987437267871e-01
7.296776456688791601e-01 6.381210932876701936e-01
7.332166014740790771e-01 6.354753400099451000e-01
7.439476287543624888e-01 6.313536228576849263e-01
7.546786560346459005e-01 6.287603356447152292e-01
7.697020942270427213e-01 6.281329832806370472e-01
7.782869160512693174e-01 6.263810291138676156e-01
8.126262033481763680e-01 6.262208645275946228e-01
8.212110251724030752e-01 6.244679247326019311e-01
8.319420524526864869e-01 6.238405723685237492e-01
8.448192851890266031e-01 6.212410170420179512e-01
8.641351342935367219e-01 6.146053421269112027e-01
8.705737506617068355e-01 6.105521086566875200e-01
8.842970836259154144e-01 5.973431896225931403e-01
8.954408427246711710e-01 5.801735459741397261e-01
9.113516543267836667e-01 5.642627343720271194e-01
9.199364761510104849e-01 5.583474029879917921e-01
9.306675034312938966e-01 5.525986383735542740e-01
9.413985307115773082e-01 5.454765577678900579e-01
9.542757634479173134e-01 5.397156904911062369e-01
9.757378180084841368e-01 5.268441729008741525e-01
9.954986121465669857e-01 5.136411768363825514e-01
9.978521506978526023e-01 5.114949713803258469e-01
1.000000000000000000e+00 5.072025604682124378e-01
1.000000000000000000e+00 5.029101495560991397e-01
9.979490197565425991e-01 4.986177386439857862e-01
9.886150507448243641e-01 4.891868165918905054e-01
9.671529961842575407e-01 4.746837152992107733e-01
9.456909416236907173e-01 4.618064825628706571e-01
9.113516543267836667e-01 4.431804852120929672e-01
8.941820106783302524e-01 4.308265374598876374e-01
8.852264806389664731e-01 4.213543422259451443e-01
8.714198508895751871e-01 4.020384931214350255e-01
8.641351342935367219e-01 3.947537765253964492e-01
8.555503124693100148e-01 3.890687515292303722e-01
8.383806688208564895e-01 3.824330766141235127e-01
8.255034360845163732e-01 3.798335212876177702e-01
8.147724088042329615e-01 3.792061689235397548e-01
8.061875869800062544e-01 3.774532291285468411e-01
7.654096833149293122e-01 3.772930645422740148e-01
7.568248614907024940e-01 3.755411103755044167e-01
7.418014232983057843e-01 3.749137580114264012e-01
7.310703960180223726e-01 3.721883522367799291e-01
7.276877895927156281e-01 3.698454112805847904e-01
7.266854762500445375e-01 3.676992058245280859e-01
7.267243299695076431e-01 3.655530003684713813e-01
7.285664896526228285e-01 3.612605894563580833e-01
7.375090123861923752e-01 3.498052178346555685e-01
7.474791122775101826e-01 3.355061239836778508e-01
7.592701283627671938e-01 3.140440694231110275e-01
7.635577157036546048e-01 3.011668366867709112e-01
7.658288640680653847e-01 2.904358094064874996e-01
7.635530452616738906e-01 2.775585766701473833e-01
7.586474327906871373e-01 2.625351384777506736e-01
7.579620300532401433e-01 2.582427275656372645e-01
7.579620300532401433e-01 2.239034402687303249e-01
7.640276570742867701e-01 1.938565638839367944e-01
7.646129858350294572e-01 1.874179475157667363e-01
7.661738625303434747e-01 1.809793311475966782e-01
7.667591912910861618e-01 1.745407147794266201e-01
7.685328927472505622e-01 1.659558929551999129e-01
7.682988060442363931e-01 1.294704002022363243e-01
7.656346887256448852e-01 1.187393729219529126e-01
7.592968302749107945e-01 1.058621401856127964e-01
7.460938342104190824e-01 8.804021840835779544e-02
