9.957856551178236870e-01 5.892046552981283769e-02
9.932001674600468011e-01 5.863693527623398127e-02
8.129369847048595332e-03 5.859776122081300498e-02
5.543882189271709393e-03 5.874419757083859661e-02
2.958394531494823454e-03 5.925462618581645025e-02
1.761409504746236365e-03 5.983174396657020555e-02
3.729068737178820037e-04 6.153581537737778939e-02
5.551115123125782702e-17 6.241723162434709149e-02
4.474882484614695066e-04 6.500271928212403294e-02
1.781074258757120443e-03 6.758820693990091888e-02
3.397004044867701911e-03 7.017369459767780482e-02
6.223120472246990165e-03 7.534466991323157670e-02
1.007944104655827955e-02 8.310113288656229003e-02
1.290790507168981804e-02 8.827210820211611741e-02
1.632444233375218712e-02 9.344308351766988929e-02
2.324985570279741731e-02 1.063705218065543745e-01
2.666639296485978639e-02 1.115414971221082019e-01
3.359180633390501658e-02 1.244689354109926871e-01
3.700834359596738565e-02 1.296399107265464590e-01
4.393375696501261585e-02 1.425673490154309442e-01
4.735029422707492941e-02 1.477383243309847716e-01
5.017641065445427317e-02 1.529092996465385434e-01
5.403273122876556256e-02 1.606657626198692568e-01
5.686119525389710105e-02 1.658367379354230287e-01
6.027773251595947013e-02 1.710077132509768560e-01
6.720314588500470032e-02 1.839351515398613413e-01
7.061968314706701388e-02 1.891061268554151131e-01
7.754509651611224408e-02 2.020335651442995983e-01
8.096163377817461315e-02 2.072045404598534257e-01
8.378775020555395692e-02 2.123755157754071976e-01
8.764407077986524630e-02 2.201319787487379109e-01
9.047253480499678480e-02 2.253029540642916828e-01
9.388907206705909836e-02 2.304739293798455102e-01
1.008144854361043286e-01 2.434013676687299954e-01
1.042310226981666976e-01 2.485723429842837673e-01
1.111564360672119278e-01 2.614997812731683080e-01
1.145729733292742969e-01 2.666707565887220799e-01
1.214983866983195271e-01 2.795981948776065651e-01
1.249149239603818962e-01 2.847691701931603925e-01
1.277410403877612399e-01 2.899401455087141644e-01
1.315973609620724738e-01 2.976966084820448222e-01
1.344258249872040123e-01 3.028675837975986496e-01
1.378423622492663814e-01 3.080385591131524770e-01
1.447677756183116116e-01 3.209659974020369066e-01
1.481843128803739806e-01 3.261369727175907340e-01
1.551097262494192108e-01 3.390644110064752192e-01
1.585262635114815799e-01 3.442353863220289911e-01
1.654516768805268101e-01 3.571628246109135318e-01
1.688682141425891792e-01 3.623337999264673037e-01
1.716943305699684674e-01 3.675047752420210756e-01
1.755506511442797568e-01 3.752612382153517889e-01
1.783791151694112953e-01 3.804322135309056163e-01
1.817956524314736644e-01 3.856031888464593882e-01
1.887210658005188946e-01 3.985306271353438734e-01
1.921376030625812636e-01 4.037016024508977008e-01
1.990630164316264938e-01 4.166290407397821860e-01
2.024795536936888629e-01 4.218000160553359579e-01
2.053056701210681512e-01 4.269709913708897853e-01
2.091619906953794406e-01 4.347274543442204431e-01
2.119904547205109790e-01 4.398984296597742705e-01
2.154069919825733481e-01 4.450694049753280424e-01
2.223324053516185783e-01 4.579968432642125276e-01
2.257489426136809474e-01 4.631678185797663549e-01
2.326743559827261776e-01 4.760952568686508402e-01
2.360908932447885467e-01 4.812662321842046120e-01
2.430163066138337769e-01 4.941936704730890972e-01
2.464328438758961459e-01 4.993646457886429246e-01
2.492589603032754342e-01 5.045356211041966965e-01
2.531152808775867236e-01 5.122920840775274653e-01
2.559437449027182621e-01 5.174630593930812372e-01
2.593602821647805756e-01 5.226340347086350091e-01
2.662856955338258613e-01 5.355614729975195498e-01
2.697022327958882304e-01 5.407324483130733217e-01
2.766276461649334051e-01 5.536598866019577514e-01
2.800441834269957742e-01 5.588308619175115233e-01
2.828702998543751179e-01 5.640018372330654062e-01
2.867266204286863518e-01 5.717583002063960640e-01
2.895550844538179458e-01 5.769292755219498359e-01
2.929716217158803149e-01 5.821002508375037188e-01
2.998970350849254896e-01 5.950276891263881485e-01
3.033135723469878586e-01 6.001986644419419203e-01
3.102389857160331443e-01 6.131261027308264611e-01
3.136555229780955134e-01 6.182970780463802329e-01
3.205809363471406881e-01 6.312245163352647737e-01
3.239974736092030572e-01 6.363954916508185455e-01
3.309228869782482874e-01 6.493229299397029752e-01
3.343394242403106564e-01 6.544939052552567471e-01
3.412648376093558866e-01 6.674213435441412878e-01
3.446813748714182557e-01 6.725923188596951707e-01
3.516067882404634859e-01 6.855197571485796004e-01
3.550233255025258550e-01 6.906907324641333723e-01
3.578494419299051987e-01 6.958617077796871442e-01
3.617057625042164326e-01 7.036181707530179130e-01
3.645342265293479711e-01 7.087891460685716849e-01
3.679507637914103402e-01 7.139601213841254568e-01
3.707768802187896284e-01 7.191310966996793397e-01
3.720477131353240319e-01 7.217165843574562256e-01
3.748761771604555704e-01 7.268875596730099975e-01
3.782927144225179394e-01 7.320585349885637694e-01
3.811188308498972277e-01 7.372295103041175413e-01
3.823896637664316311e-01 7.398149979618944272e-01
3.852181277915631696e-01 7.449859732774481991e-01
3.886346650536255387e-01 7.501569485930019709e-01
3.914607814810048270e-01 7.553279239085558538e-01
3.927316143975392304e-01 7.579134115663327398e-01
3.955600784226707689e-01 7.630843868818866227e-01
3.989766156847331380e-01 7.682553621974403946e-01
4.018027321121124262e-01 7.734263375129941664e-01
4.056590526864237156e-01 7.811828004863248243e-01
4.084875167115552541e-01 7.863537758018785961e-01
4.119040539736176232e-01 7.915247511174323680e-01
4.147301704009969114e-01 7.966957264329861399e-01
4.160010033175313149e-01 7.992812140907631369e-01
4.188294673426628534e-01 8.044521894063169087e-01
4.222460046047252225e-01 8.096231647218707916e-01
4.250721210321045107e-01 8.147941400374245635e-01
4.263429539486389142e-01 8.173796276952014495e-01
4.291714179737704526e-01 8.225506030107552213e-01
4.325879552358328217e-01 8.277215783263089932e-01
4.354140716632121100e-01 8.328925536418627651e-01
4.366849045797465134e-01 8.354780412996396510e-01
4.395133686048779964e-01 8.406490166151934229e-01
4.429299058669403655e-01 8.458199919307473058e-01
4.457560222943197092e-01 8.509909672463010777e-01
4.496123428686309986e-01 8.587474302196318465e-01
4.524408068937625371e-01 8.639184055351856184e-01
4.558573441558249062e-01 8.690893808507393903e-01
4.586834605832041944e-01 8.742603561662931622e-01
4.599542934997385979e-01 8.768458438240700481e-01
4.627827575248700809e-01 8.820168191396238200e-01
4.661992947869323944e-01 8.871877944551775919e-01
4.731247081559776801e-01 9.001152327440621326e-01
4.765412454180399937e-01 9.052862080596160155e-01
4.834666587870852794e-01 9.182136463485004452e-01
4.868831960491475930e-01 9.233846216640542170e-01
4.923510885125927383e-01 9.337265722951617608e-01
4.938484830103177514e-01 9.363120599529386467e-01
4.958439114583179097e-01 9.388975476107156437e-01
4.967865371668823693e-01 9.399030150331844080e-01
4.993720248246592552e-01 9.414022387791869395e-01
5.019575124824361412e-01 9.411329171481686018e-01
5.045430001402130271e-01 9.390514456855831860e-01
5.063346977276198535e-01 9.363120599529386467e-01
5.118608536001709730e-01 9.259701093218311030e-01
5.152773908622332311e-01 9.207991340062773311e-01
5.222028042312785168e-01 9.078716957173929014e-01
5.256193414933408858e-01 9.027007204018391295e-01
5.325447548623861715e-01 8.897732821129544778e-01
5.359612921244484296e-01 8.846023067974007059e-01
5.387897561495800236e-01 8.794313314818469340e-01
5.426460767238913130e-01 8.716748685085162762e-01
5.454721931512706012e-01 8.665038931929625043e-01
5.488887304133329703e-01 8.613329178774087325e-01
5.558141437823782560e-01 8.484054795885241917e-01
5.592306810444405141e-01 8.432345042729703088e-01
5.661560944134857998e-01 8.303070659840858792e-01
5.695726316755480578e-01 8.251360906685321073e-01
5.764980450445934546e-01 8.122086523796476776e-01
5.799145823066557126e-01 8.070376770640937947e-01
5.868399956757009983e-01 7.941102387752092540e-01
5.902565329377632564e-01 7.889392634596554821e-01
5.971819463068086531e-01 7.760118251707710524e-01
6.005984835688709111e-01 7.708408498552172805e-01
6.034269475940023941e-01 7.656698745396635086e-01
6.072832681683137945e-01 7.579134115663327398e-01
6.101093845956930828e-01 7.527424362507789679e-01
6.135259218577553408e-01 7.475714609352250850e-01
6.204513352268006265e-01 7.346440226463406553e-01
6.238678724888629956e-01 7.294730473307868834e-01
6.307932858579082813e-01 7.165456090419023427e-01
6.342098231199705394e-01 7.113746337263485708e-01
6.411352364890159361e-01 6.984471954374640301e-01
6.445517737510781942e-01 6.932762201219102582e-01
6.514771871201234799e-01 6.803487818330258285e-01
6.548937243821857379e-01 6.751778065174720567e-01
6.577221884073173319e-01 6.700068312019181738e-01
6.615785089816286213e-01 6.622503682285875160e-01
6.644046254090079096e-01 6.570793929130337441e-01
6.678211626710702786e-01 6.519084175974798612e-01
6.747465760401155643e-01 6.389809793085954315e-01
6.781631133021778224e-01 6.338100039930416596e-01
6.850885266712231081e-01 6.208825657041571189e-01
6.885050639332854772e-01 6.157115903886033470e-01
6.954304773023307629e-01 6.027841520997188063e-01
6.988470145643930209e-01 5.976131767841650344e-01
7.057724279334383066e-01 5.846857384952806047e-01
7.091889651955005647e-01 5.795147631797267218e-01
7.120174292206321587e-01 5.743437878641729499e-01
7.158737497949434481e-01 5.665873248908422921e-01
7.186998662223228473e-01 5.614163495752885202e-01
7.221164034843851054e-01 5.562453742597346373e-01
7.290418168534303911e-01 5.433179359708502076e-01
7.324583541154927602e-01 5.381469606552964358e-01
7.393837674845380459e-01 5.252195223664118950e-01
7.428003047466003039e-01 5.200485470508581232e-01
7.497257181156455896e-01 5.071211087619735824e-01
7.531422553777078477e-01 5.019501334464198106e-01
7.600676687467531334e-01 4.890226951575353254e-01
7.634842060088155025e-01 4.838517198419815535e-01
7.663126700339470965e-01 4.786807445264277261e-01
7.701689906082583859e-01 4.709242815530970128e-01
7.729951070356376741e-01 4.657533062375432409e-01
7.764116442977000432e-01 4.605823309219894690e-01
7.833370576667453289e-01 4.476548926331049838e-01
7.867535949288075869e-01 4.424839173175511564e-01
7.936790082978528726e-01 4.295564790286666712e-01
7.970955455599151307e-01 4.243855037131128993e-01
8.040209589289604164e-01 4.114580654242283586e-01
8.074374961910226745e-01 4.062870901086745867e-01
8.143629095600680712e-01 3.933596518197901015e-01
8.177794468221303292e-01 3.881886765042362741e-01
8.206079108472619232e-01 3.830177011886825023e-01
8.244642314215732126e-01 3.752612382153517889e-01
8.272903478489526119e-01 3.700902628997980170e-01
8.307068851110148699e-01 3.649192875842441897e-01
8.376322984800601557e-01 3.519918492953597045e-01
8.410488357421224137e-01 3.468208739798059326e-01
8.479742491111676994e-01 3.338934356909214474e-01
8.513907863732299575e-01 3.287224603753676200e-01
8.583161997422753542e-01 3.157950220864831348e-01
8.617327370043376122e-01 3.106240467709293629e-01
8.686581503733828979e-01 2.976966084820448222e-01
8.720746876354452670e-01 2.925256331664910503e-01
8.749031516605767500e-01 2.873546578509372784e-01
8.787594722348881504e-01 2.795981948776065651e-01
8.815855886622674387e-01 2.744272195620527377e-01
8.850021259243296967e-01 2.692562442464989658e-01
8.919275392933749824e-01 2.563288059576144806e-01
8.953440765554372405e-01 2.511578306420606532e-01
9.022694899244825262e-01 2.382303923531761680e-01
9.056860271865448953e-01 2.330594170376223961e-01
9.126114405555901810e-01 2.201319787487379109e-01
9.160279778176525500e-01 2.149610034331840835e-01
9.229533911866978357e-01 2.020335651442995983e-01
9.263699284487600938e-01 1.968625898287458265e-01
9.291983924738915768e-01 1.916916145131919991e-01
9.330547130482029772e-01 1.839351515398613413e-01
9.358808294755822654e-01 1.787641762243075139e-01
9.392973667376445235e-01 1.735932009087537420e-01
9.462227801066898092e-01 1.606657626198692568e-01
9.496393173687521783e-01 1.554947873043154294e-01
9.565647307377974640e-01 1.425673490154309442e-01
9.599812679998598330e-01 1.373963736998771723e-01
9.669066813689051187e-01 1.244689354109926871e-01
9.703232186309673768e-01 1.192979600954388597e-01
9.772486320000126625e-01 1.063705218065543745e-01
9.806651692620749206e-01 1.011995464910006026e-01
9.834936332872064035e-01 9.602857117544677523e-02
9.873499538615178039e-01 8.827210820211611741e-02
9.901760702888970922e-01 8.310113288656229003e-02
9.935926075509593502e-01 7.793015757100851815e-02
9.964210715760909443e-01 7.275918225545469076e-02
9.989189155844517831e-01 6.758820693990091888e-02
9.998199074114240137e-01 6.500271928212403294e-02
1.000000000000000000e+00 6.241723162434709149e-02
9.983711427756005730e-01 5.987214221122300062e-02
