8.354632587859425197e-01 1.597444089456889760e-03
6.102236421725240056e-01 3.130990415335462851e-01
5.000000000000000000e-01 4.552715654952076418e-01
4.728434504792332072e-01 4.185303514376996770e-01
2.907348242811501615e-01 1.277955271565495154e-01
3.722044728434504846e-01 1.357827476038338532e-01
3.753993610223642086e-01 1.389776357827475772e-01
4.073482428115016152e-01 1.389776357827475772e-01
4.105431309904153392e-01 1.421725239616613568e-01
4.137380191693290632e-01 1.389776357827475772e-01
4.169329073482428427e-01 1.421725239616613568e-01
4.680511182108626489e-01 1.421725239616613568e-01
4.712460063897763729e-01 1.453674121405750808e-01
4.776357827476038209e-01 1.421725239616613568e-01
4.808306709265175449e-01 1.453674121405750808e-01
4.840255591054313244e-01 1.421725239616613568e-01
4.872204472843450485e-01 1.453674121405750808e-01
4.904153354632587725e-01 1.421725239616613568e-01
4.936102236421725520e-01 1.453674121405750808e-01
4.968051118210862760e-01 1.421725239616613568e-01
5.000000000000000000e-01 1.453674121405750808e-01
5.031948881789137795e-01 1.421725239616613568e-01
5.063897763578274480e-01 1.453674121405750808e-01
5.095846645367412275e-01 1.421725239616613568e-01
5.127795527156548960e-01 1.453674121405750808e-01
5.159744408945686756e-01 1.421725239616613568e-01
5.191693290734824551e-01 1.453674121405750808e-01
5.223642172523961236e-01 1.421725239616613568e-01
5.255591054313099031e-01 1.453674121405750808e-01
5.319488817891373511e-01 1.421725239616613568e-01
5.351437699680511306e-01 1.453674121405750808e-01
5.383386581469649101e-01 1.421725239616613568e-01
5.894568690095847163e-01 1.421725239616613568e-01
5.926517571884983848e-01 1.389776357827475772e-01
5.958466453674121643e-01 1.421725239616613568e-01
5.990415335463258328e-01 1.389776357827475772e-01
6.277955271565495154e-01 1.389776357827475772e-01
6.948881789137379972e-01 1.293929712460064052e-01
7.603833865814696447e-01 2.875399361022362710e-02
7.587859424920126994e-01 2.396166134185301333e-02
7.555910543130990309e-01 2.715654952076679285e-02
7.523961661341853624e-01 2.396166134185301333e-02
7.268370607028753483e-01 3.354632587859424087e-02
6.469648562300319705e-01 4.952076677316291642e-02
6.437699680511181910e-01 4.632587859424919241e-02
6.182108626198082879e-01 5.271565495207669594e-02
5.958466453674121643e-01 5.271565495207669594e-02
5.926517571884983848e-01 5.591054313099041995e-02
5.894568690095847163e-01 5.271565495207669594e-02
5.862619808306709368e-01 5.591054313099041995e-02
5.511182108626198062e-01 5.591054313099041995e-02
5.479233226837060267e-01 5.910543130990414395e-02
5.447284345047923582e-01 5.591054313099041995e-02
5.415335463258785786e-01 5.910543130990414395e-02
5.383386581469649101e-01 5.591054313099041995e-02
5.351437699680511306e-01 5.910543130990414395e-02
5.319488817891373511e-01 5.591054313099041995e-02
5.287539936102236826e-01 5.910543130990414395e-02
4.776357827476038209e-01 5.910543130990414395e-02
4.744408945686900969e-01 5.591054313099041995e-02
4.712460063897763729e-01 5.910543130990414395e-02
4.680511182108626489e-01 5.591054313099041995e-02
4.648562300319488694e-01 5.910543130990414395e-02
4.616613418530351454e-01 5.591054313099041995e-02
4.584664536741214214e-01 5.910543130990414395e-02
4.552715654952076418e-01 5.591054313099041995e-02
4.201277955271565667e-01 5.591054313099041995e-02
4.169329073482428427e-01 5.271565495207669594e-02
4.137380191693290632e-01 5.591054313099041995e-02
4.105431309904153392e-01 5.271565495207669594e-02
3.849840255591054361e-01 5.271565495207669594e-02
3.083067092651757268e-01 3.993610223642174439e-02
2.955271565495207753e-01 3.354632587859424087e-02
2.923322683706069958e-01 3.674121405750796487e-02
1.709265175718849838e-01 1.597444089456889760e-03
1.629392971246006461e-01 3.194888178913724008e-03
4.696485623003194831e-01 4.920127795527156622e-01
3.849840255591054361e-01 5.127795527156548960e-01
3.817891373801917121e-01 5.095846645367412275e-01
3.530351437699680295e-01 5.191693290734824551e-01
3.498402555910543055e-01 5.159744408945686756e-01
3.210862619808306784e-01 5.255591054313099031e-01
3.178913738019168989e-01 5.223642172523961236e-01
2.891373801916933273e-01 5.319488817891373511e-01
2.859424920127795477e-01 5.287539936102236826e-01
2.539936102236421966e-01 5.383386581469649101e-01
2.380191693290734656e-01 5.383386581469649101e-01
2.060702875399361145e-01 5.479233226837060267e-01
2.028753993610223905e-01 5.447284345047923582e-01
1.517571884984025288e-01 5.575079872204472542e-01
1.341853035143770190e-01 5.559105431309904199e-01
1.565495207667731425e-01 5.079872204472843933e-01
1.661341853035143701e-01 4.728434504792332072e-01
1.725239616613418736e-01 4.632587859424920351e-01
1.725239616613418736e-01 4.536741214057508076e-01
1.821086261980830456e-01 4.345047923322683525e-01
2.012779552715655007e-01 3.674121405750798708e-01
2.364217252396166313e-01 1.980830670926517767e-01
2.332268370607028518e-01 1.948881789137379972e-01
2.364217252396166313e-01 1.916932907348242732e-01
2.364217252396166313e-01 1.661341853035143701e-01
1.421725239616613568e-01 5.591054313099041995e-02
1.373801916932907430e-01 5.750798722044730971e-02
1.373801916932907430e-01 1.565495207667731425e-01
1.341853035143770190e-01 1.597444089456869221e-01
1.373801916932907430e-01 1.661341853035143701e-01
1.341853035143770190e-01 1.725239616613418736e-01
1.373801916932907430e-01 1.757188498402555976e-01
1.309904153354632395e-01 2.140575079872204523e-01
1.341853035143770190e-01 2.172523961661341763e-01
1.277955271565495154e-01 2.396166134185303553e-01
1.309904153354632395e-01 2.428115015974440793e-01
1.246006389776357914e-01 2.619808306709264789e-01
1.277955271565495154e-01 2.683706070287539824e-01
1.054313099041533364e-01 3.801916932907348223e-01
7.987220447284343328e-02 4.568690095846645316e-01
7.987220447284343328e-02 4.664536741214057591e-01
7.348242811501598526e-02 4.760383386581469867e-01
6.709265175718848173e-02 5.015974440894568342e-01
4.792332268370608217e-02 5.399361022364217444e-01
4.153354632587857864e-02 5.623003194888178680e-01
3.194888178913740662e-02 5.750798722044728750e-01
3.194888178913740662e-02 5.814696485623003230e-01
0.000000000000000000e+00 6.389776357827475772e-01
1.597444089456889760e-03 6.437699680511181910e-01
4.041533546325878357e-01 5.543130990415335857e-01
4.073482428115016152e-01 5.575079872204472542e-01
4.201277955271565667e-01 5.511182108626198062e-01
4.696485623003194831e-01 5.431309904153354129e-01
4.696485623003194831e-01 8.115015974440894508e-01
4.664536741214057591e-01 8.146964856230032304e-01
4.696485623003194831e-01 8.178913738019168989e-01
4.664536741214057591e-01 8.210862619808306784e-01
4.696485623003194831e-01 8.242811501597444579e-01
4.664536741214057591e-01 8.274760383386581264e-01
4.696485623003194831e-01 8.306709265175719059e-01
4.664536741214057591e-01 8.370607028753993539e-01
4.696485623003194831e-01 8.402555910543130224e-01
4.648562300319488694e-01 8.738019169329074298e-01
3.690095846645367050e-01 7.875399361022363820e-01
1.996805111821086109e-01 6.661341853035143146e-01
1.613418530351437563e-01 6.437699680511181910e-01
7.987220447284343328e-02 6.773162939297124874e-01
8.146964856230032304e-02 6.821086261980831011e-01
1.357827476038338532e-01 7.076677316293930042e-01
2.156549520766773420e-01 7.555910543130990309e-01
3.115015974440894508e-01 8.226837060702875126e-01
4.217252396166134010e-01 9.169329073482428427e-01
5.000000000000000000e-01 9.984025559105431658e-01
5.047923322683706138e-01 9.840255591054313244e-01
5.015974440894568342e-01 9.808306709265175449e-01
5.047923322683706138e-01 9.744408945686900969e-01
5.015974440894568342e-01 9.712460063897763174e-01
5.047923322683706138e-01 9.648562300319488694e-01
5.015974440894568342e-01 9.616613418530350899e-01
5.047923322683706138e-01 9.584664536741214214e-01
5.047923322683706138e-01 8.785942492012779326e-01
5.079872204472843933e-01 8.753993610223642641e-01
5.047923322683706138e-01 8.658146964856230365e-01
5.079872204472843933e-01 8.626198083067092570e-01
5.047923322683706138e-01 8.594249201277954775e-01
5.079872204472843933e-01 8.530351437699680295e-01
5.047923322683706138e-01 8.498402555910542500e-01
5.079872204472843933e-01 8.466453674121405815e-01
5.079872204472843933e-01 7.348242811501597416e-01
5.111821086261980618e-01 7.316293929712460731e-01
5.079872204472843933e-01 7.284345047923322936e-01
5.111821086261980618e-01 7.188498402555910660e-01
5.079872204472843933e-01 7.156549520766772865e-01
5.111821086261980618e-01 7.124600638977636180e-01
5.111821086261980618e-01 6.421725239616613568e-01
5.143769968051118413e-01 6.389776357827475772e-01
5.111821086261980618e-01 6.357827476038337977e-01
5.143769968051118413e-01 6.325878594249201292e-01
5.111821086261980618e-01 6.293929712460063497e-01
5.143769968051118413e-01 6.261980830670926812e-01
5.111821086261980618e-01 6.230031948881789017e-01
5.143769968051118413e-01 6.166134185303514537e-01
5.111821086261980618e-01 6.134185303514376741e-01
5.143769968051118413e-01 6.102236421725240056e-01
5.143769968051118413e-01 5.335463258785942964e-01
5.175718849840255098e-01 5.303514376996805169e-01
5.143769968051118413e-01 5.271565495207667373e-01
5.191693290734824551e-01 5.255591054313099031e-01
5.638977635782747022e-01 5.447284345047923582e-01
5.894568690095847163e-01 5.511182108626198062e-01
5.990415335463258328e-01 5.575079872204472542e-01
6.246006389776357359e-01 5.638977635782747022e-01
6.341853035143769635e-01 5.702875399361022613e-01
6.437699680511181910e-01 5.702875399361022613e-01
6.533546325878594185e-01 5.766773162939297093e-01
6.789137380191693216e-01 5.830670926517571573e-01
6.884984025559105492e-01 5.894568690095847163e-01
7.140575079872204523e-01 5.958466453674121643e-01
7.236421725239616798e-01 6.022364217252396124e-01
8.594249201277954775e-01 6.485623003194888048e-01
7.747603833865814860e-01 6.980830670926517767e-01
6.341853035143769635e-01 7.971246006389776095e-01
5.335463258785942964e-01 8.817891373801917121e-01
5.303514376996805169e-01 8.945686900958467191e-01
5.335463258785942964e-01 8.977635782747603876e-01
5.351437699680511306e-01 9.600638977635782556e-01
6.246006389776357359e-01 8.738019169329074298e-01
7.651757188498402584e-01 7.683706070287539269e-01
9.025559105431310014e-01 6.884984025559105492e-01
1.000000000000000000e+00 6.453674121405750252e-01
9.984025559105431658e-01 6.405750798722045225e-01
8.514376996805111952e-01 5.990415335463258328e-01
8.194888178913737331e-01 5.862619808306709368e-01
8.099041533546325056e-01 5.862619808306709368e-01
7.779552715654951545e-01 5.734824281150159297e-01
7.683706070287539269e-01 5.734824281150159297e-01
7.460063897763578034e-01 5.638977635782747022e-01
7.364217252396165758e-01 5.638977635782747022e-01
7.044728434504792247e-01 5.511182108626198062e-01
6.948881789137379972e-01 5.511182108626198062e-01
6.533546325878594185e-01 5.351437699680511306e-01
6.437699680511181910e-01 5.351437699680511306e-01
5.255591054313099031e-01 4.968051118210862760e-01
5.207667731629392893e-01 4.888178913738019382e-01
7.587859424920126994e-01 1.964856230031948869e-01
7.635782747603834242e-01 1.980830670926517767e-01
7.635782747603834242e-01 2.172523961661341763e-01
7.923322683706071068e-01 3.546325878594249192e-01
8.115015974440894508e-01 4.217252396166134010e-01
8.210862619808306784e-01 4.408945686900958560e-01
8.210862619808306784e-01 4.504792332268370836e-01
8.626198083067092570e-01 5.591054313099041995e-01
8.706070287539935393e-01 5.702875399361022613e-01
9.504792332268370281e-01 5.990415335463258328e-01
9.520766773162938623e-01 5.942492012779552191e-01
8.913738019169328286e-01 4.440894568690095801e-01
8.913738019169328286e-01 4.345047923322683525e-01
8.817891373801917121e-01 4.121405750798722289e-01
8.626198083067092570e-01 3.354632587859425197e-01
8.658146964856230365e-01 3.322683706070287402e-01
8.594249201277954775e-01 3.194888178913737886e-01
8.498402555910542500e-01 2.683706070287539824e-01
8.530351437699680295e-01 2.651757188498402584e-01
8.434504792332269130e-01 2.204472843450479003e-01
8.466453674121405815e-01 2.172523961661341763e-01
8.434504792332269130e-01 2.140575079872204523e-01
8.434504792332269130e-01 1.916932907348242732e-01
8.402555910543130224e-01 1.884984025559105492e-01
8.434504792332269130e-01 1.853035143769968252e-01
8.402555910543130224e-01 1.821086261980830456e-01
8.402555910543130224e-01 1.533546325878594185e-01
8.370607028753993539e-01 1.501597444089456945e-01
8.402555910543130224e-01 1.405750798722044670e-01
8.370607028753993539e-01 1.373801916932907430e-01
8.402555910543130224e-01 1.341853035143770190e-01
8.370607028753993539e-01 1.309904153354632395e-01
8.402555910543130224e-01 1.277955271565495154e-01
8.370607028753993539e-01 1.214057507987220674e-01
8.402555910543130224e-01 1.182108626198082879e-01
8.370607028753993539e-01 1.150159744408945639e-01
