8.087644270403957503e-01 2.399419096464122658e-02
8.008810799670239566e-01 2.535500682849711751e-02
7.562087798845836817e-01 5.699375432029207822e-02
6.694919620774938407e-01 1.450201726601922370e-01
6.537252679307502534e-01 1.553140047040758587e-01
6.432141384995877509e-01 1.549205343749052721e-01
6.405863561417972640e-01 1.529666875787032421e-01
6.375983132994708091e-01 1.465614680815886528e-01
6.365270207084938736e-01 8.875025621019538846e-02
6.324459434029894300e-01 7.561134442124239907e-02
6.274474443528441636e-01 7.274268201398770284e-02
6.221918796372629679e-01 7.484928753748304464e-02
6.087010327111059826e-01 9.137803856798598634e-02
5.955151962371922902e-01 1.124002974303108249e-01
5.719885215275376522e-01 1.623281622283322401e-01
5.618196934341246340e-01 1.912337681640288722e-01
5.562218273807940649e-01 2.017448975951912638e-01
5.463954360547619293e-01 2.306505035308878959e-01
5.382614172612787407e-01 2.490449800354221366e-01
5.302194971145919311e-01 2.574757817666669113e-01
5.249639323990107354e-01 2.573201893902188342e-01
5.223361500412201375e-01 2.551399752264086884e-01
5.161305409347453077e-01 2.306505035308878959e-01
5.153624199378528115e-01 2.201393740997255044e-01
5.063737699742154597e-01 1.886059858062382744e-01
5.039416735366859523e-01 1.863198151549604331e-01
4.986861088211047011e-01 1.853316855667690444e-01
4.936262300257845403e-01 1.886059858062382744e-01
4.846375800621472441e-01 2.201393740997255044e-01
4.838694590652545813e-01 2.306505035308878959e-01
4.776638499587798625e-01 2.551399752264086884e-01
4.750360676009892646e-01 2.573201893902188342e-01
4.697805028854080689e-01 2.574757817666669113e-01
4.617385827387212593e-01 2.490449800354221366e-01
4.536045639452380707e-01 2.306505035308878959e-01
4.437781726192058795e-01 2.017448975951912638e-01
4.381803065658753105e-01 1.912337681640288722e-01
4.280114784724622368e-01 1.623281622283322401e-01
4.044848037628077098e-01 1.124002974303108249e-01
3.912989672888941284e-01 9.137803856798598634e-02
3.778081203627370321e-01 7.484928753748304464e-02
3.725525556471558364e-01 7.274268201398770284e-02
3.675540565970106810e-01 7.561134442124239907e-02
3.634729792915062374e-01 8.875025621019538846e-02
3.624016867005291909e-01 1.465614680815886528e-01
3.594136438582027915e-01 1.529666875787032421e-01
3.567858615004121936e-01 1.549205343749052721e-01
3.462747320692497466e-01 1.553140047040758587e-01
3.305080379225061593e-01 1.450201726601922370e-01
2.437912201154163183e-01 5.699375432029207822e-02
1.991189200329760434e-01 2.535500682849711751e-02
1.912355729596042497e-01 2.399419096464122658e-02
1.881041323165704715e-01 2.831126198101152625e-02
1.987527536388576932e-01 6.772799734787054993e-02
2.067267737946440476e-01 8.875025621019538846e-02
2.651313558758609523e-01 2.017448975951912638e-01
2.652514427040395528e-01 2.201393740997255044e-01
2.595579142621599056e-01 2.238789105319659023e-01
2.411634377576256649e-01 2.231634093527385398e-01
2.096300494641384904e-01 2.118957665418179093e-01
1.964911376751854455e-01 2.087186276985585898e-01
1.827140501707690268e-01 2.096282446685631129e-01
1.804708855816375412e-01 2.122560270263537108e-01
1.805305907315556402e-01 2.175115917419349065e-01
1.991189200329760434e-01 2.446742808076682874e-01
2.070022671063478370e-01 2.512845672721755186e-01
2.148856141797196861e-01 2.617956967033379101e-01
2.380392965100301961e-01 2.832061506866999645e-01
2.884635201978565378e-01 3.255286069299619944e-01
3.147413437757625720e-01 3.451864403372801871e-01
3.252290108644446676e-01 3.567840567048368161e-01
3.256443354883498120e-01 3.646674037782086097e-01
3.233589241549876259e-01 3.672951861359992076e-01
3.068579967023907784e-01 3.685306360504828627e-01
2.779523907666940907e-01 3.637577868082041421e-01
2.569301319043693077e-01 3.621491123519926525e-01
2.506563015251442872e-01 3.646674037782086097e-01
2.484746064143817934e-01 3.699229684937898055e-01
2.507573224035215542e-01 3.751785332093710013e-01
2.648134789777411013e-01 3.860885224626980916e-01
2.989746496290189293e-01 4.039255660717526730e-01
3.060267594259467039e-01 4.093397038606488292e-01
3.076296470772974523e-01 4.172230509340206783e-01
3.042302143446001805e-01 4.222322610535589882e-01
2.753246084089034929e-01 4.263418479218760715e-01
2.437912201154163183e-01 4.265379510829052090e-01
2.332800906842538713e-01 4.286842247560766483e-01
2.017467023907666412e-01 4.294523457529692001e-01
1.413077081615828345e-01 4.378907677321990377e-01
1.150298845836768002e-01 4.457624904755989048e-01
1.029367229167016395e-01 4.540120039430891041e-01
1.019162399327794843e-01 4.566397863008797020e-01
1.044291716630442735e-01 4.618953510164608978e-01
1.202854492992579960e-01 4.701448644839510416e-01
1.597021846661170197e-01 4.825997329806658853e-01
1.736912613355316992e-01 4.908009569521575299e-01
1.761988183566913224e-01 4.960565216677387257e-01
1.754454164703803110e-01 5.013120863833199214e-01
1.649577493816982154e-01 5.122220756366470118e-01
1.150298845836768002e-01 5.381678474184339311e-01
1.071465375103050066e-01 5.404488121546766610e-01
7.035758450123658081e-02 5.587244384325484869e-01
3.403787834177363081e-02 5.801455571170379688e-01
-1.110223024625156540e-16 6.090511630527346565e-01
1.169997788188936738e-03 6.143067277683158522e-01
7.290807914262120715e-03 6.172523870242262456e-01
5.984645507007413379e-02 6.181307394083841444e-01
1.176576669414673981e-01 6.099868128316449090e-01
1.360521434460015833e-01 6.054479160318247954e-01
1.833522258862324561e-01 5.975899892306786310e-01
2.043744847485572391e-01 5.983031024253779862e-01
2.086874753575396757e-01 6.011678159793627518e-01
2.107647736640935188e-01 6.064233806949439476e-01
2.099479263622582859e-01 6.143067277683158522e-01
2.047733445707219380e-01 6.248178571994782438e-01
1.764777595395124465e-01 6.642345925663372119e-01
1.729232146537509895e-01 6.773735043552902013e-01
1.780966611706512603e-01 6.810232020744438897e-01
1.912355729596042497e-01 6.802767800247846441e-01
2.227689612530914798e-01 6.674974223272606144e-01
2.805801731244846886e-01 6.357278464528053341e-01
3.489025144270403445e-01 5.905434200672611267e-01
3.567858615004121936e-01 5.877110272922899670e-01
3.620414262159933894e-01 5.877292447987318980e-01
3.657572747063067009e-01 5.932844689059909582e-01
3.649870854719038382e-01 6.037955983371534607e-01
3.433714563997553593e-01 6.484678984195936247e-01
3.417247755793715314e-01 6.589790278507560162e-01
3.429601429588548522e-01 6.616068102085466140e-01
3.489025144270403445e-01 6.647273017584229837e-01
3.594136438582027915e-01 6.600149805110389067e-01
3.962025968672712173e-01 6.245502127000736037e-01
4.014581615828524130e-01 6.219100652461853063e-01
4.093415086562242067e-01 6.217982125602626864e-01
4.119692910140148046e-01 6.240836238936249281e-01
4.129193354049083275e-01 6.353289866306406353e-01
3.821280352994079754e-01 7.588347574467988466e-01
3.766118910804592268e-01 7.956237104558674389e-01
3.775711891665427533e-01 8.245293163915639045e-01
3.804359027205276300e-01 8.293578664740042239e-01
3.856914674361088258e-01 8.309454849818360689e-01
3.909470321516900215e-01 8.281425171335260460e-01
4.024941142431352481e-01 8.166459693181922219e-01
4.240217158665736119e-01 7.851125810247049364e-01
4.356193322341302410e-01 7.746249139360228408e-01
4.408748969497114367e-01 7.734052223112647395e-01
4.487582440230832859e-01 7.748379520057436798e-01
4.512491627164055830e-01 7.772292339513331427e-01
4.544100616338868637e-01 7.851125810247049364e-01
4.602194178451392004e-01 8.113904046026110262e-01
4.688708859154036568e-01 8.823405282629572799e-01
4.825591541898253123e-01 9.427795224921411421e-01
4.880617129090030204e-01 9.585462166388847294e-01
4.960583264633141032e-01 9.742091825346628209e-01
5.013138911788953545e-01 9.760058090353587179e-01
5.039416735366859523e-01 9.742091825346628209e-01
5.119382870909969796e-01 9.585462166388847294e-01
5.174408458101746877e-01 9.427795224921411421e-01
5.311291140845963987e-01 8.823405282629572799e-01
5.397805821548606886e-01 8.113904046026110262e-01
5.455899383661131363e-01 7.851125810247049364e-01
5.487508372835943060e-01 7.772292339513331427e-01
5.512417559769167141e-01 7.748379520057436798e-01
5.591251030502885078e-01 7.734052223112647395e-01
5.643806677658697035e-01 7.746249139360228408e-01
5.759782841334263326e-01 7.851125810247049364e-01
5.975058857568646964e-01 8.166459693181922219e-01
6.090529678483099785e-01 8.281425171335260460e-01
6.143085325638911742e-01 8.309454849818360689e-01
6.195640972794723700e-01 8.293578664740042239e-01
6.224288108334572467e-01 8.245293163915639045e-01
6.233881089195408842e-01 7.956237104558674389e-01
6.178719647005921356e-01 7.588347574467988466e-01
5.870806645950915614e-01 6.353289866306406353e-01
5.880307089859851954e-01 6.240836238936249281e-01
5.906584913437757933e-01 6.217982125602626864e-01
5.985418384171475870e-01 6.219100652461853063e-01
6.037974031327287827e-01 6.245502127000736037e-01
6.405863561417972640e-01 6.600149805110389067e-01
6.510974855729596555e-01 6.647273017584229837e-01
6.570398570411450923e-01 6.616068102085466140e-01
6.582752244206283576e-01 6.589790278507560162e-01
6.566285436002446962e-01 6.484678984195936247e-01
6.350129145280961618e-01 6.037955983371534607e-01
6.342427252936932991e-01 5.932844689059909582e-01
6.379585737840065551e-01 5.877292447987318980e-01
6.432141384995877509e-01 5.877110272922899670e-01
6.510974855729596555e-01 5.905434200672611267e-01
7.194198268755153114e-01 6.357278464528053341e-01
7.772310387469085757e-01 6.674974223272606144e-01
8.087644270403957503e-01 6.802767800247846441e-01
8.219033388293487397e-01 6.810232020744438897e-01
8.270767853462490660e-01 6.773735043552902013e-01
8.235222404604876090e-01 6.642345925663372119e-01
7.952266554292780620e-01 6.248178571994782438e-01
7.900520736377416586e-01 6.143067277683158522e-01
7.892352263359064812e-01 6.064233806949439476e-01
7.913125246424603798e-01 6.011678159793627518e-01
7.956255152514427609e-01 5.983031024253779862e-01
8.166477741137675439e-01 5.975899892306786310e-01
8.639478565539984167e-01 6.054479160318247954e-01
8.823423330585326019e-01 6.099868128316449090e-01
9.401535449299258662e-01 6.181307394083841444e-01
9.927091920857378238e-01 6.172523870242262456e-01
9.988300022118110633e-01 6.143067277683158522e-01
1.000000000000000000e+00 6.090511630527346565e-01
9.659621216582263692e-01 5.801455571170379688e-01
9.296424154987634747e-01 5.587244384325484869e-01
8.928534624896949934e-01 5.404488121546766610e-01
8.849701154163231998e-01 5.381678474184339311e-01
8.350422506183017290e-01 5.122220756366470118e-01
8.245545835296195225e-01 5.013120863833199214e-01
8.238011816433086221e-01 4.960565216677387257e-01
8.263087386644683008e-01 4.908009569521575299e-01
8.402978153338829248e-01 4.825997329806658853e-01
8.797145507007420040e-01 4.701448644839510416e-01
8.955708283369558931e-01 4.618953510164608978e-01
8.980837600672206822e-01 4.566397863008797020e-01
8.970632770832982494e-01 4.540120039430891041e-01
8.849701154163231998e-01 4.457624904755989048e-01
8.586922918384172210e-01 4.378907677321990377e-01
7.982532976092333588e-01 4.294523457529692001e-01
7.667199093157461842e-01 4.286842247560766483e-01
7.562087798845836817e-01 4.265379510829052090e-01
7.246753915910965071e-01 4.263418479218760715e-01
6.957697856553998195e-01 4.222322610535589882e-01
6.923703529227025477e-01 4.172230509340206783e-01
6.939732405740531851e-01 4.093397038606488292e-01
7.010253503709811262e-01 4.039255660717526730e-01
7.351865210222588987e-01 3.860885224626980916e-01
7.492426775964784458e-01 3.751785332093710013e-01
7.515253935856180956e-01 3.699229684937898055e-01
7.493436984748557128e-01 3.646674037782086097e-01
7.430698680956306923e-01 3.621491123519926525e-01
7.220476092333059093e-01 3.637577868082041421e-01
6.931420032976092216e-01 3.685306360504828627e-01
6.766410758450124296e-01 3.672951861359992076e-01
6.743556645116501880e-01 3.646674037782086097e-01
6.747709891355553324e-01 3.567840567048368161e-01
6.852586562242374280e-01 3.451864403372801871e-01
7.115364798021435178e-01 3.255286069299619944e-01
7.619607034899698039e-01 2.832061506866999645e-01
7.851143858202802583e-01 2.617956967033379101e-01
7.929977328936521630e-01 2.512845672721755186e-01
8.008810799670239566e-01 2.446742808076682874e-01
8.194694092684442488e-01 2.175115917419349065e-01
8.195291144183625143e-01 2.122560270263537108e-01
8.172859498292309732e-01 2.096282446685631129e-01
8.035088623248145545e-01 2.087186276985585898e-01
7.588365622423742796e-01 2.231634093527385398e-01
7.404420857378400944e-01 2.238789105319659023e-01
7.347485572959604472e-01 2.201393740997255044e-01
7.348686441241389922e-01 2.017448975951912638e-01
7.932732262053561190e-01 8.875025621019538846e-02
8.012472463611423068e-01 6.772799734787054993e-02
8.118958676834295840e-01 2.831126198101152625e-02
