7.986111111111111605e-01 2.430555555555558023e-02
7.708333333333332593e-01 2.986111111111111605e-02
7.347222222222222765e-01 8.263888888888887285e-02
7.111111111111111382e-01 9.513888888888888395e-02
7.138888888888889062e-01 1.090277777777777790e-01
6.930555555555555358e-01 1.215277777777777901e-01
6.791666666666666963e-01 9.930555555555553582e-02
6.652777777777777457e-01 1.020833333333333592e-01
6.861111111111111160e-01 7.847222222222222099e-02
6.763888888888889284e-01 5.763888888888890616e-02
6.388888888888888395e-01 1.118055555555555469e-01
6.388888888888888395e-01 1.284722222222222099e-01
6.263888888888888840e-01 1.409722222222222210e-01
6.027777777777777457e-01 1.090277777777777790e-01
6.097222222222222765e-01 8.819444444444446418e-02
5.805555555555556024e-01 1.118055555555555469e-01
5.638888888888888840e-01 1.590277777777777679e-01
5.805555555555556024e-01 1.729166666666666630e-01
5.527777777777778123e-01 1.951388888888888618e-01
5.527777777777778123e-01 2.118055555555555802e-01
5.166666666666667185e-01 2.034722222222222210e-01
5.374999999999999778e-01 1.743055555555555469e-01
5.111111111111110716e-01 2.006944444444444531e-01
5.124999999999999556e-01 2.159722222222222321e-01
5.347222222222222099e-01 2.131944444444444642e-01
5.180555555555556024e-01 2.409722222222221988e-01
5.000000000000000000e-01 2.423611111111111382e-01
4.916666666666666408e-01 2.145833333333333481e-01
5.083333333333333037e-01 1.895833333333333259e-01
5.041666666666666519e-01 1.826388888888889062e-01
4.805555555555555691e-01 2.118055555555555802e-01
4.916666666666666408e-01 2.340277777777777790e-01
4.763888888888888618e-01 2.493055555555555580e-01
4.666666666666666741e-01 2.423611111111111382e-01
4.569444444444444309e-01 1.715277777777777790e-01
4.361111111111111160e-01 1.645833333333333592e-01
4.472222222222222432e-01 1.312499999999999778e-01
4.152777777777777457e-01 1.604166666666666519e-01
4.000000000000000222e-01 1.451388888888888729e-01
4.013888888888889062e-01 1.131944444444444309e-01
3.902777777777777790e-01 1.131944444444444309e-01
3.777777777777777679e-01 9.236111111111111605e-02
3.861111111111111271e-01 7.569444444444445308e-02
3.708333333333333481e-01 6.319444444444444198e-02
3.388888888888889062e-01 7.569444444444445308e-02
3.638888888888889284e-01 1.229166666666666741e-01
3.541666666666666297e-01 1.437499999999999889e-01
3.499999999999999778e-01 1.312499999999999778e-01
3.111111111111111160e-01 1.090277777777777790e-01
3.083333333333333481e-01 8.124999999999998890e-02
2.680555555555555469e-01 4.652777777777777901e-02
2.541666666666666519e-01 4.652777777777777901e-02
2.319444444444444531e-01 7.986111111111110494e-02
2.194444444444444420e-01 7.013888888888886175e-02
2.249999999999999778e-01 4.513888888888889506e-02
1.805555555555555802e-01 4.513888888888889506e-02
1.861111111111111160e-01 8.124999999999998890e-02
2.111111111111111382e-01 9.513888888888888395e-02
2.208333333333333259e-01 1.493055555555555802e-01
2.347222222222222210e-01 1.520833333333333481e-01
2.472222222222222321e-01 1.756944444444444309e-01
2.236111111111110938e-01 1.743055555555555469e-01
2.041666666666666630e-01 1.881944444444444420e-01
1.986111111111111271e-01 1.631944444444444198e-01
1.916666666666666519e-01 1.923611111111110938e-01
1.986111111111111271e-01 2.020833333333333370e-01
2.277777777777778012e-01 1.951388888888888618e-01
2.194444444444444420e-01 2.118055555555555802e-01
2.305555555555555691e-01 2.340277777777777790e-01
1.958333333333333592e-01 2.493055555555555580e-01
1.875000000000000000e-01 2.409722222222221988e-01
1.986111111111111271e-01 2.631944444444444531e-01
2.249999999999999778e-01 2.729166666666666963e-01
2.374999999999999889e-01 2.965277777777777790e-01
2.777777777777777901e-01 3.201388888888888618e-01
2.791666666666666741e-01 3.381944444444444642e-01
2.625000000000000111e-01 3.298611111111111049e-01
2.361111111111111049e-01 3.451388888888888840e-01
2.625000000000000111e-01 3.381944444444444642e-01
2.736111111111111382e-01 3.631944444444444309e-01
3.027777777777778123e-01 3.756944444444444420e-01
2.902777777777777457e-01 4.020833333333333481e-01
2.805555555555555580e-01 4.006944444444444642e-01
2.791666666666666741e-01 3.798611111111110938e-01
2.472222222222222321e-01 3.868055555555555691e-01
2.708333333333333703e-01 3.881944444444444531e-01
2.888888888888888618e-01 4.145833333333333037e-01
2.819444444444444420e-01 4.215277777777777790e-01
2.625000000000000111e-01 4.131944444444444198e-01
2.152777777777777901e-01 4.270833333333333148e-01
1.819444444444444642e-01 4.159722222222221877e-01
1.722222222222222210e-01 4.340277777777777901e-01
1.986111111111111271e-01 4.326388888888889062e-01
2.013888888888888951e-01 4.437499999999999778e-01
1.875000000000000000e-01 4.409722222222222099e-01
1.402777777777777790e-01 4.631944444444444642e-01
1.319444444444444198e-01 4.548611111111111049e-01
8.333333333333331483e-02 4.645833333333333481e-01
1.083333333333333370e-01 4.729166666666666519e-01
1.124999999999999889e-01 4.881944444444444309e-01
1.458333333333333148e-01 4.854166666666666630e-01
1.097222222222222210e-01 5.326388888888888840e-01
1.055555555555555691e-01 5.256944444444444642e-01
1.166666666666666408e-01 5.145833333333332815e-01
1.041666666666666852e-01 5.104166666666666297e-01
4.722222222222222099e-02 5.562500000000000222e-01
6.388888888888888395e-02 5.562500000000000222e-01
7.777777777777777901e-02 5.729166666666666297e-01
6.805555555555553582e-02 5.881944444444444642e-01
8.333333333333359239e-03 6.145833333333333703e-01
0.000000000000000000e+00 6.368055555555556246e-01
6.944444444444419773e-03 6.437500000000000444e-01
7.083333333333335924e-02 6.243055555555555580e-01
8.472222222222219878e-02 6.298611111111110938e-01
1.263888888888888840e-01 6.048611111111110716e-01
1.527777777777777901e-01 6.201388888888889062e-01
1.277777777777777679e-01 6.534722222222222321e-01
1.402777777777777790e-01 6.548611111111111160e-01
1.513888888888889062e-01 6.743055555555554914e-01
2.069444444444444309e-01 6.354166666666666297e-01
2.194444444444444420e-01 6.451388888888889284e-01
1.986111111111111271e-01 6.854166666666666741e-01
2.152777777777777901e-01 6.854166666666666741e-01
2.763888888888889062e-01 6.409722222222222765e-01
2.958333333333333370e-01 6.437500000000000444e-01
3.152777777777777679e-01 6.243055555555555580e-01
3.291666666666666630e-01 6.270833333333333259e-01
3.055555555555555802e-01 6.534722222222222321e-01
3.541666666666666297e-01 6.215277777777777901e-01
3.833333333333333037e-01 6.173611111111111382e-01
3.555555555555555691e-01 6.673611111111110716e-01
3.624999999999999889e-01 6.743055555555554914e-01
3.875000000000000111e-01 6.354166666666666297e-01
3.805555555555555358e-01 6.534722222222222321e-01
4.027777777777777901e-01 6.645833333333333037e-01
3.624999999999999889e-01 7.381944444444443754e-01
3.958333333333333148e-01 7.326388888888888395e-01
3.944444444444444309e-01 7.701388888888889284e-01
3.777777777777777679e-01 7.951388888888888395e-01
4.027777777777777901e-01 8.006944444444443754e-01
3.777777777777777679e-01 8.534722222222221877e-01
3.875000000000000111e-01 8.576388888888888395e-01
3.972222222222222543e-01 8.284722222222222765e-01
4.208333333333333370e-01 8.020833333333332593e-01
4.430555555555555358e-01 8.048611111111111382e-01
4.472222222222222432e-01 8.256944444444445086e-01
4.333333333333333481e-01 8.479166666666666519e-01
4.444444444444444198e-01 8.618055555555554914e-01
4.333333333333333481e-01 9.090277777777777679e-01
4.541666666666666630e-01 9.187499999999999556e-01
4.819444444444444531e-01 9.020833333333333481e-01
4.972222222222222321e-01 9.201388888888888395e-01
4.986111111111111160e-01 9.715277777777777679e-01
5.166666666666667185e-01 9.756944444444444198e-01
5.416666666666666297e-01 8.979166666666666963e-01
5.138888888888888395e-01 8.951388888888889284e-01
5.416666666666666297e-01 8.645833333333332593e-01
5.458333333333332815e-01 8.437500000000000000e-01
5.791666666666666075e-01 8.576388888888888395e-01
5.847222222222222543e-01 8.715277777777777901e-01
5.944444444444444420e-01 8.534722222222221877e-01
5.833333333333333703e-01 8.423611111111111160e-01
5.972222222222222099e-01 8.229166666666667407e-01
5.791666666666666075e-01 8.159722222222222099e-01
5.749999999999999556e-01 8.006944444444443754e-01
5.902777777777777901e-01 7.826388888888888840e-01
6.069444444444443976e-01 8.048611111111111382e-01
6.305555555555555358e-01 8.062500000000000222e-01
6.166666666666666963e-01 7.895833333333333037e-01
6.250000000000000000e-01 7.534722222222222099e-01
6.055555555555555136e-01 7.340277777777777235e-01
6.138888888888889284e-01 7.173611111111111160e-01
5.999999999999999778e-01 7.006944444444445086e-01
6.083333333333333925e-01 6.729166666666666075e-01
6.222222222222222321e-01 6.784722222222222543e-01
6.208333333333333481e-01 6.993055555555556246e-01
6.347222222222221877e-01 6.993055555555556246e-01
6.361111111111110716e-01 6.756944444444443754e-01
6.138888888888889284e-01 6.590277777777777679e-01
6.166666666666666963e-01 6.229166666666666741e-01
6.291666666666666519e-01 6.326388888888888618e-01
6.583333333333333259e-01 6.284722222222222099e-01
6.444444444444443754e-01 6.506944444444444642e-01
6.486111111111111382e-01 6.604166666666666519e-01
6.638888888888888618e-01 6.284722222222222099e-01
6.597222222222222099e-01 6.187500000000000222e-01
6.472222222222222543e-01 6.201388888888889062e-01
6.708333333333333925e-01 6.104166666666666075e-01
6.805555555555555802e-01 6.256944444444444420e-01
6.736111111111111605e-01 6.409722222222222765e-01
6.902777777777777679e-01 6.409722222222222765e-01
7.041666666666666075e-01 6.659722222222221877e-01
7.208333333333333259e-01 6.548611111111111160e-01
7.444444444444444642e-01 6.673611111111110716e-01
7.361111111111111605e-01 6.423611111111111605e-01
7.569444444444444198e-01 6.381944444444445086e-01
7.736111111111111382e-01 6.631944444444444198e-01
8.152777777777777679e-01 6.687499999999999556e-01
8.291666666666666075e-01 6.881944444444444420e-01
8.416666666666666741e-01 6.868055555555555580e-01
8.319444444444443754e-01 6.548611111111111160e-01
8.152777777777777679e-01 6.548611111111111160e-01
8.166666666666666519e-01 6.229166666666666741e-01
7.916666666666667407e-01 6.229166666666666741e-01
8.125000000000000000e-01 6.104166666666666075e-01
8.263888888888888395e-01 6.298611111111110938e-01
8.708333333333333481e-01 6.409722222222222765e-01
8.930555555555554914e-01 6.354166666666666297e-01
9.069444444444444420e-01 6.520833333333333481e-01
9.208333333333333925e-01 6.493055555555555802e-01
9.361111111111111160e-01 6.256944444444444420e-01
9.250000000000000444e-01 6.201388888888889062e-01
9.458333333333333037e-01 6.020833333333333037e-01
9.847222222222222765e-01 6.131944444444444864e-01
1.000000000000000000e+00 6.006944444444444198e-01
9.597222222222221433e-01 5.715277777777777457e-01
9.319444444444444642e-01 5.715277777777777457e-01
9.097222222222222099e-01 5.381944444444444198e-01
8.874999999999999556e-01 5.409722222222221877e-01
8.833333333333333037e-01 5.284722222222222321e-01
9.277777777777778123e-01 5.034722222222222099e-01
9.041666666666666741e-01 5.020833333333333259e-01
9.027777777777777901e-01 4.840277777777777790e-01
8.791666666666666519e-01 4.881944444444444309e-01
8.361111111111111382e-01 4.701388888888888840e-01
8.805555555555555358e-01 4.395833333333333259e-01
8.416666666666666741e-01 4.395833333333333259e-01
8.416666666666666741e-01 4.312500000000000222e-01
8.236111111111110716e-01 4.354166666666666741e-01
8.097222222222222321e-01 4.270833333333333148e-01
7.277777777777777457e-01 4.312500000000000222e-01
7.277777777777777457e-01 4.229166666666666630e-01
7.555555555555555358e-01 4.090277777777777679e-01
7.652777777777777235e-01 4.159722222222221877e-01
7.694444444444443754e-01 4.006944444444444642e-01
7.208333333333333259e-01 3.965277777777778123e-01
6.986111111111110716e-01 4.104166666666666519e-01
6.861111111111111160e-01 4.062500000000000000e-01
7.444444444444444642e-01 3.618055555555555469e-01
7.097222222222222543e-01 3.743055555555555580e-01
6.916666666666666519e-01 3.618055555555555469e-01
7.750000000000000222e-01 2.951388888888888951e-01
7.500000000000000000e-01 2.784722222222222321e-01
7.763888888888889062e-01 2.409722222222221988e-01
8.013888888888889284e-01 2.381944444444444309e-01
8.236111111111110716e-01 2.048611111111111049e-01
8.027777777777778123e-01 2.145833333333333481e-01
8.069444444444444642e-01 1.937499999999999778e-01
7.736111111111111382e-01 1.993055555555555691e-01
7.916666666666667407e-01 1.756944444444444309e-01
7.861111111111110938e-01 1.534722222222222321e-01
8.083333333333333481e-01 1.118055555555555469e-01
7.722222222222221433e-01 1.090277777777777790e-01
7.888888888888888618e-01 8.402777777777775681e-02
7.888888888888888618e-01 6.180555555555555802e-02
8.055555555555555802e-01 4.236111111111112715e-02
