5.723128833146122751e-01 6.777399838330422366e-02
5.546346665632853057e-01 8.228491366100043614e-02
5.435857810937060330e-01 8.787379661684530108e-02
5.303271185302108615e-01 8.680659464380524604e-02
5.126489017788840030e-01 9.536084465711408553e-02
4.927609079336412456e-01 9.667930843436484123e-02
4.728729140883984883e-01 9.227140629696634067e-02
4.640338057127350591e-01 7.940455421050779394e-02
4.551946973370716298e-01 7.896223653318457103e-02
4.353067034918288725e-01 8.648773971077500233e-02
4.198382638344178575e-01 7.654463743475037329e-02
3.996543176998113012e-01 9.904947257541973915e-02
3.908794914343108329e-01 1.167276893267466531e-01
3.896323107891217497e-01 1.321961289841576681e-01
3.755521573211040853e-01 1.565036770172321678e-01
3.793199291514449678e-01 1.719721166746431829e-01
3.658306520241607629e-01 2.139578814590445410e-01
3.672697384361850448e-01 2.250067669286238137e-01
3.611342674296530442e-01 2.404752065860348842e-01
3.622893546600090553e-01 2.493143149616983134e-01
3.724619821997066094e-01 2.515240920556141568e-01
3.655934975528166153e-01 2.669925317130251718e-01
3.700523157259701934e-01 3.023489652156789997e-01
3.638629102169953500e-01 3.200271819670058582e-01
3.648611482317530852e-01 3.399151758122486156e-01
3.595955311550449451e-01 3.553836154696596306e-01
3.623840593926054288e-01 3.606995886672874629e-01
3.692501525058440315e-01 3.642227238453230598e-01
3.660386907402355394e-01 3.774813864088182314e-01
3.668628040383099531e-01 3.863204947844816606e-01
3.711245170051476472e-01 3.929498260662292464e-01
3.715213122968130666e-01 4.128378199114720037e-01
3.665719434012363331e-01 4.260964824749671753e-01
3.675904281517556882e-01 4.459844763202099327e-01
3.639800095159891891e-01 4.592431388837051043e-01
3.654838855937929676e-01 4.636626930715367911e-01
3.797658426313338942e-01 4.658724701654526346e-01
3.713889010503125254e-01 4.857604640106953919e-01
3.763736482256266336e-01 4.990191265741905635e-01
3.702172244643221477e-01 5.410048913585919772e-01
3.734329448621847569e-01 5.634601262394134391e-01
3.844818303317640851e-01 5.656506705795106837e-01
3.873405102230996766e-01 5.697319935794981083e-01
3.867106572282136834e-01 5.763613248612456941e-01
3.799670271312635128e-01 5.874102103308249667e-01
3.782906445082928615e-01 5.962493187064884514e-01
3.843529266679522882e-01 6.072982041760677241e-01
3.776392749444632546e-01 6.470741918665532388e-01
3.889013845195957719e-01 6.523224124646034294e-01
3.910159126008428410e-01 6.559133002422167236e-01
3.911111616135116709e-01 6.742544501217183628e-01
3.889013845195957719e-01 6.717368826468641529e-01
3.822720532378481861e-01 6.714398919284150224e-01
3.734329448621847569e-01 6.758565385148073146e-01
3.579645052047737419e-01 6.676461643361032428e-01
3.380765113595309845e-01 6.734626133297317852e-01
3.248178487960358130e-01 6.613390922138850936e-01
3.137689633264565403e-01 6.624854821163630447e-01
2.983005236690454698e-01 6.734534059251737759e-01
2.938809694812137829e-01 6.732158548875779580e-01
2.878924735567017779e-01 6.625426315239643094e-01
2.784125298238027124e-01 6.596595629717458831e-01
2.651538672603075408e-01 6.654493383167304765e-01
2.496854276028965813e-01 6.619383955998466851e-01
2.320072108515696674e-01 6.715085303886229040e-01
2.275876566637379250e-01 6.712436288312579880e-01
2.165387711941586524e-01 6.598800312550656688e-01
2.099094399124110666e-01 6.603920448879212479e-01
1.856018918793365668e-01 6.803541968930275630e-01
1.789725605975889811e-01 6.819094515263023348e-01
1.723432293158414508e-01 6.673906118830654766e-01
1.679236751280097084e-01 6.671002967801658023e-01
1.524552354705986934e-01 6.761092138464477319e-01
1.436161270949352087e-01 6.729872810694259577e-01
1.347770187192717795e-01 6.755053417980956265e-01
1.170988019679449210e-01 6.893678764099429035e-01
1.016303623105338505e-01 6.839774693349480739e-01
8.174236846529114864e-02 6.909737814555066970e-01
7.296245054750044590e-02 7.001088421205339252e-01
6.878503914187539259e-02 7.133675046840290968e-01
5.743482043221664890e-02 7.225749092420118425e-01
4.417615786872147732e-02 7.285747888667045702e-01
3.908331222258726312e-02 7.354652756231876420e-01
3.872416684192908631e-02 7.465141610927670257e-01
2.783655608774748824e-02 7.597728236562621973e-01
2.132505382936428218e-02 7.730314862197573689e-01
1.601876380484046347e-02 8.017585884406635000e-01
1.812495759747906332e-02 8.194368051919904694e-01
0.000000000000000000e+00 8.481639074128966005e-01
2.737496865359845266e-04 8.547932386946441863e-01
4.400170178236018081e-03 8.576417794797701610e-01
1.790052711137823938e-02 8.570030157885599742e-01
1.959759943733663246e-02 8.614225699763917721e-01
8.878914823940486922e-03 8.768910096338027316e-01
9.606538937386277510e-03 8.923594492912138021e-01
5.856614171953267167e-03 9.100376660425406605e-01
1.544905564781529073e-02 9.310526462056805119e-01
4.638593496263737626e-02 9.224974091951585464e-01
6.185437462004839126e-02 9.213182216913209377e-01
8.174236846529114864e-02 9.121206526474614495e-01
8.845254525047463456e-02 9.144572202303724584e-01
8.706592237336113760e-02 9.232963286060358321e-01
9.058147684095457786e-02 9.242949778696325502e-01
1.016303623105338505e-01 9.194906013887362839e-01
1.170988019679449210e-01 9.209959868771234737e-01
1.325672416253559360e-01 9.151995672228597778e-01
1.458259041888511076e-01 9.165778934092110308e-01
1.767627835036731376e-01 9.124791133156574530e-01
2.099094399124110666e-01 9.005016279680269076e-01
2.275876566637379250e-01 9.116358084051048305e-01
2.430560963211489955e-01 8.983135709053760021e-01
2.474756505089806824e-01 8.975372603249970327e-01
2.563147588846441671e-01 9.094033781729907728e-01
2.739929756359710256e-01 9.038464802190695480e-01
2.872516381994661971e-01 9.085588152181509614e-01
3.159787404203723837e-01 8.959921889077269164e-01
3.402862884534468835e-01 9.013945862800472053e-01
3.557547281108578430e-01 8.921602070942213913e-01
3.601742822986895853e-01 8.919727382997785226e-01
3.690133906743530146e-01 9.005523021016754726e-01
3.866916074256799285e-01 8.924347826012336560e-01
3.913643652388562044e-01 9.034083347607930747e-01
3.999502699891751001e-01 9.058141404678790032e-01
4.198382638344178575e-01 8.945130456115555351e-01
4.286773722100812867e-01 8.928946296811466343e-01
4.463555889614081451e-01 8.988230472909177760e-01
4.684533599005668014e-01 8.903126885402916635e-01
4.795022453701460741e-01 8.977288199492374776e-01
4.927609079336412456e-01 8.903272435709161936e-01
4.991260267367684245e-01 8.923594492912138021e-01
5.020368327115903861e-01 9.034083347607930747e-01
5.060195704971364172e-01 9.053704644217701603e-01
5.303271185302108615e-01 8.942306315078361045e-01
5.391662269058743462e-01 8.931017962837011215e-01
5.590542207511171036e-01 8.990793452079579584e-01
5.723128833146122751e-01 8.921239812402228520e-01
5.811519916902756488e-01 8.930584604127586035e-01
5.877813229720232346e-01 8.998947891814668143e-01
5.922008771598550325e-01 8.995199769897681552e-01
6.032497626294343052e-01 8.918832042278699301e-01
6.076693168172659920e-01 8.943965875496675544e-01
6.101322975365263135e-01 9.034083347607930747e-01
6.142986480990135778e-01 9.061705561281878651e-01
6.386061961320881331e-01 8.965116917338138425e-01
6.518648586955831936e-01 8.965116917338138425e-01
6.673332983529942641e-01 9.018614907950519566e-01
6.828017380104052236e-01 8.944424358961344801e-01
6.872212921982370215e-01 8.949006929492170359e-01
6.938506234799846073e-01 9.053142675042955556e-01
7.004799547617321931e-01 9.065125454403415439e-01
7.093190631373955668e-01 9.033130857481243003e-01
7.225777257008907384e-01 9.093643745842381332e-01
7.446754966400493947e-01 9.009312459216454183e-01
7.557243821096286673e-01 9.001596326152601080e-01
7.645634904852921521e-01 9.032207121773474512e-01
7.711928217670397379e-01 9.107366771640854619e-01
7.778221530487873236e-01 9.128590778678082884e-01
7.910808156122823842e-01 9.044681258160385262e-01
7.977101468940299700e-01 9.120043676561258028e-01
8.308568033027678990e-01 9.146501372782538386e-01
8.529545742419265553e-01 9.070410743773063000e-01
8.640034597115058279e-01 9.091949544389286153e-01
8.794718993689168984e-01 9.212857937091124549e-01
8.971501161202437569e-01 9.194906013887362839e-01
9.347163267168134837e-01 9.217494846402947140e-01
9.501847663742244432e-01 9.188997929295991129e-01
9.549099280324913064e-01 9.299256598877834179e-01
9.612336518438038269e-01 9.322260016166958874e-01
9.811216456890464732e-01 9.262030353988022213e-01
9.877703609803898388e-01 9.210865515121200442e-01
1.000000000000000000e+00 8.945692263851297010e-01
9.989415148181883808e-01 8.901496721972979032e-01
9.891477228697785895e-01 8.835203409155503174e-01
9.877322500462694110e-01 8.746812325398869437e-01
9.967893275434499545e-01 8.592127928824758731e-01
9.948406784804407765e-01 8.371150219433172168e-01
9.823816063127703835e-01 8.282759135676538431e-01
9.865471431808250369e-01 8.061781426284952978e-01
9.862381295757286503e-01 7.840803716893366415e-01
9.789315987477549275e-01 7.730314862197573689e-01
9.782040493697357064e-01 7.664021549380097831e-01
9.854307110221823818e-01 7.531434923745146115e-01
9.744923144072989984e-01 7.521884192237543454e-01
9.701377536634058218e-01 7.487239381866828136e-01
9.656532060316354027e-01 7.274668433158617553e-01
9.546043205620562411e-01 7.243959292545906203e-01
9.498105299308998717e-01 7.177870588718607836e-01
9.508580578325269705e-01 7.067381734022815110e-01
9.457652121863926453e-01 7.001691087685497639e-01
9.347163267168134837e-01 6.981345330776090874e-01
9.148283328715707263e-01 6.891622611460432868e-01
9.059892244959072416e-01 6.750033190257676008e-01
8.993598932141596558e-01 6.753777534777922753e-01
8.883110077445803832e-01 6.809286675006860357e-01
8.573741284297582421e-01 6.707188067714529023e-01
8.396959116784313837e-01 6.761769561934251049e-01
8.352160908425838581e-01 6.647524086178802083e-01
8.264372491149362121e-01 6.594455954453700697e-01
8.109688094575251416e-01 6.632395612228145776e-01
7.977101468940299700e-01 6.583624698546400866e-01
7.778221530487873236e-01 6.663035021549557069e-01
7.689830446731238389e-01 6.547097609321375078e-01
7.513048279217969805e-01 6.578151575771442605e-01
7.402559424522177078e-01 6.650483609072439517e-01
7.336266111704701220e-01 6.663688196402816066e-01
7.269972798887225363e-01 6.601869257540351477e-01
7.181581715130590515e-01 6.574601442079577307e-01
7.004799547617321931e-01 6.651908564539745772e-01
6.872212921982370215e-01 6.627083648060079213e-01
6.673332983529942641e-01 6.734626133297317852e-01
6.607039670712466783e-01 6.716776921889915375e-01
6.518648586955831936e-01 6.639188962052627874e-01
6.474453045077515068e-01 6.645498457176045592e-01
6.275573106625087494e-01 6.805562608699033955e-01
6.142986480990135778e-01 6.851547471315343474e-01
6.113318177414412968e-01 6.824306253692070667e-01
6.099343383385297246e-01 6.537035231483008246e-01
6.001601668777556409e-01 6.448644147726374509e-01
6.129223834177152108e-01 6.028786499882360372e-01
6.048207760321401283e-01 5.918297645186567646e-01
6.052278695441493106e-01 5.874102103308249667e-01
6.164890411833336969e-01 5.697319935794981083e-01
6.186991524843115098e-01 5.056484578559381493e-01
6.253659483777088690e-01 4.923897952924429777e-01
6.243627416028260102e-01 4.879702411046112909e-01
6.102173250990261533e-01 4.813409098228637051e-01
6.097870198656020202e-01 4.769213556350319627e-01
6.217141500776350860e-01 4.614529159776209477e-01
6.247432976444753372e-01 4.526138076019575185e-01
6.220988314230598837e-01 4.393551450384623469e-01
6.234763513519705480e-01 3.973693802540609887e-01
6.296402972674294274e-01 3.796911635027340748e-01
6.275573106625087494e-01 3.739407208378848213e-01
6.159559809194504743e-01 3.708520551270706456e-01
6.137818453915655503e-01 3.664325009392389587e-01
6.275379266529130806e-01 3.465445070939962013e-01
6.283106437627072882e-01 3.377053987183327166e-01
6.229060862954761690e-01 3.133978506852582724e-01
6.250802218233610930e-01 2.846707484643520858e-01
6.299274748035637028e-01 2.714120859008569142e-01
6.276326439725287143e-01 2.647827546191093284e-01
6.143677036331984809e-01 2.581534233373617426e-01
6.261244083281727324e-01 2.382654294921189853e-01
6.269084078650890568e-01 2.316360982103713995e-01
6.228704447294453050e-01 2.205872127407921268e-01
6.206606676355294061e-01 1.763916708624748697e-01
6.250713114318533492e-01 1.653427853928955971e-01
6.209279793807611636e-01 1.587759949722966080e-01
6.098790939111818910e-01 1.562965104146775142e-01
6.070905656736214073e-01 1.520841228294004255e-01
6.164178605579329062e-01 1.299863518902418247e-01
6.096310577067628467e-01 1.100983580449990673e-01
5.944106542537708204e-01 1.030218099704351409e-01
5.921088031142751618e-01 9.904947257541973915e-02
5.929318034293810102e-01 8.579081001192462308e-02
5.877813229720232346e-01 7.517874094463100620e-02
