5.571863703307001758e-01 1.220543044218471151e-01
5.527011648145668810e-01 1.207378475842224574e-01
5.482159592984334751e-01 1.214415230541823765e-01
5.414881510242335327e-01 1.261684125768242626e-01
5.256564434583580470e-01 1.426675614397432956e-01
5.168195206855000778e-01 1.497357647754355980e-01
5.033639041370999712e-01 1.563944605798449627e-01
4.988786986209666763e-01 1.571775360012642175e-01
4.854230820725666251e-01 1.571775360012642175e-01
4.809378765564332747e-01 1.563621438558061572e-01
4.764526710402999243e-01 1.542543423564211591e-01
4.674822600080332236e-01 1.480799969423849949e-01
4.562692462176998198e-01 1.372982529132182883e-01
4.540266434596331724e-01 1.356394045818736793e-01
4.495414379434998220e-01 1.334949485194541485e-01
4.472988351854331190e-01 1.329326267399539296e-01
4.428136296692997687e-01 1.327097357602681771e-01
4.383284241531664183e-01 1.334949485194541485e-01
4.338432186370330679e-01 1.356747182941353547e-01
4.316006158789664204e-01 1.374271937703834823e-01
4.290576645372300435e-01 1.404249586816766482e-01
4.265734480296335951e-01 1.449101641978099986e-01
4.201486362209702063e-01 1.606083835042766972e-01
4.151038940753092876e-01 1.807918083268768017e-01
4.144922751412910555e-01 1.875196166010767995e-01
4.128835082443330085e-01 1.942474248752768529e-01
4.122279782073596799e-01 2.099456441817435515e-01
4.103963047262016994e-01 2.189160552140102523e-01
4.102958896773329922e-01 2.413420827946770042e-01
4.093735288655475091e-01 2.525550965850104079e-01
4.098128675448263203e-01 2.592829048592104613e-01
4.088720149103065582e-01 2.682533158914771620e-01
4.090841607677324632e-01 2.794663296818105103e-01
4.083983027281996581e-01 2.861941379560105636e-01
4.095127585554684257e-01 3.018923572624772622e-01
4.092297342677602701e-01 3.108627682947439630e-01
4.102958896773329922e-01 3.243183848431440142e-01
4.105507308998405658e-01 3.534722206980107639e-01
4.123176300425597796e-01 3.646852344883441677e-01
4.128835082443330085e-01 3.960816731012776204e-01
4.144705809654263273e-01 4.028094813754776737e-01
4.151261110023997114e-01 4.274781117142110731e-01
4.167131837234929748e-01 4.342059199884110710e-01
4.173687137604663588e-01 4.543893448110111755e-01
4.189557864815596777e-01 4.611171530852112288e-01
4.196113165185330063e-01 4.857857834239446282e-01
4.211983892396263807e-01 4.925135916981446815e-01
4.217637446901739695e-01 5.082118110046114356e-01
4.235306438328931278e-01 5.194248247949447839e-01
4.240063474482406169e-01 5.283952358272114846e-01
4.257732465909598307e-01 5.396082496175448329e-01
4.263391247927330596e-01 5.553064689240115870e-01
4.279261975138263785e-01 5.620342771982116403e-01
4.280297022565063836e-01 5.665194827143449352e-01
4.271154103628330700e-01 5.693227361619283000e-01
4.248728076047663671e-01 5.712604236327138985e-01
4.226302048466996641e-01 5.716015099322219184e-01
4.159023965724996663e-01 5.702061857332879624e-01
4.091745882982996685e-01 5.695945667992696748e-01
4.024467800240996151e-01 5.679857999023116832e-01
3.912337662337662669e-01 5.673302698653382992e-01
3.822633552014995661e-01 5.654985963841803187e-01
3.418965055562993571e-01 5.656530225578192406e-01
3.306834917659660089e-01 5.674199217005384543e-01
3.239556834917659556e-01 5.678956253158858880e-01
3.127426697014326074e-01 5.696625244586051018e-01
3.060148614272325540e-01 5.702061857332879624e-01
2.948018476368992058e-01 5.724487884913546099e-01
2.566776007497657552e-01 5.819102484168832135e-01
2.409793814432990011e-01 5.870465321531004310e-01
2.252811621368322470e-01 5.909491471854155797e-01
2.095829428303655484e-01 5.973739589940789685e-01
1.871569152496987964e-01 6.087885400561194871e-01
1.737012987012987453e-01 6.177527620872681480e-01
1.624882849109653415e-01 6.261856541717535363e-01
1.580030793948319912e-01 6.302395899267202450e-01
1.447343464096041976e-01 6.405253737305451889e-01
1.310918462980318888e-01 6.529054563031377878e-01
1.010365720796285172e-01 6.831348261338120453e-01
9.167040761946770866e-02 6.943478399241453936e-01
7.703218173579001737e-02 7.100460592306121477e-01
7.371140457480668262e-02 7.145312647467455536e-01
6.517226330370662346e-02 7.235016757790122544e-01
6.025578802640663145e-02 7.302294840532121967e-01
5.620185227143992268e-02 7.347146895693456026e-01
4.680017147800658028e-02 7.481703061177455982e-01
4.108738739169526255e-02 7.548981143919457626e-01
3.724292552072377971e-02 7.616259226661457049e-01
3.211697635942856177e-02 7.683537309403457582e-01
2.559285275691247641e-02 7.795667447306791065e-01
2.178365019859868079e-02 7.885371557629458072e-01
1.592646155834925858e-02 7.997501695532791555e-01
1.214045833891191917e-02 8.087205805855459673e-01
7.441241000436249475e-03 8.244187998920126104e-01
2.487203518131420044e-03 8.468448274726794178e-01
1.831673481158035965e-03 8.580578412630127660e-01
0.000000000000000000e+00 8.670282522952794668e-01
1.065944364913584685e-04 8.737560605694794091e-01
1.020886330164727518e-03 8.765593140170628850e-01
3.263489088231374957e-03 8.785756893039209370e-01
5.506091846298077908e-03 8.791210563983928861e-01
9.991297362431428297e-03 8.790175516557128255e-01
2.120431115276477652e-02 8.763061169314746435e-01
3.017472218503147730e-02 8.734124359533241844e-01
3.690253045923153064e-02 8.718209114153412376e-01
5.035814700763158180e-02 8.667525224479761814e-01
5.708595528183157963e-02 8.650207611166875754e-01
7.278417458829833375e-02 8.577085834564286415e-01
7.726938010443168414e-02 8.561277323318898791e-01
8.848239389476503236e-02 8.509807751822285882e-01
9.296759941089843826e-02 8.493999240576897147e-01
9.745280492703178865e-02 8.471792506909875398e-01
1.019380104431651390e-01 8.442284575882681441e-01
1.153936269915651902e-01 8.382088396587208390e-01
1.198788325076985406e-01 8.352513721430311344e-01
1.355770518141652392e-01 8.265260731732994026e-01
1.490326683625652904e-01 8.200302582878649105e-01
1.647308876690320445e-01 8.113035784051048083e-01
1.692160931851653949e-01 8.083401390462310321e-01
1.781865042174320957e-01 8.036560360235787126e-01
1.871569152496987964e-01 7.998468334652648615e-01
1.938847235238987943e-01 7.959301428213181318e-01
2.006125317980988476e-01 7.931190251910648081e-01
2.095829428303655484e-01 7.879479974112503227e-01
2.320089704110323003e-01 7.769748841660282235e-01
2.477071897174989989e-01 7.709088275253561662e-01
2.566776007497657552e-01 7.659757987054991446e-01
2.746184228142991568e-01 7.596958137350227069e-01
2.813462310884991546e-01 7.567914593434281745e-01
3.217130807336993081e-01 7.433414759854569676e-01
3.284408890078993615e-01 7.417499514474741318e-01
3.374113000401660623e-01 7.388562704693235617e-01
3.575947248627661113e-01 7.338348992565655315e-01
3.710503414111661624e-01 7.312631837620086062e-01
3.777781496853661602e-01 7.294186969022189437e-01
3.845059579595662136e-01 7.288533414516713549e-01
3.979615745079662648e-01 7.265895672689656193e-01
4.046893827821662626e-01 7.249334913860855378e-01
4.159023965724996663e-01 7.243681359355379490e-01
4.271154103628330700e-01 7.226012367928187352e-01
4.383284241531664183e-01 7.220353585910455063e-01
4.472988351854331190e-01 7.202047150078246807e-01
5.190621234435667253e-01 7.202047150078246807e-01
5.459733565403668276e-01 7.226012367928187352e-01
5.571863703307001758e-01 7.243681359355379490e-01
5.683993841210336351e-01 7.249334913860855378e-01
5.863402061855670366e-01 7.287853837923359279e-01
6.110088365243004915e-01 7.327433694029805711e-01
6.177366447985004339e-01 7.349536554370084129e-01
6.289496585888338931e-01 7.377557948246026287e-01
6.334348641049671880e-01 7.383674137586209163e-01
6.446478778953005362e-01 7.411667679962423705e-01
6.513756861695005895e-01 7.439202121810870594e-01
6.670739054759673436e-01 7.478945762704424238e-01
6.760443165082340444e-01 7.517331508220934655e-01
6.827721247824340978e-01 7.535417014334375718e-01
7.096833578792340891e-01 7.633639398036473622e-01
7.343519882179675440e-01 7.738601216409558559e-01
7.410797964921675973e-01 7.776044673173707622e-01
7.522928102825010566e-01 7.816740180119658987e-01
7.612632213147676463e-01 7.868457011403362511e-01
7.792040433793010479e-01 7.958069263703453355e-01
7.881744544115678597e-01 7.996148400764993003e-01
7.971448654438344494e-01 8.047865232048696527e-01
8.218134957825679043e-01 8.171018332661170724e-01
8.307839068148346051e-01 8.222728610459315579e-01
8.352691123309679000e-01 8.242834704152326442e-01
8.509673316374346541e-01 8.334858748362650172e-01
8.599377426697014659e-01 8.372950773945788683e-01
8.890915785245681047e-01 8.516425268157564732e-01
9.092750033471682647e-01 8.597873061018608265e-01
9.451566474762350678e-01 8.718160311994058720e-01
9.541270585085017686e-01 8.734178903123106519e-01
9.653400722988352278e-01 8.767749488976461780e-01
9.720678805730351701e-01 8.774087847587547229e-01
9.810382916053018709e-01 8.792621524157775426e-01
9.922513053956352191e-01 8.791555579792861286e-01
9.944939081537018666e-01 8.786085889511581204e-01
9.974092917391885749e-01 8.759986633275461676e-01
9.989974956596554545e-01 8.715134578114127617e-01
9.994240745345310817e-01 8.535726357468793601e-01
1.000000000000000000e+00 8.468448274726794178e-01
9.998455738263609671e-01 8.378744164404126060e-01
9.980786746836418644e-01 8.266614026500793688e-01
9.963567152833863183e-01 8.109631833436126147e-01
9.936614268268437744e-01 8.019927723113458029e-01
9.930498078928257089e-01 7.975075667952125080e-01
9.903161562414970476e-01 7.862945530048791598e-01
9.880785937064455737e-01 7.795667447306791065e-01
9.766497500011541710e-01 7.526555116338790041e-01
9.678830236405714382e-01 7.369572923274122500e-01
9.627570744792761648e-01 7.302294840532121967e-01
9.589126126083047374e-01 7.235016757790122544e-01
9.505259560027601307e-01 7.122886619886787951e-01
9.419868147316600160e-01 7.033182509564122054e-01
9.370703394543600240e-01 6.965904426822121520e-01
9.047897978310348588e-01 6.643099010588869868e-01
8.980619895568349165e-01 6.593934257815869948e-01
8.935767840407015106e-01 6.553394900266202860e-01
8.868489757665014572e-01 6.504230147493202940e-01
8.801211674923015149e-01 6.441264762362869378e-01
8.733933592181014616e-01 6.392100009589869458e-01
8.666655509439014082e-01 6.334509813937349021e-01
8.330265095729012526e-01 6.110311428141861345e-01
8.061152764761012612e-01 5.976034275003346830e-01
7.859318516535011012e-01 5.908806594491499142e-01
7.657484268309010522e-01 5.859266219668450848e-01
7.567780157986343514e-01 5.855146627919992630e-01
7.522928102825010566e-01 5.847984750360470940e-01
7.455650020083008922e-01 5.825669598273958139e-01
7.388371937341009499e-01 5.796626054358012814e-01
7.186537689115009009e-01 5.729398373846165127e-01
7.074407551211674416e-01 5.702061857332879624e-01
7.007129468469674993e-01 5.695945667992696748e-01
6.939851385727674460e-01 5.679635829752212040e-01
6.782869192663006919e-01 5.656530225578192406e-01
6.513756861695005895e-01 5.651773189424716959e-01
6.424052751372338887e-01 5.643320259257389448e-01
6.334348641049671880e-01 5.651773189424716959e-01
6.087662337662337331e-01 5.656530225578192406e-01
5.975532199759003849e-01 5.674199217005384543e-01
5.885828089436336841e-01 5.678956253158858880e-01
5.773697951533003359e-01 5.696625244586051018e-01
5.706419868791002825e-01 5.702061857332879624e-01
5.639141786049002292e-01 5.717809738005783515e-01
5.594289730887669343e-01 5.713391114487864630e-01
5.571863703307001758e-01 5.693886950665772995e-01
5.562375768561336198e-01 5.665194827143449352e-01
5.562859313445068787e-01 5.553064689240115870e-01
5.580528304872259815e-01 5.440934551336782388e-01
5.586181859377734593e-01 5.216674275530114313e-01
5.602052586588669447e-01 5.149396192788113780e-01
5.608607886958402178e-01 4.902709889400779786e-01
5.624478614169335922e-01 4.835431806658779808e-01
5.630137396187068211e-01 4.656023586013445792e-01
5.647806387614260348e-01 4.543893448110111755e-01
5.652563423767735795e-01 4.364485227464777739e-01
5.670232415194926823e-01 4.252355089561443702e-01
5.674989451348402270e-01 4.050520841335443212e-01
5.692658442775593297e-01 3.938390703432109730e-01
5.697415478929068744e-01 3.669278372464108706e-01
5.715084470356259772e-01 3.557148234560774669e-01
5.719841506509735218e-01 3.288035903592773646e-01
5.737510497936927356e-01 3.175905765689439608e-01
5.742267534090402803e-01 2.906793434721438585e-01
5.762150220913108134e-01 2.660107131334104591e-01
5.761480787253983049e-01 2.032178359075435536e-01
5.754297657832267987e-01 1.920048221172101499e-01
5.742267534090402803e-01 1.830344110849434491e-01
5.736608752072670514e-01 1.673361917784767505e-01
5.720521083103088378e-01 1.606083835042766972e-01
5.714404893762907722e-01 1.538805752300766994e-01
5.687019575090267454e-01 1.404249586816766482e-01
5.664692751899106371e-01 1.336971504074765948e-01
5.644273165241189272e-01 1.292119448913432445e-01
5.616715758468335817e-01 1.251700445715719368e-01
