3.376623376623376638e-01 4.995004995004992399e-02
3.496503496503496899e-01 4.995004995004992399e-02
3.486513486513486137e-01 1.188811188811189079e-01
3.666333666333666530e-01 1.328671328671328644e-01
3.596403596403596747e-01 1.638361638361638395e-01
3.746253746253745964e-01 1.688311688311688319e-01
3.746253746253745964e-01 2.147852147852147842e-01
3.886113886113886084e-01 2.207792207792207972e-01
3.826173826173826509e-01 2.507492507492507516e-01
3.966033966033966074e-01 2.647352647352647637e-01
4.035964035964035856e-01 3.296703296703296648e-01
4.145854145854145911e-01 3.306693306693306855e-01
4.105894105894105639e-01 3.546453546453546268e-01
4.265734265734265618e-01 3.666333666333666530e-01
4.205794205794205487e-01 3.846153846153845812e-01
4.375624375624375673e-01 4.055944055944056270e-01
4.155844155844156118e-01 4.015984015984015998e-01
3.976023976023975726e-01 3.656343656343656323e-01
3.796203796203796443e-01 3.656343656343656323e-01
3.416583416583416355e-01 3.296703296703296648e-01
3.086913086913086746e-01 3.266733266733267138e-01
3.076923076923077094e-01 3.076923076923077094e-01
2.837162837162837126e-01 3.176823176823176942e-01
2.827172827172826919e-01 2.967032967032967039e-01
2.547452547452547789e-01 2.927072927072926767e-01
2.607392607392607364e-01 2.767232767232767343e-01
2.397602397602397462e-01 2.817182817182817267e-01
1.378621378621378568e-01 2.117882117882117776e-01
1.158841158841159014e-01 2.237762237762238038e-01
1.098901098901098883e-01 1.998001998001998070e-01
8.691308691308691214e-02 2.087912087912087711e-01
1.068931068931068817e-01 2.087912087912087711e-01
1.058941058941059166e-01 2.337662337662337886e-01
1.268731268731268513e-01 2.327672327672327679e-01
1.228771228771228796e-01 2.487512487512487658e-01
1.428571428571428492e-01 2.567432567432567092e-01
1.498501498501498275e-01 2.757242757242757136e-01
1.668331668331668460e-01 2.727272727272727071e-01
1.658341658341658253e-01 2.897102897102896701e-01
1.868131868131868156e-01 2.967032967032967039e-01
1.848151848151848298e-01 3.126873126873126463e-01
2.077922077922078059e-01 3.116883116883116811e-01
2.267732267732267548e-01 3.426573426573426562e-01
2.397602397602397462e-01 3.396603396603396496e-01
2.517482517482517723e-01 3.576423576423576334e-01
2.687312687312687354e-01 3.586413586413586541e-01
2.667332667332666940e-01 3.806193806193806095e-01
2.857142857142856984e-01 3.816183816183816302e-01
2.917082917082917115e-01 3.996003996003996139e-01
3.106893106893107159e-01 4.025974025974026205e-01
3.066933066933066887e-01 4.225774225774225901e-01
3.316683316683316507e-01 4.175824175824175977e-01
3.396603396603396496e-01 4.355644355644355814e-01
3.956043956043955867e-01 4.595404595404595227e-01
3.976023976023975726e-01 4.755244755244755206e-01
3.636363636363636465e-01 4.595404595404595227e-01
3.456543456543456627e-01 4.695304695304695075e-01
3.376623376623376638e-01 4.535464535464535651e-01
2.697302697302697005e-01 4.575424575424575369e-01
2.457542457542457592e-01 4.735264735264735347e-01
2.357642357642357744e-01 4.655344655344655358e-01
1.938061938061937939e-01 4.815184815184815337e-01
1.698301698301698526e-01 4.675324675324675217e-01
6.693306693306694255e-02 4.865134865134865261e-01
6.693306693306694255e-02 4.765234765234765413e-01
9.990009990009984797e-03 4.875124875124874912e-01
0.000000000000000000e+00 5.054945054945054750e-01
2.897102897102898922e-02 5.124875124875124532e-01
3.196803196803199576e-02 5.254745254745254446e-01
1.108891108891109090e-01 5.144855144855144946e-01
1.098901098901098883e-01 5.294705294705295273e-01
1.818181818181818232e-01 5.294705294705295273e-01
2.017982017982017928e-01 5.174825174825175012e-01
2.017982017982017928e-01 5.334665334665334990e-01
2.477522477522477451e-01 5.294705294705295273e-01
2.817182817182817267e-01 5.474525474525474555e-01
3.136863136863137225e-01 5.374625374625374707e-01
3.256743256743256376e-01 5.454545454545454142e-01
3.436563436563436769e-01 5.334665334665334990e-01
3.516483516483516203e-01 5.434565434565434838e-01
3.966033966033966074e-01 5.384615384615384359e-01
3.656343656343656323e-01 5.454545454545454142e-01
3.416583416583416355e-01 5.714285714285713969e-01
3.336663336663336921e-01 5.654345654345653838e-01
3.066933066933066887e-01 6.083916083916083295e-01
3.096903096903096952e-01 5.914085914085913664e-01
1.858141858141857949e-01 7.132867132867133364e-01
1.798201798201798374e-01 6.973026973026973385e-01
1.588411588411588471e-01 7.302697302697302995e-01
1.478521478521478416e-01 7.272727272727272929e-01
1.178821178821178872e-01 7.652347652347653018e-01
1.018981018981018893e-01 7.672327672327672321e-01
8.791208791208793283e-02 8.031968031968031996e-01
1.108891108891109090e-01 7.942057942057941800e-01
1.088911088911088676e-01 8.101898101898101778e-01
3.276723276723276790e-01 6.693306693306693145e-01
3.416583416583416355e-01 6.733266733266732862e-01
3.956043956043955867e-01 6.233766233766233622e-01
4.075924075924076129e-01 6.253746253746254036e-01
4.385614385614385879e-01 5.904095904095904013e-01
4.085914085914085780e-01 6.483516483516483797e-01
3.846153846153845812e-01 7.882117882117882779e-01
3.706293706293706247e-01 8.041958041958041647e-01
3.806193806193806095e-01 8.201798201798201626e-01
3.566433566433566682e-01 8.521478521478521584e-01
3.586413586413586541e-01 8.921078921078920976e-01
3.386613386613386290e-01 9.380619380619380498e-01
3.526473526473526410e-01 9.380619380619380498e-01
3.436563436563436769e-01 9.890109890109890500e-01
3.786213786213786237e-01 9.580419580419580194e-01
3.586413586413586541e-01 9.520479520479521174e-01
3.826173826173826509e-01 9.340659340659340781e-01
4.165834165834165770e-01 8.621378621378621432e-01
4.105894105894105639e-01 8.441558441558441039e-01
4.605394605394605434e-01 7.642357642357642256e-01
4.525474525474525445e-01 7.582417582417582125e-01
4.905094905094904978e-01 6.843156843156843472e-01
5.014985014985015033e-01 6.193806193806193905e-01
5.174825174825175012e-01 6.313686313686313056e-01
5.064935064935064402e-01 6.463536463536463383e-01
5.264735264735265208e-01 7.002997002997002340e-01
5.144855144855144946e-01 7.162837162837163429e-01
5.364635364635365056e-01 7.242757242757242864e-01
5.724275724275724730e-01 7.862137862137862365e-01
5.684315684315683903e-01 8.081918081918082475e-01
5.844155844155843882e-01 8.181818181818181213e-01
5.824175824175824578e-01 8.461538461538461453e-01
5.984015984015984557e-01 8.581418581418580604e-01
6.023976023976024274e-01 9.000999000999001520e-01
6.163836163836163839e-01 9.040959040959040127e-01
6.193806193806193905e-01 9.450549450549450281e-01
6.363636363636363535e-01 9.440559440559440629e-01
6.413586413586414015e-01 9.710289710289710108e-01
6.513486513486513863e-01 9.670329670329670391e-01
6.553446553446553580e-01 9.870129870129870087e-01
6.643356643356643776e-01 9.360639360639360085e-01
6.523476523476523514e-01 9.320679320679321478e-01
6.533466533466533166e-01 8.631368631368632194e-01
6.393606393606393601e-01 8.671328671328670801e-01
6.383616383616383949e-01 8.181818181818181213e-01
6.163836163836163839e-01 7.822177822177822648e-01
6.283716283716284101e-01 7.542457542457542408e-01
6.153846153846154188e-01 7.532467532467532756e-01
6.203796203796203557e-01 7.222777222777222450e-01
6.023976023976024274e-01 6.983016983016983037e-01
6.063936063936063992e-01 6.763236763236762927e-01
5.864135864135864296e-01 6.463536463536463383e-01
5.864135864135864296e-01 6.183816183816184253e-01
5.704295704295704317e-01 6.103896103896103709e-01
5.734265734265734382e-01 5.854145854145853534e-01
5.794205794205794513e-01 6.053946053946054340e-01
5.934065934065934078e-01 6.033966033966033926e-01
5.994005994005994209e-01 6.253746253746254036e-01
6.223776223776223970e-01 6.223776223776223970e-01
6.173826173826173491e-01 6.453546453546453732e-01
6.373626373626373187e-01 6.433566433566433318e-01
6.433566433566433318e-01 6.653346653346653428e-01
6.593406593406593297e-01 6.573426573426572883e-01
6.753246753246753276e-01 6.773226773226772579e-01
7.072927072927073233e-01 6.813186813186813406e-01
7.322677322677322298e-01 7.102897102897103299e-01
7.782217782217781821e-01 7.282717282717282581e-01
7.812187812187811886e-01 7.432567432567432908e-01
8.031968031968031996e-01 7.392607392607393191e-01
8.131868131868131844e-01 7.572427572427572473e-01
8.271728271728271409e-01 7.532467532467532756e-01
8.391608391608391671e-01 7.752247752247751755e-01
8.521478521478521584e-01 7.722277722277721690e-01
8.591408591408591366e-01 7.852147852147852714e-01
8.751248751248751345e-01 7.812187812187811886e-01
8.811188811188810366e-01 7.972027972027971865e-01
8.971028971028971455e-01 7.912087912087912844e-01
9.050949050949050889e-01 8.151848151848151147e-01
9.160839160839160389e-01 7.962037962037962213e-01
8.411588411588410974e-01 7.172827172827173081e-01
8.291708291708291823e-01 7.192807192807193495e-01
8.261738261738261757e-01 7.002997002997002340e-01
8.021978021978022344e-01 6.963036963036962623e-01
8.011988011988011582e-01 6.813186813186813406e-01
7.802197802197802234e-01 6.763236763236762927e-01
7.822177822177822648e-01 6.643356643356643776e-01
7.532467532467532756e-01 6.593406593406593297e-01
7.272727272727272929e-01 6.153846153846154188e-01
7.072927072927073233e-01 6.213786213786214319e-01
7.102897102897103299e-01 5.964035964035964144e-01
6.833166833166832710e-01 5.754245754245754796e-01
6.673326673326673841e-01 5.794205794205794513e-01
6.613386613386613710e-01 5.554445554445553990e-01
6.453546453546453732e-01 5.594405594405594817e-01
6.373626373626373187e-01 5.474525474525474555e-01
6.193806193806193905e-01 5.514485514485514273e-01
6.143856143856143426e-01 5.344655344655344642e-01
6.813186813186813406e-01 5.474525474525474555e-01
7.412587412587412494e-01 5.314685314685314577e-01
7.792207792207792583e-01 5.354645354645354294e-01
7.972027972027971865e-01 5.174825174825175012e-01
7.952047952047951451e-01 5.334665334665334990e-01
8.771228771228771759e-01 5.254745254745254446e-01
8.971028971028971455e-01 5.114885114885114881e-01
9.050949050949050889e-01 5.274725274725274859e-01
9.630369630369630674e-01 5.114885114885114881e-01
9.710289710289710108e-01 5.214785214785214729e-01
1.000000000000000000e+00 5.024975024975024684e-01
9.980019980019980697e-01 4.885114885114885119e-01
9.520479520479521174e-01 4.885114885114885119e-01
9.540459540459540477e-01 4.765234765234765413e-01
8.631368631368632194e-01 4.835164835164835195e-01
8.611388611388610670e-01 4.675324675324675217e-01
7.872127872127872017e-01 4.795204795204794923e-01
7.592407592407592887e-01 4.615384615384615641e-01
7.372627372627372777e-01 4.695304695304695075e-01
7.312687312687312646e-01 4.555444555444555510e-01
6.133866133866133774e-01 4.715284715284715489e-01
6.333666333666333470e-01 4.455544455544455662e-01
6.733266733266732862e-01 4.315684315684315542e-01
7.002997002997002340e-01 4.025974025974026205e-01
6.973026973026973385e-01 4.195804195804195835e-01
7.332667332667333060e-01 3.676323676323676182e-01
9.070929070929070193e-01 2.157842157842158048e-01
9.020979020979020824e-01 2.027972027972028135e-01
8.081918081918082475e-01 2.487512487512487658e-01
7.592407592407592887e-01 2.897102897102896701e-01
7.592407592407592887e-01 2.757242757242757136e-01
6.633366633366633014e-01 3.296703296703296648e-01
5.674325674325674251e-01 4.095904095904095987e-01
6.143856143856143426e-01 3.266733266733267138e-01
5.964035964035964144e-01 3.286713286713286442e-01
6.223776223776223970e-01 2.607392607392607364e-01
6.103896103896103709e-01 2.547452547452547789e-01
6.643356643356643776e-01 7.292707292707290012e-02
6.593406593406593297e-01 1.398601398601401202e-02
6.043956043956043578e-01 9.690309690309689694e-02
5.944055944055943730e-01 1.328671328671328644e-01
6.123876123876124122e-01 1.288711288711288927e-01
5.904095904095904013e-01 1.448551448551448351e-01
5.624375624375624882e-01 2.387612387612387810e-01
5.084915084915084815e-01 3.286713286713286442e-01
5.284715284715284511e-01 3.326673326673326714e-01
5.064935064935064402e-01 3.546453546453546268e-01
5.054945054945054750e-01 3.896103896103896291e-01
4.845154845154845402e-01 2.927072927072926767e-01
4.675324675324675217e-01 2.897102897102896701e-01
4.725274725274725141e-01 2.647352647352647637e-01
4.465534465534465314e-01 2.427572427572427527e-01
4.485514485514485727e-01 2.227772227772227831e-01
4.205794205794205487e-01 1.868131868131868156e-01
4.285714285714286031e-01 1.648351648351648602e-01
4.125874125874126053e-01 1.588411588411588471e-01
4.135864135864135704e-01 1.298701298701298579e-01
4.005994005994005791e-01 1.288711288711288927e-01
3.986013986013985932e-01 9.490509490509491108e-02
3.806193806193806095e-01 8.291708291708294043e-02
3.866133866133866226e-01 6.893106893106892841e-02
3.626373626373626258e-01 5.894105894105894361e-02
3.646353646353646116e-01 3.296703296703296093e-02
3.446553446553446420e-01 1.098901098901100548e-02
