9.009590570961805156e-01 8.115156608258233817e-04
8.101580626090980619e-01 1.636928786117297641e-02
7.764319789424674045e-01 5.551115123125782702e-17
7.504888376604438305e-01 1.231694475668104749e-02
7.297343246348249046e-01 6.336609036184326360e-03
6.830366703271825157e-01 1.706924117144537068e-02
6.441219584041472102e-01 8.115156608258233817e-04
5.533209639170647565e-01 1.636928786117297641e-02
5.195948802504340991e-01 5.551115123125782702e-17
4.936517389684105250e-01 1.231694475668104749e-02
4.728972259427916547e-01 6.336609036184326360e-03
4.261995716351492103e-01 1.774255363056576051e-02
4.002564303531256917e-01 5.149320466583451328e-03
3.952029226242315119e-01 2.179616945588191967e-02
4.443597705325657565e-01 2.761310816521067579e-02
4.988403672248152287e-01 5.909442411442189513e-02
5.247835085068387473e-01 5.179893192000001312e-02
5.403493932760529139e-01 7.186643213018745202e-02
5.636982204298741639e-01 6.514959070763848281e-02
6.026129323529094695e-01 9.255203368677589193e-02
6.207731312503259602e-01 9.070763848625701398e-02
6.311503877631354786e-01 1.054628000904079266e-01
6.493105866605519694e-01 1.021118110081464803e-01
6.700650996861707842e-01 1.215922039120594378e-01
6.856309844553849508e-01 1.166822406672233248e-01
7.141684398656108490e-01 1.332821864115778521e-01
7.392107776308974865e-01 1.307573628403809196e-01
7.478945235322413954e-01 1.471117156289507011e-01
7.971864919680862194e-01 1.543494069437210681e-01
8.029001599885319251e-01 1.670777606352139011e-01
8.311673743437366646e-01 1.722663888916186048e-01
8.335068897629192008e-01 1.908342657234669004e-01
8.620443451731452100e-01 1.801131258859355877e-01
8.890684506752530858e-01 2.008038443018445585e-01
8.843349652483576406e-01 2.578787551222964103e-01
8.724465470141102852e-01 2.397185562248798640e-01
8.412898321475262842e-01 2.400323845468398387e-01
7.323286387630273397e-01 1.906605013579714125e-01
7.037911833528014416e-01 2.019328513761547428e-01
7.008527255137150247e-01 1.774550171480233085e-01
6.674707855579684601e-01 1.772803998509328016e-01
6.570935290451589417e-01 1.658261178540635927e-01
5.870470475836953028e-01 1.535827757402665195e-01
5.714811628144812472e-01 1.330450762079775084e-01
5.325664508914458306e-01 1.348247197362913430e-01
5.170005661222317750e-01 1.169953371134324627e-01
4.703029118145893306e-01 1.104568547871975226e-01
4.547370270453751639e-01 9.462834887467752587e-02
3.509644619172809232e-01 7.069104899455280755e-02
3.460556126354862316e-01 5.552225312251257705e-02
2.938895510968290159e-01 5.459571236244037395e-02
2.887297485529599639e-01 3.736205422509608631e-02
2.546505499077684198e-01 3.217342596869138260e-02
2.534802886434162073e-01 1.920185532767959558e-02
2.160601272507583492e-01 1.060070617956249128e-02
1.693624729431159603e-01 1.706924117144537068e-02
1.304477610200805993e-01 8.115156608258233817e-04
3.964676653299809006e-02 1.637405292793908673e-02
3.186382414839100674e-02 6.048682697693652521e-03
1.878592915786275741e-02 1.920185532767959558e-02
1.299424248154418260e-02 6.330519550711966037e-02
2.644170762044811829e-02 7.627676614813144740e-02
7.600607588728047759e-03 1.125971639429644289e-01
2.539965811228678261e-02 1.281630487121785400e-01
1.292533101251380767e-02 1.904265877890350955e-01
4.313467774980345171e-02 2.345299279684751603e-01
9.672167735344994188e-02 2.419259989479994877e-01
1.070989338662593493e-01 2.647620563172848329e-01
1.330420751482829234e-01 2.554790145537091384e-01
1.424824960036859545e-01 2.760389540197129010e-01
1.901169859687347752e-01 2.829238645907113936e-01
2.394089544045795437e-01 3.147414038777135437e-01
2.653520956866031177e-01 3.085327384754473767e-01
2.835122945840196085e-01 3.287035308222207575e-01
3.117461600430729285e-01 3.253309224555576695e-01
3.405872054044714603e-01 3.510692494643021244e-01
3.613417184300903306e-01 3.483554603433535735e-01
3.743132890711021177e-01 3.646071371669490357e-01
3.924734879685186084e-01 3.615432238283821653e-01
4.080393727377327195e-01 3.826912078301117903e-01
4.339825140197562936e-01 3.794976908258471671e-01
4.625199694299822473e-01 3.958509691943916109e-01
4.806801683273987380e-01 3.936355072880853845e-01
4.867623936724064793e-01 4.057546604298307158e-01
5.351607650196482657e-01 4.155103625160916914e-01
5.429437074042553490e-01 4.316167293953479533e-01
5.712379458649622377e-01 4.316978017118542899e-01
5.740754769426835713e-01 4.541200881056032812e-01
6.026129323529094695e-01 4.429192398060628477e-01
6.389333301477424509e-01 4.688086545926239412e-01
6.856309844553849508e-01 4.754073620682636170e-01
7.011968692245990065e-01 4.896301553373899607e-01
7.453002094040390713e-01 4.975285227149890965e-01
7.530831517886461546e-01 5.170409466650771613e-01
7.997808060962885435e-01 5.184077623813868607e-01
8.075637484808957378e-01 5.353983025586096511e-01
8.644051710298092939e-01 5.510362516091626972e-01
8.696651429247395093e-01 5.951395917886027620e-01
8.594500310449427749e-01 6.045872190721397477e-01
8.257239473783122286e-01 5.805606743507699674e-01
7.945921778398838953e-01 5.846001906427806816e-01
7.816206071988720527e-01 5.640888945666807652e-01
7.530831517886461546e-01 5.690218332094886255e-01
7.089798116092060898e-01 5.404250815274169728e-01
6.562858652127940839e-01 5.328760527117462065e-01
6.467162725323495343e-01 5.123554532550635976e-01
6.207731312503259602e-01 5.213775248384424632e-01
6.126929237051957911e-01 5.017442831733178732e-01
5.611039063016718398e-01 4.942377840974536696e-01
5.455380215324576731e-01 4.782040721903670910e-01
4.910574248402081454e-01 4.656441573327661509e-01
4.780858541991963584e-01 4.511551576733719426e-01
4.469540846607680806e-01 4.609256794303920879e-01
4.391711422761610528e-01 4.325371386356844372e-01
4.158223151223398029e-01 4.377046367317690145e-01
3.302099488916620529e-01 4.117337437721720894e-01
3.146440641224479418e-01 3.898821749000108139e-01
2.757293521994125252e-01 3.915075520091194083e-01
2.653520956866031177e-01 3.764648539224260682e-01
2.134658131225560251e-01 3.645699236446182656e-01
1.768147674486383880e-01 3.460854354811765399e-01
1.745511011995206641e-01 3.306492664183725561e-01
1.563909023021041733e-01 3.387418527473134433e-01
1.356363892764853030e-01 3.251820683662345335e-01
9.931599148165232149e-02 3.231689940153890661e-01
8.893873496884285856e-02 3.059645950599418351e-01
2.667519589198630303e-02 2.891456451882351564e-01
1.299424248154418260e-02 3.201422941991529658e-01
2.644170762044811829e-02 3.331138648401646973e-01
7.600607588728047759e-03 3.694342626349976788e-01
2.539965811228678261e-02 3.850001474042118454e-01
1.292533101251380767e-02 4.472636864810684010e-01
2.713689586395456876e-02 4.628295712502825676e-01
7.560485192684041067e-03 5.017442831733178732e-01
2.522148538911428428e-02 5.121215396861272806e-01
1.299424248154418260e-02 5.769793928911862713e-01
2.644170762044811829e-02 5.899509635321980028e-01
8.001029101246670550e-03 6.288656754552334194e-01
2.539965811228678261e-02 6.418372460962451509e-01
1.292533101251380767e-02 7.041007851731017064e-01
2.713689586395456876e-02 7.196666699423158731e-01
7.560485192684041067e-03 7.585813818653512897e-01
2.522148538911428428e-02 7.689586383781605861e-01
1.299424248154418260e-02 8.338164915832195767e-01
2.644170762044811829e-02 8.467880622242314193e-01
8.041035759609738154e-03 8.857027741472667248e-01
2.542056856769175921e-02 8.986743447882784563e-01
1.299424248154418260e-02 9.609378838651350119e-01
2.926951002018868264e-02 9.866408108760287288e-01
5.261833717400987709e-02 9.918750798439481819e-01
8.115579258423583076e-02 9.794795995461106353e-01
8.115579258423583076e-02 9.952362427071044237e-01
1.849283577123300715e-01 9.921759777530798630e-01
2.082771848661512659e-01 9.788386513497313590e-01
2.134658131225560251e-01 9.979284794764202715e-01
3.094554358660431825e-01 9.918750798439481819e-01
3.379928912762690807e-01 9.794795995461106353e-01
3.379928912762690807e-01 9.952362427071044237e-01
4.417654564043633769e-01 9.921759777530798630e-01
4.651142835581845714e-01 9.788386513497313590e-01
4.703029118145893306e-01 9.979284794764202715e-01
5.662925345580764880e-01 9.918750798439481819e-01
5.948299899683023861e-01 9.794795995461106353e-01
5.948299899683023861e-01 9.952362427071044237e-01
6.986025550963966824e-01 9.921759777530798630e-01
7.219513822502179323e-01 9.788386513497313590e-01
7.271400105066225805e-01 9.979284794764202715e-01
8.231296332501097934e-01 9.918750798439481819e-01
8.516670886603356916e-01 9.794795995461106353e-01
8.516670886603356916e-01 9.952362427071044237e-01
9.372794548910134971e-01 9.876428475498846282e-01
9.891657374550606452e-01 1.000000000000000000e+00
9.839771091986559970e-01 9.759446492101676585e-01
9.269021983782040897e-01 9.769145350379812021e-01
8.594500310449427749e-01 9.484475166511285860e-01
8.361012038911215249e-01 9.618789585979143908e-01
8.257239473783122286e-01 9.376585472683192091e-01
8.049694343526933027e-01 9.404252136819757357e-01
7.945921778398838953e-01 9.241202425290633293e-01
7.504888376604438305e-01 9.222996152508424750e-01
7.323286387630273397e-01 9.052682265307928633e-01
7.193570681220156082e-01 9.103696802533196575e-01
6.830366703271825157e-01 8.952895755741394623e-01
6.648764714297660250e-01 9.035275013901742369e-01
6.493105866605519694e-01 8.804492880376568742e-01
6.259617595067307194e-01 8.830389694620588426e-01
6.155845029939213120e-01 8.730004247837098719e-01
5.948299899683023861e-01 8.783738367350950593e-01
5.818584193272906546e-01 8.641864387189217567e-01
5.585095921734694047e-01 8.644742998866877803e-01
5.533209639170647565e-01 8.525474395888406054e-01
4.780858541991963584e-01 8.444276616649653011e-01
4.670305383119704445e-01 8.286278633268148175e-01
4.391711422761610528e-01 8.206110073732715282e-01
4.184166292505421825e-01 8.311411051385109161e-01
4.106336868659350992e-01 8.074484195388180741e-01
3.820962314557091455e-01 8.112986556735881649e-01
3.405872054044714603e-01 7.888949446402695465e-01
2.990781793532337751e-01 7.893122119476028153e-01
2.887009228404243677e-01 7.717818625764985008e-01
2.394089544045795437e-01 7.727806190134587361e-01
2.290316978917701363e-01 7.528870822110764749e-01
1.797397294559253678e-01 7.464140486040822253e-01
1.719567870713182844e-01 7.351101814035959636e-01
1.160910904631641816e-01 7.274496123269229564e-01
1.278534468918782196e-01 6.905662973155932693e-01
1.823340435841276919e-01 6.915983990020839745e-01
1.901169859687347752e-01 7.180502126778205430e-01
2.186544413789607288e-01 7.062557396505602103e-01
3.353985771480667566e-01 7.518632699064988767e-01
3.535587760454832473e-01 7.471231611324574695e-01
3.665303466864950344e-01 7.669365994252970165e-01
3.924734879685186084e-01 7.593313007930346803e-01
4.339825140197562936e-01 7.848434961959243061e-01
5.118119378658270158e-01 7.862423797998330244e-01
5.122619719492906842e-01 8.000904079165889193e-01
6.080079265058757620e-01 8.208449209422077342e-01
6.155845029939213120e-01 8.316090488601000086e-01
6.519049007887542935e-01 8.279044488102969002e-01
6.622821573015637009e-01 8.423879019871822749e-01
6.986025550963966824e-01 8.359148338927950839e-01
6.990525891798604619e-01 8.545710046088383915e-01
7.764319789424674045e-01 8.663149087427544082e-01
7.997808060962885435e-01 8.854688605783302968e-01
8.283182615065145527e-01 8.782441210286848765e-01
8.386955180193239601e-01 8.916798704230270989e-01
9.009590570961805156e-01 8.979022274882182408e-01
9.087419994807875989e-01 9.165653224082399575e-01
9.476567114038229045e-01 9.114120018603539819e-01
9.813827950704535619e-01 9.298284791036739438e-01
9.891657374550606452e-01 8.471322059351154010e-01
9.684940216888524578e-01 8.441937480960289841e-01
9.874834868875543847e-01 8.156562926858030860e-01
9.836632808766959668e-01 7.482041253525417712e-01
9.924395148073159589e-01 7.248552981987206323e-01
9.690447197398167622e-01 7.170723558141135490e-01
9.877267038370733943e-01 6.859405862756852157e-01
9.891657374550606452e-01 5.902951072430819845e-01
9.684940216888524578e-01 5.873566494039956787e-01
9.874834868875543847e-01 5.588191939937697805e-01
9.836632808766959668e-01 4.913670266605084658e-01
9.924395148073159589e-01 4.680181995066872713e-01
9.690447197398167622e-01 4.602352571220801880e-01
9.877267038370733943e-01 4.291034875836519102e-01
9.891657374550606452e-01 3.334580085510487901e-01
9.684940216888524578e-01 3.305195507119623732e-01
9.874834868875543847e-01 3.019820953017364751e-01
9.836632808766959668e-01 2.345299279684751603e-01
9.924395148073159589e-01 2.111811008146539659e-01
9.690447197398167622e-01 2.033981584300468826e-01
9.877267038370733943e-01 1.722663888916186048e-01
9.891657374550606452e-01 7.662090985901548468e-02
9.684940216888524578e-01 7.368245201992906779e-02
9.874834868875543847e-01 4.514499660970311412e-02
9.813827950704535619e-01 1.125261075536726496e-02
9.398737690192158212e-01 1.706924117144537068e-02
