4.778078305811082060e-01 6.976656484514176526e-05
4.603850451981463254e-01 0.000000000000000000e+00
4.479401984960307281e-01 1.961006146999955124e-03
4.354953517939150753e-01 2.488969340423141663e-03
4.155835970705300531e-01 5.053361994192318019e-03
3.782490569641832057e-01 1.307068062357114036e-02
3.608262715812213250e-01 1.804320296048672612e-02
3.384255475174132166e-01 2.550451705277834158e-02
3.185137927940282498e-01 3.297142507404776657e-02
2.911351300493738581e-01 4.516159444884410012e-02
2.712233753259888358e-01 5.534118274530080983e-02
2.662454366451425525e-01 5.863017794514563397e-02
2.488226512621807274e-01 6.778602944741646263e-02
2.289108965387957051e-01 8.027532203061110705e-02
1.990432644537182272e-01 1.020281619048447608e-01
1.915763564324488577e-01 1.090164219760327846e-01
1.841094484111794882e-01 1.144730086069603581e-01
1.641976936877944659e-01 1.339262936761988487e-01
1.594271691186501805e-01 1.378549609684353028e-01
1.492638776452557270e-01 1.480182524418297008e-01
1.453352103530191619e-01 1.527887770109740972e-01
1.258819252837807823e-01 1.727005317343590640e-01
1.204253386528532088e-01 1.801674397556284335e-01
1.134370785816651295e-01 1.876343477768978030e-01
8.168391546465997299e-02 2.349247652449372170e-01
7.421700744339060352e-02 2.473696119470528143e-01
5.408154178524138267e-02 2.871931213938228034e-01
4.438034175086813526e-02 3.095938454576309118e-01
3.691343372959876579e-02 3.295056001810159341e-01
2.696315029688395315e-02 3.593732322660934120e-01
1.646227867101274223e-02 4.016857110532865427e-01
1.578346885089737528e-02 4.091526190745559122e-01
1.148433999016645890e-02 4.290643737979409345e-01
1.080553017005114746e-02 4.365312818192103039e-01
8.995370649743372748e-03 4.439981898404796734e-01
8.421718333812555635e-03 4.514650978617490429e-01
9.881594581560737556e-03 4.546879940589635405e-01
1.237056392198382371e-02 4.550310250898553233e-01
3.228231864536884599e-02 4.460995328082140166e-01
5.219407336875386827e-02 4.406093623539035220e-01
7.210582809213883504e-02 4.405098615982200871e-01
8.455067479425448784e-02 4.428120403891843138e-01
9.450655215594694347e-02 4.460995328082140166e-01
1.193962455601781936e-01 4.585542158938470392e-01
1.318410922622938464e-01 4.678587901520359638e-01
1.399541750161730769e-01 4.763547912659802930e-01
1.408692628698286486e-01 4.788437606064034346e-01
1.403782570999451695e-01 4.813327299468265763e-01
1.382709297250536151e-01 4.838216992872496625e-01
1.268631535814476186e-01 4.917034355319229721e-01
1.218852149006013352e-01 4.941652030216309721e-01
1.019734601772163685e-01 5.016258590046311916e-01
8.703964413467757399e-02 5.049036410885947568e-01
5.717201204960009608e-02 5.046333121567877500e-01
3.726025732621507380e-02 4.991431417024772554e-01
1.485953326240696537e-02 4.874049568721691705e-01
1.237056392198382371e-02 4.870525729502989121e-01
9.881594581560737556e-03 4.881181344582181669e-01
8.331447009893688804e-03 4.912886073085190874e-01
8.919947336397282545e-03 5.360900554361353043e-01
1.088095348339729318e-02 5.485349021382509571e-01
1.150899761183737935e-02 5.634687181807896961e-01
1.329449951047423362e-02 5.709356262020590655e-01
1.397330933058960056e-02 5.784025342233284350e-01
1.575939140855991960e-02 5.858694422445978045e-01
1.648693629268366267e-02 5.958253196062903712e-01
2.447418095646086700e-02 6.281819210317909352e-01
2.945211963730709481e-02 6.456047064147527603e-01
3.691343372959876579e-02 6.680054304785609798e-01
4.438034175086813526e-02 6.879171852019458910e-01
5.657051112566446882e-02 7.152958479466002828e-01
7.421700744339060352e-02 7.501414187125240440e-01
8.168391546465997299e-02 7.625862654146396968e-01
1.065667399599972143e-01 7.999208055209865442e-01
1.159260479220882711e-01 8.123656522231021970e-01
1.229143079932762950e-01 8.198325602443715665e-01
1.283708946242039239e-01 8.272994682656409360e-01
1.594271691186501805e-01 8.596560696911415000e-01
1.641976936877944659e-01 8.635847369833780096e-01
1.841094484111794882e-01 8.830380220526165003e-01
1.915763564324488577e-01 8.884946086835441292e-01
1.990432644537182272e-01 8.954828687547320420e-01
2.189550191771031940e-01 9.098201153976694933e-01
2.413557432409113579e-01 9.247470625313141124e-01
2.712233753259888358e-01 9.421698479142760485e-01
2.961130687302200859e-01 9.545837282238366361e-01
3.010910074110663137e-01 9.563382475949545602e-01
3.185137927940282498e-01 9.645396055855290918e-01
3.384255475174132166e-01 9.720065136067985723e-01
3.608262715812213250e-01 9.794678276990902432e-01
3.782490569641832057e-01 9.844403500360057180e-01
4.155835970705300531e-01 9.924576686653845403e-01
4.354953517939150753e-01 9.950220613191538277e-01
4.454512291556075865e-01 9.956495252682604491e-01
4.529181371768769560e-01 9.974109497245597922e-01
4.603850451981463254e-01 9.974266430999723099e-01
4.629076492593859338e-01 9.965493834144134588e-01
4.645416239966529970e-01 9.940604140739903727e-01
4.645540688433550947e-01 9.915714447335671755e-01
4.632208381351857751e-01 9.865935060527208922e-01
4.599974188254575269e-01 9.791265980314515227e-01
4.525428164033210576e-01 9.542369046272203281e-01
4.495293096903008045e-01 9.393030885846815892e-01
4.489018457411941831e-01 9.293472112229890225e-01
4.469785512508672731e-01 9.169023645208733697e-01
4.470403403498776629e-01 9.119244258400271974e-01
4.495052322479634044e-01 8.920126711166421751e-01
4.525367628424573629e-01 8.795678244145265223e-01
4.575084494850344408e-01 8.646340083719877834e-01
4.649407480087422995e-01 8.497001923294490444e-01
4.792677068288563880e-01 8.297884376060640221e-01
4.927416466236469450e-01 8.166974161713385083e-01
4.952306159640700867e-01 8.157823283176830476e-01
4.977195853044932283e-01 8.162733340875665267e-01
5.002085546449163145e-01 8.183806614624580256e-01
5.080976985364360488e-01 8.297884376060640221e-01
5.155299970601439075e-01 8.447222536486027611e-01
5.229845994822803767e-01 8.671229777124109805e-01
5.262684351271076366e-01 8.845457630953728057e-01
5.262684351271076366e-01 9.144133951804502836e-01
5.229845994822803767e-01 9.343251499038353058e-01
5.130410277197207103e-01 9.641927819889127838e-01
4.986020380706432942e-01 9.940604140739903727e-01
4.981344135278971130e-01 9.965493834144134588e-01
4.996506822065456266e-01 9.990383527548365450e-01
5.026975239853395117e-01 9.999972179925404880e-01
5.151423706874550534e-01 1.000000000000000000e+00
5.275872173895707062e-01 9.980389938529999894e-01
5.425210334321094452e-01 9.975110306595769138e-01
5.549658801342250980e-01 9.955500245125767922e-01
5.674107268363407508e-01 9.949219803841367060e-01
5.748776348576101203e-01 9.931605559278373629e-01
5.848335122193025759e-01 9.924330110437136199e-01
5.972783589214182287e-01 9.899686993249614542e-01
6.296349603469187928e-01 9.819567970395133294e-01
6.619915617724194679e-01 9.720065136067985723e-01
6.819033164958044901e-01 9.645396055855290918e-01
6.993261018787663152e-01 9.563382475949545602e-01
7.043040405596125986e-01 9.545837282238366361e-01
7.242157952829975098e-01 9.446588172546992457e-01
7.291937339638437932e-01 9.413698220548543105e-01
7.466165193468057293e-01 9.322139705525835929e-01
7.665282740701906405e-01 9.197691238504679401e-01
8.038628141765375990e-01 8.929938994143089559e-01
8.113297221978069684e-01 8.860056393431209321e-01
8.187966302190763379e-01 8.805490527121933031e-01
8.695572453252056189e-01 8.297884376060640221e-01
8.750138319561332478e-01 8.223215295847946527e-01
8.820020920273212717e-01 8.148546215635252832e-01
8.919579693890138383e-01 8.024097748614096304e-01
9.137552551443264282e-01 7.700531734359090663e-01
9.286890711868651671e-01 7.451634800316777607e-01
9.438465981641681601e-01 7.152958479466002828e-01
9.585257368793875798e-01 6.804502771806765216e-01
9.709649896525256452e-01 6.431157370743296742e-01
9.789768919379736589e-01 6.132481049892521963e-01
9.839301729971490218e-01 5.908473809254440878e-01
9.846577178812726538e-01 5.808915035637515212e-01
9.864191423375722190e-01 5.734245955424821517e-01
9.871466872216958510e-01 5.634687181807896961e-01
9.889081116779954161e-01 5.560018101595203266e-01
9.890054106055528038e-01 5.485349021382509571e-01
9.880465453678488608e-01 5.456043414632365529e-01
9.855575760274256636e-01 5.442189233883683031e-01
9.830686066870025774e-01 5.445831174837195698e-01
9.731127293253101218e-01 5.489225285109397001e-01
9.507120052615019024e-01 5.563771309330762804e-01
9.407561278998094467e-01 5.576045555681260479e-01
9.332892198785400772e-01 5.593906376460964225e-01
9.208443731764244244e-01 5.596609665779035403e-01
9.034215877934625993e-01 5.563771309330762804e-01
8.884877717509238604e-01 5.514114978513628973e-01
8.835098330700775771e-01 5.489497303616548418e-01
8.660870476871156409e-01 5.371191485288102641e-01
8.576494416230813211e-01 5.286231474148659348e-01
8.562043753060237794e-01 5.261341780744428487e-01
8.560579653448225912e-01 5.236452087340196515e-01
8.574534352875229359e-01 5.211562393935965654e-01
8.635980783466925548e-01 5.157483878266772015e-01
8.835098330700775771e-01 5.030904702643587134e-01
9.009326184530395132e-01 4.959605251688214422e-01
9.133774651551550550e-01 4.928777185027891639e-01
9.357781892189631634e-01 4.928777185027891639e-01
9.482230359210788162e-01 4.959654609885076892e-01
9.631568519636175552e-01 5.033112181403843755e-01
9.731127293253101218e-01 5.101712689392290390e-01
9.830686066870025774e-01 5.193154391522419866e-01
9.855575760274256636e-01 5.202969523594028756e-01
9.880465453678488608e-01 5.190534894335838700e-01
9.889384260481670630e-01 5.161783007127502820e-01
9.893653276303118194e-01 5.037334540106347402e-01
9.908713280319798589e-01 4.937775766489421736e-01
9.916685529901063667e-01 4.763547912659802930e-01
9.913970810184185023e-01 4.639099445638646957e-01
9.896356565621189372e-01 4.564430365425953262e-01
9.889081116779954161e-01 4.415092205000565873e-01
9.871466872216958510e-01 4.340423124787872178e-01
9.864191423375722190e-01 4.240864351170947066e-01
9.846577178812726538e-01 4.166195270958252816e-01
9.839301729971490218e-01 4.066636497341328260e-01
9.789768919379736589e-01 3.842629256703247176e-01
9.709649896525256452e-01 3.543952935852471842e-01
9.585257368793875798e-01 3.170607534789002813e-01
9.438465981641681601e-01 2.822151827129765755e-01
9.311780405272882533e-01 2.573254893087453254e-01
9.137552551443264282e-01 2.274578572236678475e-01
8.988283080106815870e-01 2.050571331598596836e-01
8.820020920273212717e-01 1.826564090960515752e-01
8.750138319561332478e-01 1.751895010747822057e-01
8.695572453252056189e-01 1.677225930535128362e-01
8.212855995594994241e-01 1.194509472878066414e-01
8.138186915382300546e-01 1.139943606568790679e-01
8.038628141765375990e-01 1.045171312452679024e-01
7.814620901127293795e-01 8.769091526190747610e-02
7.590613660489213821e-01 7.276396812826269045e-02
7.466165193468057293e-01 6.529706010699332097e-02
7.242157952829975098e-01 5.365223926429935064e-02
7.192378566021513375e-01 5.036987195900149983e-02
6.868812551766506624e-01 3.546039441447085272e-02
6.619915617724194679e-01 2.550451705277834158e-02
6.296349603469187928e-01 1.555423362006358445e-02
5.972783589214182287e-01 7.542331334615459681e-03
5.898114509001488592e-01 6.863521514500092735e-03
5.823445428788794898e-01 5.053361994192318019e-03
5.748776348576101203e-01 4.374552174077006583e-03
5.649217574959175536e-01 2.317578303752121371e-03
5.176313400278782506e-01 2.573356900027634619e-03
5.151423706874550534e-01 3.489506731530700456e-03
5.135743200029885269e-01 5.939585926009682826e-03
5.137476895915282782e-01 8.428555266432824489e-03
5.229969050814132769e-01 2.834030998981784677e-02
5.279685917239903548e-01 4.327412603235658572e-02
5.310001223184842578e-01 5.571897273447218302e-02
5.316789321385996248e-01 6.318588075574155249e-02
5.332068434784947852e-01 7.065278877701097748e-02
5.333884305445569796e-01 8.309763547912657478e-02
5.304515075035497462e-01 9.803145152166531373e-02
5.279748437622594492e-01 1.054983595429346832e-01
5.204980993574727099e-01 1.204321755854734777e-01
5.101644320066088811e-01 1.327288693506591399e-01
5.051864933257625978e-01 1.377225689822425547e-01
5.002085546449163145e-01 1.409334230473797689e-01
4.977195853044932283e-01 1.413953052888647366e-01
4.952306159640700867e-01 1.407285892069237709e-01
4.867346148501257574e-01 1.328770222875890750e-01
4.724076560300116689e-01 1.129652675642040527e-01
4.674643268467268964e-01 1.030093902025115971e-01
4.624926402041498186e-01 8.807557415997280259e-02
4.594851870519933157e-01 7.563072745785720530e-02
4.592148581201862534e-01 6.069691141531846634e-02
4.624986937650135133e-01 4.327412603235658572e-02
4.649753575063038102e-01 3.580721801108721625e-02
4.748966253704348106e-01 1.589546328770219397e-02
4.812301634241900050e-01 5.939585926009682826e-03
4.820043486550774636e-01 3.450616585586596674e-03
4.806830193019417385e-01 9.616472451634550112e-04
