5.313765182186235281e-01 0.000000000000000000e+00
4.908906882591093090e-01 0.000000000000000000e+00
4.838056680161943457e-01 7.085020242914963351e-03
4.838056680161943457e-01 1.113360323886641856e-02
4.777327935222672184e-01 1.720647773279354587e-02
4.777327935222672184e-01 2.125506072874494556e-02
4.736842105263158187e-01 2.530364372469634526e-02
4.635627530364372362e-01 4.757085020242912687e-02
4.595141700404858365e-01 5.161943319838058208e-02
4.574898785425101089e-01 6.174089068825910909e-02
4.534412955465587092e-01 6.578947368421050879e-02
4.493927125506073095e-01 7.995951417004049100e-02
4.453441295546558543e-01 8.400809716599189070e-02
4.372469635627530549e-01 1.062753036437246723e-01
4.372469635627530549e-01 1.123481781376517996e-01
4.311740890688259276e-01 1.265182186234817818e-01
4.311740890688259276e-01 1.325910931174089091e-01
4.271255060728744724e-01 1.386639676113360364e-01
4.170040485829959453e-01 1.852226720647773273e-01
4.170040485829959453e-01 1.953441295546558543e-01
4.149797570850202177e-01 1.973684210526315819e-01
4.149797570850202177e-01 2.115384615384615641e-01
4.129554655870445457e-01 2.135627530364372362e-01
4.129554655870445457e-01 2.358299595141700178e-01
4.109311740890688180e-01 2.378542510121457454e-01
4.109311740890688180e-01 2.682186234817813819e-01
4.078947368421052544e-01 2.712550607287449456e-01
3.876518218623481449e-01 2.773279352226720729e-01
3.471659919028340369e-01 2.995951417004048545e-01
3.410931174089069096e-01 3.056680161943319818e-01
3.309716599190283270e-01 3.056680161943319818e-01
3.147773279352226727e-01 2.914979757085019996e-01
2.844129554655870362e-01 2.732793522267206177e-01
2.803643724696356365e-01 2.732793522267206177e-01
2.702429149797570540e-01 2.651821862348178183e-01
2.661943319838056543e-01 2.651821862348178183e-01
2.520242914979756721e-01 2.570850202429150189e-01
2.479757085020242724e-01 2.570850202429150189e-01
2.398785425101214730e-01 2.510121457489878916e-01
2.297570850202428905e-01 2.489878542510121640e-01
2.014170040485829816e-01 2.368421052631579093e-01
1.953441295546558543e-01 2.368421052631579093e-01
1.831983805668015997e-01 2.307692307692307820e-01
1.690283400809716730e-01 2.287449392712550544e-01
1.609311740890688180e-01 2.246963562753036547e-01
1.204453441295546545e-01 2.165991902834007998e-01
1.062753036437246723e-01 2.165991902834007998e-01
1.042510121457490002e-01 2.145748987854251277e-01
9.008097165991901800e-02 2.145748987854251277e-01
8.805668016194334591e-02 2.125506072874494001e-01
7.186234817813763609e-02 2.125506072874494001e-01
4.655870445344129083e-02 2.500000000000000000e-01
1.619433198380565431e-02 3.087044534412955454e-01
1.417004048582998221e-02 3.188259109311740724e-01
6.072874493927127304e-03 3.350202429149797823e-01
4.048582995951399699e-03 3.451417004048583093e-01
0.000000000000000000e+00 3.512145748987854366e-01
7.388663967611336370e-02 4.251012145748988003e-01
8.198380566801621860e-02 4.291497975708502000e-01
1.062753036437246723e-01 4.493927125506073095e-01
1.103238866396761275e-01 4.493927125506073095e-01
1.427125506072874361e-01 4.716599190283400911e-01
1.467611336032388913e-01 4.716599190283400911e-01
1.568825910931174183e-01 4.797570850202428905e-01
1.609311740890688180e-01 4.797570850202428905e-01
1.751012145748988003e-01 4.878542510121457454e-01
1.791497975708502000e-01 4.878542510121457454e-01
1.872469635627530549e-01 4.939271255060728727e-01
2.074898785425101089e-01 5.020242914979756721e-01
2.135627530364372362e-01 5.020242914979756721e-01
2.327935222672064541e-01 5.091093117408906910e-01
2.327935222672064541e-01 5.313765182186235281e-01
2.348178137651821817e-01 5.334008097165992002e-01
2.348178137651821817e-01 5.475708502024291269e-01
2.449392712550607087e-01 5.860323886639675628e-01
2.449392712550607087e-01 5.941295546558704732e-01
2.135627530364372362e-01 6.174089068825910909e-01
1.912955465587044546e-01 6.376518218623481449e-01
1.417004048582996001e-01 6.933198380566801822e-01
1.417004048582996001e-01 6.973684210526316374e-01
1.315789473684210731e-01 7.074898785425101089e-01
1.315789473684210731e-01 7.115384615384615641e-01
1.234817813765182182e-01 7.196356275303643635e-01
1.234817813765182182e-01 7.236842105263158187e-01
1.153846153846153633e-01 7.317813765182186181e-01
1.153846153846153633e-01 7.358299595141700733e-01
1.093117408906882360e-01 7.419028340080972006e-01
1.093117408906882360e-01 7.459514170040485448e-01
9.919028340080970896e-02 7.601214574898784715e-01
8.502024291497978226e-02 7.884615384615384359e-01
8.502024291497978226e-02 7.925101214574898911e-01
8.097165991902832705e-02 7.965587044534412353e-01
8.097165991902832705e-02 8.006072874493926905e-01
7.489878542510119974e-02 8.107287449392712730e-01
7.692307692307692735e-02 8.188259109311740724e-01
8.502024291497978226e-02 8.269230769230768718e-01
8.704453441295545435e-02 8.329959514170039991e-01
9.311740890688258165e-02 8.370445344129554543e-01
1.012145748987854366e-01 8.491902834008097090e-01
1.305668016194331815e-01 8.805668016194332370e-01
1.639676113360323817e-01 9.078947368421053099e-01
1.670040485829959453e-01 9.129554655870445457e-01
1.730769230769230727e-01 9.149797570850202177e-01
1.811740890688259276e-01 9.230769230769231282e-01
1.892712550607287270e-01 9.251012145748988003e-01
1.993927125506073095e-01 9.190283400809716730e-01
2.034412955465587092e-01 9.190283400809716730e-01
2.074898785425101089e-01 9.149797570850202177e-01
2.115384615384615641e-01 9.149797570850202177e-01
2.540485829959514552e-01 8.906882591093117085e-01
2.580971659919027994e-01 8.906882591093117085e-01
2.641700404858299267e-01 8.846153846153845812e-01
2.682186234817813819e-01 8.846153846153845812e-01
2.763157894736841813e-01 8.765182186234817818e-01
2.803643724696356365e-01 8.765182186234817818e-01
2.884615384615384359e-01 8.684210526315789824e-01
2.925101214574898911e-01 8.684210526315789824e-01
3.026315789473684181e-01 8.582995951417003999e-01
3.066801619433198178e-01 8.582995951417003999e-01
3.623481781376518551e-01 8.087044534412954899e-01
3.825910931174089091e-01 7.864372469635627638e-01
4.058704453441295268e-01 7.550607287449393468e-01
4.402834008097166185e-01 7.631578947368420351e-01
4.504048582995951455e-01 7.631578947368420351e-01
4.524291497975708731e-01 7.651821862348178183e-01
4.665991902834007998e-01 7.651821862348178183e-01
4.686234817813765274e-01 7.672064777327936014e-01
4.888663967611335814e-01 7.672064777327936014e-01
4.959514170040486003e-01 7.803643724696356365e-01
4.959514170040486003e-01 7.864372469635627638e-01
5.060728744939271273e-01 8.127530364372469451e-01
5.121457489878542546e-01 8.208502024291497445e-01
5.121457489878542546e-01 8.248987854251011997e-01
5.202429149797570540e-01 8.390688259109311264e-01
5.202429149797570540e-01 8.431174089068825817e-01
5.283400809716599644e-01 8.532388663967611642e-01
5.283400809716599644e-01 8.572874493927125084e-01
5.506072874493926905e-01 8.896761133603239280e-01
5.506072874493926905e-01 8.937246963562752722e-01
5.748987854251011997e-01 9.261133603238866918e-01
6.487854251012146189e-01 1.000000000000000000e+00
6.548582995951417463e-01 9.959514170040486558e-01
6.649797570850202177e-01 9.939271255060728727e-01
6.811740890688259276e-01 9.858299595141699623e-01
6.912955465587045101e-01 9.838056680161944012e-01
7.500000000000000000e-01 9.534412955465587647e-01
7.874493927125505444e-01 9.281376518218623639e-01
7.874493927125505444e-01 9.119433198380566541e-01
7.854251012145748723e-01 9.099190283400809820e-01
7.854251012145748723e-01 8.957489878542510553e-01
7.834008097165992002e-01 8.937246963562752722e-01
7.834008097165992002e-01 8.795546558704453455e-01
7.753036437246962898e-01 8.491902834008097090e-01
7.753036437246962898e-01 8.390688259109311264e-01
7.712550607287449456e-01 8.309716599190283270e-01
7.692307692307691624e-01 8.168016194331984003e-01
7.631578947368420351e-01 8.046558704453441457e-01
7.631578947368420351e-01 7.985829959514170184e-01
7.510121457489877805e-01 7.702429149797571650e-01
7.489878542510121084e-01 7.601214574898784715e-01
7.429149797570849811e-01 7.520242914979757831e-01
7.429149797570849811e-01 7.479757085020243279e-01
7.348178137651821817e-01 7.338056680161944012e-01
7.348178137651821817e-01 7.297570850202429460e-01
7.267206477732793823e-01 7.196356275303643635e-01
7.267206477732793823e-01 7.155870445344130193e-01
7.186234817813765829e-01 7.054655870445344368e-01
7.186234817813765829e-01 7.014170040485829816e-01
7.085020242914980004e-01 6.852226720647773828e-01
6.943319838056680737e-01 6.690283400809716730e-01
6.943319838056680737e-01 6.589068825910930904e-01
7.004048582995952010e-01 6.528340080971659631e-01
7.246963562753037102e-01 6.062753036437247278e-01
7.287449392712550544e-01 5.921052631578946901e-01
7.317813765182186181e-01 5.890688259109311264e-01
7.621457489878542546e-01 5.890688259109311264e-01
7.641700404858300377e-01 5.870445344129554543e-01
7.864372469635627638e-01 5.870445344129554543e-01
7.884615384615384359e-01 5.850202429149797823e-01
8.026315789473683626e-01 5.850202429149797823e-01
8.046558704453441457e-01 5.829959514170039991e-01
8.147773279352226172e-01 5.829959514170039991e-01
8.613360323886639636e-01 5.728744939271255276e-01
8.674089068825910909e-01 5.688259109311740724e-01
8.734817813765182182e-01 5.688259109311740724e-01
8.876518218623481449e-01 5.627530364372469451e-01
8.937246963562752722e-01 5.627530364372469451e-01
9.159919028340081093e-01 5.546558704453441457e-01
9.200404858299595645e-01 5.506072874493926905e-01
9.342105263157894912e-01 5.465587044534413463e-01
9.382591093117409464e-01 5.425101214574898911e-01
9.483805668016194179e-01 5.404858299595142190e-01
9.524291497975708731e-01 5.364372469635627638e-01
9.746963562753037102e-01 5.263157894736841813e-01
9.787449392712550544e-01 5.222672064777328371e-01
9.827935222672063986e-01 5.222672064777328371e-01
9.888663967611335259e-01 5.161943319838057098e-01
9.929149797570850922e-01 5.161943319838057098e-01
1.000000000000000000e+00 5.091093117408906910e-01
1.000000000000000000e+00 4.686234817813765274e-01
9.979757085020242169e-01 4.665991902834007998e-01
9.979757085020242169e-01 4.524291497975708731e-01
9.959514170040486558e-01 4.504048582995951455e-01
9.959514170040486558e-01 4.362348178137651633e-01
9.939271255060728727e-01 4.342105263157894912e-01
9.939271255060728727e-01 4.240890688259109087e-01
9.817813765182186181e-01 3.714574898785425461e-01
9.777327935222672739e-01 3.633603238866396357e-01
9.777327935222672739e-01 3.572874493927125639e-01
9.746963562753037102e-01 3.542510121457490002e-01
9.483805668016194179e-01 3.481781376518218729e-01
9.382591093117409464e-01 3.481781376518218729e-01
9.362348178137651633e-01 3.461538461538461453e-01
9.261133603238866918e-01 3.461538461538461453e-01
9.240890688259109087e-01 3.441295546558704732e-01
9.119433198380566541e-01 3.441295546558704732e-01
9.099190283400809820e-01 3.421052631578947456e-01
8.917004048582996001e-01 3.421052631578947456e-01
8.896761133603239280e-01 3.400809716599190180e-01
8.087044534412954899e-01 3.400809716599190180e-01
8.066801619433198178e-01 3.421052631578947456e-01
7.884615384615384359e-01 3.421052631578947456e-01
7.864372469635627638e-01 3.441295546558704732e-01
7.742914979757085092e-01 3.441295546558704732e-01
7.257085020242914908e-01 3.542510121457490002e-01
6.953441295546558543e-01 3.643724696356275272e-01
6.801619433198380360e-01 3.451417004048583093e-01
6.548582995951417463e-01 3.198380566801619640e-01
6.356275303643724728e-01 3.046558704453441457e-01
6.457489878542510553e-01 2.742914979757085092e-01
6.538461538461538547e-01 2.378542510121457454e-01
6.538461538461538547e-01 2.277327935222672184e-01
6.558704453441295268e-01 2.257085020242914908e-01
6.558704453441295268e-01 2.135627530364372362e-01
6.578947368421053099e-01 2.115384615384615641e-01
6.578947368421053099e-01 1.933198380566801822e-01
6.599190283400809820e-01 1.912955465587044546e-01
6.599190283400809820e-01 1.103238866396761275e-01
6.578947368421053099e-01 1.082995951417003999e-01
6.578947368421053099e-01 9.008097165991901800e-02
6.558704453441295268e-01 8.805668016194334591e-02
6.558704453441295268e-01 7.591093117408909130e-02
6.538461538461538547e-01 7.388663967611336370e-02
6.538461538461538547e-01 6.376518218623483669e-02
6.457489878542510553e-01 2.530364372469634526e-02
6.427125506072874916e-01 2.226720647773278161e-02
5.961538461538461453e-01 1.012145748987852700e-02
5.880566801619433459e-01 1.012145748987852700e-02
5.860323886639675628e-01 8.097165991902854909e-03
5.779352226720647634e-01 8.097165991902854909e-03
5.759109311740890913e-01 6.072874493927127304e-03
5.657894736842105088e-01 6.072874493927127304e-03
5.637651821862348367e-01 4.048582995951399699e-03
5.495951417004049100e-01 4.048582995951399699e-03
5.475708502024291269e-01 2.024291497975727605e-03
5.334008097165992002e-01 2.024291497975727605e-03
