3.008861649425300655e-01 2.602481891804953040e-02
2.953832534912890218e-01 2.415841478417024568e-02
2.871288863144274561e-01 2.653905650538962435e-02
2.651172405094631146e-01 3.809198203731611887e-02
2.568628733326014935e-01 3.986938510710297257e-02
2.458570504301193504e-01 3.223560488779114719e-02
2.265968603507755863e-01 3.120813820423773421e-02
2.183424931739139652e-01 3.314025017939675744e-02
2.045852145458113003e-01 3.162317148977311643e-02
1.935793916433291573e-01 3.479342368225124549e-02
1.770706572896059150e-01 4.553569718572758607e-02
1.743192015639853931e-01 4.571294817514409692e-02
1.715677458383648157e-01 4.367737272342370192e-02
1.685735146075424962e-01 2.940910946056279895e-02
1.633133786615032501e-01 2.495548197248215194e-02
1.578104672102621509e-01 2.411255718874327769e-02
1.302959099540567656e-01 3.809198203731611887e-02
1.192900870515746226e-01 3.991682399892404476e-02
1.055328084234719577e-01 3.129279838041071349e-02
8.902407406974871540e-02 3.120813820423773421e-02
8.076970689288709426e-02 3.315532225621548035e-02
5.875806108792280824e-02 3.466393883818230659e-02
4.500078245982008784e-02 4.348575348538935570e-02
3.949787100857904409e-02 4.491976673734521253e-02
3.674641528295852222e-02 4.320460275152143703e-02
3.375218405213614714e-02 2.940910946056279895e-02
2.849204810609690108e-02 2.495548197248215194e-02
2.298913665485580182e-02 2.401896258824071095e-02
1.473476947799418069e-02 2.653905650538962435e-02
1.535218361841617085e-03 3.491202091180389822e-02
0.000000000000000000e+00 3.766347663742442009e-02
1.008062580176216638e-03 4.041493236304499748e-02
3.677013472886903056e-02 8.168676824735304765e-02
4.257830513617594237e-02 1.064498697779378555e-01
4.500078245982008784e-02 1.087240321633997087e-01
5.050369391106118711e-02 1.093140900824773332e-01
6.150951681354333012e-02 1.052246121501224652e-01
6.701242826478442938e-02 1.052524770084549144e-01
7.042881912409659773e-02 1.092013255035584329e-01
7.005707189559401415e-02 1.174556926804199986e-01
6.401689178931041502e-02 1.312129713085227189e-01
6.357310860775872152e-02 1.367158827597637627e-01
6.701242826478442938e-02 1.419608452367279172e-01
7.526679544164605051e-02 1.442608902573638274e-01
8.627261834412819352e-02 1.437177215839174904e-01
9.177552979536923727e-02 1.452281989109023286e-01
9.421814865382827087e-02 1.477217056622459612e-01
9.539475232676247751e-02 1.532246171134870050e-01
9.331552367164946959e-02 1.669818957415896699e-01
9.427890344736822303e-02 1.724848071928307691e-01
9.910338637074644907e-02 1.807391743696923903e-01
1.086217068324232815e-01 1.889935415465540114e-01
1.181739304836342264e-01 2.055022759002771982e-01
1.287125250553506350e-01 2.165080988027593967e-01
1.409332343218575589e-01 2.440226560589647264e-01
1.550590114846416290e-01 2.582057552160326175e-01
1.637418840613949489e-01 2.742886690407906336e-01
1.686976928831916411e-01 2.880459476688933540e-01
1.849565259317861865e-01 3.155605049250986838e-01
1.939970233159680202e-01 3.265663278275808823e-01
2.019037110844014715e-01 3.403236064556835472e-01
2.042920266406222374e-01 3.485779736325451683e-01
2.100881259970523440e-01 3.598130845121623178e-01
2.265968603507755863e-01 3.719940082974616535e-01
2.320752052330378734e-01 3.788439866143710755e-01
2.324709999554733786e-01 3.870983537912326966e-01
2.268032195301971088e-01 4.036070881449559389e-01
2.290289506796723273e-01 4.118614553218175045e-01
2.320997718020166856e-01 4.154491377875776381e-01
2.376026832532577293e-01 4.182456924351714567e-01
2.568628733326014935e-01 4.225970459655333800e-01
2.627342833185239424e-01 4.283701896755407468e-01
2.649567389254685601e-01 4.338731011267818460e-01
2.628761354426270014e-01 4.531332912061256102e-01
2.648517491675173030e-01 4.586362026573666539e-01
2.706201519607042139e-01 4.651911412978155802e-01
2.835070721449881037e-01 4.751449370110898962e-01
2.897617448104953253e-01 4.999080385416747596e-01
3.045477175620097121e-01 5.219196843466390456e-01
3.055213095879986129e-01 5.329255072491211331e-01
3.118919878450122640e-01 5.434727541973332077e-01
3.313857920897388953e-01 5.576886087797060521e-01
3.344495574050599940e-01 5.659429759565676177e-01
3.329935367561174808e-01 5.797002545846703381e-01
3.362865908409157223e-01 5.879546217615319037e-01
3.561633615285624277e-01 6.127177232921168226e-01
3.567830462607134434e-01 6.182206347433578664e-01
3.535787257831837227e-01 6.319779133714604757e-01
3.556497881129950800e-01 6.429837362739426743e-01
3.790645463772290835e-01 6.649953820789069603e-01
3.863473285581404681e-01 6.760012049813891588e-01
3.902263430184625959e-01 6.897584836094918792e-01
3.913513665018440446e-01 7.255274080425587746e-01
3.953222397918838560e-01 7.337817752194204513e-01
4.098880315012651265e-01 7.447875981219025388e-01
4.204670102677414145e-01 7.723021553781079795e-01
4.208629480750320506e-01 7.778050668293490233e-01
4.187401851899431593e-01 7.860594340062105889e-01
4.252820577875773833e-01 8.108225355367955078e-01
4.218790585321021691e-01 8.273312698905186391e-01
4.234979107154953071e-01 8.300827256161391610e-01
4.274531283210748489e-01 8.318941006355060619e-01
4.357074954979364145e-01 8.322512458066706476e-01
4.395231935325233930e-01 8.355856370673803157e-01
4.396686429649935279e-01 8.383370927930008376e-01
4.327079576986943565e-01 8.520943714211035580e-01
4.327079576986943565e-01 8.631001943235856455e-01
4.407851819733997756e-01 8.768574729516883659e-01
4.467133184004186131e-01 8.827288829376107593e-01
4.588855192735442068e-01 8.906147515797910863e-01
4.689384392185775852e-01 9.071234859335142175e-01
4.742524422256026995e-01 9.236322202872375708e-01
4.855665359452698837e-01 9.428924103665812240e-01
4.876966952167179903e-01 9.511467775434429006e-01
4.934880657359677070e-01 9.616087080350465000e-01
5.127482558153114711e-01 9.759810374117592335e-01
5.182511672665525149e-01 9.740669228804517132e-01
5.268740329780954301e-01 9.649040561715456210e-01
5.323918454629794628e-01 9.538982332690634225e-01
5.371785199597325366e-01 9.373894989153401802e-01
5.425966371244985709e-01 9.263836760128580927e-01
5.571400459599213928e-01 9.071234859335142175e-01
5.677773703277222417e-01 8.886707882953852611e-01
5.760317375045838073e-01 8.833392676899289864e-01
5.819031474905062007e-01 8.768574729516883659e-01
5.845341867550670756e-01 8.713545615004473222e-01
5.863496964756609309e-01 8.603487385979651236e-01
5.984118818442294430e-01 8.438400042442419924e-01
6.209227959202850977e-01 8.025681683599339422e-01
6.202155306985069894e-01 7.833079782805900670e-01
6.224379863054516626e-01 7.778050668293490233e-01
6.369322620029169713e-01 7.585448767500052591e-01
6.417338375333130340e-01 7.447875981219025388e-01
6.491834209790144916e-01 7.310303194937999294e-01
6.596601177804157778e-01 7.200244965913177309e-01
6.685494362785744382e-01 7.035157622375944886e-01
7.008076589485265906e-01 6.704982935301480040e-01
7.034370350495285917e-01 6.649953820789069603e-01
7.027676499189123849e-01 6.484866477251838290e-01
7.112364676283143838e-01 6.347293690970811086e-01
7.186898035642129701e-01 6.154691790177373445e-01
7.273618024137133986e-01 6.040568910648793644e-01
7.510418841374050247e-01 5.852031660359113818e-01
7.526317510516493670e-01 5.797002545846703381e-01
7.510826858664116923e-01 5.769487988590498162e-01
7.438705367674366409e-01 5.740683686462907387e-01
7.421578959586321300e-01 5.714458874078086614e-01
7.435020382327554023e-01 5.659429759565676177e-01
7.509872828269743561e-01 5.549371530540855302e-01
7.614639796283756423e-01 5.439313301516033317e-01
7.714562523613736067e-01 5.301740515235006113e-01
7.789286684713849773e-01 5.081624057185363252e-01
7.840047515344208406e-01 4.999080385416747596e-01
7.965166940889081282e-01 4.861507599135720392e-01
7.991477333534688920e-01 4.806478484623309955e-01
8.009970724477385451e-01 4.613876583829872313e-01
8.099054741823294989e-01 4.526665263955293450e-01
8.236627528104322193e-01 4.452474225639452832e-01
8.318434202803575150e-01 4.366245568524023679e-01
8.326694711622681933e-01 4.311216454011612687e-01
8.307548671376783211e-01 4.228672782242997030e-01
8.316790132418074855e-01 4.201158224986791812e-01
8.522620185738534193e-01 4.008556324193354170e-01
8.569283035915002955e-01 3.926012652424737404e-01
8.578916833672189934e-01 3.870983537912326966e-01
8.568380919283651309e-01 3.733410751631299762e-01
8.680572725738175954e-01 3.485779736325451683e-01
8.701046627598175709e-01 3.348206950044424479e-01
8.947829700039273693e-01 2.880459476688933540e-01
9.148292902905912349e-01 2.632828461383085461e-01
9.285952860883315285e-01 2.385197446077236827e-01
9.300594292157740028e-01 2.220110102540004404e-01
9.363064014395006129e-01 2.055022759002771982e-01
9.426402841458070281e-01 1.944964529977950551e-01
9.525225959603274006e-01 1.697333514672102472e-01
9.584840833658385684e-01 1.618229162560511636e-01
9.707223291454216696e-01 1.504731613878664831e-01
9.714984689480237190e-01 1.422187942110048620e-01
9.695281209311765735e-01 1.394673384853843401e-01
9.612355390914590902e-01 1.371744587140339422e-01
9.581703208708116648e-01 1.339644270341432408e-01
9.602232110414665733e-01 1.257100598572816197e-01
9.781127719798636821e-01 1.064498697779378555e-01
9.883215909477728323e-01 8.168676824735304765e-02
1.000000000000000000e+00 5.967512244238870611e-02
9.996269447630081739e-01 4.866929953990656310e-02
9.970044635245260967e-01 4.633820510570030304e-02
9.887500963476645310e-01 4.542024011922701776e-02
9.864962443171030326e-01 4.316638808866551935e-02
9.853733097753119008e-01 3.216056518618337634e-02
9.804957291708028544e-01 2.720221268063804931e-02
9.777442734451823325e-01 2.733088226355157024e-02
9.694899062683206559e-01 3.223297191580498655e-02
9.584840833658385684e-01 3.342164906042605077e-02
9.474782604633564809e-01 3.809198203731611887e-02
9.364724375608742823e-01 4.025443077905044298e-02
9.254666146583920838e-01 3.604366802476077769e-02
9.117093360302894745e-01 3.816572649210125956e-02
9.007035131278072759e-01 3.407368674540389719e-02
8.952006016765662322e-01 3.397402464170606873e-02
8.676860444203609024e-01 4.329377029818498590e-02
8.511773100666375491e-01 5.308750248393184767e-02
8.374200314385349397e-01 6.610400457052129086e-02
8.319171199872938960e-01 6.772459398010838294e-02
8.291656642616733741e-01 6.568901852838798794e-02
8.265747101200473512e-01 5.417221099114766236e-02
8.236627528104322193e-01 5.030297637699376878e-02
8.181598413591911756e-01 4.985848803148840158e-02
8.126569299079500208e-01 5.312018380193983536e-02
7.988996512798474114e-01 6.631565501095371129e-02
7.823909169261241692e-01 7.634172720659837541e-02
7.768880054748830144e-01 7.634172720659837541e-02
7.631307268467804050e-01 7.232764990793172366e-02
7.576278153955393613e-01 7.345653664703188923e-02
7.466219924930571628e-01 7.936381792162416904e-02
7.273618024137133986e-01 8.423186479355204703e-02
7.223622060342321793e-01 8.718967969859409139e-02
7.053501566087491126e-01 1.036233743507095628e-01
6.998472451575080688e-01 1.040542057409750698e-01
6.970957894318874359e-01 1.019968559062099378e-01
6.938690822627506805e-01 8.994113542421466878e-02
6.888414222550258703e-01 8.516360775518261317e-02
6.833385108037848266e-01 8.634895711576562327e-02
6.640783207244410624e-01 1.013645899993356747e-01
6.503210420963383420e-01 1.066939505277912370e-01
6.448181306450972983e-01 1.062809207421541169e-01
6.365637634682357326e-01 1.010206580336330817e-01
6.310608520169945779e-01 9.973549647735646673e-02
5.925404718583070496e-01 1.034503319786957976e-01
5.732802817789632854e-01 1.155669815467312844e-01
5.677773703277222417e-01 1.163054939754474826e-01
5.617763505123603007e-01 1.119527812291789548e-01
5.594465738251489517e-01 9.819550260107623441e-02
5.540200916996195213e-01 9.291771025465861422e-02
5.485171802483784775e-01 9.249288871813693413e-02
5.210026229921731478e-01 1.020517094892565146e-01
5.127482558153114711e-01 1.018570552205559365e-01
5.072453443640704274e-01 9.920783065106875132e-02
4.934880657359677070e-01 8.716554412205362867e-02
4.659735084797623772e-01 8.175672051156374076e-02
4.549676855772801787e-01 7.715116544965044953e-02
4.494647741260391349e-01 7.715116544965044953e-02
4.302045840466953708e-01 8.248211091804019679e-02
4.247016725954542715e-01 7.982548937413913581e-02
4.189957849021592184e-01 7.068094534487090463e-02
4.178681391129704936e-01 5.967512244238870611e-02
4.136958496929721285e-01 5.333598425100805063e-02
4.081929382417310848e-01 5.058242109912713946e-02
3.861812924367667987e-01 5.271435012160241573e-02
3.779269252599051221e-01 5.183565731939060450e-02
3.696725580830435565e-01 4.878789676945921583e-02
3.559152794549408361e-01 3.446135143950401769e-02
3.311521779243560282e-01 3.466393883818230659e-02
3.118919878450122640e-01 4.555581016617804568e-02
3.068804077733462421e-01 4.316638808866551935e-02
3.035597492796896502e-01 2.940910946056279895e-02
