9.955928549341239719e-01 7.339752900213242226e-02
9.424181210245383689e-01 7.340336724696228110e-02
9.308583962615850638e-01 7.522489963385187162e-02
9.077389467356782315e-01 7.571531219955296432e-02
8.961792219727248154e-01 7.753684458644255484e-02
8.776836623519994607e-01 7.812021997366386250e-02
8.707478274942273000e-01 7.975636563242044508e-02
8.545642128260926285e-01 8.043216492625454572e-02
8.476283779683205788e-01 8.206831058501112830e-02
8.337567082527764795e-01 8.274410987884517343e-02
8.268208733950044298e-01 8.438025553760181152e-02
8.152611486320511247e-01 8.505605483143585666e-02
8.083253137742789640e-01 8.669220049019249474e-02
7.944536440587349757e-01 8.736799978402653988e-02
7.875178092009629260e-01 8.900414544278312245e-02
7.759580844380095099e-01 8.967994473661722310e-02
7.690222495802374603e-01 9.131609039537380568e-02
7.597744697698747274e-01 9.189892686768774688e-02
7.482147450069214223e-01 9.372045925457728188e-02
7.366550202439680062e-01 9.430383464179858954e-02
7.297191853861959565e-01 9.593998030055517212e-02
7.204714055758332236e-01 9.652281677286911332e-02
7.089116808128798075e-01 9.834434915975864833e-02
6.996639010025171856e-01 9.883476172545979654e-02
6.881041762395637695e-01 1.006562941123493315e-01
6.765444514766103534e-01 1.011467066780504243e-01
6.649847267136569373e-01 1.029682390649400148e-01
6.511130569981128380e-01 1.034586516306411075e-01
6.395533322351594219e-01 1.052801840175306980e-01
6.210577726144340671e-01 1.057705965832317907e-01
6.094980478514806510e-01 1.075921289701213257e-01
5.794427634678018801e-01 1.086638639138727824e-01
5.701949836574391473e-01 1.099040739227120089e-01
5.123963598426721777e-01 1.107278137791630757e-01
4.222305066916356431e-01 1.099040739227120089e-01
4.129827268812729657e-01 1.086638639138727824e-01
3.806154975450034561e-01 1.075921289701213257e-01
3.690557727820500400e-01 1.057705965832317907e-01
3.528721581139153129e-01 1.052801840175306980e-01
3.413124333509618968e-01 1.034586516306411075e-01
3.274407636354178530e-01 1.029682390649400148e-01
3.158810388724644369e-01 1.011467066780504243e-01
3.020093691569203376e-01 1.005638702057365386e-01
2.950735342991483434e-01 9.892772454697995599e-02
2.835138095361949273e-01 9.834434915975864833e-02
2.719540847732415667e-01 9.652281677286911332e-02
2.603943600102881506e-01 9.593998030055517212e-02
2.534585251525161009e-01 9.430383464179858954e-02
2.442107453421533680e-01 9.372045925457728188e-02
2.141554609584745972e-01 8.958698191509706366e-02
2.025957361955211811e-01 8.900414544278312245e-02
1.956599013377491314e-01 8.736799978402653988e-02
1.864121215273863985e-01 8.678462439680523222e-02
1.748523967644330379e-01 8.496309200991569721e-02
1.632926720014796218e-01 8.438025553760181152e-02
1.563568371437075721e-01 8.274410987884517343e-02
1.424851674281635283e-01 8.206831058501112830e-02
1.355493325703914786e-01 8.043216492625454572e-02
1.193657179022567516e-01 7.975636563242044508e-02
1.124298830444847019e-01 7.812021997366386250e-02
9.624626837634997489e-02 7.753684458644255484e-02
8.468654361339655878e-02 7.571531219955296432e-02
6.156709408748978207e-02 7.538357790004618364e-02
4.307153446676431630e-02 7.324416615287271393e-02
3.768470272722812542e-03 7.348175286197189404e-02
1.456525320132129320e-03 7.433274284580199120e-02
0.000000000000000000e+00 7.660856365850843286e-02
1.610389242838738966e-04 7.892050861109911608e-02
8.041439961885887833e-03 9.510412327923389864e-02
2.653699958261135361e-02 1.251594076629127250e-01
3.883984950889746157e-02 1.436549672836381353e-01
4.276189898204241224e-02 1.505908021414101849e-01
4.804634458796391838e-02 1.575266369991822346e-01
5.291953075520350325e-02 1.667744168095449120e-01
7.578968401905206154e-02 1.991416461458144216e-01
7.975301822349328829e-02 2.060774810035864713e-01
1.127808032605029376e-01 2.523163800554000247e-01
1.167441374649441088e-01 2.592522149131720743e-01
1.405241426915910807e-01 2.916194442494415839e-01
1.444874768960322520e-01 2.985552791072135781e-01
1.613800629952455434e-01 3.216747286331204103e-01
1.721831512282601673e-01 3.378583433012551929e-01
1.775636776633803260e-01 3.447941781590271870e-01
2.078198425787789461e-01 3.910330772108407960e-01
2.145968322676055084e-01 4.002808570212034733e-01
2.422910053368771965e-01 4.418958661678357158e-01
2.627063049628788338e-01 4.744512770700137216e-01
2.673301948680602003e-01 4.778273439726825611e-01
2.719540847732415667e-01 4.787543328300395418e-01
2.858257544887856105e-01 4.787564723877693607e-01
2.973854792517389711e-01 4.777310129329912503e-01
3.829274424975941393e-01 4.776965062919078520e-01
3.944871672605474999e-01 4.766682640434939389e-01
4.407260663123611089e-01 4.754880812625674746e-01
5.216441396530349106e-01 4.753845613393171687e-01
5.563233139418950479e-01 4.731071230278098838e-01
6.164338827092527007e-01 4.730726163867264855e-01
6.279936074722061168e-01 4.720443741383125724e-01
6.395533322351594219e-01 4.721305255909397092e-01
6.418652771877502161e-01 4.726991327420585476e-01
6.439104592611957223e-01 4.742630955041052254e-01
6.449541872473589788e-01 4.765750404566959086e-01
6.451553526972060304e-01 5.043183798877840518e-01
6.441772221403407883e-01 5.072763094594808786e-01
6.418652771877502161e-01 5.093275939517305506e-01
6.395533322351594219e-01 5.099204003498306603e-01
2.927615893465576602e-01 5.104393489016102459e-01
2.904496443939669770e-01 5.112903388854402875e-01
2.889931190738348477e-01 5.135661596981467847e-01
2.891541579981187216e-01 5.158781046507374679e-01
2.947226140831300523e-01 5.274378294136907730e-01
3.047135190568255325e-01 5.436214440818255555e-01
3.109062287512648348e-01 5.551811688447789717e-01
3.208971337249603151e-01 5.713647835129137542e-01
3.393926933456857253e-01 6.037320128491832083e-01
3.502092929453063386e-01 6.245395174224993573e-01
3.645713967964215874e-01 6.499709119009967617e-01
3.674687597213734391e-01 6.569067467587688114e-01
3.717599226819552349e-01 6.638425816165408611e-01
3.869831425415455328e-01 6.938978660002197429e-01
3.923147362275097860e-01 7.031456458105824758e-01
3.962403921829287801e-01 7.123934256209450977e-01
4.040950040717235514e-01 7.262650953364891970e-01
4.057247357596153181e-01 7.308889852416705635e-01
4.364622334079930610e-01 7.933114989616188995e-01
4.380919650958848277e-01 7.979353888668002659e-01
4.503339031235370493e-01 8.233667833452977813e-01
4.519636348114288715e-01 8.279906732504791478e-01
4.618936278864904654e-01 8.487981778237951858e-01
4.635233595743822876e-01 8.534220677289765522e-01
4.757652976020345093e-01 8.788534622074739566e-01
4.843308641476983811e-01 8.996609667807901056e-01
4.962127451745373952e-01 9.248033681402136885e-01
4.985246901271280784e-01 9.267558338471272306e-01
5.008366350797187616e-01 9.262483337355829072e-01
5.031485800323094448e-01 9.235623976877203045e-01
5.104065711539670369e-01 9.089087465911528385e-01
5.189721376996309088e-01 8.881012420178366895e-01
5.289021307746925027e-01 8.672937374445206515e-01
5.376882404016166683e-01 8.464862328712045025e-01
5.402393520734409815e-01 8.418623429660231361e-01
5.490274220833097907e-01 8.210548383927069871e-01
5.541110217889849698e-01 8.118070585823442542e-01
5.675229817040351454e-01 7.817517741986654833e-01
6.146421253709949406e-01 6.869620311424476933e-01
6.159415240619416920e-01 6.823381412372663268e-01
6.151990939277552917e-01 6.800261962846756436e-01
6.118099928040713342e-01 6.780715519156671478e-01
5.933144331833458684e-01 6.766617987790399802e-01
4.707813506960399352e-01 6.763804369363595193e-01
4.684694057434492520e-01 6.757876305382592985e-01
4.661574607908585688e-01 6.737363460460098485e-01
4.651793302339933267e-01 6.707784164743129107e-01
4.651793302339933267e-01 6.522828568535874449e-01
4.661574607908585688e-01 6.493249272818906181e-01
4.684694057434492520e-01 6.472736427896410571e-01
4.707813506960399352e-01 6.466808363915408364e-01
5.863785983255738188e-01 6.465720077542777000e-01
6.233697175670247503e-01 6.487114195014511697e-01
6.303055524247968000e-01 6.483881188180693478e-01
6.349294423299780554e-01 6.460496719323871595e-01
6.375510227672906982e-01 6.430350770432247121e-01
6.581485446555656038e-01 6.060439578017738915e-01
6.602213228889226571e-01 6.014200678965925251e-01
6.699595368348565394e-01 5.852364532284577425e-01
6.784641914818865249e-01 5.690528385603230710e-01
6.953909313133540548e-01 5.413094991292348723e-01
7.015836410077933571e-01 5.297497743662814562e-01
7.092626010288980432e-01 5.181900496033281511e-01
7.270150354862908726e-01 4.881347652196492692e-01
7.393178854125769250e-01 4.696392055989238590e-01
7.431986501544256551e-01 4.627033707411518093e-01
7.647492798910744405e-01 4.303361414048822997e-01
7.686713293642192246e-01 4.234003065471102500e-01
7.739557749701407863e-01 4.164644716893382559e-01
7.871184732546063767e-01 3.956569671160221069e-01
7.924989996897264799e-01 3.887211322582501127e-01
8.125498677331037811e-01 3.586658478745712308e-01
8.178827290693636565e-01 3.517300130167992367e-01
8.218460632738049387e-01 3.447941781590271870e-01
8.660106069541151363e-01 2.823716644390788510e-01
8.664185972398663615e-01 2.800597194864882233e-01
8.648823375219140130e-01 2.777477745338975401e-01
8.615000476838645671e-01 2.767752897522521849e-01
8.499403229209112620e-01 2.768545230749420716e-01
8.383805981579578459e-01 2.786760554618316066e-01
8.268208733950044298e-01 2.791664680275327548e-01
8.152611486320511247e-01 2.809880004144222898e-01
8.013894789165070254e-01 2.814784129801234380e-01
7.898297541535536093e-01 2.832999453670129730e-01
7.759580844380095099e-01 2.838833207542342807e-01
7.690222495802374603e-01 2.855194664129908633e-01
7.528386349121027887e-01 2.861023028853047490e-01
7.412789101491493726e-01 2.879238352721943395e-01
7.227833505284239068e-01 2.884142478378954322e-01
7.112236257654704907e-01 2.902357802247850227e-01
6.927280661447450250e-01 2.907261927904861154e-01
6.811683413817917199e-01 2.925477251773756504e-01
6.557369469032942044e-01 2.930381377430767986e-01
6.395533322351594219e-01 2.948596701299663336e-01
6.141219377566620174e-01 2.953500826956674818e-01
5.933144331833458684e-01 2.973302933487513844e-01
5.401396992737602654e-01 2.980676032187765112e-01
5.308919194633975325e-01 2.994835600351477001e-01
4.199185617390449599e-01 2.994835600351477001e-01
3.991110571657288664e-01 2.975028265541685979e-01
3.551841030665059407e-01 2.971716150825570169e-01
3.390004883983712691e-01 2.953500826956674818e-01
3.158810388724644369e-01 2.949095197588975092e-01
3.129231093007674991e-01 2.939313892020322672e-01
3.108718248085179936e-01 2.916194442494415839e-01
3.080169230867582653e-01 2.731238846287161737e-01
3.079670734578270896e-01 2.661880497709441240e-01
3.085598798559273104e-01 2.638761048183534408e-01
3.106111643481768714e-01 2.615641598657627576e-01
3.135690939198737537e-01 2.605860293088975155e-01
3.297527085880085362e-01 2.606358789378286911e-01
3.413124333509618968e-01 2.624574113247182261e-01
3.713677177346407232e-01 2.629478238904193743e-01
3.829274424975941393e-01 2.647693562773089093e-01
4.245424516442263263e-01 2.650320772946487824e-01
4.592216259330865191e-01 2.672405023239891597e-01
5.516994240367136815e-01 2.673095156061560673e-01
5.817547084203924523e-01 2.651010905768156900e-01
6.164338827092527007e-01 2.647693562773089093e-01
6.326174973773874832e-01 2.629478238904193743e-01
6.580488918558848876e-01 2.624574113247182261e-01
6.696086166188383038e-01 2.607283028444414841e-01
6.788563964292010366e-01 2.613590679748071799e-01
7.019758459551077578e-01 2.601454663721275429e-01
7.135355707180611740e-01 2.583239339852380079e-01
7.297191853861959565e-01 2.578335214195368597e-01
7.412789101491493726e-01 2.560119890326473246e-01
7.782700293906001932e-01 2.532096315143554932e-01
7.898297541535536093e-01 2.513880991274659582e-01
8.221969834898230634e-01 2.485857416091741268e-01
8.337567082527764795e-01 2.467642092222845918e-01
8.453164330157298956e-01 2.462737966565834435e-01
8.568761577786833117e-01 2.444522642696939085e-01
8.661239375890459335e-01 2.439618517039928158e-01
8.776836623519994607e-01 2.421403193171032253e-01
8.892433871149527658e-01 2.415448183444661168e-01
8.938672770201341322e-01 2.399925378928615682e-01
8.984911669253154987e-01 2.363747131148619118e-01
9.104081922718509912e-01 2.199491507191305151e-01
9.304590603152284034e-01 1.898938663354516887e-01
9.358395867503485066e-01 1.829580314776796945e-01
9.490030356662921829e-01 1.621505269043635455e-01
9.542874812722137445e-01 1.552146920465915514e-01
9.582095307453587507e-01 1.482788571888195017e-01
9.705123806716448032e-01 1.297832975680940359e-01
9.813289802712654719e-01 1.112877379473686257e-01
9.890079402923701579e-01 9.972801318441520957e-02
9.999014796184975129e-01 7.892050861109911608e-02
1.000000000000000000e+00 7.660856365850843286e-02
9.982681055221217514e-01 7.429661870591774964e-02
