8.056031852131710913e-01 2.595750059630325124e-02
7.742160481269435568e-01 7.561025381853220262e-02
7.703564509852427467e-01 7.373772575372894433e-02
7.733185401220270538e-01 6.327534672498646984e-02
7.663692638553867287e-01 5.571672119786530430e-02
7.470289526219661136e-01 6.850653623935770709e-02
7.271353424976023661e-01 1.008560147928516115e-01
7.088261791973030634e-01 1.068274669743508043e-01
6.879714817136712846e-01 1.286652156546269632e-01
6.851097767355143198e-01 1.391275946833694377e-01
6.617454735679619837e-01 1.578337679021701856e-01
6.468468406863457920e-01 1.574367579836687958e-01
6.407981672798115369e-01 1.234340261402557259e-01
6.540058858028471311e-01 1.025092680827707770e-01
6.486674997820338628e-01 9.322169008903535836e-02
6.355895259961057420e-01 9.386754814971631777e-02
6.303583364817344492e-01 6.840593644100440018e-02
6.230953903256207793e-01 7.373772575372894433e-02
6.151165524875892299e-01 9.989367332558513057e-02
5.848620776764577034e-01 1.286652156546269632e-01
5.686598311207027301e-01 1.757459212839681539e-01
5.790339618075718287e-01 1.888238950698962193e-01
5.589423423762250875e-01 2.071330583701955774e-01
5.361969252230521787e-01 2.658806932454041982e-01
5.309657357086808860e-01 2.674279666790682075e-01
5.274849826856569113e-01 2.542137639995367682e-01
5.335813304658665324e-01 2.343788370908791441e-01
5.128873601810743921e-01 2.280578164276805264e-01
5.231865961291202183e-01 1.966706793414531029e-01
5.048097881368247553e-01 1.895547230167568542e-01
5.021568277402507219e-01 1.940550845842674565e-01
5.105041558894475306e-01 1.992862740986386938e-01
4.891862801675642136e-01 2.254422216704949355e-01
4.951034794675812090e-01 2.437513849707942382e-01
4.812694353221541044e-01 2.703519836513720298e-01
4.760382458077828671e-01 2.698719866675534096e-01
4.514560883016908721e-01 2.202110321561236983e-01
4.481862485105641003e-01 1.966706793414531029e-01
4.376269711881456415e-01 1.809771107983393912e-01
4.453666959664458469e-01 1.600523527408543867e-01
4.420355139643697973e-01 1.563757148274519393e-01
4.263419454212560855e-01 1.598043222035350208e-01
4.199200747114496535e-01 1.495899737121119122e-01
4.236191541576284636e-01 1.338964051689982004e-01
4.184951611496992574e-01 1.237106755857272922e-01
3.973135143214192588e-01 1.208184313830701351e-01
4.062141263913511269e-01 9.989367332558513057e-02
4.028015926065855457e-01 8.820523425441190168e-02
3.784044070266300297e-01 8.943129429684265608e-02
3.714144555203580667e-01 6.788533248452610636e-02
3.601551374640356018e-01 1.129716471115132514e-01
3.740525985082090998e-01 1.417431894405550841e-01
3.743464528691387017e-01 1.548211632264831494e-01
3.661832660059868294e-01 1.683726498563845042e-01
3.498357987735767338e-01 1.626679474980400331e-01
3.454071212869783691e-01 1.469743789549263213e-01
3.116561222413927190e-01 1.391275946833694377e-01
3.125635734836815782e-01 1.208184313830701351e-01
2.929466128047894524e-01 1.091463397791293533e-01
2.850998285332325688e-01 8.926176500702504013e-02
2.563282862041907917e-01 9.157385595964367964e-02
2.563529616264283995e-01 6.065975196780082346e-02
2.328791750670964333e-01 5.281296769624399534e-02
2.249411491179633127e-01 3.611519759456799372e-02
1.935540120317358892e-01 3.798254542300150138e-02
1.910573079453314338e-01 4.758177818187275809e-02
2.077490627452120431e-01 5.804415721061523259e-02
2.139794292719399693e-01 1.025092680827707770e-01
2.335975222429347853e-01 1.182028366258844887e-01
2.398397819995794489e-01 1.626679474980400331e-01
2.589438809613764381e-01 1.740576737588756528e-01
2.694288082207842994e-01 1.888238950698962193e-01
2.693829064655011152e-01 2.019018688558243402e-01
2.586347652173453526e-01 2.228266269133092892e-01
2.772530442616757407e-01 2.251540629260592175e-01
2.813990402065763563e-01 2.306734111848661728e-01
2.510970966898195544e-01 2.343476990580555253e-01
2.458937326515885369e-01 2.306734111848661728e-01
2.458659071754483172e-01 2.133892782623827422e-01
2.223255543607777218e-01 2.211164303413033494e-01
1.987852015461071264e-01 2.071112617472190554e-01
1.849102887325990152e-01 2.175954373989380519e-01
1.883228225173646520e-01 2.346252336984400721e-01
1.987852015461071264e-01 2.360710476383310330e-01
2.223255543607777218e-01 2.705612312319468638e-01
2.442155914357954649e-01 2.829853063285785453e-01
2.615594757185620289e-01 3.068759620125150467e-01
2.877154232904182152e-01 3.187404866593060437e-01
3.060245865907175733e-01 3.433619519736132442e-01
3.269493446482025223e-01 3.525437794024836591e-01
3.349756305207426954e-01 3.692999333157040431e-01
3.164869656194600478e-01 3.761131357880505011e-01
2.762449504490104846e-01 3.692999333157040431e-01
2.775054262119304727e-01 3.562219595297759223e-01
2.694062599901189126e-01 3.536764253464435015e-01
2.559650091545816464e-01 3.640687438013328059e-01
2.581083437472754261e-01 3.849935018588177549e-01
2.919657647708448489e-01 3.954558808875602294e-01
2.981778023191606897e-01 4.119079719102578530e-01
3.090575634900072921e-01 4.189962337022308247e-01
2.981778023191606897e-01 4.283652083652645381e-01
2.641750704757476198e-01 4.259376197886080018e-01
2.327879333895201963e-01 4.358804834407798423e-01
2.118631753320352473e-01 4.344577736781748967e-01
1.935540120317358892e-01 4.426866616259202414e-01
1.778604434886221775e-01 4.370913937951241279e-01
1.229329535877241586e-01 4.445101716518687351e-01
1.102909122613270343e-01 4.608457498172007227e-01
1.490889011595803448e-01 4.883523733702265779e-01
1.726292539742509402e-01 4.857414562787766288e-01
1.770799837626877427e-01 4.922328869034282017e-01
1.754806810456090438e-01 5.105420502037275599e-01
1.412421168880235167e-01 5.370950076940851359e-01
9.939260077305356322e-02 5.444320408938135847e-01
7.006057385318675834e-03 6.020878667052242950e-01
0.000000000000000000e+00 6.127682119637322122e-01
2.092475805748494899e-02 6.089458285685768191e-01
2.615594757185618624e-02 6.253860348201554231e-01
7.846784271556861423e-02 6.239180229478887840e-01
1.046237902874248005e-01 6.160445168548943640e-01
1.177017640733529213e-01 6.182922935993507840e-01
1.569356854311372285e-01 5.985668737628589975e-01
1.726292539742509402e-01 6.054186631538277519e-01
2.040163910604783637e-01 5.983824407992113237e-01
2.118631753320352473e-01 6.018798080313572108e-01
2.147951726808158823e-01 6.203970300055235976e-01
1.927570730041558988e-01 6.622465461204934956e-01
1.961696067889215356e-01 6.733500022956050435e-01
2.327879333895201963e-01 6.682484019472497705e-01
2.667906652329332662e-01 6.521344699610169826e-01
2.929466128047894524e-01 6.308827625588837584e-01
3.138713708622744569e-01 6.320093687982011321e-01
3.295649394053881132e-01 6.178514958221911213e-01
3.557208869772443549e-01 6.205479297030535024e-01
3.439965981972281095e-01 6.491685723345653747e-01
3.609520764916155922e-01 6.691627822572824291e-01
3.714144555203580667e-01 6.676957018646302311e-01
3.814798246305991514e-01 6.465529775773797283e-01
4.028015926065855457e-01 6.230534934307901951e-01
4.184182318921349508e-01 6.413217880630085466e-01
4.185177093803646442e-01 6.570153566061223138e-01
3.975933469058737790e-01 6.910180884495353837e-01
4.041093899851783133e-01 7.119428465070203327e-01
4.004647087661491467e-01 7.459455783504334025e-01
3.821126668632730539e-01 7.773327154366607150e-01
3.894402627219623603e-01 7.930262839797744823e-01
3.810519162026035911e-01 8.427225843663013194e-01
3.871080240634717784e-01 8.521648814397413396e-01
4.009809335108974748e-01 8.479537738806726122e-01
4.104905392634845551e-01 8.061042577657026031e-01
4.289575401784417319e-01 7.847824897897162089e-01
4.524978929931122718e-01 7.729951874643279375e-01
4.599398828379618887e-01 7.747171206794751797e-01
4.639059101263757201e-01 7.877950944654033005e-01
4.559597095835050129e-01 8.217978263088163704e-01
4.767343315092920086e-01 8.322602053375587339e-01
4.731062484590022321e-01 8.845721004812712174e-01
4.829859193815571605e-01 8.976500742671993383e-01
4.814759296450897841e-01 9.394995903821692362e-01
4.909757439913976507e-01 9.578087536824686499e-01
4.893085427376216434e-01 9.735023222255823061e-01
5.205033566799384115e-01 9.740424994036966932e-01
5.255383765875207835e-01 9.630399431968398316e-01
5.221876411826715803e-01 9.473463746537260644e-01
5.444270294159205825e-01 8.741097214525287429e-01
5.215817159219360288e-01 8.662629371809718037e-01
5.439736489207558368e-01 8.401069896091156730e-01
5.509563527814568262e-01 7.956418787369601286e-01
5.675840623092796022e-01 7.799253663801869463e-01
6.094098002900932842e-01 8.217978263088163704e-01
6.146647679386207930e-01 8.353117325542753768e-01
6.225115522101776211e-01 8.357544764584865504e-01
6.329038706650669255e-01 8.270290158231875521e-01
6.343984962406015171e-01 7.904106892225888359e-01
6.171614720250251374e-01 7.721015259222895333e-01
6.210475999207080156e-01 7.380987940788764634e-01
6.072103228806416952e-01 7.224052255357626962e-01
6.121563696878772332e-01 7.014804674782777472e-01
6.017797478642882281e-01 6.831713041779784445e-01
6.066039804596577989e-01 6.648621408776791419e-01
5.838512261938814119e-01 6.491685723345653747e-01
5.963556046383213793e-01 6.289249587450974621e-01
6.120491731814351466e-01 6.263277390479793372e-01
6.191010217914943992e-01 6.439373828201941929e-01
6.591298788107763373e-01 6.713093525160050978e-01
6.741338814633592857e-01 6.543997618489366674e-01
6.505090920090318418e-01 6.465529775773797283e-01
6.485174246730149861e-01 6.387061933058229002e-01
6.585661730441414452e-01 6.151658404911523048e-01
6.542688206299690501e-01 6.020878667052242950e-01
6.617454735679619837e-01 5.965824616114706602e-01
6.852858263826324681e-01 6.076460055642436409e-01
6.955754774557116882e-01 6.282438142770804257e-01
7.297509372547880124e-01 6.376643886144015561e-01
7.768316428841292032e-01 6.727765698412322415e-01
7.977564009416141522e-01 6.750458089896723690e-01
8.160655642419134548e-01 6.848798781725916607e-01
8.272302788999003065e-01 6.753245199064216164e-01
8.188337353599349777e-01 6.622465461204934956e-01
8.197915529997910067e-01 6.465529775773797283e-01
8.056031852131710913e-01 6.412971126407709388e-01
8.003719956987997985e-01 6.118440351495265661e-01
7.812059996332154643e-01 6.099346509767811231e-01
8.029875904559853339e-01 5.937221152199400054e-01
8.265279432706560403e-01 6.049392937765823985e-01
8.500682960853265246e-01 6.048640681580265133e-01
8.657618646284402919e-01 6.130276955705957764e-01
8.971490017146677154e-01 6.178886317547800378e-01
9.206893545293383108e-01 6.064812485239344797e-01
9.308581463914580301e-01 6.099346509767811231e-01
9.327722650924241687e-01 6.230126247627092440e-01
9.913104129733500969e-01 6.238375431092061385e-01
1.000000000000000000e+00 6.151658404911523048e-01
9.886948182161644505e-01 5.967046077282259775e-01
9.573076811299370270e-01 5.729660215069164453e-01
9.128425702577814826e-01 5.608268594106210481e-01
8.919178122002964226e-01 5.341053468320575703e-01
8.631462698712546455e-01 5.368480728846025674e-01
8.364018134790316417e-01 5.105420502037275599e-01
8.448371065709553429e-01 4.835718136980305393e-01
8.683774593856259383e-01 4.843160420580180925e-01
8.913876240738398682e-01 4.582301550600151319e-01
8.738508335997365872e-01 4.582301550600151319e-01
8.710221163067802808e-01 4.425365865169014201e-01
8.605306751140691102e-01 4.388474267474381518e-01
8.369903222993984038e-01 4.449592275624913995e-01
8.212967537562847475e-01 4.352084115506485440e-01
7.742160481269435568e-01 4.282679315355379934e-01
7.480601005550874261e-01 4.352415292644383760e-01
7.140573687116743562e-01 4.345632412087064855e-01
7.115118345283418799e-01 4.059182599163027039e-01
7.577868435583714479e-01 3.823779071016321085e-01
7.599470445855112111e-01 3.692999333157040431e-01
7.506756953122730724e-01 3.631770637704740956e-01
7.035949896829318817e-01 3.745096835287868298e-01
6.768287366677323558e-01 3.719155280728896340e-01
7.088261791973030634e-01 3.368313483971786537e-01
7.375977215263449516e-01 3.225695305556287584e-01
7.567038238542243000e-01 3.039100643860634943e-01
7.570232972230039881e-01 2.856009010857641917e-01
7.894736842105263275e-01 2.725229272998360708e-01
8.198863840342728304e-01 2.254422216704949355e-01
8.160655642419134548e-01 2.200080980801351060e-01
7.951408061844285058e-01 2.271423582626654891e-01
7.899096166700573241e-01 2.121353833433131109e-01
7.585224795838299006e-01 2.154453298443023690e-01
7.402133162835304869e-01 2.265756460652753601e-01
7.374868912400234233e-01 2.202110321561236983e-01
7.785497296363983466e-01 1.312808104118126096e-01
7.981606292222700461e-01 1.129716471115132514e-01
8.035993021330691821e-01 9.989367332558513057e-02
8.003719956987997985e-01 9.552563008108511111e-02
7.846784271556861423e-01 9.719278743501302831e-02
7.820866105326567119e-01 8.943129429684265608e-02
8.056031852131710913e-01 6.807060377982671051e-02
8.166260488327390377e-01 3.711939915313028360e-02
