4.980961575593743640e-01 1.585097005465219144e-03
4.866927087201270985e-01 2.804378887984088076e-02
4.695501061981077195e-01 3.290032489065375376e-02
4.652182928097196579e-01 6.437512697599839795e-02
4.565746283066228761e-01 7.454318328732567611e-02
4.461942459934349903e-01 7.680647192364686848e-02
4.421132489146615829e-01 1.136819429636408141e-01
4.280285769453562317e-01 1.221565519615168682e-01
4.256249228441467691e-01 1.292525164334226151e-01
4.284827186715582381e-01 1.629887589512832302e-01
4.151325407552478031e-01 1.733691412644711161e-01
4.199712237385471170e-01 2.097004793606286333e-01
4.124824855093319198e-01 2.278661484087074474e-01
4.209934350260667868e-01 2.745778688180528504e-01
4.162230191916282407e-01 2.927435378661316090e-01
4.202432902104653034e-01 3.115776406237717455e-01
4.124580034755744307e-01 3.142663543686738947e-01
4.075111025294458345e-01 3.109092069142104231e-01
3.683413786445259852e-01 2.378805557044431640e-01
3.553659007530410863e-01 2.313008337329239827e-01
3.262719958808006915e-01 1.889397147342529171e-01
3.112492759219926408e-01 1.758523792747380132e-01
2.982737980305077974e-01 1.742087310103906939e-01
2.697277466692411529e-01 1.404670366110630786e-01
2.567522687777563095e-01 1.326638114274742986e-01
2.411816953079745085e-01 1.318699835253255848e-01
2.100405483684108510e-01 1.017102284562143022e-01
1.970650704769260630e-01 9.607556175571224655e-02
1.840895925854412196e-01 1.002446260285608237e-01
1.399729677543927187e-01 6.859215729073098178e-02
1.192122031280170025e-01 7.191849802138711167e-02
6.212010040548365808e-02 4.134365371861281613e-02
3.897277466692411485e-02 6.178003139770144037e-02
3.892084079605306890e-02 6.697022255429541104e-02
6.979352957234452592e-02 1.214672296985317423e-01
6.522974079671883807e-02 1.344427075900165858e-01
6.696883161756483904e-02 1.448230899032044161e-01
9.702193670003694814e-02 1.863446191559559595e-01
9.417591218002080433e-02 2.045102882040347181e-01
1.299065082934182103e-01 2.486269130350831635e-01
1.291060050202741949e-01 2.616023909265680070e-01
1.347827765977988035e-01 2.718164209590958613e-01
1.717309816756826812e-01 3.057190157576165079e-01
1.732473712286580758e-01 3.186944936491012959e-01
1.918748793203320924e-01 3.374656849987827667e-01
2.283413786445259719e-01 3.628111184801497968e-01
2.317675719867057227e-01 3.731915007933376272e-01
2.593473643560532671e-01 3.919164576815666323e-01
3.060590847653986701e-01 4.156438795470001057e-01
3.089501122956067047e-01 4.250934123592770009e-01
3.034639891871017126e-01 4.286413945952299298e-01
2.852983201390229540e-01 4.236682369187368957e-01
2.697277466692411529e-01 4.277101337340597498e-01
2.411816953079745085e-01 4.193059372997416934e-01
2.230160262598956944e-01 4.189243693617464293e-01
2.126356439467078641e-01 4.259246539117002572e-01
1.711141146939563762e-01 4.209761934129405136e-01
1.607337323807684903e-01 4.333328408203699356e-01
1.244023942846109176e-01 4.312253720725109929e-01
1.114269163931260742e-01 4.466574208551256087e-01
7.506050943780234741e-02 4.510443681422466877e-01
6.731029156207762876e-02 4.665909129492665786e-01
3.353898018505085954e-02 4.744002283469194170e-01
2.578876230932614089e-02 4.926341893839008002e-01
0.000000000000000000e+00 5.029462797081860614e-01
2.913643560532924726e-02 5.159217575996709604e-01
3.309210272253332308e-02 5.314923310694527059e-01
6.471519598378067117e-02 5.360337483314724372e-01
7.187666166619632868e-02 5.418727133826406472e-01
7.506050943780234741e-02 5.548481912741254352e-01
1.140220119714230318e-01 5.594790945905692148e-01
1.216270837355988288e-01 5.730138603222042493e-01
1.607337323807684903e-01 5.728572597269621092e-01
1.737092102722533338e-01 5.857034378533682029e-01
2.074454527901138934e-01 5.802517440835480711e-01
2.256111218381927075e-01 5.888263494814882648e-01
2.749179378258350681e-01 5.799679055046719212e-01
2.852983201390229540e-01 5.841038390825826765e-01
3.060590847653986701e-01 5.797464196055218677e-01
3.092582112110578985e-01 5.833942426353920796e-01
3.060590847653986701e-01 5.917764013532912371e-01
2.343626675650026803e-01 6.327010586230344957e-01
2.299968333655145747e-01 6.430814409362224371e-01
1.851090944197721355e-01 6.742225878757859281e-01
1.736420957314352975e-01 6.871980657672708270e-01
1.734293470236135115e-01 7.001735436587557260e-01
1.315139542828285824e-01 7.390999773332102007e-01
1.311621997022716091e-01 7.546705508029920573e-01
9.914162349586913558e-02 7.910018888991495745e-01
9.462590967501383066e-02 8.013822712123375158e-01
9.860033742826485037e-02 8.143577491038223037e-01
6.708008147045446679e-02 8.610694695131677623e-01
7.065553195597606972e-02 8.766400429829495078e-01
6.315374016972058469e-02 8.974008076093252795e-01
4.296477626398653715e-02 9.285419545488888815e-01
4.023772667323383123e-02 9.415174324403736694e-01
5.952500482718670050e-02 9.608047105943265942e-01
7.250048271867154392e-02 9.580776610035739438e-01
1.036416296582352015e-01 9.378886970978399518e-01
1.244023942846109176e-01 9.303869053115844112e-01
1.399729677543927187e-01 9.339623557971059586e-01
1.659239235373624055e-01 9.176584414603168316e-01
1.737092102722533338e-01 9.085020498053734128e-01
1.866846881637381772e-01 9.025261213764617096e-01
2.022552616335199782e-01 9.061649461851527532e-01
2.463718864645684237e-01 8.698802375652887608e-01
2.619424599343502802e-01 8.695284829847318431e-01
3.008688936088047550e-01 8.276130902439469139e-01
3.138443715002896539e-01 8.274450845633372076e-01
3.259447590223487068e-01 8.169528446821192613e-01
3.579609963313380439e-01 7.710620218536636816e-01
3.683413786445259852e-01 7.674838352208332992e-01
4.092660359142691329e-01 6.949833525021616998e-01
4.176481946321683458e-01 6.920923249719537207e-01
4.212052652955236565e-01 7.027686392370526836e-01
4.169385981849778045e-01 7.157441171285374715e-01
4.210745317628885598e-01 7.261244994417253018e-01
4.124829563176733993e-01 7.754313154293677179e-01
4.196741903029440612e-01 7.858116977425555483e-01
4.161979941619435852e-01 8.299283225736040492e-01
4.281851775405983163e-01 8.403087048867919906e-01
4.280285769453562317e-01 8.794153535319615411e-01
4.423256312887515751e-01 8.870204252961373381e-01
4.461942459934349903e-01 9.241302920657841202e-01
4.591697238849198337e-01 9.291657756013640412e-01
4.650086889360880438e-01 9.363272412837797543e-01
4.660567083042464476e-01 9.544929103318585684e-01
4.721452017764046771e-01 9.696000738769444682e-01
4.851206796678895206e-01 9.719060016622311782e-01
4.980961575593743640e-01 9.984149029945348364e-01
5.084082478836596808e-01 9.752536749582343401e-01
5.266422089206410639e-01 9.675034570825096214e-01
5.344515243182939024e-01 9.337321457054827967e-01
5.499980691253136822e-01 9.259819278297580780e-01
5.543850164124348723e-01 8.896155208744342957e-01
5.698170651950493770e-01 8.766400429829495078e-01
5.677095964471905454e-01 8.403087048867919906e-01
5.803157722756100423e-01 8.299283225736040492e-01
5.751177833558601682e-01 7.884067933208526169e-01
5.821180679058139962e-01 7.780264110076646755e-01
5.817042771988613081e-01 7.598607419595859724e-01
5.733755551264722028e-01 7.313146905983193280e-01
5.774592854497513361e-01 7.131490215502405139e-01
5.730774027519711655e-01 7.027686392370526836e-01
5.759490249082834801e-01 6.920923249719537207e-01
5.853985577205603752e-01 6.949833525021616998e-01
6.090914743700930334e-01 7.416950729115071583e-01
6.278509364742228538e-01 7.692748652808547583e-01
6.382313187874106841e-01 7.721393886309726451e-01
6.823479436184591851e-01 8.277950660389024051e-01
6.953234215099439730e-01 8.293114555918776887e-01
7.290596640278045326e-01 8.659493775027913287e-01
7.394400463409924740e-01 8.719364322472862305e-01
7.524155242324772619e-01 8.710997198832519661e-01
7.887468623286348901e-01 9.027923423883732479e-01
7.991272446418227204e-01 9.072219020823629743e-01
8.121027225333075084e-01 9.034490545619688895e-01
8.562193473643560093e-01 9.339870211640655118e-01
8.665997296775438397e-01 9.358126964708416429e-01
8.795752075690287386e-01 9.312489076952159550e-01
9.366673102915620275e-01 9.619538101194623492e-01
9.418575014481559426e-01 9.605241046851228370e-01
9.596987835489476648e-01 9.389223368620767118e-01
9.291239392461733138e-01 8.818302341395434230e-01
9.324502799768294992e-01 8.610694695131677623e-01
9.007978112389996017e-01 8.169528446821192613e-01
9.049668755118482899e-01 8.039773667906344734e-01
9.002035693597770782e-01 7.910018888991495745e-01
8.691724537422348407e-01 7.598607419595859724e-01
8.683786258400861824e-01 7.442901684898041159e-01
8.605754006564974024e-01 7.313146905983193280e-01
8.268337062571697871e-01 7.027686392370526836e-01
8.251900579928224122e-01 6.897931613455677846e-01
8.121027225333075084e-01 6.747704413867597895e-01
7.809615755937439063e-01 6.557386523888594221e-01
7.679637261886530508e-01 6.430814409362224371e-01
7.629433551580684369e-01 6.327010586230344957e-01
6.878294210134332509e-01 5.911795293702830634e-01
6.901332303533500578e-01 5.804121591199806751e-01
7.108939949797257185e-01 5.847127186146880984e-01
7.264645684495075750e-01 5.806077055800076270e-01
7.731762888588530336e-01 5.885599517582285056e-01
7.809615755937439063e-01 5.828796978224539682e-01
8.276732960030893649e-01 5.859098965123126224e-01
8.380536783162773062e-01 5.725597185960021873e-01
8.717899208341377548e-01 5.754110248818176121e-01
8.792317390366071184e-01 5.730138603222042493e-01
8.847653987256226538e-01 5.602816726411847803e-01
9.242359653439136125e-01 5.548481912741254352e-01
9.265418034369568012e-01 5.444678089609376048e-01
9.340722147132650699e-01 5.373312961206209160e-01
9.682904035528094866e-01 5.314923310694527059e-01
9.699417137658274957e-01 5.185168531779679180e-01
1.000000000000000000e+00 5.029462797081860614e-01
9.755937439660165023e-01 4.926341893839008002e-01
9.678435260902917836e-01 4.744002283469194170e-01
9.314771191349681123e-01 4.656004951586942830e-01
9.244271094805946998e-01 4.510443681422466877e-01
8.873604943039196113e-01 4.464380734907696380e-01
8.797684593674125475e-01 4.328786990941679291e-01
8.717899208341377548e-01 4.300533934242479206e-01
8.406487738945742638e-01 4.333181910872666576e-01
8.276732960030893649e-01 4.199826629040595005e-01
7.913419579069318477e-01 4.259517901274829654e-01
7.731762888588530336e-01 4.178226704373242950e-01
7.290596640278045326e-01 4.267048830006388571e-01
7.108939949797257185e-01 4.223443704331150128e-01
6.927283259316470154e-01 4.283681758271279394e-01
6.878354894767328975e-01 4.250934123592770009e-01
6.878294210134332509e-01 4.173081256243861281e-01
7.655974301813266436e-01 3.731915007933376272e-01
7.685287085959029429e-01 3.628111184801497968e-01
7.809615755937439063e-01 3.511331883778134322e-01
7.939370534852288053e-01 3.457455442967838355e-01
8.248578621209747830e-01 3.186944936491012959e-01
8.271234876178568118e-01 3.031239201793195503e-01
8.614095385209499245e-01 2.737598495596765824e-01
8.704700015313833195e-01 2.616023909265680070e-01
8.687553332627421243e-01 2.486269130350831635e-01
9.060912244859823383e-01 2.019151926257377605e-01
9.023992858929028582e-01 1.863446191559559595e-01
9.342636561903525649e-01 1.396328987466105009e-01
9.311631962827546793e-01 1.188721341202347292e-01
9.553070833395220784e-01 7.735060486748324138e-02
9.596627405548046053e-01 5.918493581940448278e-02
9.418575014481559426e-01 4.137969671275593120e-02
9.366673102915620275e-01 4.091291039516592454e-02
8.925506854605136375e-01 6.578852724632083815e-02
8.743850164124347124e-01 7.021409202716660802e-02
8.614095385209499245e-01 6.677878107720797152e-02
8.146978181116044659e-01 9.864315137465762273e-02
7.991272446418227204e-01 9.495121278157808709e-02
7.524155242324772619e-01 1.322871040048183011e-01
7.394400463409924740e-01 1.307536011306728030e-01
6.979185170882409306e-01 1.739189496497035581e-01
6.823479436184591851e-01 1.761845751465856424e-01
6.552968929707766454e-01 2.071053837823316757e-01
6.501636700248742962e-01 2.200808616738165191e-01
6.382313187874106841e-01 2.323463605863334003e-01
6.278509364742228538e-01 2.359995577211747575e-01
5.837343116431743528e-01 3.132130162541271745e-01
5.759490249082834801e-01 3.132069477908275834e-01
5.726742614404325415e-01 3.083141113359134655e-01
5.786980668344454681e-01 2.901484422878346514e-01
5.743375542669215683e-01 2.719827732397558928e-01
5.835661110038401489e-01 2.278661484087074474e-01
5.758001259816598605e-01 2.148906705172226039e-01
5.810597743635009804e-01 1.733691412644711161e-01
5.677242461802938234e-01 1.603936633729862726e-01
5.709890438433125048e-01 1.292525164334226151e-01
5.681637381733924963e-01 1.212739779001478779e-01
5.546043637767907875e-01 1.136819429636408141e-01
5.499980691253136822e-01 7.661532778696572565e-02
5.354419421088661979e-01 6.956531813259236863e-02
5.266422089206410639e-01 3.319891117726869734e-02
5.084082478836596808e-01 2.544869330154386766e-02
