5.128290222758077332e-01 5.551115123125782702e-17
4.855081034230144255e-01 5.551115123125782702e-17
4.507360248830957206e-01 2.754619310280648214e-03
4.432848651959703234e-01 4.536355435931727076e-03
4.159639463431770712e-01 7.697453485015159913e-03
3.787081479075499191e-01 1.569786291819735835e-02
3.613221086375905111e-01 2.065989778920640507e-02
3.190988704105464091e-01 3.555663503254413715e-02
2.917779515577531568e-01 4.772109431957205494e-02
2.495547133307090548e-01 7.029781249062216908e-02
2.296849541650411997e-01 8.276076411015936829e-02
1.998803154165395002e-01 1.044677254239576580e-01
1.849779960422885949e-01 1.168863249025000606e-01
1.502059175023699455e-01 1.503608190097248665e-01
1.268732796359546833e-01 1.749910413088339722e-01
1.144546801574123362e-01 1.898933606830848775e-01
7.531732743265984187e-02 2.495026381800883319e-01
5.522432915731823044e-02 2.892421565114239312e-01
4.554358976599875986e-02 3.115956355728002336e-01
2.816313262695258057e-02 3.612700334869698438e-01
1.770901383515233185e-02 4.034932717140139458e-01
1.698300340409902853e-02 4.134281512968478456e-01
1.264170418778903793e-02 4.382653502539326507e-01
1.211485451294175286e-02 4.506839497324749977e-01
1.015798429208053522e-02 4.631025492110174002e-01
9.166109138924238842e-03 5.053257874380615577e-01
1.015798429208053522e-02 5.376141460822717599e-01
1.211485451294175286e-02 5.500327455608141625e-01
1.274157404373532643e-02 5.649350649350649567e-01
1.698300340409902853e-02 5.872885439964412591e-01
1.770901383515233185e-02 5.972234235792752699e-01
3.064685252266108328e-02 6.468978214934447690e-01
4.554358976599875986e-02 6.891210597204888710e-01
5.770804905302667764e-02 7.164419785732821788e-01
7.531732743265984187e-02 7.512140571132008837e-01
1.075988316550799406e-01 8.008884550273703828e-01
1.293569995316631860e-01 8.282093738801636906e-01
1.603477737431796002e-01 8.604977325243738928e-01
1.849779960422885949e-01 8.838303703907890441e-01
1.998803154165395002e-01 8.962489698693314466e-01
2.421035536435836022e-01 9.254514430112500412e-01
2.719081923920853017e-01 9.428374822812093381e-01
2.967453913491701067e-01 9.552251806779110677e-01
3.166151505148379064e-01 9.627840047678297708e-01
3.190988704105464091e-01 9.609963986748002451e-01
3.200496694331222969e-01 9.573628084570044994e-01
3.070207809177059599e-01 9.002372508557094921e-01
2.858885248353535413e-01 8.207582141930381825e-01
2.852111466819784447e-01 8.133070545059127854e-01
2.784613918092239127e-01 7.810186958617025832e-01
2.752762670991445448e-01 7.512140571132008837e-01
2.734699253568111388e-01 7.437628974260753756e-01
2.702842216910451567e-01 7.139582586775736761e-01
2.685265122263899573e-01 7.065070989904482790e-01
2.678005017953366540e-01 6.965722194076142681e-01
2.660187656696856862e-01 6.891210597204888710e-01
2.554065079334767452e-01 5.947397036835667672e-01
2.536241928521391076e-01 5.872885439964412591e-01
2.528981824210858598e-01 5.748699445178988565e-01
2.511404729564306049e-01 5.674187848307734594e-01
2.454716283506427899e-01 5.152606670208954576e-01
2.436893132693052078e-01 5.078095073337700605e-01
2.408616936957293508e-01 4.631025492110174002e-01
2.409358345881386088e-01 2.594375177629222318e-01
2.418388949661720577e-01 2.544700779715052819e-01
2.460726354377059666e-01 2.470189182843798292e-01
2.520384332264175020e-01 2.416744852945071353e-01
2.570058730178345074e-01 2.392216664806393056e-01
2.719081923920853017e-01 2.360867875312994135e-01
3.041965510362955594e-01 2.360867875312994135e-01
3.215825903062549118e-01 2.380436577521605201e-01
6.320475772698146422e-01 2.385705074270078607e-01
6.544010563311909445e-01 2.429112276876312371e-01
6.916568547668180411e-01 2.436372381186843739e-01
7.040754542453604437e-01 2.469975069059685557e-01
7.119036071309416958e-01 2.544700779715052819e-01
7.142749925056058879e-01 2.594375177629222318e-01
7.199750247898578648e-01 2.917258764071324340e-01
7.203308449060793484e-01 3.066281957813833392e-01
7.224587446855663675e-01 3.264979549470511389e-01
7.227404239093786487e-01 3.935583921311800459e-01
7.251870733588825502e-01 4.258467507753902481e-01
7.255691841120683883e-01 5.624513450393565650e-01
7.310558631124517426e-01 5.848048241007328674e-01
7.360177207729555748e-01 5.997071434749836616e-01
7.414737611995938504e-01 6.121257429535260641e-01
7.435545825876298531e-01 6.220606225363599640e-01
7.465991424597886450e-01 6.295117822234854721e-01
7.512050571844188784e-01 6.568327010762786689e-01
7.504314395119850989e-01 6.618001408676956743e-01
7.459399329319134075e-01 6.692513005548210714e-01
7.388475327852791485e-01 6.743686199951169913e-01
7.264289333067367460e-01 6.790791232455986037e-01
7.040754542453604437e-01 6.919052296035814731e-01
6.792382552882756386e-01 6.974942063385970448e-01
6.469498966440654364e-01 7.024376194690181707e-01
5.947917788341874346e-01 7.075043501606947949e-01
4.706057840487635757e-01 7.076748180458932724e-01
4.383174254045533735e-01 7.019141883896540257e-01
4.308662657174279209e-01 6.994427481395397717e-01
4.163483315651319017e-01 6.916047796161973737e-01
4.056520735618873719e-01 6.791861801376549712e-01
4.001636666989392688e-01 6.642838607634040660e-01
3.975806559029710918e-01 6.394466618063193719e-01
3.970538062281238623e-01 6.071583031621090587e-01
3.948523272296550202e-01 5.798373843093158619e-01
3.949264681220642226e-01 4.655862691067259029e-01
4.009984815478488396e-01 4.382653502539326507e-01
4.099695839025729316e-01 4.233630308796817454e-01
4.209313861345940211e-01 4.124012286476606559e-01
4.308662657174279209e-01 4.058271119608434230e-01
4.383174254045533735e-01 4.034321966346112731e-01
4.780569437358890283e-01 4.019691708689200893e-01
5.004104227972653307e-01 3.997676918704512472e-01
5.476011008157263271e-01 4.000123006480589272e-01
5.575359803985603380e-01 4.019910217770934491e-01
5.649871400856857351e-01 4.055999984112666490e-01
5.798894594599366403e-01 4.155348779941005488e-01
5.876238503632392751e-01 4.233630308796817454e-01
5.908215902130170560e-01 4.357816303582241479e-01
5.909920580982155336e-01 4.755211486895598028e-01
5.882385794170490456e-01 4.929071879595191552e-01
5.839971500566851770e-01 5.078095073337700605e-01
5.833704305258915479e-01 5.177443869166039603e-01
5.805103894338636827e-01 5.276792664994378601e-01
5.749220196685196349e-01 5.326241270190756882e-01
5.699545798771026295e-01 5.333366284841071225e-01
5.649871400856857351e-01 5.308979647316314221e-01
5.616818820706275250e-01 5.251955466037293574e-01
5.613357011345322389e-01 5.078095073337700605e-01
5.686015085906346300e-01 4.755211486895598028e-01
5.686015085906346300e-01 4.432327900453496006e-01
5.676540852196021447e-01 4.382653502539326507e-01
5.645731867697342254e-01 4.332979104625156452e-01
5.550522605028518353e-01 4.257825166401563721e-01
5.426336610243094327e-01 4.222323822704412977e-01
4.929592631101398781e-01 4.224034118290671547e-01
4.755732238401805256e-01 4.243602820499282613e-01
4.432848651959703234e-01 4.250634237313590802e-01
4.383174254045533735e-01 4.274635118395778144e-01
4.249196671209720666e-01 4.407490701496410979e-01
4.207074441767841844e-01 4.482002298367665505e-01
4.173170176296451261e-01 4.655862691067259029e-01
4.166042803787893822e-01 5.550001853522310569e-01
4.194449174091321453e-01 6.096420230578175614e-01
4.199717670839794303e-01 6.419303817020278746e-01
4.231911640724926871e-01 6.642838607634040660e-01
4.274328882145367881e-01 6.717350204505295741e-01
4.333499856131364236e-01 6.770351012994074713e-01
4.383174254045533735e-01 6.794101220954648079e-01
4.706057840487635757e-01 6.852842685383123689e-01
5.997592186256044400e-01 6.851132389796865674e-01
6.469498966440654364e-01 6.801457991882695620e-01
6.941405746625265438e-01 6.719954104395957639e-01
7.255041439838666451e-01 6.543489811805701661e-01
7.269378923017590921e-01 6.518652612848616634e-01
7.272504714260865644e-01 6.468978214934447690e-01
7.242056034000945441e-01 6.319955021191938638e-01
7.086623240527576417e-01 5.872885439964412591e-01
7.031774939753734355e-01 5.649350649350649567e-01
7.027965238513016466e-01 4.258467507753902481e-01
7.003498744017977451e-01 3.935583921311800459e-01
7.000676335045581400e-01 3.264979549470511389e-01
6.981107632836970334e-01 3.091119156770917864e-01
6.974840437529034043e-01 2.892421565114239312e-01
6.943237999007345618e-01 2.718561172414646343e-01
6.916568547668180411e-01 2.678335708886323552e-01
6.866894149754011467e-01 2.658537941601690768e-01
6.544010563311909445e-01 2.655726766097842306e-01
6.320475772698146422e-01 2.609616186080160882e-01
3.315174698890888116e-01 2.606793777107764276e-01
2.992291112448786095e-01 2.582327282612725261e-01
2.719081923920853017e-01 2.583439395998864407e-01
2.669407526006684073e-01 2.597221106676387836e-01
2.647416256096765119e-01 2.619212376586307345e-01
2.633634545419240580e-01 2.668886774500476289e-01
2.632522432033103099e-01 4.655862691067259029e-01
2.659811335500537610e-01 5.028420675423530550e-01
2.685647233017085522e-01 5.276792664994378601e-01
2.703224327663638071e-01 5.351304261865632572e-01
2.710484431974170549e-01 5.500327455608141625e-01
2.728061526620722543e-01 5.574839052479395596e-01
2.735321630931255577e-01 5.674187848307734594e-01
2.752898725577807015e-01 5.748699445178988565e-01
2.760158829888340049e-01 5.872885439964412591e-01
2.777976191144849727e-01 5.947397036835667672e-01
2.884098768506939692e-01 6.891210597204888710e-01
2.901921919320316068e-01 6.965722194076142681e-01
2.909182023630848546e-01 7.065070989904482790e-01
2.926759118277401095e-01 7.139582586775736761e-01
2.934019222587933573e-01 7.288605780518244703e-01
2.976673782801528279e-01 7.512140571132008837e-01
3.008530819459187544e-01 7.810186958617025832e-01
3.113126056581270173e-01 8.331768136715805850e-01
3.219631602902747192e-01 8.704326121072077926e-01
3.398906165071969854e-01 9.424604890827535941e-01
3.436756793785650244e-01 9.623302482484215048e-01
3.497220077610430078e-01 9.747488477269639073e-01
3.538709489504651140e-01 9.775016372780407359e-01
3.787081479075499191e-01 9.850188323750916908e-01
4.159639463431770712e-01 9.930192418082739447e-01
4.457685850916787706e-01 9.962043665183532015e-01
4.532197447788042233e-01 9.979620759830084564e-01
4.780569437358890283e-01 9.984183276286036079e-01
4.879918233187229282e-01 9.999211517493425960e-01
5.078615824843907278e-01 1.000000000000000000e+00
5.202801819629331304e-01 9.985887955138019745e-01
5.451173809200179354e-01 9.979620759830084564e-01
5.525685406071433325e-01 9.962043665183532015e-01
5.674708599813942378e-01 9.954783560872999537e-01
5.749220196685196349e-01 9.937206466226446988e-01
5.848568992513535347e-01 9.929946361915915620e-01
6.295638573741061395e-01 9.825405173997912023e-01
6.618522160183163416e-01 9.726112199478704756e-01
6.817219751839841413e-01 9.651600602607450785e-01
7.239452134110282433e-01 9.453212021769179518e-01
7.661684516380724563e-01 9.204840032198331468e-01
8.034242500736996639e-01 8.937652499736230549e-01
8.183265694479504582e-01 8.813466504950806524e-01
8.689801261671589172e-01 8.306930937758720823e-01
8.913336052285352196e-01 8.033721749230788856e-01
9.130849186833283060e-01 7.710838162788686834e-01
9.279872380575793223e-01 7.462466173217838783e-01
9.431127965415039283e-01 7.164419785732821788e-01
9.577609757242403488e-01 6.816699000333634739e-01
9.701739930718695781e-01 6.444141015977362663e-01
9.831364373760607123e-01 5.922559837878582645e-01
9.888052819818484718e-01 5.450653057693971570e-01
9.908338908610758722e-01 5.351304261865632572e-01
9.908338908610758722e-01 4.680699890024343501e-01
9.888052819818484718e-01 4.581351094196004503e-01
9.880792715507953350e-01 4.432327900453496006e-01
9.863215620861399691e-01 4.357816303582241479e-01
9.855955516550868323e-01 4.258467507753902481e-01
9.838378421904314663e-01 4.183955910882647955e-01
9.831118317593783296e-01 4.084607115054308957e-01
9.701739930718695781e-01 3.563025936955528383e-01
9.577609757242403488e-01 3.190467952599256862e-01
9.431127965415039283e-01 2.842747167200070368e-01
9.304709579532877139e-01 2.594375177629222318e-01
9.130849186833283060e-01 2.296328790144204768e-01
8.981894537308675597e-01 2.072793999530441744e-01
8.689801261671589172e-01 1.700236015174170223e-01
8.208102893436589609e-01 1.218537646939170105e-01
8.133591296565334527e-01 1.164086864610177074e-01
8.034242500736996639e-01 1.069514453196661607e-01
7.810707710123232506e-01 9.016071723449997632e-02
7.462986924724046567e-01 6.781409259491366637e-02
7.189777736196113489e-01 5.291838713642521563e-02
6.866894149754011467e-01 3.804035492825258435e-02
6.618522160183163416e-01 2.810547534541868453e-02
6.295638573741061395e-01 1.817617789349795787e-02
5.972754987298959373e-01 1.018117338072366262e-02
5.674708599813942378e-01 5.238339205989095415e-03
5.550522605028518353e-01 4.512328774936014142e-03
5.476011008157263271e-01 2.754619310280648214e-03
