7.429411078853171979e-01 0.000000000000000000e+00
6.681815849918966155e-01 0.000000000000000000e+00
6.011558058460713116e-01 2.577914582531759535e-03
5.727987454382221788e-01 4.786514626837823361e-03
5.495975141954364540e-01 5.333344992829502917e-03
5.315521121177142483e-01 7.364429209369527385e-03
5.160846246225238021e-01 7.911259575361206942e-03
4.671042475544207040e-01 1.252025837443304646e-02
4.490588454766984983e-01 1.306708874042472601e-02
4.361692725640398116e-01 1.509817295696480599e-02
3.742993225832780269e-01 1.957235413124153167e-02
3.586384914943976376e-01 2.179684494036171483e-02
3.559628656333344576e-01 2.437475952289347436e-02
3.576383561146931900e-01 2.695267410542517839e-02
3.691434934182145078e-01 3.246772087625132697e-02
4.361692725640398116e-01 5.566315828668594312e-02
4.619484183893572404e-01 6.339129213311600619e-02
4.722600767194842231e-01 6.523265969206715198e-02
4.825717350496112057e-01 6.854712129817952526e-02
4.928833933797381328e-01 7.038848885713061554e-02
5.031950517098651154e-01 7.370856036440814885e-02
6.965386453997458593e-01 1.159511470757983997e-01
7.094282183124045460e-01 1.201110228499795429e-01
7.480969370503807170e-01 1.296742543658231939e-01
8.512135203516504323e-01 1.632599076567911034e-01
8.552997892111953160e-01 1.661600615621393051e-01
8.565249133277288429e-01 1.687379761446710646e-01
8.545248071861093475e-01 2.074066948826471801e-01
8.528580520680930643e-01 2.099846094651789397e-01
8.486356057691186727e-01 2.109354795980800112e-01
7.893435703708886475e-01 1.915857836140451576e-01
7.197398766425315841e-01 1.727055478068488248e-01
6.733374141569601345e-01 1.626104714831149156e-01
5.650650016906269002e-01 1.446188510732566157e-01
5.186625392050555616e-01 1.387599542947754450e-01
4.567925892242937769e-01 1.284482959646484623e-01
3.897668100784684730e-01 1.124188583698444432e-01
3.639876642531509887e-01 1.046851146222492202e-01
3.098514580199844271e-01 8.406827342168171624e-02
2.814943976121352387e-01 7.144318327561882676e-02
2.247802767964369175e-01 4.285748639586650643e-02
2.196244476313733984e-01 3.945095641180673685e-02
1.861115580584607465e-01 2.285711626059661050e-02
1.757998997283338194e-01 2.080083248801994911e-02
4.432625601921491576e-02 1.288957291265868665e-02
2.370293935896095050e-02 1.340805732343464118e-02
1.966255400364685935e-02 1.664101577529825127e-02
1.755109774155572122e-02 2.953058868795693792e-02
1.700426737556409718e-02 6.819930742593310891e-02
1.497318315902396169e-02 8.108888033859179556e-02
1.460328564599444601e-02 1.146017699115044475e-01
1.221775274872621830e-02 1.352250865717584127e-01
1.184843821050063362e-02 1.661600615621393051e-01
9.817353993960498126e-03 1.842054636398615108e-01
1.000033184719606449e-02 2.409195844555598320e-01
1.260779718512333725e-02 2.460754136206233511e-01
3.659251227161969267e-02 2.645192206792821854e-01
1.190857789126354427e-01 3.238112560775122661e-01
1.732219851458020599e-01 3.598949458582971772e-01
2.041569601361829522e-01 3.779403479360193829e-01
2.454035934566908272e-01 3.987953700141080304e-01
2.866502267771987578e-01 4.151575047474834745e-01
3.098514580199844271e-01 4.225618627356675372e-01
3.304747746802383368e-01 4.274473282264741325e-01
3.665655788356827482e-01 4.326812760152505821e-01
3.975005538260636406e-01 4.329357445171220231e-01
4.284355288164445885e-01 4.300252428090058365e-01
4.542146746417620173e-01 4.248694136439423730e-01
5.135067100399920426e-01 4.101049937621695785e-01
5.392858558653095269e-01 4.049741024654452404e-01
5.624870871080952517e-01 4.022931313908613693e-01
6.088895495936665903e-01 4.003615554211936711e-01
6.192012079237935174e-01 4.017463010248696897e-01
6.398245245840474826e-01 4.022931313908613693e-01
6.630257558268332074e-01 4.049741024654452404e-01
7.145840474774680651e-01 4.158290429163841173e-01
7.687202537106345712e-01 4.338616996448824148e-01
7.996552287010154636e-01 4.467512725575411014e-01
8.563693495167139513e-01 4.751185208596712672e-01
8.615930185392124407e-01 4.806656406310119145e-01
8.644918264156433718e-01 4.883993843786071376e-01
8.701909377015186742e-01 5.193343593689880855e-01
8.706284395513426144e-01 5.296460176991150126e-01
8.692589224293725270e-01 5.325374624335763585e-01
8.666810078468408785e-01 5.326185110442792636e-01
8.357460328564598750e-01 5.161228895076984680e-01
7.790319120407616094e-01 4.880401667728445636e-01
7.532527662154442361e-01 4.777285084427175810e-01
7.223177912250632327e-01 4.674226439449416515e-01
6.913828162346823403e-01 4.588540664678722458e-01
6.475582683316427612e-01 4.513125677708209604e-01
6.140453787587301093e-01 4.485571373605232171e-01
5.985778912635395521e-01 4.485571373605232171e-01
5.650650016906269002e-01 4.514162251753632837e-01
5.495975141954364540e-01 4.539686009770657060e-01
5.263962829526508402e-01 4.596889001973464284e-01
4.567925892242937769e-01 4.836385582544154293e-01
4.310134433989762925e-01 4.893563375190924103e-01
4.103901267387223828e-01 4.920123707253372114e-01
3.639876642531509887e-01 4.920123707253372114e-01
3.433643475928970790e-01 4.893563375190924103e-01
3.124293726025161311e-01 4.836322883648778714e-01
2.634489955344130330e-01 4.681775462189113890e-01
2.376698497090956042e-01 4.578658878887844064e-01
2.093127893012464713e-01 4.447304002865823946e-01
1.757998997283338194e-01 4.269667591930961792e-01
1.293974372427624253e-01 3.985636645962733482e-01
9.072871850478630984e-02 3.728385043198433335e-01
1.596919561136572741e-02 3.199678197908287225e-01
1.339128102883402338e-02 3.193437898437559430e-01
1.081336644630226385e-02 3.202518367870426097e-01
9.149439761213629119e-03 3.234128510965755821e-01
9.817353993960498126e-03 3.878607156598691819e-01
1.184843821050063362e-02 4.059061177375913876e-01
1.239526857649220215e-02 4.342631781454405759e-01
1.442635279303233764e-02 4.471527510580992626e-01
1.497318315902396169e-02 4.703539823008849874e-01
1.700426737556409718e-02 4.832435552135436740e-01
1.755109774155572122e-02 5.012889572912658798e-01
1.958218195809585671e-02 5.141785302039245664e-01
2.012901232408742525e-02 5.296460176991150126e-01
2.216009654062761625e-02 5.425355906117736993e-01
2.270692690661918478e-02 5.605809926894959050e-01
2.473801112315932027e-02 5.734705656021547027e-01
2.528484148915094432e-02 5.915159676798769084e-01
2.731592570569107981e-02 6.044055405925355950e-01
2.851095465177810873e-02 6.301846864178529684e-01
2.989384028822283934e-02 6.404963447479800065e-01
3.026315482644842403e-02 6.611196614082339718e-01
3.272564039782205336e-02 6.946325509811466237e-01
3.264868772371665173e-02 7.848595613697575413e-01
3.026315482644842403e-02 8.183724509426701932e-01
2.989384028822283934e-02 8.441515967679876775e-01
2.786275607168264834e-02 8.621969988457098832e-01
2.731592570569107981e-02 8.828203155059637375e-01
2.528484148915094432e-02 9.008657175836860542e-01
2.473801112315932027e-02 9.240669488264716680e-01
2.270692690661918478e-02 9.421123509041938737e-01
2.123067701341824209e-02 9.807810696421700447e-01
2.224046858617856337e-02 9.859368988072334528e-01
2.628085394149271004e-02 9.891698572590971184e-01
7.268331642706410411e-02 9.922662562524047214e-01
9.588454766984977340e-02 9.926355707906303616e-01
1.242416080776989618e-01 9.948441708349364809e-01
1.474428393204846310e-01 9.952134853731621211e-01
1.809557288933972830e-01 9.974220854174682405e-01
2.711827392820083116e-01 1.000000000000000000e+00
3.072735434374526675e-01 1.000000000000000000e+00
3.975005538260636406e-01 9.974220854174682405e-01
4.464809308941667942e-01 9.946666550071705526e-01
4.671042475544207040e-01 9.924586379376683087e-01
4.928833933797381328e-01 9.914405418445433327e-01
6.037337204286030712e-01 9.821469796075412706e-01
6.295128662539205555e-01 9.811288835144162945e-01
6.398245245840474826e-01 9.797459978779716749e-01
7.120061328949363055e-01 9.769911504424778625e-01
7.532527662154442361e-01 9.769911504424778625e-01
8.331681182739281155e-01 9.797459978779716749e-01
9.465963599053248689e-01 9.871873797614466595e-01
9.708103433055337295e-01 9.859368988072334528e-01
9.711986316820951926e-01 9.833589842247016932e-01
9.620638474005153151e-01 9.779191475208848239e-01
9.491742744878566285e-01 9.734488043951330383e-01
8.769926661769678056e-01 9.399640887520841481e-01
8.718368370119042865e-01 9.365720958803318563e-01
8.563693495167139513e-01 9.296524304219571100e-01
8.512135203516504323e-01 9.262604375502048182e-01
7.712981682931663308e-01 8.876169270652647381e-01
7.223177912250632327e-01 8.669936104050106618e-01
6.604478412443014479e-01 8.470829351239309579e-01
6.037337204286030712e-01 8.354999591917637858e-01
5.624870871080952517e-01 8.302660114029871696e-01
5.315521121177142483e-01 8.275105809926894818e-01
5.186625392050555616e-01 8.273181993074258944e-01
4.980392225448016519e-01 8.251101822379236506e-01
4.748379913020159826e-01 8.245633518719320820e-01
4.567925892242937769e-01 8.225322676553918910e-01
4.387471871465715711e-01 8.221623701423623753e-01
4.207017850688493654e-01 8.200324716965732286e-01
4.026563829911271597e-01 8.194075227068686740e-01
3.897668100784684730e-01 8.173764384903283720e-01
3.768772371658097309e-01 8.168296081243369144e-01
3.639876642531509887e-01 8.147985239077967234e-01
3.510980913404923021e-01 8.141486370497528213e-01
3.433643475928970790e-01 8.123242667298072872e-01
3.330526892627700963e-01 8.115707224672210618e-01
3.021177142723892040e-01 8.064398311704967792e-01
2.505594226217543463e-01 7.961281728403697411e-01
2.170465330488416944e-01 7.878324789931611116e-01
1.809557288933972830e-01 7.775208206630341845e-01
1.500207539030163906e-01 7.666798929075284708e-01
1.476748516329124961e-01 7.642362447095036870e-01
1.462693110403769370e-01 7.590804155444401680e-01
1.463993977037456040e-01 7.410350134667179622e-01
1.474428393204846310e-01 7.379046886165008257e-01
1.500207539030163906e-01 7.359060375785557717e-01
1.525986684855480946e-01 7.358136441004036188e-01
1.964232163885877291e-01 7.491221809877247617e-01
2.634489955344130330e-01 7.651541385381324112e-01
3.278968600977065773e-01 7.754402580874300011e-01
3.433643475928970790e-01 7.761938023500163375e-01
3.510980913404923021e-01 7.780181726699617606e-01
3.742993225832780269e-01 7.786686604404957635e-01
3.975005538260636406e-01 7.808772604848017718e-01
5.934220620984761441e-01 7.810696421700653591e-01
6.501361829141745208e-01 7.864024041880909310e-01
6.991165599822775079e-01 7.965205968641785317e-01
7.300515349726585113e-01 8.060629088110811136e-01
7.764539974582298498e-01 8.231268016071755511e-01
8.048110578660789827e-01 8.360163745198341267e-01
9.517521890703883880e-01 9.089586789370438513e-01
9.697975911481104827e-01 9.166924226846391299e-01
9.775313348957057613e-01 9.186222154409520169e-01
9.801092494782375208e-01 9.180770884729421155e-01
9.834148012413226336e-01 9.137552904963446299e-01
9.842300068791027812e-01 8.828203155059637375e-01
9.862610910956428611e-01 8.699307425933051618e-01
9.868079214616345407e-01 8.338399384378607504e-01
9.888390056781746207e-01 8.157945363601384337e-01
9.892089031912041364e-01 7.642362447095036870e-01
9.908505602387864819e-01 7.255675259715275160e-01
9.890165215059405490e-01 6.172951135051942817e-01
9.868079214616345407e-01 5.940938822624086679e-01
9.862610910956428611e-01 5.683147364370911836e-01
9.840530740261406173e-01 5.476914197768372183e-01
9.836831765131111016e-01 5.322239322816467721e-01
9.816520922965710216e-01 5.193343593689880855e-01
9.811052619305793421e-01 5.012889572912658798e-01
9.790741777140392621e-01 4.883993843786071376e-01
9.785273473480475825e-01 4.703539823008849874e-01
9.764962631315075026e-01 4.574644093882262452e-01
9.759494327655158230e-01 4.419969218930357990e-01
9.739183485489757430e-01 4.291073489803770569e-01
9.733715181829840635e-01 4.136398614851866107e-01
9.713404339664439835e-01 4.007502885725279240e-01
9.707936036004523039e-01 3.801269719122739588e-01
9.687625193839122240e-01 3.672373989996152721e-01
9.682156890179205444e-01 3.414582531742977878e-01
9.661846048013804644e-01 3.234128510965755821e-01
9.659307192743129544e-01 1.996729511350519570e-01
9.682156890179205444e-01 1.764717198922662877e-01
9.687625193839122240e-01 1.481146594844170994e-01
9.707936036004523039e-01 1.300692574066948937e-01
9.713404339664439835e-01 1.094459407464409839e-01
9.733715181829840635e-01 9.140053866871877819e-02
9.739183485489757430e-01 7.077722200846481293e-02
9.759494327655158230e-01 5.273181993074260721e-02
9.771162469544506513e-01 1.664101577529825127e-02
9.749534203131740018e-01 1.227113617807978896e-02
9.723755057306422422e-01 1.083014274090288165e-02
9.311288724101344227e-01 7.733743747595223095e-03
9.079276411673486979e-01 7.364429209369527385e-03
8.795705807594995651e-01 5.155829165063463559e-03
8.537914349341821918e-01 4.786514626837823361e-03
8.254343745263329479e-01 2.577914582531759535e-03
7.919214849534202960e-01 2.208600044306063825e-03
