6.210785394607275522e-01 0.000000000000000000e+00
6.021478021217577803e-01 2.272241054336082700e-02
5.861442510379898385e-01 3.872596162712876877e-02
5.661818005107110974e-01 5.308939722715638743e-02
5.462193499834324673e-01 6.294916316839122006e-02
5.212662868243340686e-01 6.854007343625923010e-02
5.062944489288749850e-01 6.881109063199397635e-02
4.863319984015963549e-01 6.551889426305262942e-02
4.638742415584077849e-01 5.804531224480574680e-02
4.439117910311290993e-01 4.809878459533672990e-02
4.239493405038504137e-01 3.562994957747628311e-02
3.989962773447520705e-01 1.626820478394019887e-02
3.890150520811127000e-01 6.766846119514280389e-03
3.790338268174733294e-01 1.755356174612532349e-04
3.765385205015635006e-01 1.620798437079795651e-03
3.756747606229793313e-01 1.024587896381162766e-02
3.799359760239945927e-01 3.519894212291002633e-02
3.806653732547989888e-01 4.767547370245922567e-02
3.824554210839861135e-01 5.516139265018871196e-02
3.856312654860531985e-01 8.260976212519693940e-02
3.874218949717240790e-01 9.009568107292642569e-02
3.881512922025285306e-01 1.025722126524756250e-01
3.899413400317155998e-01 1.100581316002051113e-01
3.931171844337826848e-01 1.375065010752133388e-01
3.949078139194536208e-01 1.449924200229428251e-01
3.956372111502580724e-01 1.574689516024920244e-01
3.974272589794450861e-01 1.649548705502215662e-01
4.006031033815121711e-01 1.924032400252297381e-01
4.023937328671831071e-01 1.998891589729592799e-01
4.031231300979875587e-01 2.123656905525084237e-01
4.049131779271746279e-01 2.198516095002379656e-01
4.080890223292417129e-01 2.472999789752461375e-01
4.098796518149126489e-01 2.547858979229756793e-01
4.106090490457170450e-01 2.672624295025248786e-01
4.123990968749041142e-01 2.747483484502543649e-01
4.180702475928810280e-01 3.196638621366314492e-01
4.198608770785519639e-01 3.271497810843609355e-01
4.205902743093564156e-01 3.396263126639101348e-01
4.298421023421913345e-01 3.995136642457461917e-01
4.298603530062925504e-01 4.094948895093855623e-01
4.289399531356700712e-01 4.120913568921565906e-01
4.264446468197602425e-01 4.137271247314678879e-01
4.039868899765717281e-01 4.128923450318167099e-01
3.965009710288421863e-01 4.111264359467111662e-01
3.590713762901946438e-01 4.080014864869849212e-01
3.465948447106454999e-01 4.060354875714197176e-01
3.316230068151864163e-01 4.054064260840872236e-01
3.241370878674569300e-01 4.036405169989816799e-01
3.066699436560880732e-01 4.029111197681773948e-01
2.991840247083585869e-01 4.011452106830718511e-01
2.817168804969897300e-01 4.004158134522675105e-01
2.742309615492601882e-01 3.986499043671619669e-01
2.368013668106126457e-01 3.955249549074357218e-01
2.243248352310634464e-01 3.935589559918705183e-01
2.093529973356044183e-01 3.929298945045380242e-01
2.018670783878749320e-01 3.911639854194324806e-01
1.843999341765060751e-01 3.904345881886281955e-01
1.769140152287765333e-01 3.886686791035226518e-01
1.594468710174076764e-01 3.879392818727183667e-01
1.519609520696781901e-01 3.861733727876128230e-01
1.145313573310305921e-01 3.830484233278865780e-01
1.020548257514814483e-01 3.810824244123213189e-01
8.708298785602242020e-02 3.804533629249888249e-01
7.959706890829287840e-02 3.786874538398832812e-01
6.212992469692402153e-02 3.779580566090789961e-01
5.464400574919453524e-02 3.761921475239734525e-01
3.717686153782567837e-02 3.754627502931691674e-01
2.969094259009613657e-02 3.736968412080636237e-01
9.728492062817450936e-03 3.732238298459819026e-01
8.124366574018271336e-03 3.745606010866478486e-01
9.054759357521868779e-03 3.795512137184675061e-01
1.824612419885585091e-02 3.895324389821068767e-01
4.259078506252289564e-02 4.244667274048445904e-01
5.004200639608213930e-02 4.394385653003036185e-01
5.752165738770348424e-02 4.594010158275823041e-01
6.330309109918014210e-02 4.868493853025905316e-01
6.330309109918014210e-02 5.142977547775987590e-01
5.744611202197852373e-02 5.417461242526069309e-01
5.029801391565152935e-02 5.592132684639757878e-01
4.009547874661306688e-02 5.791757189912545289e-01
2.074143051476573518e-02 6.066240884662627009e-01
1.017036922292646750e-02 6.191006200458119002e-01
9.359867266149013432e-03 6.215959263617216735e-01
1.086765364181979665e-02 6.240912326776315577e-01
1.471910469463716398e-02 6.251175280172396320e-01
2.470032995827647904e-02 6.249549925562156716e-01
3.218624890600602084e-02 6.231890834711103500e-01
4.965339311737487771e-02 6.224596862403058983e-01
5.713931206510436400e-02 6.206937771552004657e-01
7.460645627647322087e-02 6.199643799243960141e-01
8.209237522420276267e-02 6.181984708392906924e-01
9.955951943557161954e-02 6.174690736084862408e-01
1.070454383833011058e-01 6.157031645233808081e-01
1.245125825946699627e-01 6.149737672925763565e-01
1.319985015423995045e-01 6.132078582074709239e-01
1.494656457537683614e-01 6.124784609766664722e-01
1.569515647014978477e-01 6.107125518915611506e-01
1.744187089128667045e-01 6.099831546607566990e-01
1.819046278605962463e-01 6.082172455756512663e-01
1.993717720719651032e-01 6.074878483448468147e-01
2.068576910196945895e-01 6.057219392597414931e-01
2.243248352310634464e-01 6.049925420289370415e-01
2.318107541787929327e-01 6.032266329438316088e-01
2.467825920742519608e-01 6.025975714564990593e-01
2.592591236538011601e-01 6.006315725409338002e-01
2.717356552333503594e-01 6.001022651405891750e-01
2.842121868128995033e-01 5.981362662250239159e-01
2.966887183924487026e-01 5.976069588246794018e-01
3.091652499719979019e-01 5.956409599091141427e-01
3.216417815515471013e-01 5.951116525087695175e-01
3.341183131310963006e-01 5.931456535932042584e-01
3.465948447106454999e-01 5.926163461928597442e-01
3.590713762901946438e-01 5.906503472772943741e-01
3.715479078697438431e-01 5.901210398769498600e-01
3.840244394492929869e-01 5.881550409613846009e-01
3.965009710288421863e-01 5.876257335610400867e-01
4.089775026083913856e-01 5.856597346454748276e-01
4.289399531356700712e-01 5.845482662632645043e-01
4.314352594515799000e-01 5.864190387138260574e-01
4.323810610390618758e-01 5.891569442548938440e-01
4.323374086581012188e-01 5.966428632026233858e-01
4.130040196181550272e-01 7.288940979458446989e-01
4.123749581308224776e-01 7.388753232094840140e-01
3.831606795707088731e-01 9.384998284822709813e-01
3.824312823399044214e-01 9.509763600618201806e-01
3.757560939448798543e-01 9.958918737481972094e-01
3.765385205015635006e-01 9.986990933535958570e-01
3.790338268174733294e-01 1.000000000000000000e+00
3.815291331333832137e-01 9.989977337371489519e-01
4.064821962924815568e-01 9.773930163485194944e-01
4.339305657674897843e-01 9.580835271580276924e-01
4.588836289265881274e-01 9.455971341512932060e-01
4.788460794538668130e-01 9.381174831596719166e-01
4.913226110334160124e-01 9.351023729598400003e-01
5.237615931402438418e-01 9.348313557641050320e-01
5.387334310357029254e-01 9.381174831596719166e-01
5.586958815629816666e-01 9.458351686005921355e-01
5.711724131425307549e-01 9.530929145262079238e-01
5.836489447220799542e-01 9.624211784530605218e-01
6.121702959129293742e-01 9.909012611163776629e-01
6.185832331448176680e-01 9.986545343122403828e-01
6.210785394607275522e-01 9.996348332220620359e-01
6.228980336494118752e-01 9.983871800641070937e-01
6.219422993393117771e-01 9.809200358527382368e-01
6.151857776223865759e-01 9.434904411140907499e-01
6.144563803915822353e-01 9.335092158504513238e-01
6.101951649905669184e-01 9.110514590072628094e-01
6.094657677597625778e-01 9.010702337436233833e-01
6.027092460428373766e-01 8.636406390049758963e-01
6.019798488120330360e-01 8.536594137413365813e-01
5.977186334110177190e-01 8.312016568981479558e-01
5.969892361802133784e-01 8.212204316345086408e-01
5.902327144632881772e-01 7.837908368958610428e-01
5.895033172324838366e-01 7.738096116322217277e-01
5.827467955155586354e-01 7.363800168935742407e-01
5.820173982847544059e-01 7.263987916299348147e-01
5.777561828837389779e-01 7.039410347867463003e-01
5.770267856529347483e-01 6.939598095231069852e-01
5.702702639360094361e-01 6.565302147844593872e-01
5.695408667052052065e-01 6.465489895208200721e-01
5.606713323964103157e-01 5.916522505708037283e-01
5.612981295781447333e-01 5.891569442548938440e-01
5.636864941948013241e-01 5.874509695287105648e-01
5.836489447220799542e-01 5.881550409613846009e-01
5.961254763016291536e-01 5.901210398769498600e-01
6.110973141970881262e-01 5.906503472772943741e-01
6.235738457766373255e-01 5.926163461928597442e-01
6.385456836720964091e-01 5.932454076801922938e-01
6.460316026198258399e-01 5.950113167652977264e-01
6.659940531471045810e-01 5.957407139961020670e-01
6.734799720948341228e-01 5.975066230812074997e-01
6.909471163062029797e-01 5.981362662250239159e-01
7.034236478857521790e-01 6.001022651405891750e-01
7.183954857812111516e-01 6.006315725409338002e-01
7.308720173607603510e-01 6.025975714564990593e-01
7.458438552562194346e-01 6.032266329438316088e-01
7.533297742039488654e-01 6.049925420289370415e-01
7.732922247312276065e-01 6.057219392597414931e-01
7.807781436789571483e-01 6.074878483448468147e-01
7.982452878903258942e-01 6.081174914886632310e-01
8.107218194698750935e-01 6.100834904042286011e-01
8.256936573653341771e-01 6.106127978045731153e-01
8.381701889448833764e-01 6.125787967201383744e-01
8.531420268403423490e-01 6.132078582074709239e-01
8.606279457880718908e-01 6.149737672925763565e-01
8.805903963153505210e-01 6.157031645233808081e-01
8.880763152630801738e-01 6.174690736084862408e-01
9.055434594744489196e-01 6.180987167523026571e-01
9.180199910539981190e-01 6.200647156678679162e-01
9.329918289494572026e-01 6.205940230682124303e-01
9.454683605290064019e-01 6.225600219837778004e-01
9.604401984244653745e-01 6.231890834711103500e-01
9.704214236881046896e-01 6.252271557020382398e-01
9.878885678994735464e-01 6.251637766204348745e-01
9.910266046300875153e-01 6.240912326776315577e-01
9.918756334259816176e-01 6.215959263617216735e-01
9.625121938474976435e-01 5.791757189912545289e-01
9.550262748997682127e-01 5.666991874117053296e-01
9.425844409343893116e-01 5.417461242526069309e-01
9.326155526002326557e-01 5.118024484616888747e-01
9.293233562312912532e-01 4.943353042503200179e-01
9.293233562312912532e-01 4.718775474071315035e-01
9.326155526002326557e-01 4.544104031957626466e-01
9.375938283025695430e-01 4.394385653003036185e-01
9.450450496361288977e-01 4.244667274048445904e-01
9.569131789202466321e-01 4.069995831934757335e-01
9.729167300040145738e-01 3.909960321097077918e-01
9.804026489517441156e-01 3.854959140593115507e-01
9.890995253763121831e-01 3.770559074025576773e-01
9.894616957942863333e-01 3.745606010866478486e-01
9.878885678994735464e-01 3.736084447292611355e-01
9.654308110562850320e-01 3.736968412080636237e-01
9.579448921085556012e-01 3.754627502931691674e-01
9.130293784221784614e-01 3.786874538398832812e-01
9.055434594744489196e-01 3.804533629249888249e-01
8.606279457880718908e-01 3.836780664717029943e-01
8.531420268403423490e-01 3.854439755568085380e-01
8.331795763130636079e-01 3.861733727876128230e-01
8.256936573653341771e-01 3.879392818727183667e-01
8.082265131539653202e-01 3.886686791035226518e-01
8.007405942062357784e-01 3.904345881886281955e-01
7.807781436789571483e-01 3.911639854194324806e-01
7.732922247312276065e-01 3.929298945045380242e-01
7.583203868357686339e-01 3.935589559918705183e-01
7.458438552562194346e-01 3.955249549074357218e-01
7.283767110448504667e-01 3.961545980512521381e-01
7.208907920971210359e-01 3.979205071363576818e-01
7.059189542016619523e-01 3.985495686236901758e-01
6.934424226221127530e-01 4.005155675392554349e-01
6.759752784107440071e-01 4.011452106830718511e-01
6.684893594630144653e-01 4.029111197681773948e-01
6.535175215675553817e-01 4.035401812555098333e-01
6.410409899880062934e-01 4.055061801710750924e-01
6.235738457766373255e-01 4.061358233148915087e-01
6.160879268289078947e-01 4.079017323999970523e-01
6.011160889334488111e-01 4.085307938873294908e-01
5.886395573538996118e-01 4.104967928028947499e-01
5.661818005107110974e-01 4.112008642355688970e-01
5.637934358940546176e-01 4.094948895093855623e-01
5.631666387123200890e-01 4.069995831934757335e-01
5.702702639360094361e-01 3.570934568752789917e-01
5.745314793370248641e-01 3.346357000320904218e-01
5.777561828837389779e-01 3.071873305570822499e-01
5.820173982847544059e-01 2.847295737138937355e-01
5.827467955155586354e-01 2.747483484502543649e-01
5.895033172324838366e-01 2.348234473956969937e-01
5.902327144632881772e-01 2.248422221320576231e-01
5.969892361802133784e-01 1.849173210775002518e-01
5.977186334110177190e-01 1.749360958138608813e-01
6.044751551279429203e-01 1.350111947593035100e-01
6.052045523587472609e-01 1.250299694956641394e-01
6.094657677597625778e-01 1.025722126524756250e-01
6.119610740756724621e-01 8.510506844110676816e-02
6.126904713064766916e-01 7.512384317746739759e-02
6.169516867074921196e-01 5.266608633427888320e-02
6.235738457766373255e-01 2.385664068695725337e-03
