6.172113802022094475e-03 5.672311145294556267e-02
3.585704208793782932e-03 5.599827356598635619e-02
9.992946155654713891e-04 5.589404921334295562e-02
0.000000000000000000e+00 5.684989623692737748e-02
9.643431345758846085e-04 5.943630583015568902e-02
7.605884337398616246e-03 6.719553460984062365e-02
1.393134258170702910e-02 7.337705353765622274e-02
2.482300075763510527e-02 8.271399216921043740e-02
3.759111215612498391e-02 9.564604013535199512e-02
4.496825770044671211e-02 1.021120641184227740e-01
5.919351046320242560e-02 1.163373168811784875e-01
6.565953444627320446e-02 1.237144624255002157e-01
8.667411239125322187e-02 1.447878224066899144e-01
9.050398813507204432e-02 1.499606415931464820e-01
1.236299263868038678e-01 1.835839663051145321e-01
1.293001320334966620e-01 1.913431950847994667e-01
1.469076127258586717e-01 2.094480622373976475e-01
1.525778183725514658e-01 2.172072910170825266e-01
1.650124798784568525e-01 2.301393389832240843e-01
1.706826855251496466e-01 2.378985677629090190e-01
1.805309374378266662e-01 2.482442061358222651e-01
1.862011430845195159e-01 2.560034349155071998e-01
1.934629854039682240e-01 2.637626636951921344e-01
2.068924198303459527e-01 2.818675308477902597e-01
2.115678525565664048e-01 2.870403500342468828e-01
2.172380582032591989e-01 2.947995788139318174e-01
2.219134909294796509e-01 2.999723980003884405e-01
2.471549494474488684e-01 3.335957227123564905e-01
2.540677169057136142e-01 3.439413610852697367e-01
2.600869974135904261e-01 3.517005898649546713e-01
2.669997648718551719e-01 3.620462282378679175e-01
2.730190453797319838e-01 3.698054570175528522e-01
3.092208021228712300e-01 4.241200584753472835e-01
3.135622753686473363e-01 4.318792872550322182e-01
3.221528500890127877e-01 4.448113352211737759e-01
3.264943233347888385e-01 4.525705640008587105e-01
3.299120788686977224e-01 4.577433831873153336e-01
3.342535521144737731e-01 4.655026119670002682e-01
3.376713076483826570e-01 4.706754311534568913e-01
3.420127808941587078e-01 4.784346599331418259e-01
3.454305364280675361e-01 4.836074791195984490e-01
3.547017658522199079e-01 5.017123462721966298e-01
3.606663045152711522e-01 5.120579846451098760e-01
3.629851544954068587e-01 5.172308038315664991e-01
3.689489373403420092e-01 5.275764422044797453e-01
3.818696606317109055e-01 5.534405381367627497e-01
3.862628408344616071e-01 5.637861765096759958e-01
3.891168100407825792e-01 5.689589956961326189e-01
3.935085038012383074e-01 5.793046340690458651e-01
4.022955830599808102e-01 5.974095012216440459e-01
4.041187898224204433e-01 6.025823204081006690e-01
4.100548118396657449e-01 6.155143683742422267e-01
4.118780186021053225e-01 6.206871875606988498e-01
4.178140406193506795e-01 6.336192355268404075e-01
4.196372473817902571e-01 6.387920547132970306e-01
4.229868598058071916e-01 6.465512834929819652e-01
4.248100665682468802e-01 6.517241026794385883e-01
4.281596789922638147e-01 6.594833314591235229e-01
4.299828857547035033e-01 6.646561506455801460e-01
4.333324981787204377e-01 6.724153794252649696e-01
4.403285241276167494e-01 6.931066561710914620e-01
4.436781365516336839e-01 7.008658849507763966e-01
4.540172781262561408e-01 7.319028000695161351e-01
4.558527946117730822e-01 7.396620288492010697e-01
4.617765069059410754e-01 7.577668960017992505e-01
4.636120233914580169e-01 7.655261247814841852e-01
4.669493260923976985e-01 7.758717631543974314e-01
4.713712521711429515e-01 7.939766303069955011e-01
4.747022643213567594e-01 8.043222686799087473e-01
4.759777412022885290e-01 8.120814974595937930e-01
4.830315855474566766e-01 8.405320029851051089e-01
4.837369699819734636e-01 8.457048221715617320e-01
4.882044047339132997e-01 8.638096893241599128e-01
4.889097891684300867e-01 8.715689181038448474e-01
4.907908143271416113e-01 8.793281468835297821e-01
4.914961987616583983e-01 8.845009660699864051e-01
4.933772239203699228e-01 8.922601948496713398e-01
4.940826083548867098e-01 9.000194236293562744e-01
4.959636335135982343e-01 9.077786524090412090e-01
4.966946408869756246e-01 9.155378811887261437e-01
4.985800464378085661e-01 9.232971099684110783e-01
4.993478867857982229e-01 9.310563387480959019e-01
4.999392585625833108e-01 9.336427483413243245e-01
5.017023277686338822e-01 9.388155675277809475e-01
5.027627557018574667e-01 9.430831433566075894e-01
5.053491652950857782e-01 9.441059507866570444e-01
5.079355748883140897e-01 9.385730916284157344e-01
5.089576238404768249e-01 9.336427483413243245e-01
5.094675251858417075e-01 9.207107003751826557e-01
5.115212790971078727e-01 9.077786524090412090e-01
5.121733075295266113e-01 8.974330140361279629e-01
5.140036897031959873e-01 8.896737852564430282e-01
5.147597171227549229e-01 8.793281468835297821e-01
5.165900992964242988e-01 8.715689181038448474e-01
5.173461267159832344e-01 8.612232797309316013e-01
5.192021318285132692e-01 8.534640509512466666e-01
5.198291402147504625e-01 8.457048221715617320e-01
5.224393640688022034e-01 8.301863646121918627e-01
5.243749510149698922e-01 8.224271358325070391e-01
5.250803354494866237e-01 8.146679070528219935e-01
5.269613606081982038e-01 8.069086782731371699e-01
5.276667450427149353e-01 8.017358590866805468e-01
5.295477702014265153e-01 7.939766303069955011e-01
5.302531546359432468e-01 7.888038111205388780e-01
5.347205893878831384e-01 7.706989439679408083e-01
5.354259738223998699e-01 7.655261247814841852e-01
5.489218236842305920e-01 7.112115233236896428e-01
5.522591263851701626e-01 7.008658849507763966e-01
5.540946428706872151e-01 6.931066561710914620e-01
5.600183551648550973e-01 6.750017890184933922e-01
5.619321751666133125e-01 6.672425602388083465e-01
5.651121869615661764e-01 6.594833314591235229e-01
5.670266908368286618e-01 6.517241026794385883e-01
5.696066036317661840e-01 6.439648738997536537e-01
5.728714157412511110e-01 6.362056451200687190e-01
5.748642231327547591e-01 6.284464163403837844e-01
5.781290352422397971e-01 6.206871875606988498e-01
5.825386515979078528e-01 6.077551395945572921e-01
5.858882640219247318e-01 5.999959108148723574e-01
5.902978803775926764e-01 5.870638628487307997e-01
5.936474928016096664e-01 5.793046340690458651e-01
5.954706995640492995e-01 5.741318148825892420e-01
5.988203119880662895e-01 5.663725861029043074e-01
6.006435187505059226e-01 5.611997669164476843e-01
6.091659503609795356e-01 5.430948997638495035e-01
6.109891571234191687e-01 5.379220805773928804e-01
6.133102123990908927e-01 5.327492613909363683e-01
6.249490555686182391e-01 5.094715750518815645e-01
6.293407493290739119e-01 4.991259366789682628e-01
6.321947185353948839e-01 4.939531174925116952e-01
6.345135685155305350e-01 4.887802983060550721e-01
6.404781071785818902e-01 4.784346599331418259e-01
6.549221557891908851e-01 4.499841544076303990e-01
6.583399113230996580e-01 4.448113352211737759e-01
6.652677941621041313e-01 4.318792872550322182e-01
6.686855496960129042e-01 4.267064680685755951e-01
6.730270229417890659e-01 4.189472392888906604e-01
6.764447784756978388e-01 4.137744201024340929e-01
6.807862517214740006e-01 4.060151913227491582e-01
6.842040072553827734e-01 4.008423721362925352e-01
6.885454805011589352e-01 3.930831433566076005e-01
7.195744180578415028e-01 3.465277706784980483e-01
7.255936985657182037e-01 3.387685418988131136e-01
7.325064660239830605e-01 3.284229035258998675e-01
7.422294669825824087e-01 3.154908555597583097e-01
7.469048997088028052e-01 3.103180363733016867e-01
7.603343341351805895e-01 2.922131692207035059e-01
7.650097668614009860e-01 2.870403500342468828e-01
7.706799725080937247e-01 2.792811212545619481e-01
7.779418148275425438e-01 2.715218924748770135e-01
7.836120204742353934e-01 2.637626636951921344e-01
7.934802653720787191e-01 2.534170253222788882e-01
8.042823289673264320e-01 2.404849773561373305e-01
8.193443613043618345e-01 2.249665197967674612e-01
8.301464248996094364e-01 2.120344718306259590e-01
8.571008699741359260e-01 1.848771711017286878e-01
8.646445646210518809e-01 1.784111471186579090e-01
8.727732804854835269e-01 1.706519183389729744e-01
8.777921467199623073e-01 1.665187343811668774e-01
8.933106042793321766e-01 1.514567020441314749e-01
9.062426522454738453e-01 1.406546384488838175e-01
9.140018810251586689e-01 1.333518348915332941e-01
9.269339289913003377e-01 1.225497712962856367e-01
9.321067481777568497e-01 1.178543455848989341e-01
9.398659769574417844e-01 1.121841399382060844e-01
9.450387961438984075e-01 1.075087072119856879e-01
9.527980249235833421e-01 1.018385015652928938e-01
9.605572537032682767e-01 9.457665924584413020e-02
9.867956983924659475e-01 7.495476338952550277e-02
9.898391051694601650e-01 7.236835379629724674e-02
9.967669880084646383e-01 6.525572741491936224e-02
9.976907057203318052e-01 6.460912501661231211e-02
1.000000000000000000e+00 6.202271542338400057e-02
9.993533976016929499e-01 6.151980244692289990e-02
9.967669880084646383e-01 6.169017704711177164e-02
9.890077592287797037e-01 6.448234023263049730e-02
9.838349400423230806e-01 6.674879113464660119e-02
9.502116153303550306e-01 8.338214798079440770e-02
9.450387961438984075e-01 8.570320325646607618e-02
9.398659769574417844e-01 8.752641001890576478e-02
9.165882906183870915e-01 9.863525122260763389e-02
9.114154714319304684e-01 1.004584579850473225e-01
9.036562426522454228e-01 1.038080704090642570e-01
8.984834234657887997e-01 1.056312771715039456e-01
8.907241946861039761e-01 1.089808895955208801e-01
8.855513754996473530e-01 1.108040963579605132e-01
8.777921467199623073e-01 1.141537087819774476e-01
8.726193275335056843e-01 1.159769155444171362e-01
8.648600987538208607e-01 1.193265279684340707e-01
8.596872795673642376e-01 1.211497347308737593e-01
8.519280507876793029e-01 1.244993471548906938e-01
7.898542205501998259e-01 1.451841271024263968e-01
7.820949917705148913e-01 1.470196435879433938e-01
7.717493533976016451e-01 1.503569462888830199e-01
7.070891135668939675e-01 1.664392057439420536e-01
7.019162943804373445e-01 1.671445901784587851e-01
6.941570656007524098e-01 1.690256153371703651e-01
6.889842464142957867e-01 1.697309997716870966e-01
6.812250176346108521e-01 1.716120249303986767e-01
6.734657888549259175e-01 1.723174093649154082e-01
6.657065600752409829e-01 1.741984345236269882e-01
6.579473312955560482e-01 1.749038189581437197e-01
6.501881025158711136e-01 1.767848441168552442e-01
6.320832353632729328e-01 1.794496297583631494e-01
6.217375969903597976e-01 1.801022610834610016e-01
6.139783682106747520e-01 1.819326432571303775e-01
6.113919586174465515e-01 1.822135552519860702e-01
5.984599106513049938e-01 1.824065708932717245e-01
5.958735010580766822e-01 1.826886706766893131e-01
5.881142722783917476e-01 1.845190528503586891e-01
5.855278626851634360e-01 1.847999648452143817e-01
5.700094051257935668e-01 1.849929804865000360e-01
5.570773571596520091e-01 1.861078014727002850e-01
5.493181283799670744e-01 1.873863744384426933e-01
4.613802022102045375e-01 1.873863744384426933e-01
4.536209734305196029e-01 1.861078014727002850e-01
4.406889254643781006e-01 1.849929804865000360e-01
4.225840583117799198e-01 1.847999648452143817e-01
4.199976487185516083e-01 1.845190528503586891e-01
4.122384199388666737e-01 1.826886706766893131e-01
4.096520103456383621e-01 1.824065708932717245e-01
3.993063719727251160e-01 1.822135552519860702e-01
3.967199623794968044e-01 1.819326432571303775e-01
3.889607335998118698e-01 1.801022610834610016e-01
3.760286856336703121e-01 1.793462336639020660e-01
3.682694568539853774e-01 1.775158514902326901e-01
3.579238184810721313e-01 1.767598240706737545e-01
3.501645897013872522e-01 1.749038189581437197e-01
3.424053609217023175e-01 1.741984345236269882e-01
3.346461321420173829e-01 1.723174093649154082e-01
3.294733129555607598e-01 1.716120249303986767e-01
3.217140841758758252e-01 1.697309997716870966e-01
3.165412649894192021e-01 1.690256153371703651e-01
3.087820362097343230e-01 1.671445901784587851e-01
3.036092170232776999e-01 1.664392057439420536e-01
2.855043498706795191e-01 1.619717709920021620e-01
2.777451210909945845e-01 1.606962941110704479e-01
2.673994827180813383e-01 1.573709103483481586e-01
2.570538443451680921e-01 1.555234749246138248e-01
2.467082059722548459e-01 1.521924627744000169e-01
2.389489771925699113e-01 1.503569462888830199e-01
2.286033388196566651e-01 1.470196435879433938e-01
2.208441100399717860e-01 1.451841271024263968e-01
1.587702798024923090e-01 1.244993471548906938e-01
1.510110510228074299e-01 1.211497347308737593e-01
1.380790030566658722e-01 1.167401183752057592e-01
1.303197742769809375e-01 1.133905059511888247e-01
1.251469550905243144e-01 1.115672991887491916e-01
1.122149071243827567e-01 1.056312771715039456e-01
1.070420879379261336e-01 1.038080704090642570e-01
9.928285915824119900e-02 1.004584579850473225e-01
9.411003997178457592e-02 9.863525122260763389e-02
7.083235363272982754e-02 8.752641001890576478e-02
6.565953444627320446e-02 8.570320325646607618e-02
6.048671525981658137e-02 8.338214798079440770e-02
1.134493298847871756e-02 5.895135403142537367e-02
