6.871257485029940160e-01 1.197604790419160015e-02
6.841317365269461437e-01 1.497005988023952794e-02
6.721556886227544325e-01 1.497005988023952794e-02
6.511976047904191045e-01 2.694610778443112808e-02
6.422155688622754877e-01 3.592814371257485595e-02
6.317365269461078237e-01 4.041916167664671988e-02
6.077844311377245123e-01 6.437125748502992018e-02
6.002994011976048316e-01 7.784431137724551197e-02
5.958083832335329122e-01 7.934131736526944811e-02
5.928143712574850399e-01 8.832335329341317598e-02
5.808383233532934398e-01 1.032934131736527039e-01
5.808383233532934398e-01 1.092814371257485040e-01
5.598802395209581118e-01 1.452095808383233599e-01
5.598802395209581118e-01 1.511976047904191600e-01
5.419161676646706560e-01 1.871257485029940160e-01
5.419161676646706560e-01 1.961077844311377438e-01
5.359281437125748004e-01 2.050898203592814162e-01
5.209580838323353280e-01 2.500000000000000000e-01
5.209580838323353280e-01 2.589820359281437279e-01
5.044910179640718084e-01 3.143712574850299202e-01
4.955089820359281361e-01 3.143712574850299202e-01
4.820359281437125998e-01 2.709580838323353280e-01
4.820359281437125998e-01 2.619760479041916001e-01
4.640718562874251440e-01 2.050898203592814162e-01
4.580838323353293440e-01 1.961077844311377438e-01
4.580838323353293440e-01 1.871257485029940160e-01
4.401197604790418882e-01 1.511976047904191600e-01
4.401197604790418882e-01 1.452095808383233599e-01
4.191616766467065602e-01 1.092814371257485040e-01
4.191616766467065602e-01 1.032934131736527039e-01
4.026946107784430962e-01 7.784431137724551197e-02
3.982035928143712322e-01 7.634730538922157583e-02
3.922155688622754321e-01 6.437125748502992018e-02
3.667664670658682402e-01 3.892215568862272823e-02
3.577844311377245123e-01 3.592814371257485595e-02
3.488023952095808400e-01 2.694610778443112808e-02
3.278443113772455120e-01 1.497005988023952794e-02
3.158682634730538563e-01 1.497005988023952794e-02
3.128742514970059840e-01 1.197604790419160015e-02
2.919161676646706560e-01 1.796407185628740022e-02
2.859281437125748560e-01 2.395209580838325580e-02
2.500000000000000000e-01 4.191616766467065602e-02
2.380239520958083999e-01 4.191616766467065602e-02
2.350299401197604721e-01 4.491017964071858382e-02
2.170658682634730718e-01 4.491017964071858382e-02
2.140718562874251440e-01 4.191616766467065602e-02
1.991017964071856161e-01 4.191616766467065602e-02
1.961077844311377438e-01 3.892215568862272823e-02
1.886227544910179521e-01 4.640718562874251996e-02
1.886227544910179521e-01 6.736526946107784797e-02
1.796407185628742242e-01 9.131736526946110377e-02
1.347305389221556959e-01 1.362275449101796321e-01
1.257485029940119681e-01 1.571856287425149601e-01
1.317365269461077681e-01 1.901197604790419438e-01
1.541916167664670878e-01 2.395209580838323360e-01
1.586826347305388962e-01 2.410179640718562721e-01
1.706586826347305519e-01 2.619760479041916001e-01
2.470059880239520722e-01 3.353293413173652482e-01
3.158682634730538563e-01 3.862275449101796321e-01
3.592814371257485040e-01 4.116766467065868240e-01
3.577844311377245123e-01 4.221556886227544880e-01
3.308383233532934398e-01 4.221556886227544880e-01
3.278443113772455120e-01 4.191616766467065602e-01
2.050898203592814162e-01 4.191616766467065602e-01
2.020958083832335439e-01 4.221556886227544880e-01
1.751497005988024158e-01 4.221556886227544880e-01
1.721556886227544880e-01 4.251497005988024158e-01
1.571856287425149601e-01 4.251497005988024158e-01
1.541916167664670878e-01 4.281437125748502881e-01
1.272455089820359042e-01 4.311377245508982159e-01
1.242514970059880319e-01 4.341317365269460882e-01
1.122754491017964318e-01 4.341317365269460882e-01
6.137724550898204789e-02 4.550898203592814162e-01
4.940119760479039224e-02 4.670658682634730718e-01
4.041916167664671988e-02 4.700598802395209441e-01
1.497005988023952794e-02 4.985029940119760639e-01
1.197604790419160015e-02 5.314371257485029920e-01
1.497005988023952794e-02 5.344311377245508643e-01
1.497005988023952794e-02 5.464071856287424644e-01
1.796407185628740022e-02 5.494011976047904477e-01
1.796407185628740022e-02 5.943113772455089761e-01
1.197604790419160015e-02 6.032934131736527039e-01
1.197604790419160015e-02 6.092814371257484485e-01
0.000000000000000000e+00 6.272455089820359042e-01
1.047904191616766401e-02 6.287425149700598404e-01
3.143712574850299202e-02 6.407185628742515515e-01
5.089820359281438389e-02 6.601796407185629434e-01
6.287425149700598404e-02 6.841317365269461437e-01
6.287425149700598404e-02 6.901197604790418882e-01
7.185628742514971190e-02 7.050898203592814717e-01
8.832335329341317598e-02 7.215568862275448803e-01
1.032934131736527039e-01 7.275449101796407358e-01
1.182634730538922319e-01 7.275449101796407358e-01
1.212574850299401041e-01 7.305389221556886081e-01
1.332335329341317598e-01 7.275449101796407358e-01
1.452095808383233599e-01 7.305389221556886081e-01
1.482035928143712322e-01 7.275449101796407358e-01
1.631736526946107602e-01 7.275449101796407358e-01
1.871257485029940160e-01 7.185628742514970080e-01
1.961077844311377438e-01 7.185628742514970080e-01
2.200598802395209441e-01 7.095808383233532801e-01
2.380239520958083999e-01 6.976047904191616800e-01
2.440119760479041999e-01 6.976047904191616800e-01
2.559880239520958001e-01 6.886227544910179521e-01
2.619760479041916001e-01 6.886227544910179521e-01
2.769461077844311281e-01 6.766467065868263520e-01
2.829341317365269282e-01 6.766467065868263520e-01
3.098802395209581118e-01 6.556886227544910239e-01
3.188622754491017841e-01 6.526946107784431517e-01
3.682634730538921763e-01 6.152694610778443041e-01
3.697604790419161680e-01 6.107784431137724956e-01
4.056886227544910239e-01 5.838323353293413120e-01
4.146706586826347518e-01 5.838323353293413120e-01
4.161676646706586880e-01 5.913173652694611038e-01
4.041916167664670878e-01 6.152694610778443041e-01
4.041916167664670878e-01 6.212574850299401596e-01
3.982035928143712322e-01 6.302395209580837765e-01
3.862275449101796321e-01 6.721556886227544325e-01
3.802395209580838320e-01 6.811377245508982714e-01
3.772455089820359042e-01 7.020958083832335994e-01
3.682634730538921763e-01 7.230538922155689274e-01
3.622754491017964318e-01 7.589820359281437279e-01
3.592814371257485040e-01 7.619760479041916001e-01
3.592814371257485040e-01 7.799401197604790559e-01
3.562874251497005762e-01 7.829341317365269282e-01
3.562874251497005762e-01 7.979041916167664006e-01
3.532934131736527039e-01 8.008982035928143839e-01
3.532934131736527039e-01 8.697604790419162235e-01
3.562874251497005762e-01 8.727544910179640958e-01
3.562874251497005762e-01 8.817365269461077126e-01
3.652694610778443041e-01 9.086826347305388962e-01
3.847305389221556959e-01 9.371257485029940160e-01
3.997005988023952239e-01 9.461077844311377438e-01
4.086826347305388962e-01 9.461077844311377438e-01
4.116766467065868240e-01 9.491017964071856161e-01
4.356287425149700798e-01 9.491017964071856161e-01
4.386227544910179521e-01 9.520958083832335994e-01
4.505988023952095523e-01 9.520958083832335994e-01
4.805389221556886081e-01 9.670658682634730718e-01
4.985029940119760639e-01 9.880239520958083999e-01
5.194610778443113919e-01 9.670658682634730718e-01
5.494011976047904477e-01 9.520958083832335994e-01
5.613772455089820479e-01 9.520958083832335994e-01
5.643712574850299202e-01 9.491017964071856161e-01
5.883233532934131205e-01 9.491017964071856161e-01
5.913173652694611038e-01 9.461077844311377438e-01
6.002994011976048316e-01 9.461077844311377438e-01
6.197604790419162235e-01 9.326347305389222075e-01
6.347305389221556959e-01 9.086826347305388962e-01
6.437125748502994238e-01 8.817365269461077126e-01
6.437125748502994238e-01 8.727544910179640958e-01
6.467065868263472961e-01 8.697604790419162235e-01
6.467065868263472961e-01 8.008982035928143839e-01
6.437125748502994238e-01 7.979041916167664006e-01
6.437125748502994238e-01 7.829341317365269282e-01
6.407185628742515515e-01 7.799401197604790559e-01
6.407185628742515515e-01 7.619760479041916001e-01
6.377245508982035682e-01 7.589820359281437279e-01
6.377245508982035682e-01 7.500000000000000000e-01
6.347305389221556959e-01 7.470059880239521277e-01
6.347305389221556959e-01 7.380239520958083999e-01
6.317365269461078237e-01 7.350299401197604166e-01
6.317365269461078237e-01 7.230538922155689274e-01
6.227544910179640958e-01 7.020958083832335994e-01
6.227544910179640958e-01 6.931137724550897605e-01
6.197604790419162235e-01 6.901197604790418882e-01
6.197604790419162235e-01 6.811377245508982714e-01
6.137724550898203679e-01 6.721556886227544325e-01
6.017964071856287678e-01 6.302395209580837765e-01
5.958083832335329122e-01 6.212574850299401596e-01
5.958083832335329122e-01 6.152694610778443041e-01
5.838323353293413120e-01 5.913173652694611038e-01
5.853293413173652482e-01 5.838323353293413120e-01
5.943113772455089761e-01 5.838323353293413120e-01
6.317365269461078237e-01 6.122754491017964318e-01
6.332335329341317598e-01 6.167664670658682402e-01
6.452095808383233599e-01 6.227544910179640958e-01
6.811377245508982714e-01 6.526946107784431517e-01
6.901197604790418882e-01 6.556886227544910239e-01
7.170658682634730718e-01 6.766467065868263520e-01
7.230538922155689274e-01 6.766467065868263520e-01
7.380239520958083999e-01 6.886227544910179521e-01
7.440119760479042554e-01 6.886227544910179521e-01
7.559880239520957446e-01 6.976047904191616800e-01
7.619760479041916001e-01 6.976047904191616800e-01
7.799401197604790559e-01 7.095808383233532801e-01
8.038922155688622562e-01 7.185628742514970080e-01
8.128742514970059840e-01 7.185628742514970080e-01
8.248502994011975842e-01 7.245508982035928636e-01
8.338323353293413120e-01 7.245508982035928636e-01
8.368263473053891843e-01 7.275449101796407358e-01
8.517964071856287678e-01 7.275449101796407358e-01
8.547904191616766401e-01 7.305389221556886081e-01
8.637724550898203679e-01 7.305389221556886081e-01
8.667664670658682402e-01 7.275449101796407358e-01
8.757485029940119681e-01 7.275449101796407358e-01
8.787425149700598404e-01 7.305389221556886081e-01
8.817365269461077126e-01 7.275449101796407358e-01
8.967065868263472961e-01 7.275449101796407358e-01
9.116766467065868795e-01 7.215568862275448803e-01
9.281437125748502881e-01 7.050898203592814717e-01
9.371257485029940160e-01 6.901197604790418882e-01
9.371257485029940160e-01 6.841317365269461437e-01
9.491017964071856161e-01 6.601796407185629434e-01
9.685628742514970080e-01 6.407185628742515515e-01
9.895209580838323360e-01 6.287425149700598404e-01
1.000000000000000000e+00 6.272455089820359042e-01
9.880239520958083999e-01 6.092814371257484485e-01
9.880239520958083999e-01 6.032934131736527039e-01
9.820359281437125443e-01 5.943113772455089761e-01
9.820359281437125443e-01 5.494011976047904477e-01
9.850299401197604166e-01 5.464071856287424644e-01
9.850299401197604166e-01 5.344311377245508643e-01
9.880239520958083999e-01 5.314371257485029920e-01
9.850299401197604166e-01 4.985029940119760639e-01
9.595808383233532801e-01 4.700598802395209441e-01
9.505988023952096633e-01 4.670658682634730718e-01
9.386227544910179521e-01 4.550898203592814162e-01
8.877245508982035682e-01 4.341317365269460882e-01
8.757485029940119681e-01 4.341317365269460882e-01
8.727544910179640958e-01 4.311377245508982159e-01
8.637724550898203679e-01 4.311377245508982159e-01
8.607784431137723846e-01 4.281437125748502881e-01
8.458083832335329122e-01 4.281437125748502881e-01
8.428143712574850399e-01 4.251497005988024158e-01
8.278443113772455675e-01 4.251497005988024158e-01
8.248502994011975842e-01 4.221556886227544880e-01
7.979041916167664006e-01 4.221556886227544880e-01
7.949101796407185283e-01 4.191616766467065602e-01
6.721556886227544325e-01 4.191616766467065602e-01
6.691616766467065602e-01 4.221556886227544880e-01
6.422155688622754877e-01 4.221556886227544880e-01
6.407185628742515515e-01 4.116766467065868240e-01
6.841317365269461437e-01 3.862275449101796321e-01
7.529940119760478723e-01 3.353293413173652482e-01
8.293413173652695036e-01 2.619760479041916001e-01
8.428143712574850399e-01 2.395209580838323360e-01
8.473053892215569594e-01 2.380239520958083999e-01
8.682634730538922874e-01 1.901197604790419438e-01
8.682634730538922874e-01 1.811377245508982159e-01
8.712574850299401596e-01 1.781437125748502881e-01
8.712574850299401596e-01 1.691616766467065602e-01
8.742514970059880319e-01 1.661676646706586880e-01
8.742514970059880319e-01 1.571856287425149601e-01
8.652694610778443041e-01 1.362275449101796321e-01
8.203592814371257758e-01 9.131736526946110377e-02
8.113772455089820479e-01 6.736526946107784797e-02
8.113772455089820479e-01 4.640718562874251996e-02
8.068862275449102395e-01 3.892215568862272823e-02
7.859281437125749115e-01 4.191616766467065602e-02
7.829341317365269282e-01 4.491017964071858382e-02
7.649700598802395834e-01 4.491017964071858382e-02
7.619760479041916001e-01 4.191616766467065602e-02
7.500000000000000000e-01 4.191616766467065602e-02
7.140718562874250885e-01 2.395209580838325580e-02
7.080838323353293440e-01 1.796407185628740022e-02
