8.074935400516796147e-01 1.421188630490954896e-02
1.873385012919896453e-01 1.421188630490954896e-02
1.834625322997415764e-01 2.067183462532301563e-02
1.834625322997415764e-01 2.583979328165375566e-02
1.808785529715762341e-01 2.842377260981909792e-02
1.808785529715762341e-01 3.359173126614989346e-02
1.782945736434108364e-01 3.617571059431523572e-02
1.782945736434108364e-01 4.134366925064597575e-02
1.757105943152454941e-01 4.392764857881137353e-02
1.757105943152454941e-01 4.909560723514211356e-02
1.731266149870800963e-01 5.167958656330751133e-02
1.731266149870800963e-01 5.943152454780359362e-02
1.705426356589147541e-01 6.201550387596899139e-02
1.705426356589147541e-01 6.718346253229973142e-02
1.679586563307493563e-01 6.976744186046512919e-02
1.679586563307493563e-01 7.493540051679586922e-02
1.653746770025839585e-01 7.751937984496126699e-02
1.653746770025839585e-01 8.268733850129200702e-02
1.627906976744186163e-01 8.527131782945734928e-02
1.627906976744186163e-01 9.043927648578808931e-02
1.602067183462532185e-01 9.302325581395348708e-02
1.602067183462532185e-01 1.007751937984496249e-01
1.550387596899224785e-01 1.085271317829457627e-01
1.550387596899224785e-01 1.162790697674418450e-01
1.524547803617570807e-01 1.188630490956072427e-01
1.524547803617570807e-01 1.240310077519379828e-01
1.498708010335917384e-01 1.266149870801033805e-01
1.498708010335917384e-01 1.317829457364341206e-01
1.472868217054263407e-01 1.343669250645994628e-01
1.472868217054263407e-01 1.395348837209302584e-01
1.447028423772609984e-01 1.421188630490956006e-01
1.447028423772609984e-01 1.472868217054263407e-01
1.421188630490956006e-01 1.498708010335917384e-01
1.421188630490956006e-01 1.550387596899224785e-01
1.395348837209302584e-01 1.576227390180878762e-01
1.395348837209302584e-01 1.653746770025839585e-01
1.369509043927648606e-01 1.679586563307493563e-01
1.369509043927648606e-01 1.731266149870800963e-01
1.343669250645994628e-01 1.757105943152454941e-01
1.343669250645994628e-01 1.808785529715762341e-01
1.317829457364341206e-01 1.834625322997415764e-01
1.317829457364341206e-01 1.886304909560723719e-01
1.291989664082687228e-01 1.912144702842377142e-01
1.291989664082687228e-01 1.963824289405684542e-01
1.266149870801033805e-01 1.989664082687338520e-01
1.266149870801033805e-01 2.067183462532299898e-01
1.214470284237725850e-01 2.144702842377260721e-01
1.214470284237725850e-01 2.222222222222222099e-01
1.188630490956072427e-01 2.248062015503876077e-01
1.188630490956072427e-01 2.299741602067183477e-01
1.162790697674418450e-01 2.325581395348837455e-01
1.162790697674418450e-01 2.377260981912144855e-01
1.136950904392765027e-01 2.403100775193798277e-01
1.136950904392765027e-01 2.454780361757105678e-01
1.111111111111111049e-01 2.480620155038759655e-01
1.111111111111111049e-01 2.558139534883721034e-01
1.059431524547803649e-01 2.635658914728682412e-01
1.059431524547803649e-01 2.713178294573643790e-01
1.033591731266149671e-01 2.739018087855297212e-01
1.033591731266149671e-01 2.790697674418604612e-01
1.007751937984496249e-01 2.816537467700258590e-01
1.007751937984496249e-01 2.868217054263565990e-01
9.819121447028422711e-02 2.894056847545219968e-01
9.819121447028422711e-02 2.945736434108526813e-01
9.560723514211888485e-02 2.971576227390180791e-01
9.560723514211888485e-02 3.023255813953488191e-01
9.302325581395348708e-02 3.049095607235142169e-01
9.302325581395348708e-02 3.100775193798449569e-01
9.043927648578808931e-02 3.126614987080102992e-01
9.043927648578808931e-02 3.204134366925064370e-01
8.785529715762274705e-02 3.229974160206718348e-01
8.785529715762274705e-02 3.281653746770025748e-01
8.527131782945734928e-02 3.307493540051679171e-01
8.527131782945734928e-02 3.359173126614987126e-01
8.268733850129200702e-02 3.385012919896640549e-01
8.268733850129200702e-02 3.436692506459948504e-01
8.010335917312660925e-02 3.462532299741601927e-01
8.010335917312660925e-02 3.514211886304909882e-01
7.751937984496126699e-02 3.540051679586563305e-01
7.751937984496126699e-02 3.617571059431524683e-01
7.235142118863047145e-02 3.695090439276486061e-01
7.235142118863047145e-02 3.772609819121446884e-01
6.976744186046512919e-02 3.798449612403100861e-01
6.976744186046512919e-02 3.850129198966408262e-01
6.718346253229973142e-02 3.875968992248062239e-01
6.718346253229973142e-02 3.927648578811369640e-01
6.459948320413438916e-02 3.953488372093023062e-01
6.459948320413438916e-02 4.005167958656330462e-01
6.201550387596899139e-02 4.031007751937984440e-01
6.201550387596899139e-02 4.082687338501291840e-01
5.943152454780359362e-02 4.108527131782945818e-01
5.943152454780359362e-02 4.186046511627906641e-01
5.684754521963825136e-02 4.211886304909560619e-01
5.684754521963825136e-02 4.263565891472868019e-01
5.426356589147285359e-02 4.289405684754521997e-01
5.426356589147285359e-02 4.341085271317829397e-01
5.167958656330751133e-02 4.366925064599483375e-01
5.167958656330751133e-02 4.418604651162790775e-01
4.909560723514211356e-02 4.444444444444444198e-01
4.909560723514211356e-02 4.496124031007752153e-01
4.651162790697677130e-02 4.521963824289405576e-01
4.780361757105944243e-02 4.586563307493540242e-01
3.100775193798449569e-01 4.599483204134366954e-01
3.087855297157622858e-01 4.844961240310077244e-01
3.746770025839790685e-02 4.844961240310077244e-01
2.583979328165375566e-02 5.167958656330748912e-01
3.113695090439276836e-01 5.180878552971576179e-01
3.126614987080102992e-01 5.452196382428941002e-01
1.937984496124028899e-02 5.465116279069767158e-01
1.550387596899227560e-02 5.503875968992247847e-01
1.550387596899227560e-02 5.555555555555555802e-01
1.291989664082687783e-02 5.581395348837209225e-01
1.291989664082687783e-02 5.633074935400517180e-01
1.033591731266148006e-02 5.658914728682170603e-01
1.033591731266148006e-02 5.736434108527131981e-01
7.751937984496137801e-03 5.762273901808785403e-01
9.043927648578808931e-03 5.801033591731266092e-01
3.139534883720930258e-01 5.801033591731266092e-01
3.152454780361756970e-01 6.149870801033592294e-01
0.000000000000000000e+00 6.175710594315245716e-01
4.715762273901809021e-01 9.677002583979328332e-01
4.728682170542635732e-01 2.609819121447028434e-01
4.948320413436692600e-01 2.596899224806201723e-01
4.974160206718346022e-01 9.857881136950904510e-01
9.534883720930231732e-01 6.485788113695090118e-01
7.015503875968992498e-01 6.472868217054263962e-01
7.002583979328165231e-01 6.253229974160207094e-01
9.883720930232557933e-01 6.240310077519379828e-01
1.000000000000000000e+00 6.124031007751937761e-01
9.974160206718345467e-01 6.098191214470284338e-01
9.974160206718345467e-01 6.046511627906976383e-01
9.948320413436693155e-01 6.020671834625322960e-01
9.948320413436693155e-01 5.968992248062015005e-01
9.922480620155038622e-01 5.943152454780361582e-01
9.922480620155038622e-01 5.891472868217054737e-01
9.896640826873385199e-01 5.865633074935400204e-01
9.896640826873385199e-01 5.813953488372093359e-01
9.870801033591731777e-01 5.788113695090438826e-01
9.870801033591731777e-01 5.736434108527131981e-01
9.844961240310077244e-01 5.710594315245478558e-01
9.844961240310077244e-01 5.658914728682170603e-01
9.819121447028423821e-01 5.633074935400517180e-01
9.819121447028423821e-01 5.581395348837209225e-01
9.793281653746770399e-01 5.555555555555555802e-01
9.793281653746770399e-01 5.503875968992247847e-01
9.767441860465115866e-01 5.478036175710594424e-01
9.767441860465115866e-01 5.400516795865633046e-01
9.741602067183462443e-01 5.374677002583979624e-01
9.741602067183462443e-01 5.322997416020671668e-01
9.715762273901809021e-01 5.297157622739018246e-01
9.715762273901809021e-01 5.245478036175710290e-01
9.689922480620154488e-01 5.219638242894056868e-01
9.689922480620154488e-01 5.167958656330748912e-01
9.664082687338501065e-01 5.142118863049095490e-01
9.664082687338501065e-01 5.090439276485788644e-01
9.638242894056847643e-01 5.064599483204134112e-01
9.638242894056847643e-01 5.012919896640827266e-01
9.612403100775193110e-01 4.987080103359173289e-01
9.612403100775193110e-01 4.935400516795865888e-01
9.586563307493540798e-01 4.909560723514211911e-01
9.586563307493540798e-01 4.832041343669250533e-01
9.560723514211886265e-01 4.806201550387597110e-01
9.560723514211886265e-01 4.754521963824289155e-01
9.534883720930231732e-01 4.728682170542635732e-01
9.534883720930231732e-01 4.677002583979328332e-01
9.496124031007752153e-01 4.638242894056847643e-01
7.067183462532299343e-01 4.638242894056847643e-01
7.054263565891473187e-01 4.289405684754521997e-01
9.405684754521963509e-01 4.263565891472868019e-01
9.379844961240310086e-01 4.237726098191214597e-01
9.379844961240310086e-01 4.186046511627906641e-01
9.354005167958656664e-01 4.160206718346253218e-01
9.354005167958656664e-01 4.108527131782945818e-01
9.328165374677002131e-01 4.082687338501291840e-01
9.328165374677002131e-01 4.031007751937984440e-01
9.302325581395348708e-01 4.005167958656330462e-01
9.302325581395348708e-01 3.953488372093023062e-01
9.276485788113695286e-01 3.927648578811369640e-01
9.276485788113695286e-01 3.875968992248062239e-01
9.250645994832040753e-01 3.850129198966408262e-01
9.250645994832040753e-01 3.798449612403100861e-01
9.224806201550387330e-01 3.772609819121446884e-01
9.224806201550387330e-01 3.720930232558139483e-01
9.198966408268733908e-01 3.695090439276486061e-01
9.198966408268733908e-01 3.617571059431524683e-01
9.173126614987079375e-01 3.591731266149870705e-01
9.173126614987079375e-01 3.540051679586563305e-01
9.147286821705427062e-01 3.514211886304909882e-01
9.147286821705427062e-01 3.462532299741601927e-01
9.121447028423772529e-01 3.436692506459948504e-01
9.121447028423772529e-01 3.385012919896640549e-01
9.095607235142119107e-01 3.359173126614987126e-01
9.095607235142119107e-01 3.307493540051679171e-01
9.069767441860465684e-01 3.281653746770025748e-01
9.069767441860465684e-01 3.229974160206718348e-01
9.043927648578811151e-01 3.204134366925064370e-01
9.043927648578811151e-01 3.152454780361756970e-01
9.018087855297157729e-01 3.126614987080102992e-01
9.018087855297157729e-01 3.049095607235142169e-01
8.992248062015504306e-01 3.023255813953488191e-01
8.992248062015504306e-01 2.971576227390180791e-01
8.966408268733849773e-01 2.945736434108526813e-01
8.966408268733849773e-01 2.894056847545219968e-01
8.940568475452196351e-01 2.868217054263565990e-01
8.940568475452196351e-01 2.816537467700258590e-01
8.914728682170542928e-01 2.790697674418604612e-01
8.914728682170542928e-01 2.739018087855297212e-01
8.875968992248062239e-01 2.700258397932816523e-01
7.067183462532299343e-01 2.700258397932816523e-01
7.054263565891473187e-01 2.403100775193798277e-01
8.772609819121446328e-01 2.390180878552971566e-01
8.785529715762274705e-01 2.325581395348837455e-01
8.759689922480620172e-01 2.299741602067183477e-01
8.759689922480620172e-01 2.248062015503876077e-01
8.733850129198965639e-01 2.222222222222222099e-01
8.733850129198965639e-01 2.170542635658914699e-01
8.708010335917313327e-01 2.144702842377260721e-01
8.708010335917313327e-01 2.093023255813953321e-01
8.682170542635658794e-01 2.067183462532299898e-01
8.682170542635658794e-01 2.015503875968992498e-01
8.656330749354005372e-01 1.989664082687338520e-01
8.656330749354005372e-01 1.937984496124031120e-01
8.630490956072351949e-01 1.912144702842377142e-01
8.630490956072351949e-01 1.834625322997415764e-01
8.604651162790697416e-01 1.808785529715762341e-01
8.604651162790697416e-01 1.757105943152454941e-01
8.578811369509043994e-01 1.731266149870800963e-01
8.578811369509043994e-01 1.679586563307493563e-01
8.552971576227390571e-01 1.653746770025839585e-01
8.552971576227390571e-01 1.602067183462532185e-01
8.527131782945736038e-01 1.576227390180878762e-01
8.527131782945736038e-01 1.524547803617570807e-01
8.501291989664082616e-01 1.498708010335917384e-01
8.501291989664082616e-01 1.447028423772609984e-01
8.475452196382429193e-01 1.421188630490956006e-01
8.475452196382429193e-01 1.369509043927648606e-01
8.449612403100774660e-01 1.343669250645994628e-01
8.449612403100774660e-01 1.266149870801033805e-01
8.423772609819121238e-01 1.240310077519379828e-01
8.423772609819121238e-01 1.188630490956072427e-01
8.397932816537467815e-01 1.162790697674418450e-01
8.397932816537467815e-01 1.111111111111111049e-01
8.372093023255813282e-01 1.085271317829457627e-01
8.372093023255813282e-01 1.033591731266149671e-01
8.346253229974160970e-01 1.007751937984496249e-01
8.346253229974160970e-01 9.560723514211888485e-02
8.320413436692506437e-01 9.302325581395348708e-02
8.320413436692506437e-01 8.785529715762274705e-02
8.294573643410851904e-01 8.527131782945734928e-02
8.294573643410851904e-01 8.010335917312660925e-02
8.268733850129199592e-01 7.751937984496126699e-02
8.268733850129199592e-01 7.235142118863047145e-02
8.242894056847545059e-01 6.976744186046512919e-02
8.242894056847545059e-01 6.201550387596899139e-02
8.217054263565891636e-01 5.943152454780359362e-02
8.217054263565891636e-01 5.426356589147285359e-02
