5.070921985815602939e-01 0.000000000000000000e+00
5.047281323877068626e-01 2.364066193853431308e-03
4.952718676122931374e-01 0.000000000000000000e+00
4.929078014184397061e-01 2.364066193853431308e-03
4.905437352245862748e-01 0.000000000000000000e+00
4.881796690307328435e-01 2.364066193853431308e-03
4.598108747044917233e-01 2.364066193853431308e-03
4.574468085106382920e-01 4.728132387706862616e-03
4.479905437352245667e-01 4.728132387706862616e-03
4.456264775413711354e-01 7.092198581560293924e-03
4.361702127659574657e-01 7.092198581560293924e-03
3.936170212765957577e-01 2.127659574468082626e-02
3.463356973995271870e-01 4.964539007092200196e-02
3.368794326241134618e-01 5.910165484633567168e-02
3.250591016548463053e-01 5.910165484633567168e-02
3.226950354609928739e-01 6.146572104018910299e-02
3.203309692671394426e-01 5.910165484633567168e-02
3.179669030732860113e-01 6.146572104018910299e-02
3.156028368794326355e-01 5.910165484633567168e-02
3.132387706855792042e-01 6.146572104018910299e-02
2.044917257683215306e-01 6.146572104018910299e-02
2.021276595744680993e-01 5.910165484633567168e-02
1.997635933806146680e-01 6.146572104018910299e-02
1.950354609929078054e-01 5.910165484633567168e-02
1.926713947990543740e-01 6.146572104018910299e-02
1.903073286052009427e-01 5.910165484633567168e-02
1.666666666666666852e-01 5.910165484633567168e-02
1.643026004728132539e-01 5.673758865248229588e-02
1.619385342789598226e-01 5.910165484633567168e-02
1.595744680851063912e-01 5.673758865248229588e-02
1.572104018912529599e-01 5.910165484633567168e-02
1.548463356973995286e-01 5.673758865248229588e-02
1.312056737588652711e-01 5.673758865248229588e-02
1.288416075650118398e-01 5.437352245862886457e-02
1.264775413711584084e-01 5.673758865248229588e-02
1.241134751773049771e-01 5.437352245862886457e-02
1.052009456264775267e-01 5.437352245862886457e-02
1.028368794326240954e-01 5.200945626477543327e-02
1.004728132387706641e-01 5.437352245862886457e-02
9.810874704491723275e-02 5.200945626477543327e-02
9.574468085106385695e-02 5.437352245862886457e-02
9.338061465721042564e-02 5.200945626477543327e-02
7.210401891252954387e-02 5.200945626477543327e-02
6.973995271867611256e-02 4.964539007092200196e-02
6.737588652482268126e-02 5.200945626477543327e-02
6.501182033096924995e-02 4.964539007092200196e-02
6.264775413711581864e-02 5.200945626477543327e-02
6.028368794326238733e-02 4.964539007092200196e-02
2.718676122931440453e-02 4.964539007092200196e-02
2.600472813238768888e-02 5.555555555555558023e-02
3.782505910165484542e-02 7.683215130023640649e-02
3.782505910165484542e-02 8.156028368794326910e-02
4.728132387706857065e-02 1.004728132387706641e-01
4.728132387706857065e-02 1.052009456264775267e-01
5.673758865248229588e-02 1.241134751773049771e-01
5.910165484633567168e-02 1.359338061465720782e-01
6.382978723404253429e-02 1.430260047281323721e-01
6.855791962174939691e-02 1.619385342789598226e-01
7.328605200945625953e-02 1.690307328605201165e-01
7.328605200945625953e-02 1.761229314420803549e-01
7.801418439716312214e-02 1.832151300236406488e-01
8.274231678486998476e-02 2.021276595744680993e-01
8.747044917257684737e-02 2.092198581560283932e-01
9.219858156028370999e-02 2.281323877068557882e-01
9.692671394799051710e-02 2.352245862884160821e-01
1.063829787234042423e-01 2.659574468085106336e-01
1.111111111111111049e-01 2.730496453900709275e-01
1.134751773049645363e-01 2.848699763593380840e-01
1.252955082742316928e-01 3.085106382978723416e-01
1.252955082742316928e-01 3.132387706855792042e-01
1.347517730496453625e-01 3.297872340425531679e-01
1.347517730496453625e-01 3.345153664302600305e-01
1.465721040189125191e-01 3.557919621749409123e-01
1.465721040189125191e-01 3.605200945626477749e-01
1.513002364066193817e-01 3.652482269503546375e-01
1.513002364066193817e-01 3.699763593380615001e-01
1.914893617021276584e-01 4.408983451536643283e-01
2.364066193853427977e-01 5.023640661938534313e-01
3.108747044917257729e-01 5.791962174940898933e-01
3.262411347517730764e-01 5.898345153664302787e-01
3.274231678486997366e-01 5.933806146572103701e-01
3.380614657210401774e-01 5.992907801418440039e-01
3.392434988179668931e-01 6.028368794326240954e-01
3.581560283687943436e-01 6.170212765957446832e-01
3.699763593380615001e-01 6.170212765957446832e-01
3.983451536643026203e-01 6.099290780141843893e-01
4.007092198581559961e-01 6.122931442080378206e-01
4.078014184397162900e-01 6.099290780141843893e-01
4.101654846335697213e-01 6.122931442080378206e-01
4.125295508274231526e-01 6.099290780141843893e-01
4.148936170212765839e-01 6.122931442080378206e-01
4.172576832151300152e-01 6.099290780141843893e-01
4.361702127659574657e-01 6.146572104018912519e-01
4.479905437352245667e-01 6.217494089834515458e-01
4.527186761229314294e-01 6.217494089834515458e-01
4.704491725768321642e-01 6.371158392434987938e-01
4.799054373522458894e-01 6.536643026004728130e-01
4.799054373522458894e-01 6.631205673758865382e-01
4.822695035460992652e-01 6.654846335697399695e-01
4.822695035460992652e-01 6.938534278959811452e-01
4.751773049645390268e-01 7.151300236406619160e-01
4.704491725768321642e-01 7.198581560283687786e-01
4.775413711583924581e-01 7.364066193853427977e-01
4.799054373522458894e-01 7.529550827423168169e-01
4.846335697399526965e-01 7.600472813238769998e-01
4.869976359338061278e-01 7.789598108747044503e-01
4.893617021276595591e-01 7.813238770685579926e-01
4.893617021276595591e-01 7.907801418439716068e-01
4.917257683215129904e-01 7.931442080378250381e-01
4.917257683215129904e-01 8.026004728132387633e-01
4.940898345153664217e-01 8.049645390070921946e-01
4.940898345153664217e-01 8.144208037825059199e-01
4.964539007092198530e-01 8.167848699763593512e-01
4.940898345153664217e-01 8.191489361702127825e-01
4.964539007092198530e-01 8.215130023640662138e-01
4.964539007092198530e-01 8.333333333333332593e-01
4.988179669030732843e-01 8.356973995271868016e-01
4.988179669030732843e-01 8.451536643026005269e-01
5.011820330969266601e-01 8.475177304964538472e-01
4.988179669030732843e-01 8.522458628841607098e-01
5.011820330969266601e-01 8.546099290780142521e-01
5.011820330969266601e-01 8.735224586288415916e-01
5.035460992907800915e-01 8.758865248226950229e-01
5.035460992907800915e-01 8.947990543735224733e-01
5.059101654846335228e-01 8.971631205673759046e-01
5.035460992907800915e-01 8.995271867612293359e-01
5.059101654846335228e-01 9.018912529550827673e-01
5.059101654846335228e-01 9.208037825059101067e-01
5.082742316784869541e-01 9.231678486997636490e-01
5.059101654846335228e-01 9.255319148936169693e-01
5.082742316784869541e-01 9.278959810874705116e-01
5.082742316784869541e-01 9.491725768321512824e-01
5.106382978723403854e-01 9.515366430260047137e-01
5.082742316784869541e-01 9.539007092198581450e-01
5.106382978723403854e-01 9.562647754137115763e-01
5.106382978723403854e-01 9.704491725768321642e-01
5.130023640661938167e-01 9.728132387706855955e-01
5.106382978723403854e-01 9.751773049645390268e-01
5.130023640661938167e-01 9.775413711583924581e-01
5.130023640661938167e-01 9.940898345153663662e-01
5.165484633569740192e-01 1.000000000000000000e+00
5.248226950354609732e-01 9.869976359338061833e-01
5.248226950354609732e-01 9.822695035460993207e-01
5.295508274231678358e-01 9.775413711583924581e-01
5.295508274231678358e-01 9.728132387706855955e-01
5.390070921985815611e-01 9.562647754137115763e-01
5.390070921985815611e-01 9.515366430260047137e-01
5.555555555555555802e-01 9.208037825059101067e-01
5.555555555555555802e-01 9.160756501182032441e-01
5.650118203309693055e-01 8.995271867612293359e-01
5.650118203309693055e-01 8.947990543735224733e-01
5.744680851063830307e-01 8.782505910165484542e-01
5.744680851063830307e-01 8.735224586288415916e-01
5.839243498817966449e-01 8.569739952718675724e-01
5.839243498817966449e-01 8.522458628841607098e-01
5.886524822695035075e-01 8.451536643026005269e-01
5.886524822695035075e-01 8.404255319148936643e-01
5.933806146572103701e-01 8.333333333333332593e-01
5.957446808510638014e-01 8.215130023640662138e-01
6.099290780141843893e-01 7.884160756501181755e-01
6.099290780141843893e-01 7.789598108747044503e-01
6.052009456264775267e-01 7.695035460992907250e-01
6.052009456264775267e-01 7.600472813238769998e-01
6.028368794326240954e-01 7.576832151300236795e-01
6.028368794326240954e-01 7.458628841607565230e-01
6.004728132387706641e-01 7.434988179669030917e-01
6.028368794326240954e-01 7.411347517730496604e-01
6.004728132387706641e-01 7.387706855791962290e-01
6.004728132387706641e-01 7.033096926713947594e-01
6.028368794326240954e-01 7.009456264775413281e-01
6.004728132387706641e-01 6.985815602836880078e-01
6.028368794326240954e-01 6.962174940898344655e-01
6.028368794326240954e-01 6.843971631205674200e-01
6.052009456264775267e-01 6.820330969267139887e-01
6.028368794326240954e-01 6.796690307328605574e-01
6.052009456264775267e-01 6.773049645390071261e-01
6.052009456264775267e-01 6.631205673758865382e-01
6.099290780141843893e-01 6.513002364066193817e-01
6.099290780141843893e-01 6.418439716312056564e-01
6.170212765957446832e-01 6.229314420803782060e-01
6.170212765957446832e-01 6.158392434988180231e-01
6.264775413711584084e-01 5.898345153664302787e-01
6.524822695035461528e-01 5.449172576832150838e-01
6.607565011820331069e-01 5.366430260047281298e-01
6.820330969267139887e-01 5.248226950354609732e-01
6.962174940898344655e-01 5.248226950354609732e-01
6.997635933806146680e-01 5.212765957446808818e-01
7.021276595744680993e-01 5.000000000000000000e-01
7.044917257683215306e-01 4.976359338061465687e-01
7.044917257683215306e-01 4.858156028368794122e-01
7.068557919621749619e-01 4.834515366430259808e-01
7.068557919621749619e-01 4.716312056737588798e-01
7.092198581560283932e-01 4.692671394799054485e-01
7.092198581560283932e-01 4.598108747044917233e-01
7.115839243498818245e-01 4.574468085106382920e-01
7.210401891252955497e-01 4.078014184397162900e-01
7.328605200945625953e-01 3.723404255319149314e-01
7.399527186761230002e-01 3.605200945626477749e-01
7.399527186761230002e-01 3.557919621749409123e-01
7.446808510638297518e-01 3.510638297872340496e-01
7.446808510638297518e-01 3.463356973995271870e-01
7.541371158392434770e-01 3.321513002364065992e-01
7.541371158392434770e-01 3.274231678486997366e-01
7.683215130023640649e-01 3.085106382978723416e-01
7.706855791962174962e-01 3.014184397163120477e-01
7.777777777777777901e-01 2.943262411347518093e-01
7.801418439716312214e-01 2.872340425531915153e-01
8.167848699763593512e-01 2.411347517730496604e-01
8.203309692671394426e-01 2.399527186761229447e-01
8.321513002364065992e-01 2.234042553191489255e-01
8.392434988179668931e-01 2.186761229314420629e-01
8.498817966903073895e-01 2.033096926713948149e-01
8.557919621749409123e-01 1.997635933806146680e-01
8.758865248226950229e-01 1.749408983451536392e-01
8.794326241134751143e-01 1.737588652482269236e-01
9.408983451536643283e-01 1.004728132387706641e-01
9.739952718676123666e-01 5.319148936170214892e-02
9.728132387706855955e-01 4.728132387706857065e-02
9.468085106382978511e-01 4.728132387706857065e-02
9.444444444444444198e-01 4.491725768321513934e-02
9.420803782505910995e-01 4.728132387706857065e-02
9.373522458628842369e-01 4.491725768321513934e-02
9.349881796690306945e-01 4.728132387706857065e-02
9.326241134751773743e-01 4.491725768321513934e-02
9.018912529550827673e-01 4.491725768321513934e-02
8.995271867612293359e-01 4.255319148936170803e-02
8.971631205673759046e-01 4.491725768321513934e-02
8.947990543735224733e-01 4.255319148936170803e-02
8.924349881796690420e-01 4.491725768321513934e-02
8.900709219858156107e-01 4.255319148936170803e-02
8.640661938534279773e-01 4.255319148936170803e-02
8.617021276595744350e-01 4.018912529550827673e-02
8.593380614657211147e-01 4.255319148936170803e-02
8.569739952718675724e-01 4.018912529550827673e-02
8.546099290780142521e-01 4.255319148936170803e-02
8.522458628841607098e-01 4.018912529550827673e-02
8.215130023640662138e-01 4.018912529550827673e-02
8.167848699763593512e-01 3.782505910165484542e-02
8.144208037825059199e-01 4.018912529550827673e-02
8.120567375886524886e-01 3.782505910165484542e-02
7.789598108747044503e-01 3.782505910165484542e-02
7.765957446808511300e-01 3.546099290780141411e-02
7.742316784869975876e-01 3.782505910165484542e-02
7.695035460992907250e-01 3.546099290780141411e-02
7.671394799054374047e-01 3.782505910165484542e-02
7.647754137115838624e-01 3.546099290780141411e-02
6.158392434988180231e-01 3.546099290780141411e-02
5.945626477541371413e-01 2.127659574468082626e-02
5.898345153664302787e-01 2.127659574468082626e-02
5.780141843971631221e-01 1.418439716312058785e-02
5.567375886524822404e-01 7.092198581560293924e-03
5.472813238770685151e-01 7.092198581560293924e-03
5.449172576832150838e-01 4.728132387706862616e-03
5.354609929078014696e-01 4.728132387706862616e-03
5.330969267139480383e-01 2.364066193853431308e-03
5.094562647754137252e-01 2.364066193853431308e-03
