6.577380952380952328e-01 1.388888888888889506e-02
6.329365079365079083e-01 3.472222222222220989e-02
6.299603174603174427e-01 4.166666666666668517e-02
6.150793650793651146e-01 5.456349206349203618e-02
6.061507936507936067e-01 6.944444444444441977e-02
6.021825396825396526e-01 6.944444444444441977e-02
5.922619047619047672e-01 8.531746031746029191e-02
5.555555555555555802e-01 1.220238095238095344e-01
5.555555555555555802e-01 1.259920634920634885e-01
5.436507936507936067e-01 1.339285714285714524e-01
5.198412698412698818e-01 1.597222222222222099e-01
4.543650793650793607e-01 2.529761904761904656e-01
4.394841269841269771e-01 2.976190476190476164e-01
4.355158730158730229e-01 2.976190476190476164e-01
4.285714285714286031e-01 2.648809523809523836e-01
4.305555555555555802e-01 2.529761904761904656e-01
4.265873015873015706e-01 2.450396825396825573e-01
4.285714285714286031e-01 2.410714285714285476e-01
4.226190476190476164e-01 2.113095238095238360e-01
4.107142857142856984e-01 1.815476190476190688e-01
4.126984126984126755e-01 1.795634920634920362e-01
4.087301587301587213e-01 1.755952380952380820e-01
4.007936507936508130e-01 1.160714285714285476e-01
3.968253968253968589e-01 1.101190476190476164e-01
3.988095238095238360e-01 1.081349206349206393e-01
3.908730158730158721e-01 8.630952380952383596e-02
3.442460317460317443e-01 1.587301587301587213e-02
3.392857142857143016e-01 1.884920634920633775e-02
3.333333333333333703e-01 5.059523809523808202e-02
3.353174603174603474e-01 6.250000000000000000e-02
3.293650793650793607e-01 1.259920634920634885e-01
3.253968253968254065e-01 1.378968253968254065e-01
3.273809523809523836e-01 1.478174603174602919e-01
3.194444444444444198e-01 1.815476190476190688e-01
3.154761904761904656e-01 2.470238095238095344e-01
3.174603174603174427e-01 3.224206349206348854e-01
3.273809523809523836e-01 3.521825396825396526e-01
3.253968253968254065e-01 3.541666666666666297e-01
3.333333333333333703e-01 3.720238095238095344e-01
3.303571428571428492e-01 3.750000000000000000e-01
2.936507936507936622e-01 3.402777777777777901e-01
2.827380952380952328e-01 3.234126984126983739e-01
2.430555555555555802e-01 2.956349206349206393e-01
1.855158730158730229e-01 2.400793650793650591e-01
1.418650793650793607e-01 2.162698412698412787e-01
1.398809523809523836e-01 2.182539682539682557e-01
1.220238095238095344e-01 2.083333333333333148e-01
1.200396825396825573e-01 2.103174603174602919e-01
9.226190476190476719e-02 2.003968253968254065e-01
8.531746031746029191e-02 2.013888888888888951e-01
1.101190476190476164e-01 2.500000000000000000e-01
1.121031746031745935e-01 2.480158730158730229e-01
1.190476190476190688e-01 2.569444444444444198e-01
1.170634920634920362e-01 2.589285714285713969e-01
1.329365079365079638e-01 2.787698412698412787e-01
1.309523809523809312e-01 2.807539682539682557e-01
1.428571428571428492e-01 2.966269841269841279e-01
1.448412698412698263e-01 3.065476190476190688e-01
1.507936507936508130e-01 3.105158730158730229e-01
1.547619047619047672e-01 3.244047619047619180e-01
1.944444444444444198e-01 3.918650793650793607e-01
2.281746031746031966e-01 4.315476190476190688e-01
2.440476190476190688e-01 4.573412698412698263e-01
2.628968253968254065e-01 4.761904761904761640e-01
2.876984126984126755e-01 4.930555555555555802e-01
2.876984126984126755e-01 4.970238095238095344e-01
2.787698412698412787e-01 4.980158730158730229e-01
2.192460317460317443e-01 4.841269841269841279e-01
2.152777777777777901e-01 4.861111111111111049e-01
2.053571428571428492e-01 4.821428571428571508e-01
1.855158730158730229e-01 4.861111111111111049e-01
1.438492063492063378e-01 4.821428571428571508e-01
1.359126984126984294e-01 4.781746031746031966e-01
1.299603174603174427e-01 4.801587301587301737e-01
1.220238095238095344e-01 4.761904761904761640e-01
7.440476190476191798e-02 4.742063492063491870e-01
4.067460317460319663e-02 4.841269841269841279e-01
3.670634920634918696e-02 4.821428571428571508e-01
1.984126984126977078e-03 4.970238095238095344e-01
5.952380952380931234e-03 5.029761904761904656e-01
0.000000000000000000e+00 5.069444444444444198e-01
1.686507936507936067e-02 5.178571428571429047e-01
3.472222222222220989e-02 5.218253968253968589e-01
3.670634920634918696e-02 5.257936507936508130e-01
5.853174603174604584e-02 5.317460317460317443e-01
1.259920634920634885e-01 5.615079365079365115e-01
1.359126984126984294e-01 5.694444444444444198e-01
1.418650793650793607e-01 5.694444444444444198e-01
1.617063492063491870e-01 5.813492063492063933e-01
1.934523809523809312e-01 5.932539682539682557e-01
2.093253968253968034e-01 5.952380952380952328e-01
2.708333333333333703e-01 6.170634920634920917e-01
3.005952380952380820e-01 6.210317460317460458e-01
3.244047619047619180e-01 6.190476190476190688e-01
3.253968253968254065e-01 6.240079365079365115e-01
3.125000000000000000e-01 6.329365079365079083e-01
2.668650793650793607e-01 6.507936507936508130e-01
2.152777777777777901e-01 6.865079365079365115e-01
1.994047619047619180e-01 6.924603174603174427e-01
1.974206349206349409e-01 6.964285714285713969e-01
1.914682539682539542e-01 6.964285714285713969e-01
1.894841269841269771e-01 7.003968253968253510e-01
1.676587301587301737e-01 7.103174603174603474e-01
1.418650793650793607e-01 7.281746031746031411e-01
1.250000000000000000e-01 7.450396825396825573e-01
8.928571428571430157e-02 7.946428571428572063e-01
8.829365079365081304e-02 8.015873015873016261e-01
1.279761904761904656e-01 7.956349206349206948e-01
1.398809523809523836e-01 7.896825396825397636e-01
1.478174603174602919e-01 7.916666666666667407e-01
1.894841269841269771e-01 7.777777777777777901e-01
2.926587301587301182e-01 7.599206349206348854e-01
3.045634920634920917e-01 7.539682539682539542e-01
3.065476190476190688e-01 7.559523809523809312e-01
3.442460317460317443e-01 7.400793650793651146e-01
3.462301587301587213e-01 7.420634920634920917e-01
4.057539682539682557e-01 7.182539682539682557e-01
4.117063492063491870e-01 7.103174603174603474e-01
4.315476190476190688e-01 7.003968253968253510e-01
3.888888888888888951e-01 7.827380952380952328e-01
3.829365079365079083e-01 8.105158730158730229e-01
3.670634920634920917e-01 8.382936507936508130e-01
3.630952380952380820e-01 8.521825396825397636e-01
3.591269841269841279e-01 8.541666666666667407e-01
3.472222222222222099e-01 8.839285714285713969e-01
3.412698412698412787e-01 9.176587301587302292e-01
3.432539682539682557e-01 9.295634920634920917e-01
3.392857142857143016e-01 9.513888888888888395e-01
3.422619047619047672e-01 9.861111111111111605e-01
3.720238095238095344e-01 9.583333333333332593e-01
4.097222222222222099e-01 9.107142857142856984e-01
4.424603174603174427e-01 8.779761904761904656e-01
4.424603174603174427e-01 8.740079365079365115e-01
4.543650793650793607e-01 8.660714285714286031e-01
5.059523809523809312e-01 8.025793650793651146e-01
5.059523809523809312e-01 7.986111111111111605e-01
5.119047619047618625e-01 7.946428571428572063e-01
5.476190476190476719e-01 7.430555555555555802e-01
5.575396825396825573e-01 7.172619047619047672e-01
5.575396825396825573e-01 7.073412698412698818e-01
5.625000000000000000e-01 7.043650793650793052e-01
5.674603174603174427e-01 7.113095238095238360e-01
5.674603174603174427e-01 7.430555555555555802e-01
5.714285714285713969e-01 7.509920634920634885e-01
5.694444444444444198e-01 7.609126984126983739e-01
5.734126984126983739e-01 7.648809523809523281e-01
5.734126984126983739e-01 7.827380952380952328e-01
5.853174603174603474e-01 8.085317460317460458e-01
5.833333333333333703e-01 8.125000000000000000e-01
5.873015873015873245e-01 8.164682539682539542e-01
5.952380952380952328e-01 8.720238095238095344e-01
5.992063492063491870e-01 8.779761904761904656e-01
5.972222222222222099e-01 8.799603174603174427e-01
6.051587301587301182e-01 9.017857142857143016e-01
6.031746031746031411e-01 9.037698412698412787e-01
6.091269841269841834e-01 9.117063492063491870e-01
6.071428571428570953e-01 9.136904761904761640e-01
6.150793650793651146e-01 9.196428571428572063e-01
6.130952380952381375e-01 9.216269841269841834e-01
6.269841269841269771e-01 9.474206349206348854e-01
6.388888888888888395e-01 9.593253968253967479e-01
6.369047619047618625e-01 9.613095238095238360e-01
6.557539682539682557e-01 9.841269841269841834e-01
6.607142857142856984e-01 9.811507936507937178e-01
6.626984126984126755e-01 9.553571428571427937e-01
6.666666666666666297e-01 9.494047619047618625e-01
6.646825396825396526e-01 9.315476190476190688e-01
6.686507936507937178e-01 9.156746031746032521e-01
6.666666666666666297e-01 9.057539682539682557e-01
6.706349206349206948e-01 8.898809523809523281e-01
6.686507936507937178e-01 8.819444444444444198e-01
6.805555555555555802e-01 8.164682539682539542e-01
6.785714285714286031e-01 8.085317460317460458e-01
6.825396825396825573e-01 7.787698412698412787e-01
6.825396825396825573e-01 6.775793650793651146e-01
6.785714285714286031e-01 6.676587301587301182e-01
6.805555555555555802e-01 6.636904761904761640e-01
6.686507936507937178e-01 6.279761904761904656e-01
6.716269841269841834e-01 6.269841269841269771e-01
6.924603174603174427e-01 6.458333333333333703e-01
6.954365079365079083e-01 6.527777777777777901e-01
7.023809523809523281e-01 6.557539682539682557e-01
7.162698412698412787e-01 6.755952380952381375e-01
7.589285714285713969e-01 7.063492063492062822e-01
7.906746031746032521e-01 7.400793650793651146e-01
8.323412698412697708e-01 7.718253968253967479e-01
8.779761904761904656e-01 7.916666666666667407e-01
8.799603174603174427e-01 7.896825396825397636e-01
8.839285714285713969e-01 7.936507936507937178e-01
9.146825396825397636e-01 7.986111111111111605e-01
8.809523809523809312e-01 7.371031746031746490e-01
8.730158730158730229e-01 7.291666666666666297e-01
8.551587301587302292e-01 6.934523809523809312e-01
8.511904761904761640e-01 6.914682539682539542e-01
8.154761904761904656e-01 6.220238095238095344e-01
7.718253968253967479e-01 5.664682539682539542e-01
7.559523809523809312e-01 5.406746031746031411e-01
7.390873015873016261e-01 5.238095238095238360e-01
7.142857142857143016e-01 5.069444444444444198e-01
7.152777777777777901e-01 5.019841269841269771e-01
7.470238095238095344e-01 5.059523809523809312e-01
7.827380952380952328e-01 5.158730158730158166e-01
8.402777777777777901e-01 5.138888888888888395e-01
8.918650793650793052e-01 5.238095238095238360e-01
9.315476190476190688e-01 5.238095238095238360e-01
9.732142857142856984e-01 5.138888888888888395e-01
9.811507936507937178e-01 5.079365079365079083e-01
9.871031746031746490e-01 5.099206349206348854e-01
1.000000000000000000e+00 5.029761904761904656e-01
9.960317460317460458e-01 4.950396825396825573e-01
1.000000000000000000e+00 4.930555555555555802e-01
9.831349206349206948e-01 4.821428571428571508e-01
9.236111111111111605e-01 4.603174603174603474e-01
8.541666666666667407e-01 4.246031746031745935e-01
8.482142857142856984e-01 4.246031746031745935e-01
8.382936507936508130e-01 4.166666666666666852e-01
7.132936507936508130e-01 3.789682539682539542e-01
6.755952380952381375e-01 3.789682539682539542e-01
6.746031746031746490e-01 3.740079365079365115e-01
7.470238095238095344e-01 3.392857142857143016e-01
7.648809523809523281e-01 3.234126984126983739e-01
7.946428571428572063e-01 3.055555555555555802e-01
8.005952380952381375e-01 3.055555555555555802e-01
8.025793650793651146e-01 3.015873015873016261e-01
8.144841269841269771e-01 2.976190476190476164e-01
8.164682539682539542e-01 2.936507936507936622e-01
8.442460317460317443e-01 2.797619047619047672e-01
8.630952380952381375e-01 2.648809523809523836e-01
9.107142857142856984e-01 2.053571428571428492e-01
9.117063492063491870e-01 1.984126984126984294e-01
8.839285714285713969e-01 2.003968253968254065e-01
8.640873015873016261e-01 2.083333333333333148e-01
8.501984126984126755e-01 2.083333333333333148e-01
8.442460317460317443e-01 2.123015873015873245e-01
8.422619047619047672e-01 2.103174603174602919e-01
8.025793650793651146e-01 2.222222222222222099e-01
7.986111111111111605e-01 2.202380952380952328e-01
7.470238095238095344e-01 2.321428571428571508e-01
7.430555555555555802e-01 2.301587301587301737e-01
7.192460317460317443e-01 2.380952380952380820e-01
7.172619047619047672e-01 2.361111111111111049e-01
6.121031746031746490e-01 2.718253968253968589e-01
5.892857142857143016e-01 2.847222222222222099e-01
5.724206349206348854e-01 2.996031746031745935e-01
5.654761904761904656e-01 2.986111111111111049e-01
5.753968253968253510e-01 2.807539682539682557e-01
5.734126984126983739e-01 2.787698412698412787e-01
6.051587301587301182e-01 2.271825396825397081e-01
6.051587301587301182e-01 2.192460317460317443e-01
6.091269841269841834e-01 2.172619047619047672e-01
6.210317460317460458e-01 1.755952380952380820e-01
6.250000000000000000e-01 1.736111111111111049e-01
6.349206349206348854e-01 1.478174603174602919e-01
6.388888888888888395e-01 1.458333333333333148e-01
6.507936507936508130e-01 1.160714285714285476e-01
6.587301587301587213e-01 7.440476190476191798e-02
