7.681347150259068002e-01 6.476683937823857207e-03
7.448186528497409142e-01 2.202072538860105899e-02
7.318652849740931998e-01 1.424870466321243034e-02
6.774611398963730213e-01 2.720207253886008925e-02
6.411917098445596430e-01 6.476683937823857207e-03
6.152849740932642142e-01 2.202072538860105899e-02
6.049222797927461537e-01 1.424870466321243034e-02
5.505181347150258642e-01 2.720207253886008925e-02
5.116580310880829430e-01 6.476683937823857207e-03
4.883419689119171125e-01 2.202072538860105899e-02
4.753886010362694536e-01 1.424870466321243034e-02
4.209844559585492196e-01 2.720207253886008925e-02
3.847150259067357858e-01 6.476683937823857207e-03
3.588082901554404125e-01 2.202072538860105899e-02
3.484455958549222965e-01 1.424870466321243034e-02
2.940414507772020625e-01 2.720207253886008925e-02
2.551813471502590858e-01 6.476683937823857207e-03
2.318652849740932553e-01 2.202072538860105899e-02
2.189119170984455964e-01 1.424870466321243034e-02
1.683937823834196768e-01 2.849740932642486069e-02
1.878238341968911929e-01 2.979274611398963213e-02
2.176165803108808250e-01 5.181347150259069112e-02
2.176165803108808250e-01 6.735751295336789291e-02
2.266839378238341696e-01 7.642487046632123748e-02
2.500000000000000000e-01 7.642487046632123748e-02
2.720207253886010035e-01 9.326424870466321071e-02
2.746113989637305464e-01 1.113989637305699554e-01
2.862694300518134893e-01 1.204663212435233000e-01
3.069948186528497214e-01 1.178756476683937571e-01
3.290155440414507804e-01 1.502590673575129321e-01
3.743523316062176143e-01 1.722797927461139911e-01
3.847150259067357858e-01 1.878238341968911929e-01
4.041450777202072464e-01 1.968911917098445374e-01
4.106217616580311036e-01 2.111398963730569678e-01
4.235751295336787625e-01 2.111398963730569678e-01
4.507772020725388518e-01 2.279792746113989410e-01
4.650259067357512821e-01 2.474093264248704571e-01
4.779792746113989410e-01 2.474093264248704571e-01
4.883419689119171125e-01 2.707253886010362320e-01
5.181347150259066892e-01 2.720207253886010035e-01
5.142487046632124859e-01 2.914507772020725751e-01
5.414507772020725751e-01 2.979274611398963768e-01
5.401554404145078037e-01 3.199481865284974358e-01
5.764248704663212930e-01 3.225388601036269787e-01
5.971502590673575250e-01 3.536269430051813822e-01
6.101036269430051284e-01 3.484455958549222965e-01
6.256476683937823857e-01 3.743523316062176143e-01
6.463730569948186178e-01 3.717616580310880714e-01
6.541450777202072464e-01 4.054404145077720178e-01
6.774611398963730213e-01 4.002590673575129321e-01
7.150259067357512821e-01 4.352331606217616500e-01
7.085492227979274249e-01 4.572538860103627090e-01
7.318652849740931998e-01 4.443005181347150501e-01
7.525906735751295429e-01 4.676165803108808250e-01
7.901554404145076926e-01 4.896373056994818840e-01
7.784974093264248607e-01 5.090673575129534001e-01
7.888601036269430322e-01 5.090673575129534001e-01
7.927461139896372355e-01 5.181347150259066892e-01
7.772020725388600892e-01 5.388601036269430322e-01
7.797927461139896321e-01 5.544041450777201785e-01
7.603626943005181715e-01 5.608808290155440357e-01
7.266839378238342251e-01 5.246113989637305464e-01
7.189119170984455964e-01 5.246113989637305464e-01
7.085492227979274249e-01 5.090673575129534001e-01
6.891191709844559643e-01 5.025906735751295429e-01
6.774611398963730213e-01 4.779792746113989410e-01
6.619170984455958751e-01 4.779792746113989410e-01
6.204663212435233000e-01 4.339378238341968785e-01
5.803108808290154963e-01 4.196891191709844482e-01
5.686528497409326643e-01 3.873056994818652732e-01
5.375647668393782608e-01 3.821243523316062429e-01
5.233160621761657749e-01 3.497409326424870679e-01
5.090673575129534001e-01 3.380829015544041249e-01
4.831606217616580268e-01 3.354922279792745821e-01
4.689119170984455964e-01 3.238341968911917501e-01
4.715025906735751393e-01 3.108808290155440357e-01
4.417098445595855072e-01 2.862694300518134893e-01
4.145077720207254179e-01 2.797927461139896321e-01
4.145077720207254179e-01 2.642487046632124303e-01
3.898963730569948161e-01 2.422279792746113714e-01
3.717616580310880714e-01 2.474093264248704571e-01
3.678756476683937571e-01 2.357512953367875697e-01
3.471502590673575250e-01 2.202072538860103679e-01
3.497409326424870679e-01 2.072538860103627090e-01
3.354922279792745821e-01 1.955958549222797660e-01
3.147668393782383500e-01 2.059585492227979375e-01
3.044041450777201785e-01 1.722797927461139911e-01
2.914507772020725751e-01 1.722797927461139911e-01
2.836787564766839465e-01 1.541450777202072464e-01
2.655440414507772018e-01 1.515544041450777035e-01
2.551813471502590858e-01 1.360103626943005017e-01
2.474093264248704571e-01 1.360103626943005017e-01
2.344559585492227982e-01 1.152849740932642697e-01
2.124352331606217392e-01 1.113989637305699554e-01
2.085492227979274804e-01 9.196891191709843927e-02
1.852331606217616500e-01 9.196891191709843927e-02
1.813471502590673357e-01 8.290155440414509469e-02
1.891191709844559643e-01 6.735751295336789291e-02
1.852331606217616500e-01 6.088082901554403570e-02
1.696891191709844482e-01 6.865284974093266435e-02
1.554404145077720178e-01 9.844559585492229647e-02
1.632124352331606465e-01 1.036269430051813267e-01
1.554404145077720178e-01 1.295336787564767000e-01
1.269430051813471572e-01 1.658031088082901339e-01
1.373056994818652732e-01 1.735751295336787625e-01
1.088082901554404125e-01 2.279792746113989410e-01
1.113989637305699554e-01 2.461139896373056857e-01
9.585492227979275359e-02 2.720207253886010035e-01
1.062176165803108696e-01 2.772020725388600892e-01
8.808290155440412494e-02 3.160621761658031215e-01
8.808290155440412494e-02 3.393782383419688964e-01
6.476683937823835002e-02 3.730569948186528428e-01
8.290155440414509469e-02 3.808290155440414715e-01
4.404145077720206247e-02 4.404145077720207357e-01
4.404145077720206247e-02 4.611398963730569678e-01
2.590673575129531780e-02 4.948186528497409142e-01
3.108808290155440357e-02 5.207253886010362320e-01
2.072538860103628755e-02 5.336787564766839465e-01
2.072538860103628755e-02 5.544041450777201785e-01
2.590673575129542883e-03 5.777202072538860644e-01
0.000000000000000000e+00 6.191709844559585285e-01
2.202072538860105899e-02 6.463730569948186178e-01
5.440414507772023400e-02 6.502590673575129321e-01
7.124352331606215172e-02 6.852331606217616500e-01
8.678756476683935350e-02 6.826424870466321071e-01
1.463730569948186733e-01 7.344559585492227427e-01
1.645077720207253624e-01 7.344559585492227427e-01
1.735751295336787625e-01 7.538860103626943143e-01
2.396373056994818840e-01 7.940414507772020070e-01
2.435233160621761428e-01 8.082901554404144928e-01
2.772020725388600892e-01 8.160621761658031215e-01
2.746113989637305464e-01 8.341968911917099216e-01
2.810880829015544036e-01 8.406735751295336678e-01
3.069948186528497214e-01 8.380829015544041249e-01
3.147668393782383500e-01 8.562176165803108141e-01
3.251295336787564660e-01 8.562176165803108141e-01
3.290155440414507804e-01 8.782383419689119286e-01
3.484455958549222965e-01 8.769430051813471572e-01
3.665803108808289856e-01 8.976683937823835002e-01
3.847150259067357858e-01 8.924870466321244145e-01
3.898963730569948161e-01 9.235751295336787070e-01
4.158031088082901894e-01 9.209844559585491641e-01
4.235751295336787625e-01 9.417098445595855072e-01
4.443005181347150501e-01 9.417098445595855072e-01
4.507772020725388518e-01 9.533678756476684502e-01
4.430051813471502786e-01 9.715025906735751393e-01
4.520725388601036232e-01 9.753886010362694536e-01
4.702072538860103679e-01 9.650259067357512821e-01
4.909326424870466554e-01 9.883419689119170570e-01
5.090673575129534001e-01 9.935233160621761428e-01
5.207253886010362320e-01 9.663212435233160535e-01
5.906735751295336678e-01 9.248704663212434784e-01
5.984455958549222965e-01 9.093264248704663322e-01
6.515544041450777035e-01 8.769430051813471572e-01
6.709844559585491641e-01 8.730569948186528428e-01
6.735751295336787070e-01 8.549222797927460427e-01
7.487046632124352286e-01 8.031088082901554071e-01
7.098445595854921963e-01 7.694300518134715716e-01
6.865284974093264214e-01 7.590673575129534001e-01
6.774611398963730213e-01 7.370466321243522856e-01
6.386010362694301001e-01 7.266839378238342251e-01
6.269430051813471572e-01 7.046632124352332216e-01
6.023316062176166108e-01 6.852331606217616500e-01
5.816062176165802677e-01 6.852331606217616500e-01
5.699481865284974358e-01 6.554404145077720178e-01
5.582901554404144928e-01 6.463730569948186178e-01
5.349740932642487179e-01 6.463730569948186178e-01
4.987046632124352286e-01 6.023316062176166108e-01
4.520725388601036232e-01 5.945595854922279822e-01
4.559585492227979375e-01 5.699481865284974358e-01
4.443005181347150501e-01 5.608808290155440357e-01
4.209844559585492196e-01 5.712435233160622072e-01
4.222797927461139911e-01 5.544041450777201785e-01
4.132124352331606465e-01 5.453367875647668894e-01
3.898963730569948161e-01 5.453367875647668894e-01
3.963730569948186733e-01 5.207253886010362320e-01
3.898963730569948161e-01 5.142487046632124859e-01
3.691709844559585285e-01 5.220207253886010035e-01
3.575129533678756411e-01 5.181347150259066892e-01
3.562176165803108696e-01 4.935233160621761428e-01
3.277202072538860089e-01 4.961139896373056857e-01
3.367875647668393535e-01 4.689119170984455964e-01
3.069948186528497214e-01 4.727979274611399108e-01
2.966321243523316054e-01 4.468911917098445374e-01
2.759067357512953178e-01 4.494818652849740803e-01
2.694300518134715161e-01 4.274611398963730768e-01
2.487046632124352286e-01 4.196891191709844482e-01
2.992227979274611482e-01 3.821243523316062429e-01
3.121761658031088071e-01 3.873056994818652732e-01
3.277202072538860089e-01 4.209844559585492196e-01
3.510362694300518394e-01 4.235751295336787625e-01
3.847150259067357858e-01 4.572538860103627090e-01
3.950777202072539018e-01 4.572538860103627090e-01
4.054404145077720178e-01 4.753886010362694536e-01
4.326424870466321071e-01 4.844559585492227982e-01
4.326424870466321071e-01 4.948186528497409142e-01
5.025906735751295429e-01 5.388601036269430322e-01
5.025906735751295429e-01 5.518134715025906356e-01
5.336787564766839465e-01 5.569948186528497214e-01
5.310880829015544036e-01 5.777202072538860644e-01
5.375647668393782608e-01 5.841968911917098106e-01
5.634715025906735786e-01 5.816062176165802677e-01
5.712435233160622072e-01 5.997409326424870679e-01
5.816062176165802677e-01 5.997409326424870679e-01
5.893782383419688964e-01 6.282383419689119286e-01
6.101036269430051284e-01 6.230569948186528428e-01
6.230569948186528428e-01 6.437823834196891859e-01
6.411917098445596430e-01 6.386010362694301001e-01
6.463730569948186178e-01 6.696891191709843927e-01
6.696891191709843927e-01 6.670984455958549608e-01
6.774611398963730213e-01 6.878238341968911929e-01
7.046632124352332216e-01 6.917098445595855072e-01
6.994818652849741358e-01 7.202072538860103679e-01
7.318652849740931998e-01 7.137305699481865107e-01
7.448186528497409142e-01 7.370466321243522856e-01
7.642487046632124859e-01 7.461139896373056857e-01
7.655440414507772573e-01 7.629533678756477144e-01
7.992227979274610927e-01 7.681347150259068002e-01
8.225388601036269787e-01 7.551813471502590858e-01
8.588082901554403570e-01 7.111398963730569678e-01
8.743523316062176143e-01 7.189119170984455964e-01
9.326424870466321071e-01 6.813471502590673357e-01
9.287564766839377928e-01 6.748704663212434784e-01
9.119170984455958751e-01 6.761658031088082499e-01
9.494818652849741358e-01 6.489637305699481606e-01
9.650259067357512821e-01 6.515544041450777035e-01
1.000000000000000000e+00 6.088082901554403570e-01
9.883419689119170570e-01 5.867875647668393535e-01
9.753886010362694536e-01 5.867875647668393535e-01
9.870466321243522856e-01 5.699481865284974358e-01
9.689119170984455964e-01 5.233160621761657749e-01
9.715025906735751393e-01 5.103626943005181715e-01
9.585492227979275359e-01 4.974093264248704571e-01
9.650259067357512821e-01 4.805699481865284839e-01
9.481865284974093644e-01 4.715025906735751393e-01
9.585492227979275359e-01 4.455958549222798215e-01
9.546632124352332216e-01 4.339378238341968785e-01
9.417098445595855072e-01 4.365284974093264214e-01
9.274611398963730213e-01 3.730569948186528428e-01
9.196891191709843927e-01 3.678756476683937571e-01
9.067357512953367893e-01 3.212435233160622072e-01
9.145077720207253069e-01 3.056994818652849499e-01
8.911917098445596430e-01 2.953367875647668339e-01
9.015544041450777035e-01 2.720207253886010035e-01
8.976683937823835002e-01 2.577720207253886286e-01
8.756476683937823857e-01 2.616580310880829430e-01
8.756476683937823857e-01 2.020725388601036232e-01
8.471502590673575250e-01 1.580310880829015607e-01
8.575129533678755855e-01 1.321243523316062429e-01
8.536269430051812712e-01 1.230569948186528428e-01
8.341968911917099216e-01 1.165803108808290411e-01
8.419689119170984393e-01 9.326424870466321071e-02
8.380829015544041249e-01 7.901554404145078037e-02
8.264248704663212930e-01 7.512953367875646604e-02
8.160621761658031215e-01 5.699481865284972137e-02
8.212435233160622072e-01 3.108808290155440357e-02
