5.787293445058218078e-01 1.200903287576139955e-01
5.764814610261911332e-01 1.200001335021187443e-01
5.382674418724688881e-01 1.276048971436818391e-01
5.270280244743152931e-01 1.291593639154625106e-01
5.023013061983774286e-01 1.309117723568340996e-01
4.685830540039166991e-01 1.309831337371398230e-01
4.573436366057631042e-01 1.297043053650699385e-01
4.416084522483480490e-01 1.288306961036680409e-01
4.393605687687173189e-01 1.292111071540670286e-01
4.374971916737603328e-01 1.305728058003817749e-01
4.365319820568487330e-01 1.328206892800125050e-01
4.364277832913866506e-01 1.350685727596432351e-01
4.379471268837980547e-01 1.418122231985353698e-01
4.384920683334054825e-01 1.485558736374275601e-01
4.402631280446296369e-01 1.597952910355810996e-01
4.408080694942371203e-01 1.665389414744732899e-01
4.424211485832915125e-01 1.732825919133654247e-01
4.429878352926669427e-01 1.822741258318882895e-01
4.447588950038910416e-01 1.935135432300418845e-01
4.453261056954295749e-01 2.070008441078262096e-01
4.469169155425529727e-01 2.137444945467183444e-01
4.474836022519284029e-01 2.227360284652412092e-01
4.492546619631525018e-01 2.339754458633948042e-01
4.497314857315590775e-01 2.452148632615483992e-01
4.515025454427832319e-01 2.564542806597019942e-01
4.519793692111898076e-01 2.676936980578555891e-01
4.537504289224139065e-01 2.789331154560091841e-01
4.540724628854049261e-01 2.901725328541627236e-01
4.550413688483994079e-01 3.014119502523163185e-01
4.561525938665557667e-01 3.081556006912085088e-01
4.564751361704512678e-01 3.351302024467770480e-01
4.582461958816753667e-01 3.463696198449306429e-01
4.582461958816753667e-01 4.003188233560678877e-01
4.564751361704512678e-01 4.115582407542214827e-01
4.559084494610758376e-01 4.295413085912672124e-01
4.543176396139524398e-01 4.362849590301593472e-01
4.536605659814451075e-01 4.475243764283129422e-01
4.520474868923906597e-01 4.542680268672051325e-01
4.514344277615823242e-01 4.610116773060972672e-01
4.464486529665850911e-01 4.812426286227737271e-01
4.397106489827581344e-01 5.014735799394501869e-01
4.329915655764303706e-01 5.172087642968652421e-01
4.217657717145169571e-01 5.351918321339109719e-01
4.133153803749191613e-01 5.464312495320645668e-01
4.056423165742565895e-01 5.541043133327270276e-01
3.944028991761029945e-01 5.625547046723249345e-01
3.876592487372108597e-01 5.670435382247497325e-01
3.786677148186879949e-01 5.715080480220432468e-01
3.741719478594265347e-01 5.730926216224386804e-01
3.584367635020115350e-01 5.804995819405661672e-01
3.314621617464429404e-01 5.894854694040237986e-01
3.112312104297664250e-01 5.944712441990209761e-01
2.887523756334592906e-01 5.989670111582824363e-01
2.730171912760442909e-01 6.012830123191140741e-01
2.617777738778906960e-01 6.017598360875205943e-01
2.505383564797371010e-01 6.035308957987448597e-01
1.718624346926619917e-01 6.035308957987448597e-01
1.561272503352469365e-01 6.017598360875205943e-01
1.358962990185704767e-01 6.012830123191140741e-01
1.314005320593090720e-01 6.006837389095011082e-01
1.089216972630018820e-01 5.994438349266889565e-01
1.066738137833711519e-01 5.999121439849453008e-01
1.044259303037404774e-01 6.012356261061047036e-01
1.019345261138163705e-01 6.048762200024632163e-01
9.353659311962775336e-02 6.296029382784010808e-01
8.837751628113099667e-02 6.408423556765546758e-01
8.679294268073556307e-02 6.453381226358161360e-01
8.163386584223886189e-02 6.565775400339697310e-01
8.004929224184342829e-02 6.610733069932310801e-01
7.510655353924666766e-02 6.700648409117540005e-01
7.128838134151760375e-02 6.790563748302768099e-01
6.680245680992125124e-02 6.880479087487997303e-01
6.161925266146239810e-02 6.970394426673225396e-01
5.960390885213834311e-02 7.015352096265839998e-01
5.442004781195541874e-02 7.105267435451069202e-01
4.207573853398333119e-02 7.352534618210447848e-01
3.689253438552447806e-02 7.442449957395675941e-01
3.407479733529772403e-02 7.509886461784598399e-01
3.014888394663234328e-02 7.577322966173519747e-01
2.610008873070618352e-02 7.689717140155055697e-01
2.094101189220948234e-02 7.802111314136590536e-01
1.710855481218331864e-02 7.914505488118126486e-01
1.427106255101012744e-02 7.981941992507048944e-01
1.260714139785673593e-02 8.049378496895970292e-01
9.706646585430023233e-03 8.139293836081198386e-01
4.718674445877923951e-03 8.341603349247963539e-01
4.105615315069588434e-03 8.409039853636884887e-01
2.493060208178299320e-03 8.476476358025806235e-01
1.835986575670855991e-03 8.588870532007342184e-01
0.000000000000000000e+00 8.678785871192571388e-01
1.276491668120716128e-04 8.746222375581492736e-01
1.023290240727448008e-03 8.774160355971187819e-01
3.271173720358178105e-03 8.793349055549188886e-01
5.519057199988908202e-03 8.796799753873183469e-01
7.766940679619582788e-03 8.793536697209203279e-01
2.125424155740390786e-02 8.749354672233436991e-01
4.373307635371109781e-02 8.657275951689208382e-01
4.822884331297250249e-02 8.632471720189833775e-01
7.295556158891042253e-02 8.522402942911364576e-01
8.869074594632542219e-02 8.434930654429060315e-01
9.318651290558688238e-02 8.405226479876797274e-01
1.089216972630018820e-01 8.322536480447524365e-01
1.246568816204169372e-01 8.227852693856305688e-01
1.291526485796783419e-01 8.207321888754233186e-01
1.358962990185704767e-01 8.158360704881637560e-01
1.516314833759855318e-01 8.075269297688145720e-01
1.786060851315541265e-01 7.910692114358039984e-01
1.943412694889691261e-01 7.823233667522775381e-01
1.988370364482305863e-01 7.803080229429535386e-01
2.100764538463841813e-01 7.733318328337547287e-01
2.168201042852763161e-01 7.705147526752520459e-01
2.235637547241684508e-01 7.665881823948625939e-01
2.303074051630606411e-01 7.637711022363598001e-01
2.370510556019527759e-01 7.598445319559704592e-01
2.460425895204756408e-01 7.560276516452986151e-01
2.662735408371521006e-01 7.461427990051574533e-01
2.707693077964135053e-01 7.445582254047621307e-01
2.820087251945671003e-01 7.393991485662653185e-01
2.932481425927206953e-01 7.349033816070038583e-01
3.404536956649657498e-01 7.191738437046540922e-01
3.471973461038579400e-01 7.175785715578193447e-01
3.561888800223808049e-01 7.146780767453926320e-01
3.674282974205343999e-01 7.119401854300262400e-01
3.719240643797958601e-01 7.113271262992177935e-01
3.876592487372108597e-01 7.074444184707647798e-01
3.944028991761029945e-01 7.068313593399563333e-01
4.123859670131487243e-01 7.029703967712712664e-01
4.213775009316715892e-01 7.023133231387639341e-01
4.281211513705637794e-01 7.007225132916405919e-01
4.461042192076095092e-01 7.001558265822651617e-01
4.573436366057631042e-01 6.983847668710410073e-01
5.135407235965310235e-01 6.983847668710410073e-01
5.247801409946846185e-01 7.001558265822651617e-01
5.405153253520996737e-01 7.006326503506716818e-01
5.517547427502532686e-01 7.024037100618958362e-01
5.584983931891454034e-01 7.028805338303023564e-01
5.697378105872989984e-01 7.049597196150839684e-01
5.764814610261911332e-01 7.068090900980252833e-01
5.854729949447139425e-01 7.074661637305327266e-01
6.326785480169589970e-01 7.191738437046540922e-01
6.619010332521584328e-01 7.288179889559729396e-01
6.686446836910504565e-01 7.304813157454352890e-01
6.866277515280962973e-01 7.378145749658699959e-01
6.978671689262498923e-01 7.416470320458961041e-01
7.136023532836648364e-01 7.486051145578168642e-01
7.180981202429262966e-01 7.510855377077543249e-01
7.293375376410798916e-01 7.553487649967089990e-01
7.383290715596027010e-01 7.602934097621771858e-01
7.428248385188641612e-01 7.618779833625725084e-01
7.608079063559098909e-01 7.706290518352332253e-01
7.787909741929557317e-01 7.807254776335745827e-01
7.990219255096321360e-01 7.910692114358039984e-01
8.035176924688935962e-01 7.940396288910303024e-01
8.215007603059393260e-01 8.033924297973509265e-01
8.327401777040929209e-01 8.109388957646825880e-01
8.462274785818771905e-01 8.180438131913725375e-01
8.507232455411386507e-01 8.210142306465988415e-01
8.664584298985535948e-01 8.292832305895261324e-01
8.709541968578151661e-01 8.322536480447524365e-01
9.114160994911679747e-01 8.526866412694195096e-01
9.316470508078444901e-01 8.614481663455594296e-01
9.428864682059980851e-01 8.652806234255855378e-01
9.496301186448902198e-01 8.681918167844515644e-01
9.698610699615666242e-01 8.749304151319695633e-01
9.900920212782431395e-01 8.798961180295905571e-01
9.945877882375044887e-01 8.799998664978812002e-01
9.968356717171352743e-01 8.794532152117415791e-01
9.990835551967660599e-01 8.774320919076876724e-01
1.000000000000000000e+00 8.746222375581492736e-01
9.999520556320777853e-01 8.341603349247963539e-01
9.981809959208536309e-01 8.229209175266427589e-01
9.977041721524471107e-01 8.139293836081198386e-01
9.931871839155808068e-01 7.869547818525512994e-01
9.881523153724327546e-01 7.667238305358747841e-01
9.724221831063918353e-01 7.195182774636297296e-01
9.677100780112304346e-01 7.082788600654761346e-01
9.652296548612929739e-01 7.037830931062147855e-01
9.614127745506212408e-01 6.947915591876918651e-01
9.557930658515444433e-01 6.835521417895382701e-01
9.519748936538153794e-01 6.745606078710153497e-01
9.494944705038779187e-01 6.700648409117540005e-01
9.456775901932061856e-01 6.610733069932310801e-01
9.380406210326958094e-01 6.453381226358161360e-01
9.364560474323002648e-01 6.408423556765546758e-01
9.290490871141730000e-01 6.251071713191396206e-01
9.254466388765296703e-01 6.161156374006167002e-01
9.226555168893215697e-01 6.113183250965268378e-01
9.204076334096908951e-01 6.090538902429090129e-01
9.181597499300602205e-01 6.080194469019468695e-01
9.114160994911679747e-01 6.076057927991576069e-01
9.046724490522758400e-01 6.081809442225172280e-01
8.844414977355994356e-01 6.083486967209972285e-01
8.732020803374458406e-01 6.093176026839915993e-01
8.664584298985535948e-01 6.104288277021480136e-01
8.192528768263085404e-01 6.105965802006279031e-01
8.125092263874165166e-01 6.110754611611322051e-01
8.057655759485242708e-01 6.105965802006279031e-01
7.630557898355406765e-01 6.104288277021480136e-01
7.540642559170178671e-01 6.085938734495447422e-01
7.450727219984949468e-01 6.080266627580062089e-01
7.338333046003413518e-01 6.062556030467820545e-01
7.248417706818184314e-01 6.056889163374066243e-01
7.023629358855112415e-01 6.012148946379131109e-01
6.821319845688348371e-01 5.962291198429159333e-01
6.619010332521584328e-01 5.894911158590889766e-01
6.506616158540048378e-01 5.843320390205922754e-01
6.461658488947433776e-01 5.827474654201968418e-01
6.304306645373283224e-01 5.751104962596864656e-01
6.214391306188054021e-01 5.712936159490146215e-01
6.057039462613904579e-01 5.625076304890663792e-01
5.944645288632368629e-01 5.541043133327270276e-01
5.798532862456371451e-01 5.396875990931723210e-01
5.760931902433458207e-01 5.351918321339109719e-01
5.671085897316595625e-01 5.217045312561265913e-01
5.559004294954739134e-01 4.992256964598194569e-01
5.491624255116468456e-01 4.789947451431429970e-01
5.464245341962803426e-01 4.677553277449894020e-01
5.458114750654720071e-01 4.632595607857279973e-01
5.441766507166496680e-01 4.565159103468358071e-01
5.435635915858413325e-01 4.497722599079436723e-01
5.419505124967868293e-01 4.430286094690515375e-01
5.412934388642794969e-01 4.295413085912672124e-01
5.394584846116762256e-01 4.205497746727443475e-01
5.396127660761873557e-01 3.755921050801299677e-01
5.413838257874115101e-01 3.598569207227149680e-01
5.419505124967868293e-01 3.418738528856692382e-01
5.435413223439102826e-01 3.351302024467770480e-01
5.441983959764176149e-01 3.216429015689927784e-01
5.457892058235409571e-01 3.148992511301006436e-01
5.464462794560482894e-01 3.036598337319470486e-01
5.480593585451027927e-01 2.969161832930549139e-01
5.486724176759111282e-01 2.901725328541627236e-01
5.502849727828024173e-01 2.834288824152705888e-01
5.509420464153097496e-01 2.744373484967477239e-01
5.525551255043641419e-01 2.676936980578555891e-01
5.531681846351724774e-01 2.609500476189633988e-01
5.548030089839949275e-01 2.542063971800712641e-01
5.554160681148032630e-01 2.474627467411791293e-01
5.570508924636256021e-01 2.407190963022869390e-01
5.576639515944339376e-01 2.362233293430255343e-01
5.592987759432563877e-01 2.294796789041333440e-01
5.599118350740647232e-01 2.249839119448719393e-01
5.615466594228870623e-01 2.182402615059798046e-01
5.621597185536953978e-01 2.137444945467183444e-01
5.637945429025177368e-01 2.070008441078262096e-01
5.644076020333260724e-01 2.025050771485647494e-01
5.660424263821485225e-01 1.957614267096726146e-01
5.666554855129568580e-01 1.912656597504111544e-01
5.705381933414099827e-01 1.755304753929961548e-01
5.711512524722182071e-01 1.710347084337346946e-01
5.727860768210406572e-01 1.642910579948425598e-01
5.733991359518489928e-01 1.597952910355810996e-01
5.772818437803021174e-01 1.440601066781660999e-01
5.778949029111104529e-01 1.395643397189046397e-01
5.814080723190484523e-01 1.238291553614896401e-01
5.808166648797646880e-01 1.215812718818589100e-01
