9.689119170984455964e-01 0.000000000000000000e+00
9.455958549222798215e-01 7.772020725388628648e-03
9.041450777202072464e-01 7.772020725388628648e-03
8.963730569948187288e-01 0.000000000000000000e+00
8.782383419689119286e-01 0.000000000000000000e+00
8.626943005181346713e-01 7.772020725388628648e-03
8.575129533678755855e-01 1.554404145077720178e-02
8.484455958549222965e-01 1.683937823834197323e-02
8.419689119170984393e-01 0.000000000000000000e+00
8.316062176165803788e-01 0.000000000000000000e+00
8.186528497409326643e-01 7.772020725388628648e-03
7.746113989637305464e-01 7.772020725388628648e-03
7.668393782383420287e-01 0.000000000000000000e+00
7.512953367875647714e-01 0.000000000000000000e+00
7.383419689119170570e-01 5.181347150259085765e-03
7.253886010362694536e-01 1.813471502590674467e-02
7.189119170984455964e-01 1.683937823834197323e-02
7.189119170984455964e-01 6.476683937823857207e-03
7.124352331606217392e-01 0.000000000000000000e+00
6.891191709844559643e-01 7.772020725388628648e-03
6.476683937823833892e-01 7.772020725388628648e-03
6.398963730569948716e-01 0.000000000000000000e+00
6.217616580310880714e-01 0.000000000000000000e+00
6.062176165803109251e-01 7.772020725388628648e-03
6.010362694300518394e-01 1.554404145077720178e-02
5.919689119170984393e-01 1.683937823834197323e-02
5.854922279792745821e-01 0.000000000000000000e+00
5.751295336787565216e-01 0.000000000000000000e+00
5.621761658031088071e-01 7.772020725388628648e-03
5.181347150259066892e-01 7.772020725388628648e-03
5.103626943005181715e-01 0.000000000000000000e+00
4.948186528497409142e-01 0.000000000000000000e+00
4.818652849740932553e-01 5.181347150259085765e-03
4.689119170984455964e-01 1.813471502590674467e-02
4.624352331606217392e-01 1.683937823834197323e-02
4.624352331606217392e-01 6.476683937823857207e-03
4.559585492227979375e-01 0.000000000000000000e+00
4.326424870466321071e-01 7.772020725388628648e-03
3.911917098445595875e-01 7.772020725388628648e-03
3.834196891191710144e-01 0.000000000000000000e+00
3.652849740932642142e-01 0.000000000000000000e+00
3.497409326424870679e-01 7.772020725388628648e-03
3.445595854922279822e-01 1.554404145077720178e-02
3.354922279792745821e-01 1.683937823834197323e-02
3.290155440414507804e-01 0.000000000000000000e+00
3.186528497409326643e-01 0.000000000000000000e+00
3.056994818652849499e-01 7.772020725388628648e-03
2.616580310880829430e-01 7.772020725388628648e-03
2.538860103626943143e-01 0.000000000000000000e+00
2.383419689119171125e-01 0.000000000000000000e+00
2.253886010362694536e-01 5.181347150259085765e-03
2.124352331606217392e-01 1.813471502590674467e-02
2.059585492227979375e-01 1.683937823834197323e-02
2.059585492227979375e-01 6.476683937823857207e-03
1.994818652849740803e-01 0.000000000000000000e+00
1.761658031088083054e-01 7.772020725388628648e-03
1.347150259067357303e-01 7.772020725388628648e-03
1.269430051813471572e-01 0.000000000000000000e+00
1.088082901554404125e-01 0.000000000000000000e+00
9.326424870466321071e-02 7.772020725388628648e-03
8.808290155440412494e-02 1.554404145077720178e-02
7.901554404145078037e-02 1.683937823834197323e-02
7.253886010362692316e-02 0.000000000000000000e+00
6.217616580310880714e-02 0.000000000000000000e+00
4.922279792746114824e-02 7.772020725388628648e-03
1.554404145077720178e-02 7.772020725388628648e-03
1.424870466321243034e-02 1.165803108808288746e-02
2.202072538860105899e-02 2.202072538860105899e-02
2.202072538860105899e-02 5.310880829015546256e-02
1.165803108808288746e-02 7.642487046632123748e-02
1.165803108808288746e-02 1.126943005181347268e-01
3.238341968911917501e-02 1.126943005181347268e-01
1.424870466321243034e-02 1.334196891191709589e-01
2.202072538860105899e-02 1.489637305699481606e-01
2.202072538860105899e-02 1.800518134715025642e-01
1.165803108808288746e-02 2.111398963730569678e-01
1.424870466321243034e-02 2.240932642487046822e-01
1.165803108808288746e-02 2.422279792746113714e-01
1.813471502590674467e-02 2.435233160621761428e-01
2.849740932642486069e-02 2.383419689119171125e-01
3.238341968911917501e-02 2.422279792746113714e-01
1.424870466321243034e-02 2.603626943005181715e-01
1.424870466321243034e-02 2.681347150259067447e-01
2.202072538860105899e-02 2.784974093264248607e-01
1.943005181347151611e-02 2.940414507772020625e-01
2.202072538860105899e-02 3.095854922279792643e-01
1.165803108808288746e-02 3.329015544041450392e-01
1.424870466321243034e-02 3.510362694300518394e-01
1.165803108808288746e-02 3.691709844559585285e-01
3.238341968911917501e-02 3.691709844559585285e-01
1.424870466321243034e-02 3.898963730569948161e-01
2.202072538860105899e-02 4.054404145077720178e-01
1.943005181347151611e-02 4.339378238341968785e-01
2.202072538860105899e-02 4.365284974093264214e-01
1.165803108808288746e-02 4.676165803108808250e-01
1.424870466321243034e-02 4.805699481865284839e-01
1.165803108808288746e-02 4.987046632124352286e-01
1.813471502590674467e-02 5.000000000000000000e-01
2.849740932642486069e-02 4.948186528497409142e-01
3.238341968911917501e-02 4.987046632124352286e-01
1.424870466321243034e-02 5.168393782383419177e-01
1.424870466321243034e-02 5.246113989637305464e-01
2.202072538860105899e-02 5.349740932642487179e-01
1.943005181347151611e-02 5.505181347150258642e-01
2.202072538860105899e-02 5.660621761658031215e-01
1.165803108808288746e-02 5.893782383419688964e-01
1.424870466321243034e-02 6.075129533678755855e-01
1.165803108808288746e-02 6.256476683937823857e-01
3.238341968911917501e-02 6.256476683937823857e-01
1.424870466321243034e-02 6.463730569948186178e-01
2.202072538860105899e-02 6.619170984455958751e-01
1.943005181347151611e-02 6.904145077720207357e-01
2.202072538860105899e-02 6.930051813471502786e-01
1.165803108808288746e-02 7.240932642487046822e-01
1.424870466321243034e-02 7.370466321243522856e-01
1.165803108808288746e-02 7.551813471502590858e-01
1.813471502590674467e-02 7.564766839378238572e-01
2.849740932642486069e-02 7.512953367875647714e-01
3.238341968911917501e-02 7.551813471502590858e-01
1.424870466321243034e-02 7.733160621761658859e-01
1.424870466321243034e-02 7.810880829015544036e-01
2.202072538860105899e-02 7.914507772020724641e-01
1.943005181347151611e-02 8.069948186528497214e-01
2.202072538860105899e-02 8.225388601036269787e-01
1.165803108808288746e-02 8.458549222797927536e-01
1.424870466321243034e-02 8.639896373056994427e-01
1.165803108808288746e-02 8.821243523316062429e-01
3.238341968911917501e-02 8.821243523316062429e-01
1.424870466321243034e-02 9.028497409326424750e-01
2.202072538860105899e-02 9.183937823834196212e-01
1.943005181347151611e-02 9.468911917098445929e-01
2.202072538860105899e-02 9.494818652849741358e-01
1.424870466321243034e-02 9.727979274611399108e-01
1.943005181347151611e-02 9.753886010362694536e-01
1.683937823834197323e-02 9.961139896373056857e-01
2.849740932642486069e-02 1.000000000000000000e+00
5.958549222797926426e-02 9.792746113989636569e-01
8.808290155440412494e-02 9.896373056994818285e-01
1.036269430051813267e-01 9.844559585492227427e-01
1.217616580310880714e-01 9.870466321243522856e-01
1.398963730569948161e-01 9.740932642487046822e-01
1.489637305699481606e-01 9.779792746113988855e-01
1.463730569948186733e-01 9.961139896373056857e-01
1.554404145077720178e-01 1.000000000000000000e+00
1.865284974093264214e-01 9.792746113989636569e-01
2.176165803108808250e-01 9.896373056994818285e-01
2.305699481865284839e-01 9.844559585492227427e-01
2.487046632124352286e-01 9.870466321243522856e-01
2.668393782383419732e-01 9.740932642487046822e-01
2.759067357512953178e-01 9.753886010362694536e-01
2.733160621761657749e-01 9.961139896373056857e-01
2.849740932642487179e-01 1.000000000000000000e+00
3.160621761658031215e-01 9.792746113989636569e-01
3.445595854922279822e-01 9.896373056994818285e-01
3.601036269430051839e-01 9.844559585492227427e-01
3.782383419689119286e-01 9.870466321243522856e-01
3.963730569948186733e-01 9.740932642487046822e-01
4.054404145077720178e-01 9.779792746113988855e-01
4.028497409326424750e-01 9.961139896373056857e-01
4.119170984455958751e-01 1.000000000000000000e+00
4.430051813471502786e-01 9.792746113989636569e-01
4.740932642487046822e-01 9.896373056994818285e-01
4.870466321243523411e-01 9.844559585492227427e-01
5.051813471502590858e-01 9.870466321243522856e-01
5.233160621761657749e-01 9.740932642487046822e-01
5.323834196891191750e-01 9.753886010362694536e-01
5.297927461139896321e-01 9.961139896373056857e-01
5.414507772020725751e-01 1.000000000000000000e+00
5.725388601036269787e-01 9.792746113989636569e-01
6.010362694300518394e-01 9.896373056994818285e-01
6.165803108808289856e-01 9.844559585492227427e-01
6.347150259067357858e-01 9.870466321243522856e-01
6.528497409326424750e-01 9.740932642487046822e-01
6.619170984455958751e-01 9.779792746113988855e-01
6.593264248704663322e-01 9.961139896373056857e-01
6.683937823834196212e-01 1.000000000000000000e+00
6.994818652849741358e-01 9.792746113989636569e-01
7.305699481865284284e-01 9.896373056994818285e-01
7.435233160621761428e-01 9.844559585492227427e-01
7.616580310880829430e-01 9.870466321243522856e-01
7.797927461139896321e-01 9.740932642487046822e-01
7.888601036269430322e-01 9.753886010362694536e-01
7.862694300518134893e-01 9.961139896373056857e-01
7.979274611398963213e-01 1.000000000000000000e+00
8.290155440414508359e-01 9.792746113989636569e-01
8.575129533678755855e-01 9.896373056994818285e-01
8.730569948186528428e-01 9.844559585492227427e-01
8.911917098445596430e-01 9.870466321243522856e-01
9.093264248704663322e-01 9.740932642487046822e-01
9.183937823834196212e-01 9.779792746113988855e-01
9.158031088082900784e-01 9.961139896373056857e-01
9.248704663212434784e-01 1.000000000000000000e+00
9.559585492227979930e-01 9.792746113989636569e-01
9.715025906735751393e-01 9.844559585492227427e-01
9.805699481865284284e-01 9.702072538860103679e-01
9.753886010362694536e-01 9.624352331606217392e-01
9.779792746113988855e-01 9.443005181347150501e-01
9.753886010362694536e-01 9.235751295336787070e-01
9.857512953367875141e-01 9.028497409326424750e-01
9.883419689119170570e-01 8.795336787564767000e-01
9.727979274611399108e-01 8.665803108808289856e-01
9.702072538860103679e-01 8.588082901554403570e-01
9.805699481865284284e-01 8.432642487046632107e-01
9.753886010362694536e-01 8.354922279792746931e-01
9.779792746113988855e-01 8.147668393782383500e-01
9.753886010362694536e-01 7.940414507772020070e-01
9.883419689119170570e-01 7.655440414507772573e-01
9.883419689119170570e-01 7.525906735751295429e-01
9.727979274611399108e-01 7.396373056994818285e-01
9.702072538860103679e-01 7.318652849740931998e-01
9.805699481865284284e-01 7.137305699481865107e-01
9.753886010362694536e-01 7.059585492227979930e-01
9.779792746113988855e-01 6.878238341968911929e-01
9.753886010362694536e-01 6.670984455958549608e-01
9.857512953367875141e-01 6.463730569948186178e-01
9.883419689119170570e-01 6.230569948186528428e-01
9.727979274611399108e-01 6.101036269430051284e-01
9.702072538860103679e-01 6.023316062176166108e-01
9.805699481865284284e-01 5.867875647668393535e-01
9.753886010362694536e-01 5.790155440414508359e-01
9.779792746113988855e-01 5.582901554404144928e-01
9.753886010362694536e-01 5.375647668393782608e-01
9.883419689119170570e-01 5.090673575129534001e-01
9.883419689119170570e-01 4.961139896373056857e-01
9.727979274611399108e-01 4.831606217616580268e-01
9.702072538860103679e-01 4.753886010362694536e-01
9.805699481865284284e-01 4.572538860103627090e-01
9.753886010362694536e-01 4.494818652849740803e-01
9.779792746113988855e-01 4.313471502590673357e-01
9.753886010362694536e-01 4.106217616580311036e-01
9.857512953367875141e-01 3.898963730569948161e-01
9.883419689119170570e-01 3.665803108808289856e-01
9.727979274611399108e-01 3.536269430051813822e-01
9.702072538860103679e-01 3.458549222797927536e-01
9.805699481865284284e-01 3.303108808290155518e-01
9.753886010362694536e-01 3.225388601036269787e-01
9.779792746113988855e-01 3.018134715025906356e-01
9.753886010362694536e-01 2.810880829015544036e-01
9.883419689119170570e-01 2.525906735751295429e-01
9.883419689119170570e-01 2.396373056994818840e-01
9.727979274611399108e-01 2.266839378238341696e-01
9.702072538860103679e-01 2.189119170984455964e-01
9.805699481865284284e-01 2.007772020725388518e-01
9.753886010362694536e-01 1.930051813471502786e-01
9.779792746113988855e-01 1.748704663212435340e-01
9.753886010362694536e-01 1.541450777202072464e-01
9.857512953367875141e-01 1.334196891191709589e-01
9.883419689119170570e-01 1.101036269430051839e-01
9.727979274611399108e-01 9.715025906735752503e-02
9.702072538860103679e-01 8.937823834196889639e-02
9.805699481865284284e-01 7.383419689119169460e-02
9.753886010362694536e-01 6.606217616580312146e-02
9.779792746113988855e-01 3.497409326424871789e-02
9.753886010362694536e-01 3.238341968911917501e-02
9.779792746113988855e-01 1.943005181347151611e-02
9.753886010362694536e-01 6.476683937823857207e-03
