6.853753013516808990e-01 1.455391332399219584e-02
6.614513638703036769e-01 4.243976748121175424e-02
6.502196315934363202e-01 4.203925513498341093e-02
6.548145698102287859e-01 2.409630202395052212e-02
6.524798873147872325e-01 1.743270530699098098e-02
6.435084107592708991e-01 1.743566033879434540e-02
6.311726304954358158e-01 3.007728639429485540e-02
6.237316652705381381e-01 5.400122387567196647e-02
5.862885468947718337e-01 8.689663791256552194e-02
5.490147214179981194e-01 1.676399269122134106e-01
5.206535545338808468e-01 1.885733722084184105e-01
5.191226264322670314e-01 1.945543565787626883e-01
5.238887233523851217e-01 1.980770550002789454e-01
5.388411842782458994e-01 1.950165235528346641e-01
5.447474063439609049e-01 2.065163253194512438e-01
5.294529997952873712e-01 2.334307549860005215e-01
5.116080956083586262e-01 2.812786299487548547e-01
5.181438304703438469e-01 3.141740439856484102e-01
5.149172467968686773e-01 3.184604161177284620e-01
4.999647858710080106e-01 3.083799653768773963e-01
4.880028171303194551e-01 3.053238035998010469e-01
4.766688517485170307e-01 2.364212471711726882e-01
4.670693718341144551e-01 2.295227254258324079e-01
4.606374402294982073e-01 2.154878018749676882e-01
4.544765961481161409e-01 1.825923878380741328e-01
4.588336512924102162e-01 1.646494347270412439e-01
4.551074030934258996e-01 1.591872092051452303e-01
4.431454343527372886e-01 1.591749046783794141e-01
4.331100326928807864e-01 1.526874659863526884e-01
4.306770112903663961e-01 1.467064816160084106e-01
4.408906981813773829e-01 1.197920519494591329e-01
4.371644499823930108e-01 1.143908568803216896e-01
4.132405125010158997e-01 1.181029776596859149e-01
4.094774765013409201e-01 1.138110675791148552e-01
4.108341008207601619e-01 9.586811446808196635e-02
4.042690359454994553e-01 8.303890299369343087e-02
3.982880515751551775e-01 8.045743296546109535e-02
3.833355906492944554e-01 8.287816403874048721e-02
3.804861594162530225e-01 7.493466917187696641e-02
3.895818606167104625e-01 5.998220824601624424e-02
3.895371850988727513e-01 5.101073169049985534e-02
3.803450984641222887e-01 4.302804690588707404e-02
3.564211609827451221e-01 5.068127068704864069e-02
3.501710323157353755e-01 4.802023950532768870e-02
3.476702945064628070e-01 2.409630202395052212e-02
3.414687000568844555e-01 1.764182305762057590e-02
3.205352547606794555e-01 2.246715329620757595e-02
3.025923016496465667e-01 2.020866218322669994e-02
2.846493485386137334e-01 2.807595700883352974e-02
2.637159032424087335e-01 3.102044162192607590e-02
2.158680282796544558e-01 2.839216778201530955e-02
2.039060595389659003e-01 2.315314679631930161e-02
1.889535986131051781e-01 2.417786090172791003e-02
1.830541731205382883e-01 3.007728639429485540e-02
1.820147222146979438e-01 4.502974732015552206e-02
1.899887689848954730e-01 8.091565354222124418e-02
1.769916298724165671e-01 1.000950601528926009e-01
1.500772002058672894e-01 1.186131079149200795e-01
1.262333651937358470e-01 1.467064816160084106e-01
1.321342470948344561e-01 2.189523964797403521e-01
1.440962158355230116e-01 2.216556920068852299e-01
1.504849945947543954e-01 2.274497706156562438e-01
1.610345504780996140e-01 2.543642002822055215e-01
1.612559448028203501e-01 2.663261690228940770e-01
1.650296611317280115e-01 2.717883945447900906e-01
1.769916298724165671e-01 2.724787390104204121e-01
1.880564509575534671e-01 2.782881377635826881e-01
1.979250751686215670e-01 2.956399470705698418e-01
2.205406723189859419e-01 3.111835518004762435e-01
2.157295795673779271e-01 3.380979814670255212e-01
2.188585204648265670e-01 3.407894244336804324e-01
2.457729501313759002e-01 3.323039028582545074e-01
2.607254110572365668e-01 3.510669526782311811e-01
3.023306335834440306e-01 3.769743798742634100e-01
3.235257469458515667e-01 3.948906321622144278e-01
3.474496844272287333e-01 4.039767651933176551e-01
3.590516865159983917e-01 4.188412704666734099e-01
3.575517129064078037e-01 4.248222548370176876e-01
3.444591922420565666e-01 4.311649922942779600e-01
3.278993417666658527e-01 4.308032392073619654e-01
3.205352547606794555e-01 4.161934388443855326e-01
2.906303329089580112e-01 4.097472327560268690e-01
2.637159032424087335e-01 4.249938404541996895e-01
2.397919657610315669e-01 4.176138296444013021e-01
1.859631064279330115e-01 4.329155709889518366e-01
1.710106455020722893e-01 4.226901446679596774e-01
1.590486767613837338e-01 4.242293124209922106e-01
1.411057236503509005e-01 4.187187093115433134e-01
1.112008017986294561e-01 4.368100036827508581e-01
9.325784868759656732e-02 4.358870759221545876e-01
6.933391120621945625e-02 4.426363074228275574e-01
5.398093793413039077e-02 4.547271766887391320e-01
1.135483491827626867e-03 5.354704656883869651e-01
1.967734570600510047e-03 5.414514500587312984e-01
1.834296792639650286e-02 5.534134187994198539e-01
2.062159709618882619e-02 5.623848953549362983e-01
1.451588907341005985e-02 5.803278484659690761e-01
1.646294390118385742e-02 6.012612937621740761e-01
1.110223024625156540e-16 6.251852312435512982e-01
1.849554405829301196e-02 6.373187856014218555e-01
3.045751279898156749e-02 6.395124074397851022e-01
4.840046591001445631e-02 6.589918108681144249e-01
6.335292683587517848e-02 6.581456559801224238e-01
6.499405059603063917e-02 6.610711374656169648e-01
5.655422975864787816e-02 6.790140905766498536e-01
5.715133238629693802e-02 6.849950749469940758e-01
8.054825690061501176e-02 7.148999967987155202e-01
1.082103096134572895e-01 7.303106783013364467e-01
1.381152314651787338e-01 7.157583788148297321e-01
1.500772002058672894e-01 7.322253482628107157e-01
1.680201533169001782e-01 7.264452576119621030e-01
1.889535986131051781e-01 7.298262253369870445e-01
2.303220738413198077e-01 7.059285202431990758e-01
2.487634423165480113e-01 6.822684497193372000e-01
2.547444266868923446e-01 6.817108737079211611e-01
2.609746187393343075e-01 6.969570436876826314e-01
2.667063954275809001e-01 6.996783915761892736e-01
2.936208250941301223e-01 6.697887043072979774e-01
3.235257469458515667e-01 6.532786049446395182e-01
3.358063746898781732e-01 6.371471999842398537e-01
3.381595488683742934e-01 6.221947390583790760e-01
3.444591922420565666e-01 6.129693527890273108e-01
3.534306687975730110e-01 6.094710411761844471e-01
3.574678332475553777e-01 6.132232625028626316e-01
3.504673629049933625e-01 6.311662156138955204e-01
3.529469127087951907e-01 6.371471999842398537e-01
3.624021453530894554e-01 6.370670975149941295e-01
3.803450984641222887e-01 6.194055300010550269e-01
3.952096037374779325e-01 6.192042468732069649e-01
3.844358660759144009e-01 6.580806452804448536e-01
3.683083674188044054e-01 6.790140905766498536e-01
3.689018885718818863e-01 6.849950749469940758e-01
3.850583741907523394e-01 6.939665515025105202e-01
3.860270336159493665e-01 6.999475358728548535e-01
3.649466869492447030e-01 7.268619655394040757e-01
3.500366975080522192e-01 7.597573795762977422e-01
3.447796021190393523e-01 7.926527936131912977e-01
3.624021453530894554e-01 7.944240851382546875e-01
3.687241507620936387e-01 7.986337779835355200e-01
3.683015708456562898e-01 8.046147623538797422e-01
3.530835580975084653e-01 8.255482076500848532e-01
3.506644635262887721e-01 8.345196842056012976e-01
3.567346803247389841e-01 8.494721451314619642e-01
3.560176818783965524e-01 9.122724810200769641e-01
3.624021453530894554e-01 9.242626619511916664e-01
3.863260828344665665e-01 9.271991618408930158e-01
3.948655994076804010e-01 9.332059263162819640e-01
4.042690359454994553e-01 9.488327139113481579e-01
4.252024812417044553e-01 9.573951493947308045e-01
4.461359265379094552e-01 9.560650673377872888e-01
4.820218327599751773e-01 9.621837955906000772e-01
4.939838015006637328e-01 9.854460866760077487e-01
5.119267546116965661e-01 9.747541579053538019e-01
5.238887233523851217e-01 9.723958440655136037e-01
5.508031530189344549e-01 9.571040836926145712e-01
6.136034889075494547e-01 9.484075949242403158e-01
6.218132363215598257e-01 9.391869106866261863e-01
6.251115436558457583e-01 9.152629732052490752e-01
6.435857510744046328e-01 8.913390357238719641e-01
6.504325503572464529e-01 8.584436216869784086e-01
6.449056079277528664e-01 8.285386998352569643e-01
6.586889600721362870e-01 8.076052545390519644e-01
6.554703794999594546e-01 8.026522518573606657e-01
6.405179185740987879e-01 7.994454830052251104e-01
6.346104708968324237e-01 7.627478717614697423e-01
6.402437901237914009e-01 7.418144264652648534e-01
6.382152395915162701e-01 7.358334420949205201e-01
6.250756356523908819e-01 7.268619655394040757e-01
6.261795765791215995e-01 7.029380280580269647e-01
6.101065424006948401e-01 6.820045827618219647e-01
6.145006365631011658e-01 6.610711374656169648e-01
6.097719207952976284e-01 6.461186765397561871e-01
5.945200938614932928e-01 6.311662156138955204e-01
5.927435803044224238e-01 6.221947390583790760e-01
5.966496985962274069e-01 6.072422781325184094e-01
5.946528699515128968e-01 5.982708015770019649e-01
5.806598411257337666e-01 5.892993250214855205e-01
5.830189097410161114e-01 5.863088328363134094e-01
6.046320123520330103e-01 5.879614732544348188e-01
6.094223377967994404e-01 5.922898172066576317e-01
6.165939810927215659e-01 6.127045036544145340e-01
6.392527103419105572e-01 6.132232625028626316e-01
6.422892100991622888e-01 6.371471999842398537e-01
6.464989029444430102e-01 6.435216701684225438e-01
6.734133326109923434e-01 6.369756143670577408e-01
6.823848091665087878e-01 6.392704494357120959e-01
6.862397404989571958e-01 6.461186765397561871e-01
6.815029973683169873e-01 6.670521218359612980e-01
7.063087466478858989e-01 6.719116716368660480e-01
7.182707153885744544e-01 6.904078658021557402e-01
7.362136684996072322e-01 6.858732353505763157e-01
7.748887837789970590e-01 7.059285202431990758e-01
7.778599490127833249e-01 7.178904889838877423e-01
7.840615434623615654e-01 7.244842791298820028e-01
8.319094184251158985e-01 7.222556428993405220e-01
8.468618793509765652e-01 7.301177433216479162e-01
8.558333559064930096e-01 7.297723552553305737e-01
8.797572933878701207e-01 7.161501205810416604e-01
8.863612969634585559e-01 7.208809811690598535e-01
8.859121435829336866e-01 7.328429499097484090e-01
8.947097543137307873e-01 7.349661993612206512e-01
9.312401631619111608e-01 7.059285202431990758e-01
9.359513601765140356e-01 6.849950749469940758e-01
9.575887873651136584e-01 6.610711374656169648e-01
9.724625511282065649e-01 6.342446634515727100e-01
9.933959964244115648e-01 6.283963335079574275e-01
1.000000000000000000e+00 6.221947390583790760e-01
9.972537313432836559e-01 6.072422781325184094e-01
9.788754954808535080e-01 5.952803093918298538e-01
9.741809682793876046e-01 5.833183406511412983e-01
9.900760432357882390e-01 5.384609578735590762e-01
9.874150120540672315e-01 5.336693738041355939e-01
9.724210165145235063e-01 5.294894813180426318e-01
9.708099107100851555e-01 5.235084969476984096e-01
9.793406831541024982e-01 5.055655438366655208e-01
9.702196819893273982e-01 4.726701297997719653e-01
9.395671370913130094e-01 4.662571854471250221e-01
9.305956605357965650e-01 4.518804581663155573e-01
9.066717230544194539e-01 4.436908364815561612e-01
8.851665660169315553e-01 4.427652079480505209e-01
8.797572933878701207e-01 4.219875174531565465e-01
8.498523715361487874e-01 4.302618570014256627e-01
8.319094184251158985e-01 4.212476821469290922e-01
7.780805590920172321e-01 4.309278430484108635e-01
7.680125687352710173e-01 4.188412704666734099e-01
7.392041606847794544e-01 4.100940808250448377e-01
7.063087466478858989e-01 4.246478094595492747e-01
6.853753013516808990e-01 4.176405425438391994e-01
6.584608716851315657e-01 4.259034327808877141e-01
6.462912298760282725e-01 4.248222548370176876e-01
6.630594587245943750e-01 3.949173329852962433e-01
7.306064956524095377e-01 3.500599502077140768e-01
7.392041606847794544e-01 3.400204407289220132e-01
7.571471137958123432e-01 3.301904300158491901e-01
7.900425278327058987e-01 2.980426390252486346e-01
8.119030257063142297e-01 2.872596143190990770e-01
8.293648768289605400e-01 2.573546924673776881e-01
8.408021978178645828e-01 2.274497706156562438e-01
8.570464800948176531e-01 2.095068175046234105e-01
8.586032380124312136e-01 1.915638643935905217e-01
8.674128198327990535e-01 1.766114034677298550e-01
8.801990706424978050e-01 1.646494347270412439e-01
8.668682720697782340e-01 1.556779581715248550e-01
8.607008591440605816e-01 1.347445128753198551e-01
8.487843386128730572e-01 1.257730363198034107e-01
8.409071273682214853e-01 1.108205753939426885e-01
8.193659650928659666e-01 9.287762228290985522e-02
8.181199266823777627e-01 8.689663791256552194e-02
8.256080241777890016e-01 6.596319261636052200e-02
8.079854809437387875e-01 6.426404932933094116e-02
7.862446027575372698e-01 4.802023950532768870e-02
7.810710512771894543e-01 3.662543307561999528e-02
7.631280981661565654e-01 4.893400100635247885e-02
7.451851450551236766e-01 3.873524360781732678e-02
7.272421919440908988e-01 3.416805400608696752e-02
7.092992388330580100e-01 1.814250394619870699e-02
