5.194416420977838733e-01 0.000000000000000000e+00
4.984617551170671956e-01 1.427273271410461897e-02
4.845209464195696647e-01 1.986393554557219776e-02
4.798293281079119010e-01 2.389852919571000545e-02
4.753335401485773715e-01 3.186470559428000726e-02
4.546477849249321856e-01 5.393765269865102852e-02
4.454546751078324318e-01 6.572095528820254273e-02
4.384379218843993398e-01 7.966176398570007366e-02
4.324677655571395052e-01 9.758566088248254999e-02
4.220936986807758973e-01 1.513573515728300900e-01
4.195200109212378625e-01 1.792389689678251519e-01
4.110786767122613927e-01 2.190698509606751609e-01
4.045904820394733981e-01 2.369937478574576928e-01
4.015348357444663563e-01 2.569091888538826973e-01
3.946926710219849088e-01 2.708499975513801727e-01
3.888231033815398585e-01 2.907654385478052328e-01
3.849437414374445865e-01 2.933734129640036548e-01
3.749860209392321120e-01 2.929978952401464110e-01
3.550705799428071074e-01 2.835792835882617879e-01
3.510874917435220510e-01 2.839576092275986618e-01
3.468956126305648979e-01 2.907654385478052328e-01
3.453250731601302248e-01 3.126724236438727100e-01
3.431213153449520492e-01 3.167686677579101273e-01
3.391382271456671038e-01 3.188919179222645117e-01
3.351551389463820474e-01 3.173882497666111191e-01
3.271889625478120456e-01 3.098957515818711594e-01
3.112566097506720419e-01 2.982434913925412490e-01
3.052819774517445683e-01 2.925503129767301203e-01
2.933327128538895101e-01 2.843026826950437735e-01
2.873580805549620365e-01 2.786095042792325893e-01
2.574849190603245574e-01 2.588148905354371587e-01
2.495187426617545001e-01 2.548318023361521023e-01
2.256202134660444947e-01 2.462620877057938862e-01
2.136709488681894920e-01 2.442705436061513580e-01
1.957470519714069601e-01 2.436883999462559625e-01
1.678654345764119538e-01 2.372989038082092828e-01
1.320176407828469456e-01 2.248322695440669872e-01
1.180768320853494147e-01 2.211120275374272026e-01
1.140937438860644138e-01 2.190529734683053231e-01
8.023749419214187828e-02 2.104142939122288780e-01
6.629668549464440286e-02 2.088069745117110410e-01
6.231359729535940195e-02 2.105659576552016965e-01
6.037737386515140692e-02 2.130952186617476318e-01
5.794153563911297322e-02 2.250444832596026346e-01
5.926683206829436168e-02 2.330106596581726919e-01
5.863082130157598604e-02 2.569091888538826973e-01
5.464970884048514499e-02 2.668669093520952273e-01
4.837278859786187102e-02 2.736649685383749087e-01
4.040661219929186920e-02 2.789363533352734459e-01
3.443197990036434009e-02 2.814321852672772017e-01
1.451653890393933555e-02 2.939870540031092605e-01
1.026672604845219050e-02 2.987316149463752346e-01
7.635308171592525284e-03 3.066977913449452364e-01
7.852525955135580826e-03 3.166555118431577109e-01
1.523655869381007610e-02 3.465286733377952455e-01
1.538171789804637646e-02 3.564863938360077755e-01
3.056907108640266602e-02 3.803849230317177810e-01
3.912116100770440807e-02 3.963172758288577846e-01
4.957920473514532134e-02 4.102580845263552600e-01
6.032205319571687374e-02 4.209485429480211982e-01
9.816139108892441012e-02 4.444166221639735959e-01
1.260430084839194165e-01 4.580720204101451642e-01
1.320176407828469456e-01 4.599960545403082857e-01
1.678654345764119538e-01 4.778832354887774247e-01
1.818062432739094847e-01 4.871048775250606533e-01
1.877808755728369583e-01 4.926965205740569398e-01
2.076963165692619628e-01 5.043419470336331090e-01
2.176540370674744929e-01 5.088880917049918295e-01
2.209285951543866755e-01 5.138183777077653946e-01
2.256202134660444947e-01 5.181092499951769348e-01
2.375694780638994974e-01 5.254653543619246525e-01
2.422853041866379065e-01 5.297507305049053983e-01
2.442028518727087372e-01 5.337338187041903437e-01
2.435612788464446288e-01 5.416999951027603455e-01
2.398052681380264950e-01 5.476746274016879301e-01
2.269165959460004434e-01 5.596238919995428773e-01
2.253753514865802776e-01 5.636069801988279337e-01
2.270342097767906187e-01 5.675900683981128791e-01
2.296033016653294956e-01 5.698169768004404112e-01
2.516687050420504113e-01 5.795393329959679374e-01
2.540234257442792187e-01 5.835224211952528828e-01
2.533327374940887444e-01 5.875055093945379392e-01
2.256202134660444947e-01 6.077588016221522338e-01
1.997301401706919610e-01 6.240724718907516566e-01
1.775742120621691678e-01 6.412772000848854237e-01
1.591141302154828741e-01 6.611926410813104837e-01
1.496445530331915186e-01 6.751334497788079592e-01
1.422855197883808320e-01 6.930573466755904910e-01
1.288048668107821815e-01 7.189474199709430247e-01
1.177690479972228754e-01 7.328882286684405001e-01
1.056394439336604818e-01 7.508121255652230319e-01
9.998697318026333880e-02 7.567867578641505055e-01
9.150447053363786054e-02 7.707275665616479809e-01
8.621212649106940740e-02 7.764474664757374800e-01
7.019393127584133696e-02 8.025922721559279882e-01
6.621506483482297867e-02 8.125499926541406293e-01
6.657850777289564537e-02 8.165330808534255747e-01
7.426286189321440467e-02 8.225935555704411151e-01
1.041360233878518837e-01 8.321552751432441664e-01
1.121021997864219411e-01 8.361462339061548343e-01
1.183791200290451595e-01 8.424231541487781083e-01
1.223008328773331210e-01 8.503893305473481101e-01
1.253536278340431909e-01 8.703047715437730592e-01
1.299402542651163506e-01 8.862371243409130628e-01
1.337014007943628791e-01 8.922117566398406474e-01
1.379922730817744192e-01 8.964615694953277369e-01
1.459584494803444210e-01 9.003867239520828569e-01
1.618908022774844246e-01 9.028588577879294030e-01
1.778231550746244838e-01 9.032246982654756895e-01
1.897724196724794865e-01 9.063264302984180842e-01
1.937555078717644874e-01 9.063264302984180842e-01
2.076963165692619628e-01 9.018691649325514259e-01
2.435441103628270265e-01 8.944120916531552723e-01
2.634595513592520311e-01 8.845478681849663349e-01
2.793919041563920347e-01 8.729933560782905388e-01
2.836239353681323516e-01 8.683132274441306420e-01
2.915901117667023534e-01 8.623385951452031684e-01
3.530790358431645792e-01 7.997611555436912045e-01
3.670198445406620547e-01 7.883491755147348234e-01
3.729944768395896393e-01 7.849350999153477115e-01
3.869352855370871147e-01 7.735196332895781790e-01
3.968930060352996447e-01 7.628199649895381906e-01
4.108338147327971202e-01 7.555803417268671662e-01
4.207915352310096502e-01 7.465267494222422862e-01
4.247746234302946511e-01 7.446252795507598554e-01
4.307492557292221247e-01 7.439308948328762217e-01
4.347323439285071256e-01 7.448555982126559005e-01
4.387154321277921265e-01 7.483591261254194382e-01
4.430304443436842154e-01 7.547952137645079773e-01
4.484377883233195972e-01 7.667444783623630356e-01
4.506646967256471292e-01 7.693135702509019680e-01
4.546477849249321856e-01 7.709724285411122535e-01
4.586308731242171310e-01 7.694311840816920878e-01
4.725716818217146620e-01 7.530913371459250216e-01
4.765547700209996629e-01 7.506325601136158987e-01
4.805378582202846638e-01 7.502821178612859576e-01
4.844150132227801331e-01 7.528036696648655601e-01
4.888043468243563616e-01 7.647529342627206184e-01
5.004364217243398860e-01 8.085669044548555728e-01
5.103941422225524160e-01 8.364485218498505237e-01
5.220579963690814562e-01 8.603470510455606401e-01
5.275497886493456523e-01 8.683132274441306420e-01
5.442672694088447338e-01 8.850307082036297235e-01
5.502419017077722074e-01 8.893967856528459670e-01
5.689892254919068915e-01 9.081441094369806510e-01
5.821066073020522147e-01 9.283142828182435746e-01
5.875931160471458137e-01 9.340341827323331847e-01
6.007496729014834003e-01 9.539496237287581337e-01
6.062079789523554529e-01 9.599242560276857184e-01
6.125069422348303760e-01 9.698819765258981374e-01
6.338867538927572820e-01 9.944511277143449623e-01
6.438444743909698120e-01 1.000000000000000000e+00
6.478275625902547574e-01 9.984587555405797232e-01
6.525957787518988917e-01 9.937805057216082538e-01
6.689340250580346758e-01 9.698819765258981374e-01
6.737176358856072911e-01 9.650754614392609287e-01
6.836753563838198211e-01 9.592655145178039522e-01
7.055823414798872983e-01 9.589879330554657022e-01
7.135485178784573002e-01 9.606136366775619440e-01
7.274893265759548866e-01 9.614023551641390775e-01
7.354555029745248884e-01 9.601330469413578150e-01
7.451190180943811914e-01 9.539496237287581337e-01
7.494821540901104306e-01 9.479749914298306601e-01
7.590438736629134819e-01 9.240764622341206547e-01
7.679483109386922024e-01 9.081441094369806510e-01
7.685917328785765168e-01 8.902202125401981192e-01
7.722098952015092888e-01 8.683132274441306420e-01
7.719926774179661777e-01 8.444146982484206365e-01
7.595628230839071016e-01 8.045838162555705164e-01
7.531384872786086593e-01 7.926345516577155692e-01
7.514047332640346744e-01 7.866599193587879846e-01
7.353353235892016171e-01 7.587783019637930337e-01
7.152299034707785275e-01 7.189474199709430247e-01
7.038683076236376124e-01 6.850911702770204892e-01
6.954124072661391764e-01 6.691588174798804856e-01
6.938418677957045588e-01 6.572095528820254273e-01
6.893398301754259938e-01 6.472518323838130083e-01
6.867221216108848614e-01 6.372941118856004783e-01
6.870205281136880782e-01 6.313194795866730047e-01
6.894915704020939673e-01 6.273363913873879483e-01
6.936330768820323511e-01 6.251326335722098282e-01
7.135485178784573002e-01 6.215705500021325713e-01
7.203563471986639266e-01 6.173786708891754182e-01
7.209990266083698973e-01 6.153871267895328900e-01
7.197851954536536034e-01 6.114040385902479446e-01
7.093245170864737048e-01 5.934801416934654128e-01
7.087534924693181804e-01 5.875055093945379392e-01
7.095654296791723548e-01 5.849575044435246785e-01
7.115569737788147719e-01 5.831904971786459058e-01
7.334639588748823602e-01 5.825860982230329776e-01
7.434216793730948902e-01 5.844290196286722194e-01
8.011764582627274311e-01 5.844290196286722194e-01
8.210918992591524912e-01 5.817995774900066586e-01
8.410073402555774402e-01 5.758337550400757232e-01
8.609227812520023893e-01 5.632691289676385882e-01
8.907959427466399793e-01 5.493560129940090464e-01
9.226606483409199866e-01 5.399206647186535202e-01
9.744407949316250539e-01 5.219933450200076042e-01
9.903731477287650575e-01 5.142201804647107410e-01
9.923646918284074747e-01 5.123247196330334985e-01
9.923646918284074747e-01 4.948249478685822766e-01
9.760944878000782365e-01 4.739874957149153301e-01
9.722083382392838757e-01 4.660213193163453282e-01
9.715129278597625095e-01 4.500889665192053246e-01
9.722083382392838757e-01 4.461058783199203237e-01
9.866587599238763051e-01 4.142411727256403164e-01
9.872966579628994488e-01 4.062749963270703146e-01
9.846955000762753762e-01 3.983088199285003128e-01
9.784238831309099993e-01 3.896313777800580191e-01
9.604999862341274675e-01 3.752337176201424596e-01
9.537550397079797015e-01 3.684356584338627227e-01
9.485507216362725202e-01 3.606885518862534834e-01
9.306268247394899884e-01 3.548050082436865482e-01
9.047367514441374547e-01 3.422680748951174579e-01
8.927874868462823965e-01 3.382937965448289397e-01
8.748635899494999757e-01 3.358815721897064344e-01
8.629143253516449175e-01 3.356643544061633788e-01
8.549481489530749156e-01 3.372909726294535115e-01
8.270665315580798538e-01 3.398646603889914353e-01
7.653286644691623675e-01 3.512317813269510425e-01
7.533793998713074203e-01 3.518139249868464935e-01
7.474047675723798356e-01 3.532233254265935152e-01
7.334639588748823602e-01 3.534396286089427353e-01
7.254977824763123584e-01 3.521143321797612913e-01
7.075738855795298266e-01 3.542261493419689988e-01
6.996077091809598247e-01 3.566630630706534300e-01
6.956246209816747683e-01 3.566309413916269877e-01
6.856669004834623493e-01 3.535882513029459107e-01
6.737176358856072911e-01 3.552148695262360434e-01
6.637599153873947611e-01 3.547070634519009502e-01
6.579193293259432140e-01 3.505117615370802464e-01
6.568786846550479508e-01 3.465286733377952455e-01
6.570652632985964914e-01 3.345794087399402428e-01
6.584746637383436241e-01 3.286047764410127137e-01
6.583701015939178447e-01 3.186470559428002391e-01
6.557937389888248703e-01 3.150094396791675022e-01
6.538021948891823421e-01 3.143864575001223960e-01
6.318952097931147538e-01 3.195833789150201998e-01
6.233725725431741305e-01 3.186470559428002391e-01
6.216405046484643204e-01 3.166555118431577109e-01
6.217252755793666319e-01 3.106808795442301818e-01
6.340989676082929849e-01 2.788161739499501746e-01
6.500878070842935896e-01 2.290275714588876355e-01
6.544915755390585677e-01 2.051290422631776300e-01
6.547087933226016787e-01 1.891966894660376264e-01
6.495187944843956451e-01 1.672897043699700936e-01
6.448996955183923241e-01 1.394080869749750873e-01
6.447510728243891487e-01 4.580551429177753819e-02
6.403021377547204462e-01 2.190698509606753275e-02
6.390692947884178965e-01 1.991544099642500454e-02
6.358782979923998102e-01 1.814330429759059005e-02
6.259205774941872802e-01 1.964240672469985682e-02
6.020220482984772747e-01 2.818677334574665183e-02
5.880812396009797993e-01 3.058227189375267718e-02
5.741404309034822129e-01 2.619236123904827851e-02
5.451943675241954779e-01 0.000000000000000000e+00
