1.678640104607337924e-01 1.217287303961693268e-01
1.577465383507452579e-01 1.295019786078452917e-01
1.558171264932283195e-01 1.333170697546801620e-01
1.558171264932283195e-01 1.447623431951847728e-01
1.602338281670640519e-01 1.521107289836905463e-01
1.692296396780667012e-01 1.600227077825241984e-01
1.659564648873163573e-01 1.639832896934332873e-01
1.487885547265594965e-01 1.655453598862084985e-01
1.278055534189677656e-01 1.707728586835631224e-01
1.197532094000335334e-01 1.790981635166984942e-01
1.201592054848453772e-01 1.886358913837856144e-01
1.240465665537039963e-01 1.962660736774553549e-01
1.430659180063071911e-01 2.098846982220994306e-01
1.545111914468118020e-01 2.135623763287306520e-01
1.604683624588776891e-01 2.229717117052993358e-01
1.666754628342198563e-01 2.515848953065608073e-01
1.705017883239750565e-01 2.992735346419965192e-01
1.706683871619519288e-01 3.374244461103451109e-01
1.683567930671999169e-01 3.507772651242671014e-01
1.597877086377970657e-01 3.679451752850240176e-01
1.547419429274671243e-01 4.060960867533725538e-01
1.506961002999769317e-01 4.122114534446226219e-01
1.427082532112914359e-01 4.156338146204597295e-01
1.396948245360436491e-01 4.251715424875468496e-01
1.316206445658026358e-01 4.327117462164327688e-01
1.258980078455503304e-01 4.337867688068338112e-01
1.182678255518806454e-01 4.288025722194028777e-01
1.144527344050457751e-01 4.303907991259251498e-01
1.068225521113760346e-01 4.516618124667792222e-01
1.010999153911237292e-01 4.478483127094661231e-01
9.728482424428891440e-02 4.490808921179948454e-01
7.977743563402550642e-02 4.671375451027303116e-01
7.820936851011461854e-02 4.838921537225800429e-01
7.057918621644487800e-02 4.858851414414734893e-01
6.924719318673100421e-02 4.938431831305743480e-01
6.455452144706819162e-02 5.014733654242440331e-01
6.543278722149581395e-02 5.091035477179137736e-01
5.831971649460360174e-02 5.148261844381660790e-01
5.672677193329450640e-02 5.186412755850009493e-01
7.248673178986231314e-02 5.660649780352398075e-01
6.104145834935775783e-02 5.643356627300457617e-01
5.898062786379071332e-02 5.663299149204366056e-01
5.866569704428331589e-02 5.720525516406889110e-01
5.497934317959896067e-02 5.777751883609412165e-01
5.455291317917271288e-02 5.949430985216981327e-01
5.747162306196229586e-02 6.063883719622026325e-01
5.309335179345181510e-02 6.082959175356200676e-01
5.128995382318068952e-02 6.121110086824549379e-01
6.086627559261531539e-02 6.311864644166291782e-01
5.701259054343299493e-02 6.369091011368814836e-01
5.846807139653986685e-02 6.426317378571337890e-01
7.239502286806343001e-02 6.559845568710558350e-01
7.678930680545942300e-02 6.655222847381430107e-01
7.221191590216657907e-02 6.750600126052300753e-01
7.323757419642029642e-02 6.788751037520649456e-01
8.393200523036686844e-02 6.849530675889342612e-01
9.009005996194274779e-02 6.941354683394044267e-01
8.202445965694948882e-02 6.982382052473101730e-01
5.913391277594032269e-02 7.024553017250019238e-01
4.005845704176602684e-02 7.034732115899235971e-01
1.913268210137680780e-02 7.170260152204135373e-01
0.000000000000000000e+00 7.546602997626282727e-01
0.000000000000000000e+00 7.711185575523220592e-01
2.444042765941067952e-03 7.761599279963538045e-01
1.144527344050455531e-02 7.840455851436062273e-01
4.768863933543571187e-02 8.027819017446620187e-01
5.520527724973539607e-02 8.085882027444502018e-01
6.548750687816912164e-02 8.219410217583722478e-01
6.653334358895468537e-02 8.333862951988767476e-01
7.032371136286225122e-02 8.429240230659639233e-01
9.537727867087147926e-02 8.698851359473906975e-01
1.125451888316283400e-01 8.792496107528526839e-01
1.316206445658026358e-01 8.836427843446821306e-01
1.735866471809860978e-01 8.876659315529115135e-01
1.907545573417429585e-01 8.869695630685614507e-01
2.174601953695869394e-01 8.741967653993938381e-01
2.308632129512304676e-01 8.581843876533032933e-01
2.400271407693913561e-01 8.410164774925464881e-01
2.654383728724164504e-01 8.066806571710327667e-01
2.787674592496667825e-01 7.799750191431886748e-01
2.850926507375436958e-01 7.570844722621795642e-01
2.842399260586512266e-01 7.399165621014227590e-01
2.859285729597093040e-01 7.303788342343355833e-01
2.943342819783093534e-01 7.151184696469961022e-01
3.490808399353895752e-01 6.862082092761041530e-01
4.101222982847473331e-01 6.671421845504894588e-01
4.291977540189216289e-01 6.646254536103421984e-01
4.997769402353665069e-01 6.663906450364897038e-01
5.207599415429582379e-01 6.627179080369247632e-01
5.951542189062379862e-01 6.625755538896548336e-01
6.161372202138296617e-01 6.600303994985460276e-01
6.619183139758479939e-01 6.438496323386233566e-01
7.096069533112837613e-01 6.332939946066146186e-01
7.801861395277286393e-01 5.986430791597922019e-01
8.087993231289900553e-01 5.889281765926157597e-01
8.450426890239212119e-01 5.828081739892656543e-01
8.564879624644257117e-01 5.843661853795402150e-01
8.851011460656872387e-01 5.808600472179522578e-01
9.098992385201137845e-01 5.805510942327053447e-01
9.327897854011228951e-01 5.761291611322665318e-01
9.690331512960541627e-01 5.625970455655594504e-01
9.902601409909433938e-01 5.491620047596798004e-01
9.964662431442692370e-01 5.415318224660100599e-01
9.998112477306384527e-01 5.319940945989228842e-01
1.000000000000000000e+00 5.243639123052531437e-01
9.875867313544820503e-01 5.129186388647486439e-01
9.944732062030731123e-01 5.052884565710789033e-01
9.958920742360477529e-01 4.995658198508265979e-01
9.938312437504807084e-01 4.975049893652595534e-01
9.785708791631413384e-01 5.042700212225594836e-01
9.747557880163064681e-01 5.025761652088760467e-01
9.723896978338943953e-01 4.976582742774091628e-01
9.614029690023844221e-01 4.877810679608155509e-01
9.518652411352972464e-01 4.865309250991408097e-01
9.442350588416275059e-01 4.784420979681466846e-01
9.308822398277054599e-01 4.768819237402709965e-01
9.255714595380774012e-01 4.728601818229826170e-01
9.291279791664377452e-01 4.633224539558954413e-01
9.270671486808707007e-01 4.612616234703283968e-01
9.175294208137835250e-01 4.622070247646598573e-01
9.113298977001769163e-01 4.575998172356431914e-01
9.084124750584796626e-01 4.499696349419734509e-01
8.908237827859395441e-01 4.471937290702093226e-01
8.717483270517651928e-01 4.495003181739104514e-01
8.665487270209983883e-01 4.480620893685560158e-01
8.643691375967030854e-01 4.423394526483037104e-01
8.581149866299877527e-01 4.366168159280514605e-01
8.599265643533492431e-01 4.328017247812165902e-01
8.705799553880469999e-01 4.270790880609642848e-01
8.718013144288045968e-01 4.232639969141294145e-01
8.679332359049303225e-01 4.206262190508881504e-01
8.622105991846780171e-01 4.211844595267153490e-01
8.488577801707560821e-01 4.273098395416196071e-01
8.412275978770863416e-01 4.283363340070803216e-01
8.221521421429121013e-01 4.384130880096862026e-01
8.030766864087377499e-01 4.405052742123254372e-01
8.017966229318391758e-01 4.385243615014688956e-01
8.070450624677223406e-01 4.251715424875468496e-01
8.011691408353203148e-01 4.231527234223467770e-01
7.916314129682331391e-01 4.297019632244132303e-01
7.859549265441119204e-01 4.175413601938771646e-01
7.902454618875470738e-01 4.003734500331203039e-01
7.878163218213982688e-01 3.934850910180018313e-01
7.801861395277286393e-01 3.908584310419071506e-01
7.760834026198228930e-01 3.812979942989460080e-01
7.726028640924216262e-01 3.431470828305974163e-01
7.743483922987355328e-01 3.374244461103451109e-01
8.032766710253057552e-01 2.992735346419965192e-01
8.056445362191073656e-01 2.897358067749093991e-01
8.042539996923313561e-01 2.649377143204827978e-01
8.058525922805019892e-01 2.573075320268131128e-01
8.043732212906699042e-01 2.306018939989690764e-01
8.075520817925248007e-01 2.096188926913773454e-01
8.069386844139353476e-01 1.981736192508727901e-01
8.096676834273368595e-01 1.867283458103681792e-01
8.074729828474732640e-01 1.504849799154370227e-01
8.051325966378655163e-01 1.466698887686021524e-01
7.859087762479808337e-01 1.369321762849470270e-01
7.763710483808937690e-01 1.346523516560723666e-01
7.649257749403891582e-01 1.382859183047917551e-01
7.553880470733020935e-01 1.365598972294898017e-01
7.363125913391277422e-01 1.406814465176277618e-01
7.248673178986231314e-01 1.472711803080490323e-01
7.204019271244869183e-01 1.562076166356893281e-01
7.208802349377916308e-01 1.638377989293590686e-01
7.265193886184579952e-01 1.752830723698636239e-01
7.324975001922928719e-01 1.812611839436985561e-01
7.439427736327974827e-01 1.878471946563149420e-01
7.522239437015223462e-01 1.981736192508727901e-01
7.541809283901237393e-01 2.210641661318819007e-01
7.518037074071224346e-01 2.477698041597259371e-01
7.421203863439075343e-01 2.668452598939002329e-01
7.256560146260938593e-01 2.897358067749093991e-01
7.000692254441965856e-01 3.171853875763861463e-01
6.962541342973617153e-01 3.182453194210937975e-01
6.922045088587132078e-01 3.126263536559185097e-01
6.945158064764248573e-01 2.840131700546570936e-01
6.860755903392046218e-01 2.687528054673176681e-01
6.850396123375124269e-01 2.573075320268131128e-01
6.752711329897700399e-01 2.235569813698706221e-01
6.561956772555956885e-01 2.107316276092041640e-01
6.390277670948387723e-01 2.106580779664480318e-01
6.142296746404122265e-01 2.147399188846287332e-01
6.029206544551517499e-01 2.210641661318819007e-01
5.983970463810475149e-01 2.363245307192213818e-01
6.007508856357928195e-01 2.420471674394736317e-01
6.085070379201600321e-01 2.480542627101477993e-01
6.275824936543342725e-01 2.528516247889083246e-01
6.397945256096437827e-01 2.611226231736479830e-01
6.430813014383508497e-01 2.668452598939002329e-01
6.449888470117682848e-01 2.954584434951617045e-01
6.369202369048534429e-01 3.107188080825010745e-01
6.335358818552419002e-01 3.259791726698405556e-01
6.256749480809168373e-01 3.392184473043924897e-01
6.085070379201600321e-01 3.548818944384957152e-01
5.894315821859856808e-01 3.631450401125719818e-01
5.627259441581416999e-01 3.371399875599232487e-01
5.550957618644719593e-01 3.353328391219487781e-01
5.531882162910545242e-01 3.369611850425151545e-01
5.505335487013819362e-01 3.564999018445194068e-01
5.527267133297438795e-01 3.660376297116065825e-01
5.493731251442196539e-01 3.668053004911525639e-01
5.264825782632105433e-01 3.320197336523290632e-01
5.188523959695408028e-01 3.295475984408025028e-01
5.105947315793522012e-01 3.355169005369276758e-01
5.088294152811456694e-01 3.393319916837625461e-01
5.100299976924851375e-01 3.469621739774322311e-01
5.038013961402594276e-01 3.450546284040147960e-01
4.959618490885316366e-01 3.252399987601413134e-01
4.921467579416967664e-01 3.240186397193837164e-01
4.895882245932242083e-01 3.278867182432579908e-01
4.921467579416967664e-01 3.460790510267759967e-01
4.883316667948618961e-01 3.454401961263012799e-01
4.711637566341050354e-01 3.254259844535494217e-01
4.673486654872702206e-01 3.236807366100670214e-01
4.635335743404353503e-01 3.256513132744094374e-01
4.614426109234200934e-01 3.317018093900928610e-01
4.520883008999307395e-01 3.387675139120369661e-01
4.482732097530959248e-01 3.393499873967192881e-01
4.406430274594261842e-01 3.349356952450270875e-01
4.330128451657564437e-01 3.345954590311244203e-01
4.272902084455041938e-01 3.312796476648283139e-01
4.139373894315822033e-01 3.339670197585260514e-01
3.986770248442427222e-01 3.223260429396165305e-01
3.910468425505730372e-01 3.207099689137611898e-01
3.853242058303207318e-01 3.166034062193642251e-01
3.757864779632336116e-01 3.149327496674141358e-01
3.681562956695638711e-01 3.088964207936111817e-01
3.643412045227290008e-01 3.085974858499937468e-01
3.582790893529702592e-01 3.164414448027533799e-01
3.572735036160926692e-01 3.221640815230056853e-01
3.548034766556418251e-01 3.234802879686636823e-01
3.475177123127280443e-01 3.202565359495882502e-01
3.399892315975693857e-01 2.706603510407350477e-01
3.357436565409217533e-01 2.573075320268131128e-01
3.344807795850023302e-01 2.191566205584645211e-01
3.272864199883590564e-01 1.962660736774553549e-01
3.303178270106543746e-01 1.790981635166984942e-01
3.243039424317787356e-01 1.733755267964461888e-01
3.249430517179151545e-01 1.619302533559416335e-01
3.191562187524036309e-01 1.428547976217673376e-01
3.090223828936235484e-01 1.351053937297589935e-01
3.052072917467887336e-01 1.367113787897317190e-01
3.036715559037831413e-01 1.447623431951847728e-01
2.975771094531189931e-01 1.518096643414214020e-01
2.956695638797015580e-01 1.515659224070402544e-01
2.932321445358904155e-01 1.428547976217673376e-01
2.958569121056621731e-01 1.333170697546801620e-01
2.899469271594492525e-01 1.310439112796910610e-01
2.801537244387793946e-01 1.409472520483499025e-01
2.708714714252750122e-01 1.568679208726415641e-01
2.670563802784401419e-01 1.544908256196136920e-01
2.635070946623273569e-01 1.371321609015150322e-01
2.594261979847704014e-01 1.315746002405007720e-01
2.422582878240135407e-01 1.259839642306410101e-01
2.198048868035792358e-01 1.123340684470884310e-01
