2.127342763732884556e-01 1.302878207221577767e-01
2.087204221020943495e-01 1.305136000249124684e-01
2.047065678309001879e-01 1.336565912711957238e-01
2.031456245032136065e-01 1.384158756213259012e-01
2.034835966076457558e-01 1.544712927061023811e-01
2.084082334365570111e-01 1.624990012484906488e-01
2.167481306444825617e-01 1.689132977799086555e-01
2.253850849244627974e-01 1.785544183332671286e-01
2.292173992410609928e-01 1.865821268756553408e-01
2.313743723448187239e-01 2.026375439604318207e-01
2.382685646985002736e-01 2.307345238587906744e-01
2.390040539541634090e-01 2.588315037571495836e-01
2.466350725826982337e-01 2.869284836555083817e-01
2.535046294797694832e-01 3.029839007402849171e-01
2.528728190852296831e-01 3.146240781267478637e-01
2.488589648140355770e-01 3.170323906894643162e-01
2.448451105428414154e-01 3.062258599593263853e-01
2.428939313832331748e-01 2.949561921978966494e-01
2.383560461377442485e-01 2.869284836555083817e-01
2.328035477292590416e-01 2.830350450124501371e-01
2.287896934580649355e-01 2.818464262314964719e-01
2.207619849156767233e-01 2.825585616667083411e-01
2.087204221020943495e-01 2.895907339374228506e-01
1.921274352488543391e-01 3.110116092826731293e-01
1.880918431837442228e-01 3.190393178250613415e-01
1.792340311098606365e-01 3.471362977234202507e-01
1.770951348201858511e-01 3.672055690793908367e-01
1.633638688376007897e-01 4.033302575201379581e-01
1.640901853247692110e-01 4.113579660625261702e-01
1.701229127264151098e-01 4.274133831473026501e-01
1.806234422037354959e-01 4.416052250347390351e-01
1.923037581329103407e-01 4.514965087744673977e-01
1.939073884822112848e-01 4.555103630456615038e-01
1.941161677153649401e-01 4.675519258592438776e-01
1.872219753616833904e-01 4.956489057576027313e-01
1.861272878331759473e-01 5.076904685711850496e-01
1.811089890913799572e-01 5.277597399271557466e-01
1.726309429093401682e-01 5.438151570119321709e-01
1.671924682962782627e-01 5.678982826390969185e-01
1.655714886867575286e-01 6.000091168086498783e-01
1.596154468649855773e-01 6.120506796222322521e-01
1.590078499400097711e-01 6.481753680629793735e-01
1.532197644067647135e-01 6.602169308765617473e-01
1.404848994917942684e-01 6.728677394277360335e-01
1.284433366782118946e-01 6.776617590552130865e-01
1.204156281358236824e-01 6.777015233457786003e-01
1.083740653222413086e-01 6.748829368674633677e-01
9.231864823746482873e-02 6.744451456438542714e-01
7.626323115268829334e-02 6.775382558468686645e-01
6.020781406791181345e-02 6.750681916799800009e-01
5.218010552552360126e-02 6.757945081671483667e-01
2.809697989835885368e-02 6.837983247198271552e-01
2.006927135597058598e-02 6.891073470843426252e-01
3.476284502730631054e-03 7.123970364020852930e-01
0.000000000000000000e+00 7.195416970048108540e-01
0.000000000000000000e+00 7.453909185113010150e-01
4.013854271194106094e-03 7.527689427344448347e-01
8.027708542388267698e-03 7.563526758229072167e-01
6.020781406791181345e-02 7.839654915768590193e-01
7.626323115268829334e-02 7.961745761322416293e-01
8.375336992661308599e-02 8.087295389107442833e-01
1.083740653222413086e-01 8.401713973684314940e-01
1.123879195934354147e-01 8.433581543958643678e-01
1.324571909494060007e-01 8.533027431965047871e-01
1.444987537629883745e-01 8.564022834923858962e-01
1.685818793901531221e-01 8.654650504742102957e-01
1.966788592885119757e-01 8.697121792778422789e-01
2.304143487583101835e-01 8.689373529786560413e-01
2.408312562716473093e-01 8.650273052834411835e-01
2.562937176118156302e-01 8.528819358938795059e-01
2.649143818988120014e-01 8.443524955675920651e-01
2.843906975101744283e-01 8.287988102667148693e-01
2.930113617971709106e-01 8.202788365778593827e-01
3.130806331531414965e-01 8.062503936255949188e-01
3.216459114639932393e-01 7.966879760971619095e-01
3.375845660829314143e-01 7.605632876564147882e-01
3.441545549693026396e-01 7.404940163004442022e-01
3.538177330809625376e-01 7.244385992156676668e-01
3.613649389448589933e-01 7.083831821308912424e-01
3.649340296100795356e-01 7.043693278596970808e-01
3.732884472210533655e-01 6.999206393757901878e-01
3.893438643058297899e-01 6.967624266199340388e-01
4.053992813906063253e-01 6.889231565125125689e-01
4.615932411873240326e-01 6.515083006274531296e-01
4.937040753568769924e-01 6.355086967973258005e-01
5.057456381704593662e-01 6.315146872388958110e-01
5.218010552552357906e-01 6.295352720914491051e-01
5.458841808824005382e-01 6.245130497384397961e-01
5.579257436959829120e-01 6.195928412769761140e-01
5.860227235943418211e-01 6.174539449873013286e-01
5.980642864079241949e-01 6.146133711953792877e-01
6.422166833910595285e-01 6.134400907161071670e-01
6.542582462046417913e-01 6.105606882639859068e-01
6.662998090182241651e-01 6.094660007354785192e-01
6.783413718318065389e-01 6.065856626529910756e-01
7.305214773573301956e-01 6.054123821737188438e-01
7.425630401709125694e-01 6.025329797215976946e-01
7.546046029844948322e-01 6.013985279025247932e-01
7.706600200692713676e-01 5.965054982498957381e-01
7.746738743404655292e-01 5.970534604816797319e-01
8.027708542388243274e-01 6.206159579330839948e-01
8.274469356105973450e-01 6.361338052493969997e-01
8.383938108956722202e-01 6.481753680629793735e-01
8.469232512219597719e-01 6.545435022432393168e-01
8.606243883976705256e-01 6.682446394189499594e-01
8.676176310300015571e-01 6.802862022325323332e-01
8.744609235579390294e-01 7.003554735885029192e-01
8.785597207958260046e-01 7.083831821308912424e-01
8.830479396627067823e-01 7.136413312261554731e-01
8.931327485190819759e-01 7.204247449444736162e-01
9.031172110186773683e-01 7.320247837882245534e-01
9.151587738322597421e-01 7.364455598372570133e-01
9.272003366458421159e-01 7.441909873397019037e-01
9.312141909170362775e-01 7.451876362143405874e-01
9.432557537306186513e-01 7.445407710164841930e-01
9.512834622730068634e-01 7.458154140084667372e-01
9.753665879001716110e-01 7.455591181188557792e-01
9.833942964425598232e-01 7.407220762022165284e-01
9.887975618076287887e-01 7.284524534868618284e-01
9.900736008157188239e-01 7.164108906732794546e-01
9.952628482961769496e-01 7.043693278596970808e-01
1.000000000000000000e+00 6.802862022325323332e-01
9.992074981833849456e-01 6.762723479613381716e-01
9.915276327289268554e-01 6.602169308765617473e-01
9.874081507137539848e-01 6.551193359521452209e-01
9.793804421713656616e-01 6.517615165511774222e-01
9.753665879001716110e-01 6.527572205800971084e-01
9.633250250865892372e-01 6.619816426682074706e-01
9.552973165442009140e-01 6.623209673896877092e-01
9.352280451882304391e-01 6.519801674242153844e-01
9.315754378014438064e-01 6.481753680629793735e-01
9.268529838723734704e-01 6.321199509782028381e-01
9.154289371005130960e-01 6.200783881646204643e-01
9.107975667875969350e-01 6.080368253510382015e-01
9.074432539554089239e-01 6.040229710798440399e-01
8.950895024762891561e-01 5.961713087774204167e-01
8.830479396627067823e-01 5.940241733864228824e-01
8.790340853915126207e-01 5.915513524514908195e-01
8.644926659704321725e-01 5.719121369102910801e-01
8.588553452826912515e-01 5.518428655543203831e-01
8.484083773023015640e-01 5.398013027407381204e-01
8.466851412228211249e-01 5.357874484695439588e-01
8.468229048651798596e-01 5.317735941983497971e-01
8.513579127957789927e-01 5.197320313847674234e-01
8.539809449821427201e-01 5.076904685711850496e-01
8.561952545884181642e-01 5.036766142999909990e-01
8.685272315639751550e-01 4.916350514864086252e-01
8.773745110293842409e-01 4.795934886728262514e-01
9.027006789716667257e-01 4.555103630456615038e-01
9.043213673000356501e-01 4.474826545032732916e-01
8.998176867448992589e-01 4.233995288761085440e-01
8.890315557521720757e-01 4.113579660625261702e-01
8.877427156406213493e-01 4.073441117913320642e-01
8.883603938451696269e-01 4.033302575201379581e-01
8.910756482050949945e-01 4.000331629402285039e-01
9.031172110186773683e-01 3.959715246896153840e-01
9.077296225057513990e-01 3.912886947065555843e-01
9.096937568630185655e-01 3.672055690793908367e-01
9.190705809609658328e-01 3.310808806386437153e-01
9.317924580578014204e-01 3.069977550114789677e-01
9.317244266294761879e-01 3.029839007402849171e-01
9.284386533890828241e-01 2.949561921978966494e-01
9.286338560284115307e-01 2.909423379267025433e-01
9.319709011484909045e-01 2.829146293843142757e-01
9.293869885995524882e-01 2.588315037571495836e-01
9.312500289016005794e-01 2.508037952147612604e-01
9.432557537306186513e-01 2.357304914091067904e-01
9.593111708153951867e-01 2.250816790935256662e-01
9.793804421713656616e-01 2.152166765424777251e-01
9.846141933289032089e-01 2.106652525028200884e-01
9.886740585992843666e-01 2.026375439604318207e-01
9.899320136267018011e-01 1.785544183332671286e-01
9.922059608972906286e-01 1.665128555196847548e-01
9.869576160506607909e-01 1.464435841637141134e-01
9.833942964425598232e-01 1.428802645556132567e-01
9.753665879001716110e-01 1.406624358477404635e-01
9.552973165442009140e-01 1.407933123819562482e-01
9.512834622730068634e-01 1.418311726766402492e-01
9.465170103259639145e-01 1.464435841637141134e-01
9.399944971352733880e-01 1.665128555196847548e-01
9.358483681210513216e-01 1.745405640620729670e-01
9.272003366458421159e-01 1.841816846154314402e-01
9.151587738322597421e-01 1.910815280344939637e-01
9.031172110186773683e-01 1.941890281154184383e-01
8.669925225779302469e-01 2.105596247588413239e-01
8.549509597643478731e-01 2.186571230606440541e-01
8.388955426795714487e-01 2.214409074308720249e-01
8.308678341371832365e-01 2.253196072476514322e-01
7.947431456964361152e-01 2.625331693628063512e-01
7.827015828828537414e-01 2.706849171517696773e-01
7.786877286116595798e-01 2.707186875603013188e-01
7.775474291027977269e-01 2.668592122995377958e-01
7.861680933897940982e-01 2.467899409435671543e-01
8.027343646545408440e-01 2.267206695875965683e-01
8.045381482836039266e-01 2.186929610452083006e-01
8.031327591321287818e-01 2.066513982316259823e-01
7.992945697360938073e-01 1.986236896892377146e-01
7.907292914252419536e-01 1.891679753003669417e-01
7.666461657980772060e-01 1.761539760730431725e-01
7.610188995159129499e-01 1.705267097908788609e-01
7.505907487133007816e-01 1.541368048501695065e-01
7.465768944421066200e-01 1.501923725868105630e-01
7.385491858997184078e-01 1.460227768610889987e-01
7.305214773573301956e-01 1.443749054239448215e-01
7.224937688149419834e-01 1.449128770263943822e-01
7.022876615179078907e-01 1.544712927061023811e-01
6.990543745331574410e-01 1.584851469772964871e-01
6.979829374047811230e-01 1.624990012484906488e-01
7.007094869976429052e-01 1.705267097908788609e-01
7.064383517301654480e-01 1.772582778915273716e-01
7.184799145437478218e-01 1.829368918742648176e-01
7.221251495451384006e-01 1.865821268756553408e-01
7.237361522798353430e-01 1.905959811468494469e-01
7.243808794051301847e-01 2.026375439604318207e-01
7.229214745979379853e-01 2.106652525028200884e-01
7.190891602813398453e-01 2.186929610452083006e-01
6.984106431877772359e-01 2.427314882915819760e-01
6.859445380955108140e-01 2.548176494859554220e-01
6.800009461939349187e-01 2.628453580283436342e-01
6.577703686919367243e-01 2.869284836555083817e-01
6.425511712469923475e-01 2.989700464690907555e-01
6.341889748486713163e-01 3.073322428674118978e-01
6.261272505921202658e-01 3.190393178250613415e-01
6.225751178180849443e-01 3.310808806386437153e-01
6.174167980726101845e-01 3.391085891810319830e-01
6.101058492215065687e-01 3.439048048779673183e-01
6.020781406791182455e-01 3.460213382036441132e-01
5.458841808824005382e-01 3.457468866295453358e-01
5.218010552552357906e-01 3.511172515497685276e-01
4.977179296280710985e-01 3.486262890816665405e-01
4.856763668144887247e-01 3.458703898378898134e-01
4.776486582721005125e-01 3.454479304506163917e-01
4.656070954585181387e-01 3.424200189547670914e-01
4.615932411873240326e-01 3.427351417243039156e-01
4.535655326449357649e-01 3.486414930751180474e-01
4.495516783737416588e-01 3.501466884268158442e-01
4.455378241025474972e-01 3.486414930751180474e-01
4.375101155601592851e-01 3.424650018043580713e-01
4.294824070177710174e-01 3.417947839625234963e-01
3.973715728482180576e-01 3.479829701087502336e-01
3.652607386786650978e-01 3.399888203808552056e-01
3.612468844074709917e-01 3.365592493060843848e-01
3.522157122972842114e-01 3.190393178250613415e-01
3.501440455766678950e-01 2.949561921978966494e-01
3.328797412408586176e-01 2.588315037571495836e-01
3.213785049637831737e-01 2.467899409435671543e-01
3.088700213196339250e-01 2.146791067740141945e-01
2.970252160683650167e-01 2.042509559714020262e-01
2.883882617883848365e-01 1.946098354180436085e-01
2.764703978247499139e-01 1.705267097908788609e-01
2.738452076522189249e-01 1.584851469772964871e-01
2.714150806641155711e-01 1.544712927061023811e-01
2.649143818988120014e-01 1.501563993645687600e-01
2.528728190852296831e-01 1.469291310513585747e-01
2.448451105428414154e-01 1.430389756301120308e-01
2.328035477292590416e-01 1.345095353038244790e-01
