2.117683783361947736e-01 1.319664607342048712e-01
2.077727485562665954e-01 1.321912149093258937e-01
2.037771187763383618e-01 1.353199357280732151e-01
2.022232627508107616e-01 1.400576110385595152e-01
2.025597003277664898e-01 1.560401301582723388e-01
2.074619773511610088e-01 1.640313897181287506e-01
2.157640081161230072e-01 1.704165627978179165e-01
2.243617471961470988e-01 1.800139088378415742e-01
2.281766612849163156e-01 1.880051683976979859e-01
2.303238408748007338e-01 2.039876875174107540e-01
2.371867308592764956e-01 2.319570959769082230e-01
2.379188807018443041e-01 2.599265044364056365e-01
2.455152514774802675e-01 2.878959128959030500e-01
2.523536178600951363e-01 3.038784320156158736e-01
2.517246761354768325e-01 3.154657583774076457e-01
2.477290463555485989e-01 3.178631362453645526e-01
2.437334165756204207e-01 3.071056714532502396e-01
2.417910965437108373e-01 2.958871724557594618e-01
2.372738150980697736e-01 2.878959128959030500e-01
2.317465272358358308e-01 2.840201520093726950e-01
2.277508974559075972e-01 2.828369300293809840e-01
2.197596378960511854e-01 2.835458320871102611e-01
2.077727485562665954e-01 2.905460755050390809e-01
1.912551004481705119e-01 3.118696915754722854e-01
1.872378315725372055e-01 3.198609511353286416e-01
1.784202374806401759e-01 3.478303595948261107e-01
1.762910526289290791e-01 3.678085084944671124e-01
1.626221320430779049e-01 4.037691765138209377e-01
1.633451507651601520e-01 4.117604360736773494e-01
1.693504871903498410e-01 4.277429551933901730e-01
1.798033400967691819e-01 4.418703604867078027e-01
1.914306227563601914e-01 4.517167338729594084e-01
1.930269719874839196e-01 4.557123636528875865e-01
1.932348032800662585e-01 4.676992529926722320e-01
1.863719132955904967e-01 4.956686614521696455e-01
1.852821960828828218e-01 5.076555507919542354e-01
1.802866824088572573e-01 5.276336996915952371e-01
1.718471299209471947e-01 5.436162188113080607e-01
1.664333481408555859e-01 5.675899974908773515e-01
1.648197284220384029e-01 5.995550357303028877e-01
1.588907293937578125e-01 6.115419250700875331e-01
1.582858911999427409e-01 6.475025930894413584e-01
1.525240858719866255e-01 6.594894824292260038e-01
1.398470422974871230e-01 6.720828512891783291e-01
1.278601529577025331e-01 6.768551041650677780e-01
1.198688933978461213e-01 6.768946879099738689e-01
1.078820040580614759e-01 6.740888989328097658e-01
9.189948493834870780e-02 6.736530954550908890e-01
7.591696581863588422e-02 6.767321617103008169e-01
5.993444669892306065e-02 6.742733126149603740e-01
5.194318713906664886e-02 6.749963313370426210e-01
2.796940845949741350e-02 6.829638073863041337e-01
1.997814889964100171e-02 6.882487246824301463e-01
3.460500791544973698e-03 7.114326695682926527e-01
0.000000000000000000e+00 7.185448905765647876e-01
0.000000000000000000e+00 7.442767463593024102e-01
3.995629779928178138e-03 7.516212714245471549e-01
7.991259559856411787e-03 7.551887329426043571e-01
5.993444669892306065e-02 7.826761755550482036e-01
7.591696581863588422e-02 7.948298260214452515e-01
8.337309639010903606e-02 8.073277842865694831e-01
1.078820040580614759e-01 8.386268842293403969e-01
1.118776338379897095e-01 8.417991721152228157e-01
1.318557827376307112e-01 8.516986085362561187e-01
1.438426720774153011e-01 8.547840756891593728e-01
1.678164507569845365e-01 8.638056941123800625e-01
1.957858592164819500e-01 8.680335392657951843e-01
2.293681761763546878e-01 8.672622309854924882e-01
2.397377867956921871e-01 8.633699364584935809e-01
2.551300424251883858e-01 8.512797118657797757e-01
2.637115654752614224e-01 8.427889985834322584e-01
2.830994508846857993e-01 8.273059331862104848e-01
2.916809739347588915e-01 8.188246435590044170e-01
3.116591228343998932e-01 8.048598953048491378e-01
3.201855113826395094e-01 7.953408949467848377e-01
3.360517981844454161e-01 7.593802269274310124e-01
3.425919567140106592e-01 7.394020780277900107e-01
3.522112601622677253e-01 7.234195589080771871e-01
3.597241987164774280e-01 7.074370397883644745e-01
3.632770842937049771e-01 7.034414100084361854e-01
3.715935695333228983e-01 6.990129203356825194e-01
3.875760886530357219e-01 6.958690471190561722e-01
4.035586077727485455e-01 6.880653704088910416e-01
4.594974246917434280e-01 6.508203928174174369e-01
4.914624629311690196e-01 6.348934335380286287e-01
5.034493522709536650e-01 6.309175583679933474e-01
5.194318713906664886e-01 6.289471305508353982e-01
5.434056500702356685e-01 6.239477110803485216e-01
5.553925394100203139e-01 6.190498423178558696e-01
5.833619478695176719e-01 6.169206574661447728e-01
5.953488372093023173e-01 6.140929810065032246e-01
6.393007647885124989e-01 6.129250276862164837e-01
6.512876541282971443e-01 6.100586988639020714e-01
6.632745434680817898e-01 6.089689816511943965e-01
6.752614328078664352e-01 6.061017214466468683e-01
7.272046199469330841e-01 6.049337681263601274e-01
7.391915092867176185e-01 6.020674393040456041e-01
7.511783986265022639e-01 6.009381383464318382e-01
7.671609177462150875e-01 5.960673249901961013e-01
7.711565475261432656e-01 5.966127992559921989e-01
7.991259559856407346e-01 6.200683136183271493e-01
8.379096233060308041e-01 6.435069633095131802e-01
8.470735133447790943e-01 6.552084505221600352e-01
8.590604026845637398e-01 6.599651526411222102e-01
8.670516622444202071e-01 6.606881713632044573e-01
8.790385515842047415e-01 6.580449085857135172e-01
9.110035898236303886e-01 6.567540128106597042e-01
9.309817387232715014e-01 6.476748185109899580e-01
9.469642578429842139e-01 6.359338510522073440e-01
9.652903675066933920e-01 6.075462952901593550e-01
9.805044962841122924e-01 5.915637761704465314e-01
9.908811360381600819e-01 5.755812570507337078e-01
9.925561827199262943e-01 5.675899974908773515e-01
9.918838770095208535e-01 5.556031081510927061e-01
9.944284728900345538e-01 5.356249592514517044e-01
9.992618960109154180e-01 5.236380699116670590e-01
1.000000000000000000e+00 5.156468103518107027e-01
9.955551793192298771e-01 5.036599210120260572e-01
9.974242187758654010e-01 4.676992529926722320e-01
9.994642130661393065e-01 4.557123636528875865e-01
9.980998176861080040e-01 4.517167338729594084e-01
9.949118152021226846e-01 4.485287313889741445e-01
9.909161854221943955e-01 4.473548380298710825e-01
9.869205556422662173e-01 4.481135320178455950e-01
9.546447461977350946e-01 4.676992529926722320e-01
9.497424691743405756e-01 4.756905125525285882e-01
9.476876046134885545e-01 4.916730316722414118e-01
9.448237418894512851e-01 4.956686614521696455e-01
9.188027517979133751e-01 5.156468103518107027e-01
9.146389579020895999e-01 5.236380699116670590e-01
9.121887342498802287e-01 5.356249592514517044e-01
9.096925238020914239e-01 5.396205890313798825e-01
9.070079600437022105e-01 5.411825170362608572e-01
8.950210707039175650e-01 5.424428989552974034e-01
8.910254409239893869e-01 5.439619944653403261e-01
8.790385515842047415e-01 5.536753920291974662e-01
8.630560324644920289e-01 5.557161920127887678e-01
8.590604026845637398e-01 5.545820027628888260e-01
8.445562665834244198e-01 5.396205890313798825e-01
8.428408546796010148e-01 5.356249592514517044e-01
8.429779928203526840e-01 5.316293294715234152e-01
8.474924100152554374e-01 5.196424401317388808e-01
8.501035325945580645e-01 5.076555507919542354e-01
8.523077883564851298e-01 5.036599210120260572e-01
8.645837732626997507e-01 4.916730316722414118e-01
8.733908825683447397e-01 4.796861423324568219e-01
8.870298111440612088e-01 4.660472137567403528e-01
8.953318419090231517e-01 4.597079934328158202e-01
8.986020596576267394e-01 4.557123636528875865e-01
9.002153894178243076e-01 4.477211040930311747e-01
8.957321573596674913e-01 4.237473254134619394e-01
8.849949996820607456e-01 4.117604360736773494e-01
8.837120114160850193e-01 4.077648062937491713e-01
8.843268851164627353e-01 4.037691765138209377e-01
8.870298111440612088e-01 4.004870520517370691e-01
8.990167004838458542e-01 3.964438552506192592e-01
9.036081697923596945e-01 3.917822871740363477e-01
9.055633862001897239e-01 3.678085084944671124e-01
9.148976357955942440e-01 3.318478404751132871e-01
9.275617505218074488e-01 3.078740617955441072e-01
9.274940279831646039e-01 3.038784320156158736e-01
9.242231734572226021e-01 2.958871724557594618e-01
9.244174897991036532e-01 2.918915426758312837e-01
9.277393834100509107e-01 2.839002831159748164e-01
9.251672028494952738e-01 2.599265044364056365e-01
9.270217842092354221e-01 2.519352448765492247e-01
9.389729982831278576e-01 2.369303798519252213e-01
9.549555174028405702e-01 2.263299173701759925e-01
9.749336663024816829e-01 2.165097058455786594e-01
9.801436541527801527e-01 2.119789470772671658e-01
9.841850860237000287e-01 2.039876875174107540e-01
9.854373294360807556e-01 1.800139088378415742e-01
9.877009520836584899e-01 1.680270194980569287e-01
9.824764368054073049e-01 1.480488705984159270e-01
9.789292960824098611e-01 1.445017298754184276e-01
9.709380365225535048e-01 1.422939709900118421e-01
9.509598876229123920e-01 1.424242532928246541e-01
9.469642578429842139e-01 1.434574012899019757e-01
9.422194474793195162e-01 1.480488705984159270e-01
9.357265490869361990e-01 1.680270194980569287e-01
9.315992451438057653e-01 1.760182790579133405e-01
9.229904791634150341e-01 1.856156250979369982e-01
9.110035898236303886e-01 1.924841404897142949e-01
8.990167004838458542e-01 1.955775312870780547e-01
8.630560324644920289e-01 2.118737989251638365e-01
8.510691431247072725e-01 2.199345313712313121e-01
8.350866240049945599e-01 2.227056762556898772e-01
8.270953644451382036e-01 2.265667652360616180e-01
7.911346964257843783e-01 2.636113630112282835e-01
7.791478070859996219e-01 2.717260986302560966e-01
7.751521773060714438e-01 2.717597157077313863e-01
7.740170552095009260e-01 2.679177639962619928e-01
7.825985782595741291e-01 2.479396150966209911e-01
7.990896320785505491e-01 2.279614661969799894e-01
8.008852258141165859e-01 2.199702066371235776e-01
7.994862176871097015e-01 2.079833172973389877e-01
7.956654551940958164e-01 1.999920577374825759e-01
7.871390666458560892e-01 1.905792760443825173e-01
7.631652879662869093e-01 1.776243655380805864e-01
7.575635717061914853e-01 1.720226492779851624e-01
7.471827688465740858e-01 1.557071610099449721e-01
7.431871390666457966e-01 1.517806380343866279e-01
7.351958795067894403e-01 1.476299739279396395e-01
7.272046199469330841e-01 1.459895844810683019e-01
7.192133603870766168e-01 1.465251134789518073e-01
6.990989968358471973e-01 1.560401301582723388e-01
6.958803902571185640e-01 1.600357599382005169e-01
6.948138178784987184e-01 1.640313897181287506e-01
6.975279878541935652e-01 1.720226492779851624e-01
7.032308412673637932e-01 1.787236533880731115e-01
7.152177306071484386e-01 1.843764842098040146e-01
7.188464147950424099e-01 1.880051683976979859e-01
7.204501029380067090e-01 1.920007981776261641e-01
7.210919027462965314e-01 2.039876875174107540e-01
7.196391242160853352e-01 2.119789470772671658e-01
7.158242101273161184e-01 2.199702066371235776e-01
6.952395817075074369e-01 2.438995894302491418e-01
6.828300776794611338e-01 2.559308746564774584e-01
6.769134720437982589e-01 2.639221342163338146e-01
6.547838301857343835e-01 2.878959128959030500e-01
6.396337339368399766e-01 2.998828022356876399e-01
6.313095052286561426e-01 3.082070309438714739e-01
6.232843843994783084e-01 3.198609511353286416e-01
6.197483797178802156e-01 3.318478404751132871e-01
6.146134807910990094e-01 3.398391000349696989e-01
6.073357265490869628e-01 3.446135390092907036e-01
5.993444669892304955e-01 3.467204624337349994e-01
5.434056500702356685e-01 3.464472569786971601e-01
5.194318713906664886e-01 3.517932383109844130e-01
4.954580927110972532e-01 3.493135858010115724e-01
4.834712033713126078e-01 3.465701994334641767e-01
4.754799438114561960e-01 3.461496581794595295e-01
4.634930544716716061e-01 3.431354946034104181e-01
4.594974246917434280e-01 3.434491865905189290e-01
4.515061651318870162e-01 3.493287207622991497e-01
4.475105353519587825e-01 3.508270819297722443e-01
4.435149055720306044e-01 3.493287207622991497e-01
4.355236460121741926e-01 3.431802732130130318e-01
4.275323864523177808e-01 3.425130984261524625e-01
3.955673482128921337e-01 3.486731877515296674e-01
3.636023099734665420e-01 3.407153346358311463e-01
3.596066801935383084e-01 3.373013351747450317e-01
3.506165131886998521e-01 3.198609511353286416e-01
3.485542526571240307e-01 2.958871724557594618e-01
3.313683351142380218e-01 2.599265044364056365e-01
3.199193190140591225e-01 2.479396150966209911e-01
3.074676288495732379e-01 2.159745768571953994e-01
2.956766037146870696e-01 2.055937739975779999e-01
2.870788646346630335e-01 1.959964279575543422e-01
2.752151125029579370e-01 1.720226492779851624e-01
2.726018417356016466e-01 1.600357599382005169e-01
2.701827484884059549e-01 1.560401301582723388e-01
2.637115654752614224e-01 1.517448281448495750e-01
2.517246761354768325e-01 1.485322129105040023e-01
2.437334165756204207e-01 1.446597203386554287e-01
2.317465272358358308e-01 1.361690070563080224e-01
