9.057766253338208617e-01 2.519653923653447647e-02
8.879580687698769292e-01 2.814345436057136274e-02
8.716243919195948431e-01 3.484480416670093783e-02
8.684989596190643146e-01 4.049080028725304814e-02
8.684989596190643146e-01 4.940007856922506990e-02
8.725238863615247809e-01 5.682447713753507879e-02
8.849883093425527925e-01 6.728263856910271512e-02
9.028068659064969470e-01 7.367215081177697078e-02
9.117161441884689133e-01 7.286353499701120340e-02
9.158991589915899123e-01 7.464303370147906680e-02
9.193201653027863740e-01 8.058255255612706280e-02
9.196773838840258675e-01 1.073103874020431281e-01
9.070611641337349429e-01 1.444323802435931725e-01
9.030381176651819386e-01 1.622509368075371605e-01
8.886465130007565882e-01 1.889787716534531703e-01
8.831777981127368893e-01 1.949182905081012218e-01
8.762852643541449993e-01 2.097670876447211841e-01
8.716243919195948431e-01 2.144961067327968984e-01
8.698276874660637592e-01 2.127368470720452098e-01
8.714208197007864420e-01 2.038275687900731881e-01
8.804945944196285179e-01 1.815543730851431614e-01
8.940964554433188383e-01 1.607660570938751476e-01
8.970676879655968827e-01 1.533416585255651388e-01
8.975432997573218330e-01 1.459172599572551299e-01
8.955813351569807956e-01 1.399777411026071339e-01
8.606390318157435271e-01 1.013708685473951321e-01
8.413128569955137248e-01 7.761279312880309256e-02
8.261394444643068713e-01 5.533959742387306591e-02
8.137140830867768404e-01 4.376039119522034948e-02
7.988652859501568226e-01 3.512136917981451001e-02
7.899560076681847454e-01 3.239044901346999072e-02
7.602584133949448209e-01 3.239044901346999072e-02
7.498642553993106752e-01 3.453911028741107891e-02
7.409549771173387089e-01 3.428702317847875936e-02
7.333091491180440125e-01 4.049080028725304814e-02
7.330622703316429511e-01 4.643031914190104414e-02
7.454096162583246921e-01 6.551439818907978108e-02
7.513491351129727436e-01 7.038726237928705221e-02
7.632281728222687356e-01 7.515703052543892815e-02
7.944106468091707285e-01 8.040293001011955543e-02
8.002202386888733754e-01 8.355231198345108856e-02
8.073957683868067114e-01 9.097671055176109745e-02
8.196664026286114568e-01 1.117650265430291112e-01
8.276148416369817351e-01 1.370079816752831636e-01
8.305846010643058719e-01 1.548265382392271516e-01
8.307458750263179148e-01 1.652206962348611863e-01
8.258034787555081913e-01 1.830392527988051743e-01
8.107443236594528146e-01 2.078181830205398373e-01
7.884320521725842745e-01 2.379798022042992622e-01
7.734666579446962675e-01 2.706471559048632680e-01
7.723613615372532104e-01 2.765866747595112640e-01
7.590254329184218385e-01 3.092540284600753253e-01
7.423758533950670646e-01 3.315272241650053520e-01
7.298848664162316258e-01 3.641945778655693577e-01
7.315169916645931636e-01 3.790433750021893755e-01
7.371984530656117141e-01 4.042863301344433724e-01
7.371984530656117141e-01 4.324990446940214506e-01
7.358465476546657280e-01 4.399234432623314595e-01
7.371984530656117141e-01 4.488327215443034257e-01
7.358243852708796773e-01 4.800151955312054741e-01
7.414836842881122880e-01 5.111976695181075225e-01
7.351975661521020777e-01 5.260464666547275403e-01
7.216515408397327080e-01 5.365302294606687505e-01
7.068027437031126903e-01 5.425597660510170783e-01
6.756202697162106974e-01 5.475328977352544868e-01
6.563168334386046965e-01 5.458867440595805975e-01
6.399831565883226103e-01 5.411265155500325497e-01
6.117704420287446432e-01 5.262983658918666263e-01
5.523752534822645721e-01 4.865686550366944974e-01
5.464357346276165206e-01 4.809146899731353564e-01
5.167381403543764851e-01 4.616303712798479619e-01
4.959498243631084713e-01 4.544728694889389464e-01
4.588278315215584269e-01 4.481567688388304327e-01
4.231907183936703953e-01 4.480459569199004566e-01
4.157663198253603865e-01 4.466940515089544705e-01
4.009175226887403687e-01 4.491459383589040399e-01
3.815538885849048545e-01 4.488327215443034257e-01
3.803212170052734376e-01 4.428932026896554297e-01
3.755406849593528884e-01 4.369536838350074337e-01
3.724808976961498375e-01 4.235897664120494288e-01
3.717339252394602500e-01 4.102258489890914239e-01
3.606432032419570888e-01 3.775584952885273626e-01
3.491024055837768092e-01 3.285574647376813262e-01
3.324334333142808240e-01 2.810413139004972471e-01
3.222310690098482144e-01 2.379798022042992622e-01
3.226801105029887262e-01 2.320402833496512107e-01
3.140963842070852996e-01 1.860090122261292001e-01
3.139634099043693283e-01 1.652206962348611863e-01
3.104038635912920174e-01 1.563114179528891645e-01
2.982295706873772101e-01 1.355231019616211507e-01
2.851949631174026667e-01 9.691622940640909345e-02
2.758941040070362893e-01 8.800695112443707169e-02
2.657934687454982514e-01 8.335197106970310132e-02
2.301563556176102199e-01 8.046532521031168894e-02
2.257017164766242368e-01 8.525135704042963170e-02
2.153075584809902021e-01 8.621272147042879919e-02
2.122282587469206394e-01 8.949183083809908457e-02
2.118853747659097952e-01 9.394646997908512320e-02
2.203156527879774895e-01 1.147347859703531370e-01
2.269638642332368894e-01 1.221591845386631459e-01
2.225762841760937083e-01 1.310684628206351121e-01
2.225762841760937083e-01 1.384928613889451210e-01
2.310558500595401021e-01 1.518567788119031814e-01
2.405505136132442545e-01 1.594150599773465626e-01
2.583690701771882425e-01 1.604130938832505349e-01
2.654712778642319693e-01 1.681904556621851565e-01
2.682492313488623603e-01 2.053124485037352009e-01
2.739159824030672485e-01 2.483739601999332414e-01
2.750159638420708319e-01 3.077691487464133124e-01
2.693000693000692780e-01 3.834980141431754141e-01
2.666023957536872713e-01 3.983468112797953764e-01
2.666023957536872713e-01 4.324990446940214506e-01
2.720462044147468061e-01 4.607117592535994732e-01
2.691892182546105072e-01 4.725907969628954652e-01
2.626680364449677785e-01 4.859547143858534701e-01
2.588121391240068014e-01 4.993186318088114750e-01
2.507889987356717310e-01 5.156523086590935057e-01
2.458140797624192575e-01 5.334708652230375492e-01
2.457032678434892259e-01 5.468347826459954986e-01
2.355818776482982990e-01 5.869265349148695687e-01
2.364090912868588301e-01 6.121694900471236211e-01
2.351478358858432594e-01 6.255334074700815705e-01
2.305019741716522463e-01 6.418670843203636567e-01
2.269223379361599013e-01 6.463217234613496398e-01
2.262304236473978158e-01 6.522612423159976913e-01
2.136670058941217420e-01 6.864134757302237100e-01
2.088540428023822892e-01 7.116564308624777624e-01
2.042374477798832300e-01 7.547179425586757473e-01
2.041266358609531983e-01 7.873852962592398086e-01
2.009956024716172407e-01 8.155980108188177757e-01
1.960418733825450843e-01 8.363863268100858450e-01
1.868358532736804078e-01 8.497502442330437944e-01
1.707611670711301488e-01 8.572183157341086712e-01
1.663065279301441657e-01 8.610591941951303285e-01
1.380938133705661430e-01 8.651358824969108685e-01
1.217601365202841124e-01 8.651502467179171818e-01
1.113659785246501333e-01 8.626001648320419379e-01
1.039415799563401244e-01 8.626001648320419379e-01
9.651718138803011549e-02 8.645864576432769066e-01
8.463814367873406797e-02 8.707181827703194266e-01
4.751615083718402355e-02 8.759640822549998873e-01
2.969759427324003553e-02 8.809201344935588818e-01
2.227319570493002665e-02 8.851884895421378019e-01
4.469487938122629345e-03 9.002361544975518992e-01
0.000000000000000000e+00 9.074130731135848782e-01
1.260746926693978587e-04 9.121151922068478912e-01
4.454639140985983126e-03 9.162699998671905988e-01
1.187903770929599201e-02 9.196952636483644028e-01
5.345566969183207506e-02 9.274094532575665184e-01
6.681958711479007995e-02 9.276177796651549068e-01
7.424398568310008883e-02 9.255643076461635976e-01
9.800206110169207285e-02 9.264271482162209637e-01
1.090458539720532416e-01 9.299337487707919347e-01
1.119308784157171388e-01 9.358732676254399863e-01
1.187903770929601421e-01 9.392824302333373510e-01
1.336391742295801044e-01 9.520808697830525080e-01
1.900646033487362052e-01 9.655331107195190832e-01
2.093680396263422061e-01 9.748034607634654680e-01
2.167924381946522150e-01 9.710547926593634527e-01
2.202076615360748502e-01 9.655708618986800218e-01
2.271865961902861941e-01 9.619274070457130010e-01
2.405505136132442545e-01 9.640219787490842407e-01
2.509446716088782336e-01 9.705166535603387823e-01
2.628237093181742257e-01 9.699592117667346081e-01
2.713760453612852341e-01 9.626011024713558850e-01
2.732178673138082603e-01 9.590895626079660730e-01
2.791573861684563118e-01 9.556279908748451790e-01
2.822610281929137654e-01 9.507220647620600040e-01
2.826411424197401989e-01 9.388430270527639010e-01
2.799441507928592809e-01 9.210244704888199685e-01
2.815357104555928913e-01 9.150849516341719170e-01
2.912540355599269049e-01 9.002361544975518992e-01
2.921028374902913671e-01 8.957815153565658051e-01
3.008604941261767696e-01 8.839024776472699241e-01
3.138630747486835793e-01 8.601444022286778290e-01
3.204341866703490638e-01 8.527200036603678202e-01
3.233581590242743387e-01 8.452956050920578113e-01
3.327244218388129560e-01 8.334165673827618193e-01
3.346680233211598576e-01 8.259921688144518104e-01
3.385097416462730102e-01 8.215375296734658273e-01
3.486523169052753168e-01 7.992643339685358006e-01
3.608257704198663540e-01 7.893095791534752159e-01
3.644873488046919685e-01 7.829306571182537144e-01
3.697350487018383758e-01 7.779589616484032799e-01
3.920082444067684024e-01 7.650480971183759582e-01
4.246755981073324082e-01 7.530534402990062270e-01
4.410092749576144389e-01 7.489340965772341985e-01
4.499185532395864606e-01 7.443109838758550367e-01
4.692219895171924615e-01 7.393323042948086732e-01
5.004044635040945099e-01 7.347163911918107582e-01
5.271322983500105197e-01 7.347163911918107582e-01
5.687089303325465472e-01 7.390602184138667097e-01
6.370133971609985846e-01 7.405450981275287781e-01
6.711656305752247142e-01 7.374133828186916206e-01
7.053178639894506219e-01 7.309468418794375921e-01
7.246213002670567338e-01 7.218709663121042341e-01
7.483793756856487178e-01 7.192365023039941629e-01
8.255931207960728324e-01 6.908283413074508550e-01
8.419267976463548075e-01 6.780719455740635837e-01
8.641999933512848342e-01 6.570442683167357911e-01
8.686546324922708173e-01 6.547612948951224698e-01
8.998371064791728102e-01 6.252682503783563162e-01
9.134079333704279158e-01 6.017753320514895865e-01
9.172783575421045166e-01 5.869265349148695687e-01
9.223317316150876355e-01 5.795021363465595599e-01
9.400627413451803083e-01 5.408952637913475581e-01
9.409225859410361714e-01 5.305011057957135234e-01
9.435524084970579040e-01 5.230767072274035145e-01
9.432458884309854463e-01 4.948639926678254919e-01
9.410425185332933484e-01 4.904093535268395088e-01
9.419199474550028484e-01 4.800151955312054741e-01
9.359804286003547968e-01 4.458629621169794555e-01
9.275129799115039431e-01 4.146804881300774070e-01
9.272061393832611298e-01 4.013165707071194022e-01
9.231268736803792674e-01 3.745887358612033369e-01
9.322805497467243629e-01 3.151935473147233213e-01
9.462550650281276177e-01 2.780715544731732769e-01
9.593931569946330118e-01 2.632227573365532591e-01
9.622457273857316640e-01 2.557983587682432502e-01
9.826741460607799628e-01 2.320402833496512107e-01
9.853938621841554779e-01 2.246158847813412018e-01
9.920335313233503705e-01 2.157066064993692356e-01
9.943189786045110168e-01 2.023426890764112307e-01
1.000000000000000000e+00 1.845241325124671872e-01
1.000000000000000000e+00 1.652206962348611863e-01
9.979031710167985958e-01 1.577962976665511774e-01
9.933845284398790110e-01 1.519852780178931329e-01
9.904147690125549852e-01 1.513347507875688613e-01
9.874450095852309595e-01 1.529704385971496494e-01
9.864969709988159474e-01 1.785846136578191912e-01
9.846991605909194423e-01 1.874938919397912129e-01
9.772821033482819164e-01 2.067973282173972138e-01
9.657461541469060107e-01 2.261007644950032147e-01
9.352753517882669287e-01 2.632227573365532591e-01
9.160151104562483937e-01 3.003447501781033036e-01
9.097172676508470390e-01 3.241028255966953431e-01
9.067931968300972922e-01 3.538004198699353786e-01
9.080704320556718390e-01 4.028014504207814150e-01
9.132010239021308706e-01 4.447155550655133571e-01
9.117161441884689133e-01 4.453267555537126499e-01
8.996095845875633490e-01 4.057712098481053853e-01
8.859363479289679155e-01 3.493457807289493400e-01
8.859363479289679155e-01 3.330121038786673093e-01
8.952028447921793752e-01 3.047993893190893422e-01
9.145962988054857634e-01 2.587681181955672205e-01
9.484271435378446302e-01 1.949182905081012218e-01
9.594077808099947813e-01 1.815543730851431614e-01
9.638426070398454781e-01 1.711602150895091823e-01
9.628780071584499556e-01 1.474021396709171428e-01
9.577595864571848416e-01 1.251289439659871161e-01
9.552838648779609088e-01 9.394646997908512320e-02
9.533779741873625868e-01 8.800695112443707169e-02
9.538067729949648577e-01 7.761279312880309256e-02
9.493064452474045956e-01 4.494543942823903127e-02
9.441641406586056551e-01 3.752104085992902238e-02
9.339893398933989399e-01 3.142584913207452368e-02
