8.113553113553113594e-01 9.157509157509158282e-02
7.673992673992673375e-01 9.157509157509158282e-02
7.655677655677655125e-01 1.043956043956044133e-01
7.728937728937728124e-01 1.080586080586080633e-01
7.692307692307691624e-01 1.227106227106227188e-01
7.747252747252747485e-01 1.282051282051281937e-01
7.893772893772894594e-01 1.282051282051281937e-01
7.985347985347985844e-01 1.410256410256410242e-01
7.985347985347985844e-01 1.483516483516483242e-01
8.058608058608058844e-01 1.593406593406593297e-01
8.058608058608058844e-01 1.959706959706959961e-01
8.021978021978022344e-01 1.996336996336996461e-01
8.021978021978022344e-01 2.326007326007326070e-01
7.948717948717949344e-01 2.399267399267399070e-01
7.985347985347985844e-01 2.728937728937729235e-01
7.948717948717949344e-01 2.765567765567765735e-01
7.948717948717949344e-01 3.241758241758241343e-01
7.912087912087912844e-01 3.278388278388278398e-01
7.912087912087912844e-01 3.827838827838827562e-01
7.875457875457875234e-01 3.864468864468864617e-01
7.838827838827838734e-01 4.304029304029304281e-01
7.472527472527472625e-01 4.597069597069596836e-01
7.289377289377289015e-01 4.890109890109889945e-01
7.197802197802197766e-01 5.128205128205127750e-01
7.142857142857143016e-01 5.109890109890109500e-01
7.142857142857143016e-01 4.633699633699633891e-01
7.106227106227106516e-01 4.597069597069596836e-01
7.106227106227106516e-01 4.157509157509157172e-01
7.032967032967032406e-01 4.010989010989011172e-01
7.032967032967032406e-01 3.864468864468864617e-01
6.886446886446886406e-01 3.424908424908424953e-01
6.813186813186813406e-01 3.315018315018314898e-01
6.813186813186813406e-01 3.205128205128204844e-01
6.703296703296703907e-01 2.985347985347985289e-01
6.703296703296703907e-01 2.875457875457875234e-01
6.630036630036629797e-01 2.728937728937729235e-01
6.630036630036629797e-01 2.545787545787545625e-01
6.556776556776556797e-01 2.435897435897436125e-01
6.520146520146520297e-01 2.252747252747252515e-01
6.446886446886447297e-01 2.142857142857143016e-01
6.446886446886447297e-01 1.886446886446886406e-01
6.410256410256409687e-01 1.849816849816849906e-01
6.446886446886447297e-01 1.520146520146520297e-01
6.593406593406593297e-01 1.336996336996337242e-01
6.538461538461538547e-01 1.172161172161172438e-01
6.135531135531135938e-01 1.208791208791208938e-01
5.989010989010988828e-01 1.172161172161172438e-01
5.952380952380952328e-01 1.208791208791208938e-01
5.512820512820513219e-01 1.208791208791208938e-01
5.476190476190476719e-01 1.245421245421245438e-01
5.256410256410256610e-01 1.245421245421245438e-01
5.146520146520146000e-01 1.318681318681318437e-01
5.073260073260073000e-01 1.318681318681318437e-01
4.871794871794871695e-01 1.520146520146520297e-01
4.761904761904761640e-01 1.813186813186813406e-01
4.761904761904761640e-01 1.996336996336996461e-01
4.798534798534798695e-01 2.032967032967032961e-01
4.835164835164835195e-01 2.362637362637362570e-01
5.000000000000000000e-01 2.490842490842490875e-01
5.293040293040293109e-01 2.527472527472527375e-01
5.311355311355311359e-01 2.655677655677655680e-01
4.835164835164835195e-01 3.351648351648351953e-01
4.633699633699633891e-01 3.553113553113552703e-01
4.468864468864469086e-01 3.608058608058608008e-01
4.304029304029304281e-01 3.882783882783882867e-01
3.241758241758241343e-01 3.882783882783882867e-01
3.168498168498168344e-01 3.956043956043955867e-01
3.150183150183150094e-01 3.827838827838827562e-01
3.040293040293040594e-01 3.681318681318681563e-01
3.076923076923077094e-01 3.644688644688645063e-01
3.076923076923077094e-01 2.948717948717948789e-01
3.113553113553113594e-01 2.912087912087911734e-01
3.113553113553113594e-01 2.765567765567765735e-01
3.150183150183150094e-01 2.728937728937729235e-01
3.223443223443223093e-01 2.289377289377289570e-01
3.296703296703296648e-01 2.216117216117216016e-01
3.296703296703296648e-01 2.142857142857143016e-01
3.406593406593406703e-01 1.996336996336996461e-01
3.406593406593406703e-01 1.776556776556776351e-01
3.443223443223443203e-01 1.739926739926739852e-01
3.424908424908424953e-01 1.684981684981685102e-01
3.315018315018314898e-01 1.684981684981685102e-01
3.278388278388278398e-01 1.648351648351648602e-01
2.985347985347985289e-01 1.648351648351648602e-01
2.948717948717948789e-01 1.721611721611721602e-01
2.912087912087911734e-01 1.684981684981685102e-01
2.619047619047619180e-01 1.648351648351648602e-01
2.344322344322344320e-01 1.849816849816849906e-01
2.417582417582417320e-01 1.996336996336996461e-01
2.417582417582417320e-01 2.179487179487179516e-01
2.344322344322344320e-01 2.252747252747252515e-01
2.344322344322344320e-01 2.692307692307692180e-01
2.271062271062271321e-01 2.838827838827838734e-01
2.271062271062271321e-01 2.985347985347985289e-01
2.197802197802197766e-01 3.095238095238095344e-01
2.197802197802197766e-01 3.315018315018314898e-01
2.106227106227105961e-01 3.553113553113552703e-01
1.868131868131868156e-01 3.351648351648351953e-01
1.684981684981685102e-01 2.912087912087911734e-01
1.684981684981685102e-01 2.802197802197802234e-01
1.648351648351648602e-01 2.765567765567765735e-01
1.648351648351648602e-01 2.619047619047619180e-01
1.575091575091575047e-01 2.509157509157509125e-01
1.575091575091575047e-01 2.399267399267399070e-01
1.538461538461538547e-01 2.362637362637362570e-01
1.538461538461538547e-01 1.959706959706959961e-01
1.336996336996337242e-01 1.721611721611721602e-01
9.706959706959705780e-02 1.721611721611721602e-01
8.974358974358975782e-02 1.794871794871794601e-01
8.608058608058610783e-02 1.758241758241758101e-01
6.593406593406592187e-02 1.923076923076922906e-01
5.860805860805862189e-02 2.179487179487179516e-01
6.593406593406592187e-02 2.289377289377289570e-01
6.593406593406592187e-02 2.399267399267399070e-01
6.959706959706957186e-02 2.435897435897436125e-01
6.959706959706957186e-02 2.582417582417582125e-01
6.593406593406592187e-02 2.619047619047619180e-01
6.959706959706957186e-02 2.838827838827838734e-01
8.058608058608057734e-02 2.985347985347985289e-01
8.058608058608057734e-02 3.058608058608058844e-01
8.791208791208793283e-02 3.168498168498168344e-01
8.791208791208793283e-02 3.241758241758241343e-01
9.523809523809523281e-02 3.351648351648351953e-01
9.523809523809523281e-02 3.461538461538461453e-01
1.025641025641025883e-01 3.608058608058608008e-01
1.025641025641025883e-01 3.754578754578754562e-01
1.062271062271062383e-01 3.791208791208791062e-01
1.062271062271062383e-01 4.157509157509157172e-01
1.098901098901098883e-01 4.194139194139194227e-01
1.080586080586080633e-01 4.615384615384615641e-01
1.025641025641025883e-01 4.487179487179487336e-01
7.509157509157510235e-02 4.139194139194138922e-01
6.959706959706957186e-02 4.120879120879120672e-01
5.128205128205126639e-02 3.864468864468864617e-01
4.395604395604396641e-02 3.498168498168497953e-01
4.761904761904761640e-02 3.461538461538461453e-01
4.761904761904761640e-02 2.985347985347985289e-01
4.029304029304031642e-02 2.838827838827838734e-01
4.029304029304031642e-02 2.728937728937729235e-01
3.663003663003661092e-02 2.692307692307692180e-01
3.663003663003661092e-02 2.545787545787545625e-01
2.380952380952383596e-02 2.527472527472527375e-01
2.197802197802195545e-02 2.655677655677655680e-01
1.098901098901100548e-02 2.728937728937729235e-01
1.098901098901100548e-02 2.948717948717948789e-01
0.000000000000000000e+00 2.985347985347985289e-01
0.000000000000000000e+00 3.388278388278388453e-01
7.326007326007299980e-03 3.498168498168497953e-01
7.326007326007299980e-03 3.571428571428571508e-01
1.465201465201465547e-02 3.644688644688645063e-01
1.465201465201465547e-02 3.717948717948718063e-01
2.197802197802195545e-02 3.791208791208791062e-01
2.197802197802195545e-02 3.864468864468864617e-01
7.326007326007327736e-02 4.560439560439560336e-01
8.791208791208793283e-02 4.853479853479853445e-01
8.791208791208793283e-02 5.000000000000000000e-01
9.157509157509158282e-02 5.036630036630036500e-01
9.157509157509158282e-02 5.293040293040293109e-01
8.791208791208793283e-02 5.329670329670329609e-01
8.791208791208793283e-02 5.732600732600732218e-01
8.424908424908422733e-02 5.769230769230768718e-01
8.424908424908422733e-02 6.501831501831502047e-01
8.791208791208793283e-02 6.538461538461538547e-01
8.791208791208793283e-02 6.684981684981685657e-01
1.098901098901098883e-01 7.087912087912088266e-01
1.703296703296703352e-01 7.728937728937728124e-01
2.326007326007326070e-01 8.205128205128204844e-01
2.765567765567765735e-01 8.461538461538461453e-01
3.131868131868131844e-01 8.571428571428572063e-01
3.498168498168497953e-01 8.571428571428572063e-01
3.534798534798534453e-01 8.534798534798535563e-01
4.010989010989011172e-01 8.461538461538461453e-01
4.047619047619047672e-01 8.424908424908424953e-01
4.194139194139194227e-01 8.424908424908424953e-01
4.230769230769230727e-01 8.388278388278388453e-01
4.450549450549450281e-01 8.388278388278388453e-01
4.542124542124542086e-01 8.443223443223443203e-01
4.578754578754578586e-01 8.553113553113553813e-01
4.853479853479853445e-01 8.754578754578754562e-01
5.183150183150183610e-01 8.864468864468864062e-01
5.622710622710622719e-01 8.864468864468864062e-01
5.659340659340659219e-01 8.901098901098900562e-01
5.842490842490842828e-01 8.864468864468864062e-01
5.879120879120879328e-01 8.901098901098900562e-01
6.135531135531135938e-01 8.901098901098900562e-01
6.282051282051281937e-01 8.864468864468864062e-01
6.318681318681318437e-01 8.901098901098900562e-01
6.684981684981685657e-01 8.901098901098900562e-01
6.794871794871795156e-01 8.864468864468864062e-01
6.831501831501831656e-01 8.901098901098900562e-01
7.271062271062270765e-01 8.901098901098900562e-01
7.289377289377289015e-01 9.029304029304029422e-01
7.344322344322344875e-01 9.084249084249084172e-01
7.710622710622709874e-01 9.084249084249084172e-01
7.893772893772894594e-01 8.864468864468864062e-01
8.113553113553113594e-01 8.791208791208791062e-01
8.278388278388277843e-01 8.626373626373626813e-01
8.278388278388277843e-01 8.553113553113553813e-01
8.388278388278388453e-01 8.369963369963370203e-01
8.388278388278388453e-01 8.296703296703296093e-01
8.571428571428572063e-01 8.003663003663004094e-01
8.571428571428572063e-01 7.930402930402931094e-01
8.681318681318681563e-01 7.857142857142856984e-01
8.754578754578754562e-01 7.600732600732600375e-01
8.754578754578754562e-01 7.344322344322344875e-01
8.791208791208791062e-01 7.307692307692308376e-01
8.791208791208791062e-01 7.197802197802197766e-01
8.717948717948718063e-01 7.087912087912088266e-01
8.717948717948718063e-01 6.978021978021977656e-01
8.681318681318681563e-01 6.941391941391941156e-01
8.681318681318681563e-01 6.831501831501831656e-01
8.717948717948718063e-01 6.794871794871795156e-01
8.717948717948718063e-01 6.648351648351648047e-01
8.754578754578754562e-01 6.611721611721611547e-01
8.754578754578754562e-01 6.428571428571427937e-01
8.791208791208791062e-01 6.391941391941391437e-01
8.791208791208791062e-01 6.172161172161172438e-01
8.827838827838827562e-01 6.135531135531135938e-01
8.827838827838827562e-01 6.025641025641025328e-01
8.864468864468864062e-01 5.989010989010988828e-01
8.864468864468864062e-01 5.805860805860806328e-01
8.937728937728937062e-01 5.695970695970695719e-01
8.937728937728937062e-01 5.586080586080586219e-01
9.194139194139194782e-01 5.109890109890109500e-01
9.652014652014652141e-01 4.505494505494505586e-01
9.706959706959706891e-01 4.487179487179487336e-01
9.816849816849817500e-01 4.304029304029304281e-01
1.000000000000000000e+00 4.120879120879120672e-01
1.000000000000000000e+00 3.974358974358974672e-01
9.871794871794872250e-01 3.956043956043955867e-01
9.432234432234432031e-01 4.249084249084248976e-01
9.047619047619047672e-01 4.633699633699633891e-01
8.992673992673992922e-01 4.761904761904761640e-01
8.882783882783882312e-01 4.835164835164835195e-01
8.827838827838827562e-01 4.780219780219780445e-01
8.827838827838827562e-01 4.523809523809523836e-01
8.791208791208791062e-01 4.487179487179487336e-01
8.846153846153845812e-01 4.395604395604395531e-01
9.029304029304029422e-01 4.395604395604395531e-01
9.047619047619047672e-01 4.267399267399267226e-01
8.992673992673992922e-01 4.212454212454212477e-01
8.754578754578754562e-01 4.157509157509157172e-01
8.754578754578754562e-01 3.388278388278388453e-01
8.717948717948718063e-01 3.351648351648351953e-01
8.717948717948718063e-01 2.912087912087911734e-01
8.681318681318681563e-01 2.875457875457875234e-01
8.681318681318681563e-01 2.619047619047619180e-01
8.644688644688645063e-01 2.582417582417582125e-01
8.644688644688645063e-01 1.886446886446886406e-01
8.608058608058608563e-01 1.849816849816849906e-01
8.608058608058608563e-01 1.666666666666666852e-01
8.571428571428572063e-01 1.630036630036629797e-01
8.571428571428572063e-01 1.410256410256410242e-01
8.498168498168497953e-01 1.336996336996337242e-01
8.498168498168497953e-01 1.263736263736263687e-01
8.223443223443223093e-01 9.523809523809523281e-02
