4.501258232050114882e-01 1.313718525219381150e-01
4.375970444932269499e-01 1.341908277320896237e-01
4.320286983991004637e-01 1.374970332254772387e-01
4.264603523049740330e-01 1.381020554453198379e-01
4.055790544519997654e-01 1.453555861808976113e-01
4.013108646392848922e-01 1.482857037828472224e-01
3.968241353001016880e-01 1.580303094475685732e-01
3.952007377579095371e-01 1.886562129652641362e-01
3.977298281308561112e-01 2.053612512476435392e-01
3.972265353108100916e-01 2.268805887572363789e-01
3.833056700754938761e-01 2.149803409143414834e-01
3.721689778872409593e-01 2.124700209538746276e-01
3.638164587460512855e-01 2.080199082966833757e-01
3.290142956577608579e-01 2.075117132653378493e-01
3.039567382341917812e-01 2.107417761441506276e-01
2.900358729988755657e-01 2.163115032764948986e-01
2.789118361426547454e-01 2.276346356241493729e-01
2.724420410130106163e-01 2.624367987124398005e-01
2.688290065234625326e-01 2.707893178536294743e-01
2.694482183969587608e-01 3.028073078948566588e-01
2.637546266151052921e-01 3.362173844596154648e-01
2.538416233870535721e-01 3.578344994750278230e-01
2.510574503399903290e-01 3.581427472052384209e-01
2.349012153986185791e-01 3.362173844596154648e-01
2.222918806310142936e-01 3.222965192242993049e-01
2.087915618139957741e-01 2.958468752771985510e-01
2.069497242597846953e-01 2.707893178536294743e-01
2.017422658086128195e-01 2.568684526183133698e-01
2.036083125143324790e-01 2.513001065241868837e-01
2.098271230106862895e-01 2.457317604300603975e-01
2.220387739903721958e-01 2.304188086712126160e-01
2.303701317566885232e-01 2.164979434358964561e-01
2.320501151148470775e-01 2.109295973417699699e-01
2.315302730144513932e-01 2.053612512476435392e-01
2.204315468222947660e-01 1.912539458529258218e-01
2.106869411575734707e-01 1.873241301711950912e-01
2.051185950634469846e-01 1.831005222031697466e-01
1.981581624457888768e-01 1.812139042433065783e-01
1.800610376398779078e-01 1.819894235986634912e-01
1.703164319751565570e-01 1.796699827947055295e-01
1.563955667398403970e-01 1.812567376747998837e-01
1.313380093162713202e-01 1.927724688063963687e-01
1.175737538148524663e-01 2.011849916770486746e-01
1.090768362250595369e-01 2.123216838653015914e-01
1.057985757884028488e-01 2.304188086712126160e-01
1.042546543398016889e-01 2.582605391418449359e-01
1.075265938613474415e-01 2.777497504712875820e-01
1.137365516816177813e-01 2.916706157066037419e-01
1.193125234245327460e-01 3.125519135595780096e-01
1.197194410237190088e-01 3.195123461772360618e-01
1.318413021363172843e-01 3.598828553596529201e-01
1.331759985543716218e-01 3.751958071185007570e-01
1.186632860496003583e-01 4.155663163009176153e-01
1.114097553140225294e-01 4.448001332950815567e-01
1.095679177598114507e-01 4.601130850539293382e-01
1.058414092198960432e-01 4.712497772421822551e-01
1.014704812927384459e-01 5.032677672834094951e-01
1.013665942387435570e-01 5.366778438481683011e-01
9.932001927504413574e-02 5.620486207395319900e-01
9.792793275151251420e-02 5.626559746179436994e-01
9.079634195473162972e-02 5.464224495128895409e-01
8.613675212309174212e-02 5.241490651363837072e-01
8.603286506909685327e-02 5.046598538069411166e-01
8.170477057343256133e-02 4.628972581009925813e-01
7.719257945342467009e-02 4.448001332950815567e-01
7.277844508582337335e-02 4.336634411068286399e-01
5.894951009262727748e-02 4.182322933223980299e-01
5.489505809284139781e-02 4.155663163009176153e-01
4.085238528671625291e-02 3.989057063118424118e-01
3.339739561464560857e-02 3.946850184479433477e-01
2.080385347906893445e-02 3.738037205949691355e-01
1.312666202637818857e-02 3.640591149302477847e-01
6.050222198425825315e-03 3.582055052042500964e-01
3.266049151362582226e-03 3.582867561559486269e-01
3.134785409689144764e-04 3.626670284067161631e-01
-1.110223024625156540e-16 3.738037205949691355e-01
4.512191120007780221e-03 3.960771049714749692e-01
9.115489639663743038e-03 4.044296241126646985e-01
1.997108743374198525e-02 4.157814569454633680e-01
4.920490442790592667e-02 4.352566067948703821e-01
6.048993370473187969e-02 4.503684793892080429e-01
6.502114900679972775e-02 4.642893446245242028e-01
6.249205863385320914e-02 4.935231616186881443e-01
6.780532205386297084e-02 5.297174112305101934e-01
6.806040472797969532e-02 5.478145360364211625e-01
7.268255413032409518e-02 5.756562665070534823e-01
7.829038433349683190e-02 5.951454778364961840e-01
9.647584249851831606e-02 6.355159870189129867e-01
1.188932358257343558e-01 6.758864962013299005e-01
1.340621786338719312e-01 7.079044862425570850e-01
1.603853861510337042e-01 7.524512549955688634e-01
1.703164319751565570e-01 7.637039543941159803e-01
2.023344220163837415e-01 7.880699303716998116e-01
2.091208438186003549e-01 7.956059372250489092e-01
2.399207581517374122e-01 8.145731161081671834e-01
2.482732772929270859e-01 8.226043845131573162e-01
2.733308347164962182e-01 8.373561035870372704e-01
2.858596134282807011e-01 8.415094004713330467e-01
3.053488247577234027e-01 8.513494018957761256e-01
3.415430743695453963e-01 8.644518879074669648e-01
3.540718530813299347e-01 8.647069705815836338e-01
3.805214970284306331e-01 8.686281474780619405e-01
4.139315735931894391e-01 8.686281474780619405e-01
4.417733040638217590e-01 8.656921395059291591e-01
4.696150345344541344e-01 8.597878618623897573e-01
4.849279862933019158e-01 8.542675504830492539e-01
5.239064089521872081e-01 8.361877452547875622e-01
5.628848316110723893e-01 8.094427972391173842e-01
5.837661294640467124e-01 8.023564520336030625e-01
6.157841195052737859e-01 8.006786161479179098e-01
6.366654173582481091e-01 8.034627891949810419e-01
6.728596669700701582e-01 8.127928516117277624e-01
7.007013974407024781e-01 8.143367730603288113e-01
7.215826952936766903e-01 8.082806604917198712e-01
7.299352144348664195e-01 8.041448965256401404e-01
7.563848583819671179e-01 7.797174112305100824e-01
7.662751475200813012e-01 7.733325528485430755e-01
7.760680489810820593e-01 7.566275145661636170e-01
7.982957911764886338e-01 7.009440536248989773e-01
8.111858359020645004e-01 6.494368522542292022e-01
8.163905234487129903e-01 6.410843331130394729e-01
8.176490947613183069e-01 6.355159870189129867e-01
8.387119425400049177e-01 5.965375643600276945e-01
8.512345631797363366e-01 5.673037473658637531e-01
8.557048776570113091e-01 5.422461899422946763e-01
8.602880548267923810e-01 5.018756807598778735e-01
8.644999531509343083e-01 4.865627290010300365e-01
8.724625016253757526e-01 4.670735176715874459e-01
8.800749098307593110e-01 4.587209985303977167e-01
8.955935107351287172e-01 4.502000818258775627e-01
9.122985490175081758e-01 4.475957168874196701e-01
9.262194142528243912e-01 4.488079953023459412e-01
9.331798468704823879e-01 4.517742138198330704e-01
9.396811871239970637e-01 4.573289120068660951e-01
9.446462437616769403e-01 4.642893446245242028e-01
9.493572394544265158e-01 4.754260368127771197e-01
9.481061079283490400e-01 5.046598538069411166e-01
9.397473518403695047e-01 5.311094977540418149e-01
9.363120415484285086e-01 5.492066225599527840e-01
9.342239117631311318e-01 5.533828821305476486e-01
9.325461358411135659e-01 5.659116608423322425e-01
9.342912707884631907e-01 5.798325260776483470e-01
9.425315248874327478e-01 6.048900835012174237e-01
9.541887526547804255e-01 6.299476409247866115e-01
9.550444439345225911e-01 6.452605926836343375e-01
9.568453177705198431e-01 6.478852558165428821e-01
9.596294908175830862e-01 6.486037095621155490e-01
9.651978369117095724e-01 6.468602710571662584e-01
9.721582695293676801e-01 6.412518990834645827e-01
9.930395673823418923e-01 6.412098491110628240e-01
9.958237404294051354e-01 6.397841768316279154e-01
1.000000000000000000e+00 6.306050151164542816e-01
1.000000000000000000e+00 6.156497522560139268e-01
9.928075529617533812e-01 6.007138239306225591e-01
9.860791347646837846e-01 5.964120483620043434e-01
9.791187021470257879e-01 5.947051239361953456e-01
9.712912682734838876e-01 5.826166991247115901e-01
9.690804532312469188e-01 5.631274877952689994e-01
9.731509869682795077e-01 5.478145360364211625e-01
9.849677108467029818e-01 5.199728055657888426e-01
9.855803037604182748e-01 5.130123729481307349e-01
9.892956983228439194e-01 5.018756807598778735e-01
9.908891053646475822e-01 4.684656041951190675e-01
9.835949803649334244e-01 4.378397006774235045e-01
9.763345290999625448e-01 4.273990517509363429e-01
9.671699594867126937e-01 4.211346623950440460e-01
9.642504446943060969e-01 4.155663163009176153e-01
9.540611447234566000e-01 4.098179590184034549e-01
9.498848851528618464e-01 4.099553553132136430e-01
9.457086255822669818e-01 4.070337859713402118e-01
9.373561064410772525e-01 4.063328674065555535e-01
9.220431546822294155e-01 4.013647884600507476e-01
9.014203871836254933e-01 3.988612780185382123e-01
9.027615352027871243e-01 3.849404127832220524e-01
8.997697703057236929e-01 3.830022000081511058e-01
8.955935107351287172e-01 3.834023817048040073e-01
8.698012409796956890e-01 3.988612780185382123e-01
8.859948496252938455e-01 3.724116340714375140e-01
8.862576923828731079e-01 3.640591149302477847e-01
8.844568185468758559e-01 3.614596064220204630e-01
8.761042994056861266e-01 3.624730491370437568e-01
8.677517802644965084e-01 3.676865711598349962e-01
8.490950912677541762e-01 3.849404127832220524e-01
8.147080305612492968e-01 4.253109219656389106e-01
7.647373775231567361e-01 4.931055356616286245e-01
7.633452909996252256e-01 4.926689267065210154e-01
7.631567792828970465e-01 4.809943829069036059e-01
7.591690314290303609e-01 4.791846704263124646e-01
7.508165122878406317e-01 4.810316709387839063e-01
7.299761581561466928e-01 5.004835942363462520e-01
7.243668683407399334e-01 5.122518812362014673e-01
7.118380896289553394e-01 5.141608443300443865e-01
7.048776570112973427e-01 5.204490456922601371e-01
7.007013974407024781e-01 5.218605592605779497e-01
6.937409648230443704e-01 5.208903171381165098e-01
6.826042726347913980e-01 5.222751025085526910e-01
6.742517534936017798e-01 5.260674282724699946e-01
6.700754939230069152e-01 5.254312500922680984e-01
6.658992343524120505e-01 5.285966636056330659e-01
6.575467152112223213e-01 5.291354734214928079e-01
6.503542681729755914e-01 5.213648920893204641e-01
6.472988167264549508e-01 5.130123729481307349e-01
6.451434524974611895e-01 4.837785559539667934e-01
6.417733040638218256e-01 4.768181233363087412e-01
6.417304706323284647e-01 4.628972581009925813e-01
6.580285913155217159e-01 4.016454510656014554e-01
6.622048508861166916e-01 3.765878936420323786e-01
6.635896362565527618e-01 3.543145092655264894e-01
6.624605728651810077e-01 3.417857305537419510e-01
6.640038550088342983e-01 3.306490383654889786e-01
6.693171184288442266e-01 3.125519135595780096e-01
6.708130920063706260e-01 2.693972313300978527e-01
6.755256439915504618e-01 2.540842795712501268e-01
6.813578695846526090e-01 2.499080200006552621e-01
6.909567917759811273e-01 2.390733843222252464e-01
7.104460031054238289e-01 2.306052488306141734e-01
7.217978359382224429e-01 2.220662895300229422e-01
7.272993784763761571e-01 2.123216838653015914e-01
7.331939624331336169e-01 1.970087321064538100e-01
7.317503860782947900e-01 1.914403860123273793e-01
7.090539165818920964e-01 1.773735762221247958e-01
6.895647052524495058e-01 1.752386405499940514e-01
6.742517534936017798e-01 1.713174636535158557e-01
6.505862825935642135e-01 1.714692985785852830e-01
6.324891577876532445e-01 1.759814896985931743e-01
6.215090753332976892e-01 1.816957803476060285e-01
6.040383894629758332e-01 1.984008186299854315e-01
6.024093805214969510e-01 2.095375108182383483e-01
5.905806175268183411e-01 2.401634143359339113e-01
5.881107865979720017e-01 2.513001065241868837e-01
5.822280983856286118e-01 2.652209717595029881e-01
5.814496104834823154e-01 2.707893178536294743e-01
5.740337350846194120e-01 2.888864426595404988e-01
5.712727427825213811e-01 3.000231348477934157e-01
5.573046881735261859e-01 3.320411248890206002e-01
5.461797933286930418e-01 3.741185973086250671e-01
5.392193607110349340e-01 3.743204799862800969e-01
5.280826685227819617e-01 3.709485227252767303e-01
5.097687433566489013e-01 3.348252979360838433e-01
5.011297317556352438e-01 3.000231348477934157e-01
5.006799807249557865e-01 2.833180965654140682e-01
4.986804539652875956e-01 2.777497504712875820e-01
4.937195481072977343e-01 2.345950682418074806e-01
4.863080720709410110e-01 2.206742030064913207e-01
4.844246934732558407e-01 2.109295973417699699e-01
4.848925942630425978e-01 2.039691647241119177e-01
4.881297852974246232e-01 1.984008186299854315e-01
5.078085573449651058e-01 1.844799533946692716e-01
5.146926837413550171e-01 1.747353477299479763e-01
5.187622142206992359e-01 1.580303094475685732e-01
5.155137334689725570e-01 1.510698768299104655e-01
5.097535292962823705e-01 1.441094442122524133e-01
5.002409380521496418e-01 1.384700732954967650e-01
4.960646784815548327e-01 1.342549369798838876e-01
4.904963323874283465e-01 1.350945613219629582e-01
4.751833806285805650e-01 1.324908759197001018e-01
