5.169682445436323270e-01 0.000000000000000000e+00
4.952417783852756106e-01 4.101466034019118911e-03
4.851192202887684712e-01 1.014019321514214589e-02
4.794407120882888118e-01 1.627055973838342773e-02
4.593244089357391702e-01 2.989152608637557496e-02
4.433852129318391344e-01 4.766772567048566112e-02
4.381921696009540290e-01 5.951852539322577407e-02
4.320554689544842120e-01 6.741905854171914569e-02
4.282005739428348390e-01 8.124499155158254604e-02
4.267314347903954919e-01 1.108719908584326896e-01
4.365544163703402036e-01 1.325984570167895171e-01
4.385060747126574565e-01 1.444492567395295746e-01
4.485222794783195743e-01 1.740762560463797182e-01
4.496066423561757008e-01 1.819767891948730898e-01
4.651703740888226135e-01 2.274048547987100322e-01
4.720590698881074743e-01 2.590069873926835742e-01
4.941690766862344431e-01 3.241863858677539456e-01
4.916442141837295554e-01 3.281366524420006314e-01
4.774655788011654689e-01 3.352914720024983697e-01
4.438883129200686395e-01 3.171784610317105457e-01
4.139041086570365846e-01 2.906091199866570607e-01
4.004353806033550400e-01 2.734007712225949849e-01
3.825151608837255579e-01 2.550567208184368884e-01
3.629078481480114693e-01 2.305611952477405469e-01
3.510570484252714119e-01 2.255163501645308100e-01
3.443150069163407601e-01 2.195043216502166605e-01
3.379388715099604923e-01 2.096286552145999460e-01
3.368647600476351034e-01 2.017281220661065744e-01
3.418757647859089754e-01 1.859270557691197756e-01
3.438402152607822893e-01 1.721011227592563753e-01
3.411637468710196908e-01 1.523497898880229462e-01
3.334416155040667573e-01 1.385238568781595458e-01
3.273554489797912970e-01 1.354671029814210614e-01
3.135295159699278966e-01 1.341260991685489512e-01
3.016787162471878392e-01 1.357712775099345071e-01
2.760019835145843814e-01 1.592421820878805461e-01
2.661263170789676114e-01 1.660608895672396890e-01
2.405776022446036166e-01 2.155540550759699747e-01
2.386496644960017788e-01 2.234545882244633463e-01
2.409269082240856341e-01 2.353053879472034038e-01
2.540109905767020670e-01 2.590069873926835742e-01
2.794483895564016107e-01 2.906091199866570607e-01
3.195415444842418795e-01 3.518382518874807463e-01
3.253989490255653205e-01 3.636890516102208037e-01
3.531513707900660881e-01 4.031917173526877174e-01
3.727315373918618224e-01 4.466446496694012613e-01
3.791204005464823279e-01 4.565203161050179759e-01
3.797787783088567015e-01 4.604705826792646617e-01
3.629078481480114693e-01 4.814513352496258558e-01
3.589575815737647835e-01 4.813707175644371672e-01
3.174797825441745824e-01 4.359254367257423546e-01
2.909703955826857813e-01 4.130673837883044319e-01
2.441000539038152839e-01 3.557885184617274321e-01
2.383310946109818418e-01 3.419625854518640318e-01
2.390669910453778191e-01 3.340620523033706046e-01
2.351129261378866464e-01 3.222112525806305472e-01
2.285987846236240961e-01 3.160213259397350871e-01
2.226733847622540674e-01 3.136574061140886549e-01
2.167479849008840387e-01 3.143280451627259442e-01
2.088474517523906115e-01 3.200294192983431651e-01
1.928452144724561168e-01 3.399874521647406889e-01
1.785242989099150024e-01 3.636890516102208037e-01
1.757145908608965246e-01 3.735647180458375183e-01
1.671915669346171196e-01 3.893657843428243170e-01
1.669077263895215046e-01 3.992414507784409761e-01
1.739953271132413937e-01 4.110922505011810890e-01
2.051021518400152344e-01 4.446695163822779184e-01
2.226733847622540674e-01 4.680419269465708187e-01
2.285987846236240961e-01 4.726740847747054053e-01
2.505093733765432207e-01 5.058986482831016041e-01
2.584609188456079565e-01 5.315753810157051173e-01
2.603037887429686115e-01 5.434261807384451748e-01
2.582257839304742397e-01 5.454196022967455759e-01
2.226733847622540674e-01 5.376759943138360587e-01
1.910712521682805254e-01 5.244410633665267385e-01
1.831707190197871538e-01 5.174437726161678075e-01
1.700098819127305871e-01 4.999732484217315753e-01
1.560861785187021566e-01 4.900975819861148608e-01
1.536870761611959235e-01 4.821970488376214892e-01
1.528801983742940074e-01 4.328187166595378610e-01
1.472013472687297986e-01 4.170176503625511177e-01
1.436680532773202401e-01 4.146053974135234244e-01
1.258918536932101540e-01 4.104904520777606924e-01
1.081156541091000678e-01 4.168270673260742742e-01
9.996822929971627136e-02 4.229430502239211465e-01
9.002632363800699977e-02 4.347938499466612039e-01
8.441405466361995291e-02 4.381173915355707216e-01
7.251127774911342305e-02 4.525700495307712901e-01
6.030096911665577819e-02 4.841721821247448321e-01
5.550383759806454265e-02 5.019483817088549182e-01
5.681509399979822739e-02 5.236748478672117457e-01
7.818885778545436871e-02 5.631775136096786039e-01
9.231458781211332454e-02 5.806619321400091627e-01
1.239167204060868110e-01 6.043261237580815903e-01
1.323425549607299967e-01 6.145309790748855194e-01
1.515685864258136673e-01 6.309443366908805695e-01
1.594691195743070389e-01 6.355167702505710725e-01
1.768844775001926495e-01 6.540336448173524886e-01
1.803513755373610805e-01 6.619341779658458602e-01
1.813147748103350887e-01 6.698347111143392318e-01
2.068899535839023307e-01 7.409395094507795765e-01
2.408484093370332757e-01 8.120443077872200321e-01
2.576529952772085297e-01 8.357459072327001470e-01
2.711512885300313980e-01 8.614226399653035493e-01
2.700765836532142972e-01 8.628842385977748553e-01
2.661263170789676114e-01 8.620474270255160665e-01
2.544483415188508735e-01 8.535221068168101777e-01
2.381746540424452552e-01 8.377210405198234344e-01
2.253010174388734854e-01 8.179697076485901164e-01
2.016471931329682499e-01 7.903178416288632047e-01
1.927864994965718948e-01 7.745167753318764614e-01
1.873855123735593264e-01 7.567405757477663197e-01
1.808957887158683109e-01 7.488400425992729481e-01
1.686466785549922132e-01 7.251384431537928332e-01
1.627052994985937473e-01 7.034119769954361168e-01
1.620671795135231186e-01 6.876109106984493735e-01
1.535437197129370102e-01 6.760396109691700905e-01
1.495934531386903243e-01 6.757107326435312089e-01
1.397177867030735543e-01 6.811824108488497842e-01
1.358204254847319992e-01 6.856357774113259751e-01
1.351445934767341317e-01 7.113125101439294884e-01
1.595260945729740643e-01 7.626659756091364040e-01
1.751397525410120504e-01 7.804421751932464346e-01
1.786201668386696029e-01 7.922929749159866031e-01
1.872401746717051174e-01 8.021686413516033731e-01
1.993784304052993450e-01 8.258702407970834880e-01
2.324161095343144079e-01 8.633977732524269477e-01
2.469304904447376381e-01 8.831491061236604878e-01
2.742490527222624097e-01 9.088258388562638901e-01
3.214300491184212683e-01 9.378003387736180141e-01
3.589575815737647835e-01 9.552244440925665714e-01
4.122861803260950975e-01 9.847566704131283100e-01
4.340126464844519250e-01 9.939636406278307135e-01
4.577142459299320398e-01 1.000000000000000000e+00
4.972169116723989535e-01 9.965186706587791932e-01
5.090677113951389554e-01 9.991388084099788180e-01
5.426449772762358403e-01 9.930488141080151543e-01
5.564709102860992962e-01 9.934767596535585277e-01
5.860979095929494953e-01 9.865308742605081171e-01
6.493021747808964683e-01 9.613961275072878676e-01
6.868297072362400391e-01 9.307200050106971823e-01
7.073749662326895837e-01 9.088258388562638901e-01
7.290861645809462166e-01 8.811739728365370894e-01
7.483233659165891005e-01 8.515469735296868903e-01
7.633410144857384338e-01 8.179697076485901164e-01
7.657848234681112753e-01 8.080940412129733463e-01
7.718838844129890520e-01 7.962432414902331779e-01
7.850288742936224473e-01 7.350141095894096033e-01
8.038769288033724703e-01 6.974865771340660325e-01
8.234584040396909499e-01 6.757601109757092051e-01
8.408901036318608968e-01 6.618822007740794433e-01
8.724922362258343833e-01 6.443225728223292981e-01
8.948837982869979335e-01 6.244066455105022895e-01
9.081297704495341350e-01 6.007050460650221746e-01
9.129824686118629407e-01 5.868791130551587187e-01
9.171871084124816331e-01 5.434261807384451748e-01
9.203737877097698528e-01 5.296002477285817189e-01
9.188584901410550287e-01 5.098489148573482899e-01
8.944894867864581212e-01 4.229430502239211465e-01
8.751308908516006735e-01 3.755398513329608612e-01
8.744500437823690131e-01 3.636890516102208037e-01
8.711064572259978878e-01 3.557885184617274321e-01
8.711400295908038327e-01 3.498631186003574034e-01
8.673154755942611427e-01 3.380123188776172904e-01
8.618633409942807466e-01 3.004847864222737752e-01
8.530161268454296009e-01 2.649323872540535474e-01
8.170693151087095041e-01 1.918524556304898598e-01
8.072626224977015319e-01 1.622254563236396607e-01
8.047451644775036605e-01 1.464243900266529175e-01
8.066493164121210091e-01 1.286481904425428313e-01
8.157803073057464660e-01 1.088968575713093467e-01
8.276128187573095207e-01 9.507092456144594639e-02
8.369398370576142110e-01 8.892029020242142590e-02
8.487906367803542684e-01 8.758885185513975991e-02
8.645917030773410117e-01 9.300916262137853829e-02
8.708168999555065959e-01 9.902119113569263220e-02
8.883435177758836065e-01 1.286481904425428313e-01
9.016672982551224846e-01 1.681508561850096894e-01
9.061907822210528707e-01 1.760513893335030611e-01
9.102302337035763635e-01 1.898773223433665169e-01
9.101312681409349237e-01 1.977778554918598886e-01
9.049145512864946728e-01 2.155540550759699747e-01
9.021192355326845824e-01 2.187030883356289590e-01
8.942187023841912108e-01 2.199299969276138911e-01
8.902684358099444140e-01 2.224905350724151742e-01
8.876915040994006745e-01 2.274048547987100322e-01
8.878561828609168316e-01 2.313551213729567180e-01
8.961762005526795472e-01 2.432059210956967754e-01
8.965283340505854071e-01 2.590069873926835742e-01
9.001441022455611840e-01 2.661561111384669331e-01
9.060695021069312682e-01 2.668193449480018575e-01
9.159451685425479273e-01 2.609251456811398917e-01
9.240546100194870771e-01 2.530815875313134899e-01
9.415689959192464764e-01 2.274048547987100322e-01
9.444961624019354574e-01 2.135789217888466318e-01
9.443601542413906369e-01 1.839519224819964327e-01
9.248162413235071488e-01 1.108719908584326896e-01
9.213686902735833684e-01 1.049465909970626609e-01
9.177873601661149516e-01 9.112065798719926057e-02
9.115094878553642310e-01 8.322012483870588895e-02
8.987093356124621346e-01 5.951852539322577407e-02
8.724922362258343833e-01 3.378132939673073043e-02
8.586663032159709275e-01 2.994009493769839159e-02
8.487906367803542684e-01 3.050875523860163696e-02
8.428652369189841842e-01 2.814752541795823015e-02
8.310144371962442378e-01 3.101203439349370372e-02
7.994123046022706403e-01 4.958239569371752919e-02
7.881841012417760695e-01 5.951852539322577407e-02
7.690320764994835745e-01 9.507092456144594639e-02
7.582052899749472941e-01 1.365487235910362029e-01
7.597315530716204357e-01 1.780265226206264040e-01
7.633256480695007617e-01 1.859270557691197756e-01
7.632369787819577311e-01 2.037032553532299173e-01
7.698363863287080999e-01 2.432059210956967754e-01
7.757609204098530054e-01 2.669075205411769458e-01
7.766211181563239530e-01 2.866588534124103749e-01
7.717604385825438396e-01 2.937047615808984213e-01
7.618847721469270695e-01 2.906261469977529655e-01
7.572078055896821480e-01 2.866588534124103749e-01
7.522161761365733224e-01 2.629572539669302600e-01
7.421854164674600574e-01 2.392556545214500896e-01
7.381831727014469546e-01 2.348847577101307871e-01
7.342329061272002688e-01 2.339366552306881841e-01
7.278227008226272332e-01 2.392556545214500896e-01
7.250553471465150945e-01 2.530815875313134899e-01
7.206623782837751069e-01 2.609821206798068616e-01
7.172372027613889145e-01 2.886339866995337178e-01
7.199550358397748262e-01 3.123355861450138882e-01
7.110591440256928131e-01 3.281366524420006314e-01
7.088559704113923665e-01 3.399874521647406889e-01
7.009848291272906540e-01 3.478879853132340605e-01
6.873738766112638121e-01 3.696144514715908325e-01
6.832444109433095658e-01 3.794901179072075470e-01
6.769540408006232690e-01 3.828254844958404179e-01
6.631281077907598132e-01 3.776454179503659914e-01
6.444672130884590011e-01 3.538133851746040892e-01
6.354762417710330125e-01 3.463671326821491370e-01
6.271471419658996016e-01 3.360371855904940031e-01
6.162591662643492896e-01 3.064101862836438039e-01
6.115935884408999490e-01 2.985096531351504323e-01
6.001990660936414868e-01 2.649323872540535474e-01
5.733829890570929511e-01 2.116037885017232889e-01
5.654364662854924894e-01 2.037032553532299173e-01
5.554663166314417477e-01 1.839519224819964327e-01
5.505281846941404433e-01 1.681508561850096894e-01
5.366329487619218019e-01 1.464243900266529175e-01
5.300579915101134576e-01 1.325984570167895171e-01
5.248881417439602570e-01 1.266730571554194884e-01
5.171555416656872239e-01 1.088968575713093467e-01
5.192177018984117653e-01 7.729472497733586023e-02
5.283417203886509039e-01 5.556825881897908825e-02
5.324348124613481614e-01 3.779205923486894658e-02
5.309722633416790183e-01 2.594125951212888914e-02
5.275400645148744516e-01 1.804072636363551752e-02
5.260315577724483660e-01 8.165059928018802982e-03
5.228936444050024113e-01 2.366271174797651700e-03
