4.672593655607252261e-01 1.306268229205662101e-01
4.623976549921423040e-01 1.297700460580700765e-01
4.526742338549764599e-01 1.321607135431352442e-01
4.345795548325319668e-01 1.431098625567022165e-01
3.808627173315330960e-01 1.965886788111142480e-01
3.770138631314048916e-01 2.038812446639886589e-01
3.758649041884389863e-01 2.099583828747172976e-01
3.773527804546955022e-01 2.148200934433001641e-01
3.833948582526699456e-01 2.220221487270786498e-01
3.952902936021887581e-01 2.318360804333403635e-01
3.948829868317974001e-01 2.366977910019232856e-01
3.924693646317410911e-01 2.403440739283604910e-01
3.944296618458351111e-01 2.512829227076720517e-01
4.064580958884680406e-01 2.743760479084408344e-01
4.061936220713566192e-01 2.816686137613152452e-01
4.127170501194356578e-01 3.023308836777925945e-01
4.163126902274500996e-01 3.059771666042298000e-01
4.173953987592465831e-01 3.169160153835413607e-01
4.159822665924952090e-01 3.205622983099785106e-01
4.224718215727679693e-01 3.412245682264559155e-01
4.301525410531268911e-01 3.849799633437021029e-01
4.299831347204558507e-01 4.056422332601795078e-01
4.210731151591875498e-01 4.158681869801555964e-01
4.040571281691473504e-01 4.239067959189693480e-01
3.919028517476900730e-01 4.386432641509397934e-01
3.846102858948157177e-01 4.396633552077407470e-01
3.797485753262327957e-01 4.358651438260353617e-01
3.457166013461523968e-01 4.215643353722885456e-01
3.323468972825494028e-01 4.179260224631768939e-01
3.116846273660720534e-01 4.072917422030916113e-01
3.007457785867604372e-01 3.944238361231743872e-01
2.837297915967202933e-01 3.784142708846600089e-01
2.742183636529519908e-01 3.716102592800991089e-01
2.615355764229549962e-01 3.509479893636217041e-01
2.513581785920711020e-01 3.387937129421644267e-01
2.489743487820293422e-01 3.290702918049986381e-01
2.496652615190824154e-01 3.071925942463755166e-01
2.413526046094071620e-01 2.950383178249182392e-01
2.338972582687454116e-01 2.885944557566456070e-01
2.241738371315796230e-01 2.873725943626131984e-01
2.168812712787052122e-01 2.910937026590452725e-01
1.719104485193133081e-01 3.303762300162402799e-01
1.600910348155900054e-01 3.436554235107474042e-01
1.474940754823374500e-01 3.703948316379533923e-01
1.486898994528356721e-01 3.801182527751192364e-01
1.597561720978560307e-01 3.944787945904714710e-01
1.792030143721876634e-01 4.105572520586810992e-01
2.059424224993936514e-01 4.237498543362209213e-01
2.245384654242233435e-01 4.433204901666970565e-01
2.323251290359699683e-01 4.493976283774256952e-01
2.379744655410342968e-01 4.591210495145915393e-01
2.583881252579818266e-01 4.822141747153603775e-01
2.630568600342592100e-01 4.931530234946719382e-01
2.719775412415111893e-01 5.040918722739834434e-01
2.719775412415111893e-01 5.198924316218779262e-01
2.679292322488258105e-01 5.247432901579417441e-01
2.594212387538057385e-01 5.271535640012485757e-01
2.326818306265996950e-01 5.470338658153321987e-01
2.253892647737253396e-01 5.463681148833353651e-01
1.779875867300419467e-01 5.088372121108715174e-01
1.551918533991598070e-01 4.931530234946719382e-01
1.373184245472638398e-01 4.761370365046317388e-01
1.342481840817713046e-01 4.712753259360488167e-01
1.208624875491927098e-01 4.620544373816932726e-01
1.168141785565073310e-01 4.566901942303000506e-01
1.115223935914728681e-01 4.299507861030940625e-01
1.038465005591525103e-01 4.200110600465633559e-01
9.898478999056958827e-02 4.195200259282859667e-01
9.290765177984094958e-02 4.222495850946706986e-01
6.881613958730958824e-02 4.396742072402598511e-01
5.198463715009510322e-02 4.603364771567372560e-01
4.049956940065252420e-02 4.822141747153603775e-01
4.269179127242012095e-02 4.980147340632548048e-01
5.036768430474047875e-02 5.069699132001963537e-01
5.522939487332340081e-02 5.097845384754619014e-01
6.859909893692639482e-02 5.268018735440759270e-01
8.243892123947260675e-02 5.393392738962096145e-01
9.216234237663839535e-02 5.514935503176668918e-01
9.776936234842387163e-02 5.643315047878311175e-01
6.495281601048924491e-02 5.507806552583314197e-01
5.206227092119369848e-02 5.356929909697724090e-01
3.335169731470027932e-02 5.207245320845776959e-01
2.848998674611735726e-02 5.211410072906276225e-01
1.995000831314608369e-02 5.320467080433352036e-01
0.000000000000000000e+00 5.806638137291643131e-01
1.782396850244505337e-04 5.891718072241843851e-01
1.750578618911369233e-03 5.913918230195321923e-01
9.043144471785724559e-03 5.927657010281153216e-01
3.213626967255456268e-02 6.049414658693124114e-01
4.429054609401184006e-02 6.134696984211153170e-01
4.915225666259476212e-02 6.147066397417638717e-01
8.683051356911231089e-02 6.397172356114947389e-01
1.196470599070469931e-01 6.697993082608106885e-01
1.257241981177756318e-01 6.737492095915751378e-01
1.395964347641889258e-01 6.876214462379883763e-01
1.434908904161999454e-01 6.936985844487170150e-01
1.573253168135645419e-01 7.062095624608040190e-01
1.683165547153824271e-01 7.192225649337773419e-01
1.816018847185278950e-01 7.581162494824406073e-01
1.951757593027194648e-01 7.824248023253551620e-01
1.962190013622278628e-01 7.886783735809114182e-01
1.913572907936449408e-01 7.865596395001057672e-01
1.714546631535086574e-01 7.690550982617521125e-01
1.492645089604660025e-01 7.398848348502546912e-01
1.378784745392329092e-01 7.284668270966356829e-01
1.220779151913384264e-01 7.215259963523599218e-01
1.050619282012982270e-01 7.188392377543313394e-01
1.009913922299611189e-01 7.216534202180687751e-01
9.982989202299907827e-02 7.265151307866517527e-01
1.050619282012982270e-01 7.317601685346806217e-01
1.305859086863585539e-01 7.397003502974289768e-01
1.371331651360303550e-01 7.459619730609833299e-01
1.592770131235485831e-01 7.751322364724808622e-01
1.852801525829163021e-01 7.987045206475571479e-01
2.095887054258308568e-01 8.156656017081898025e-01
2.193121265629967009e-01 8.188352424672207253e-01
2.375435411951826170e-01 8.339519222697832079e-01
2.509132452587856110e-01 8.423640839699417793e-01
2.630675216802428884e-01 8.426428927447990880e-01
2.715755151752630159e-01 8.456165618924318395e-01
2.800835086702830878e-01 8.509031006180656220e-01
2.958840680181775706e-01 8.526745596742135724e-01
3.116846273660720534e-01 8.603395952883906572e-01
3.323468972825494028e-01 8.662996098676658541e-01
3.797485753262327957e-01 8.702299539419298124e-01
3.955491346741272229e-01 8.692734566055443368e-01
4.174268322327503444e-01 8.649193784774327209e-01
4.405199574335191826e-01 8.540826440894468963e-01
4.611822273499965874e-01 8.497314453700250958e-01
4.964296289722227029e-01 8.387640646686101986e-01
5.170918988887001078e-01 8.293598429707147446e-01
5.264734810015123667e-01 8.213184868740184275e-01
5.389695964473231182e-01 8.064129242444313395e-01
5.547701557952176010e-01 7.985142748013006608e-01
5.790787086381321558e-01 7.989997067033263178e-01
6.167569655446497601e-01 7.947484416149803721e-01
6.549143814254747564e-01 7.690550982617521125e-01
6.653740712304788696e-01 7.540141811901988067e-01
6.755067690226530530e-01 7.471774007031291021e-01
6.811746305783733524e-01 7.361940850588609697e-01
6.848209135048105578e-01 7.350535099727254496e-01
6.981906175684134963e-01 7.381413935602916254e-01
7.164220322005994124e-01 7.354124409482966085e-01
7.358688744749311006e-01 7.265042787541325930e-01
7.613928549599913165e-01 7.080613818296830342e-01
7.673966483992112897e-01 6.936985844487170150e-01
7.741786771170733328e-01 6.839751633115511709e-01
7.820551248764687768e-01 6.769463223244254202e-01
8.025148235192551827e-01 6.645283210372195937e-01
8.129199749044193624e-01 6.523740446157623163e-01
8.347408230932094053e-01 6.122649324249532787e-01
8.390669214805077658e-01 6.001106560034960014e-01
8.501190728366294636e-01 5.832465974687239818e-01
8.699112070547525555e-01 5.636478267391241692e-01
8.995786908653097269e-01 5.478472673912296864e-01
9.035978890910415506e-01 5.430502072291438775e-01
9.181830207967902613e-01 5.324555337047841563e-01
9.339835801446847441e-01 5.238591454721535090e-01
9.449224289239963603e-01 5.138576920498287848e-01
9.497841394925792269e-01 5.113959044253685304e-01
9.532459378661908289e-01 5.053072999161292156e-01
9.728772646933481205e-01 4.847969584549200461e-01
9.893495077382178371e-01 4.639827600831744614e-01
9.975691447157085667e-01 4.481822007352799786e-01
9.994621693067220480e-01 4.384587795981141345e-01
1.000000000000000000e+00 4.019959503337423024e-01
9.971343163649852848e-01 3.874108186279935917e-01
9.914870671763906795e-01 3.740411145643905977e-01
9.834329895419832157e-01 3.606714105007875482e-01
9.708556860640649155e-01 3.473017064371845541e-01
9.582921329875992988e-01 3.378046884882615064e-01
9.449224289239963603e-01 3.307991328477059567e-01
9.266910142918103332e-01 3.269527889596978709e-01
9.072441720174787561e-01 3.294588301496189642e-01
8.671350598266697185e-01 3.436030343882411353e-01
8.403956516994637305e-01 3.560549177898305606e-01
8.221642370672778144e-01 3.597164316391016081e-01
8.100099606458205370e-01 3.578572280370502234e-01
7.978556842243632596e-01 3.599839965064591807e-01
7.917785460136346209e-01 3.628209167938415414e-01
7.882043647269856290e-01 3.679639763536619590e-01
7.942094012979260542e-01 3.767875135634698447e-01
7.990711118665090318e-01 3.781323308241132386e-01
8.148716712144034036e-01 3.875748048971719428e-01
8.197333817829863811e-01 3.877342792101775015e-01
8.440419346259009359e-01 3.814976666864433041e-01
8.841510468167099734e-01 3.651123961163200704e-01
9.072441720174787561e-01 3.603580580617968820e-01
9.230447313653732389e-01 3.611197239753494159e-01
9.477873655090541805e-01 3.764719698486820310e-01
9.550471705090405328e-01 3.874108186279935917e-01
9.599095866959932444e-01 4.019959503337423024e-01
9.599095866959932444e-01 4.177965096816367851e-01
9.570871831699547805e-01 4.275199308188025737e-01
9.388452907132676106e-01 4.511711605491281474e-01
9.230447313653732389e-01 4.622836418487462073e-01
9.169675931546446002e-01 4.690289552045829868e-01
9.084595996596245282e-01 4.732737694630383407e-01
9.035978890910415506e-01 4.778549967295876999e-01
8.914436126695842733e-01 4.838316284237542675e-01
8.634887769002326241e-01 4.918464387793651804e-01
8.347287203179591941e-01 5.089535828425664210e-01
8.100099606458205370e-01 5.292954218352053930e-01
8.039328224350918983e-01 5.280136981398516616e-01
7.991036679640663998e-01 5.223232869061693595e-01
7.988381549017642413e-01 5.198924316218779262e-01
8.038441975028520758e-01 5.125998657690035154e-01
8.231394057569063616e-01 4.980147340632548048e-01
8.343185134887350918e-01 4.858080685192913140e-01
8.403956516994637305e-01 4.834610358310097999e-01
8.489036451944838024e-01 4.756669182656886319e-01
8.853664744588556346e-01 4.542701909785277770e-01
9.025637094306193653e-01 4.469667730931342620e-01
9.027393727406370916e-01 4.421050625245513399e-01
9.011670338067501174e-01 4.397628321724996181e-01
8.950898955960214787e-01 4.381264361022149112e-01
8.647042045423782852e-01 4.480726129970537541e-01
8.574116386895038744e-01 4.530330592713437410e-01
8.525499281209210078e-01 4.541319150802997640e-01
8.136562435722576314e-01 4.747588283746986271e-01
8.027173947929461262e-01 4.822499225871881290e-01
7.852229947948273781e-01 4.967993064211090881e-01
7.783364950665705440e-01 5.040918722739834434e-01
7.638237102442828608e-01 5.141749607746414208e-01
7.541002891071170167e-01 5.035806209641919828e-01
7.480231508963883780e-01 5.029068303228914072e-01
7.334380191906396673e-01 5.072578652450566716e-01
7.224991704113281621e-01 5.086592214604842566e-01
7.139911769163079791e-01 5.067120154697566381e-01
6.908980517155391965e-01 4.902925774058289332e-01
6.738820647254989415e-01 4.842243050466014109e-01
6.678049265147703029e-01 4.845111269543306842e-01
6.580815053776045698e-01 4.810301805467183112e-01
6.445294871676796600e-01 4.688444706517573279e-01
6.379073990223168567e-01 4.518284836617171840e-01
6.257315964379936979e-01 4.360279243138227012e-01
6.237247188379851925e-01 4.275199308188025737e-01
6.111735948135428309e-01 4.092885161866166577e-01
6.070335444074839160e-01 4.059976885140146319e-01
6.021718338389010494e-01 4.051972999268940168e-01
5.886558282998546332e-01 3.971342397651593803e-01
5.786139863043705533e-01 3.776873974908277476e-01
5.705707151431120838e-01 3.711949881690326247e-01
5.547701557952176010e-01 3.684983454032260131e-01
5.460167394109181060e-01 3.643176934272247536e-01
5.357456231253603374e-01 3.302857194471443547e-01
5.308702381078520549e-01 3.205622983099785106e-01
5.009424667916712037e-01 2.804531861191694730e-01
4.963575273324343784e-01 2.719451926241494011e-01
4.872196212356184053e-01 2.403440739283604910e-01
4.810925801658244572e-01 2.257589422226117248e-01
4.731894762340975169e-01 2.123892381590087308e-01
4.719377973578734453e-01 1.698492706839082600e-01
4.771706255153135290e-01 1.576949942624509826e-01
4.779727721160903497e-01 1.516178560517223439e-01
4.742326241516799934e-01 1.382481519881193499e-01
