5.886075949367088889e-01 1.181434599156118148e-01
4.578059071729957963e-01 1.181434599156118148e-01
4.303797468354430555e-01 1.329113924050632778e-01
4.303797468354430555e-01 1.455696202531645556e-01
4.261603375527426296e-01 1.624472573839662592e-01
4.388185654008438519e-01 1.877637130801687593e-01
4.388185654008438519e-01 2.257383966244725926e-01
4.430379746835443333e-01 2.299578059071730185e-01
4.430379746835443333e-01 2.510548523206750926e-01
4.514767932489451296e-01 2.552742616033755185e-01
4.556962025316455556e-01 2.805907172995780741e-01
4.641350210970464074e-01 2.848101265822784445e-01
4.641350210970464074e-01 3.059071729957806296e-01
4.683544303797468333e-01 3.101265822784810000e-01
4.683544303797468333e-01 3.396624472573839260e-01
4.578059071729957963e-01 3.417721518987341667e-01
4.493670886075949444e-01 3.333333333333333703e-01
4.324894514767932407e-01 3.333333333333333703e-01
4.282700421940928148e-01 3.291139240506328889e-01
4.156118143459915926e-01 3.291139240506328889e-01
4.113924050632911111e-01 3.248945147679325185e-01
3.818565400843881852e-01 3.248945147679325185e-01
3.628691983122362963e-01 3.185654008438818519e-01
3.628691983122362963e-01 3.059071729957806296e-01
3.713080168776371481e-01 2.890295358649789259e-01
3.713080168776371481e-01 2.721518987341772222e-01
3.755274261603375185e-01 2.679324894514767963e-01
3.755274261603375185e-01 2.552742616033755185e-01
3.924050632911392222e-01 2.130801687763713148e-01
4.177215189873417778e-01 1.877637130801687593e-01
4.177215189873417778e-01 1.751054852320675370e-01
4.029535864978903148e-01 1.561181434599155926e-01
3.523206751054852592e-01 1.561181434599155926e-01
3.481012658227847778e-01 1.518987341772151667e-01
3.270042194092827037e-01 1.518987341772151667e-01
3.227848101265822778e-01 1.561181434599155926e-01
2.805907172995780741e-01 1.561181434599155926e-01
2.616033755274261852e-01 1.751054852320675370e-01
2.616033755274261852e-01 2.046413502109704630e-01
2.489451476793249074e-01 2.130801687763713148e-01
2.489451476793249074e-01 2.215189873417721667e-01
2.405063291139240556e-01 2.257383966244725926e-01
2.362869198312236296e-01 2.552742616033755185e-01
2.130801687763713148e-01 2.784810126582278889e-01
2.046413502109704630e-01 2.784810126582278889e-01
1.962025316455696111e-01 2.658227848101265556e-01
1.877637130801687593e-01 2.658227848101265556e-01
1.835443037974683334e-01 2.573839662447257037e-01
1.751054852320675370e-01 2.573839662447257037e-01
1.687763713080168704e-01 2.468354430379746667e-01
1.687763713080168704e-01 2.341772151898734444e-01
1.603375527426160185e-01 2.215189873417721667e-01
1.603375527426160185e-01 1.793248945147679074e-01
1.561181434599155926e-01 1.666666666666666852e-01
1.645569620253164445e-01 1.582278481012658333e-01
1.645569620253164445e-01 1.497890295358649815e-01
1.413502109704641296e-01 1.350210970464135185e-01
1.202531645569620000e-01 1.392405063291139444e-01
1.160337552742616296e-01 1.350210970464135185e-01
1.033755274261603518e-01 1.350210970464135185e-01
9.493670886075949999e-02 1.265822784810126667e-01
6.540084388185651854e-02 1.265822784810126667e-01
5.696202531645572220e-02 1.350210970464135185e-01
4.852320675105487036e-02 1.350210970464135185e-01
4.008438818565401851e-02 1.265822784810126667e-01
3.164556962025316666e-02 1.265822784810126667e-01
2.109704641350212961e-02 1.371308016877637037e-01
2.531645569620255554e-02 1.582278481012658333e-01
3.375527426160335187e-02 1.624472573839662592e-01
3.375527426160335187e-02 1.877637130801687593e-01
4.219409282700420372e-02 2.046413502109704630e-01
4.219409282700420372e-02 2.257383966244725926e-01
4.641350210970462964e-02 2.299578059071730185e-01
4.641350210970462964e-02 2.510548523206750926e-01
5.063291139240505556e-02 2.552742616033755185e-01
5.063291139240505556e-02 2.679324894514767963e-01
5.485232067510548148e-02 2.721518987341772222e-01
5.485232067510548148e-02 3.059071729957806296e-01
6.329113924050633333e-02 3.227848101265822778e-01
6.329113924050633333e-02 3.691983122362869074e-01
4.219409282700420372e-02 3.860759493670886111e-01
4.219409282700420372e-02 4.029535864978903148e-01
3.586497890295359259e-02 4.135021097046413519e-01
2.531645569620255554e-02 3.776371308016877593e-01
2.531645569620255554e-02 3.354430379746835555e-01
2.109704641350212961e-02 3.312236286919831296e-01
2.109704641350212961e-02 3.143459915611814259e-01
1.476793248945146297e-02 3.080168776371308148e-01
6.329113924050611129e-03 3.080168776371308148e-01
0.000000000000000000e+00 3.143459915611814259e-01
0.000000000000000000e+00 3.396624472573839260e-01
4.219409282700425923e-03 3.438818565400844074e-01
4.219409282700425923e-03 3.860759493670886111e-01
8.438818565400851845e-03 3.902953586497890370e-01
8.438818565400851845e-03 4.029535864978903148e-01
1.265822784810127777e-02 4.071729957805907407e-01
1.265822784810127777e-02 4.198312236286919630e-01
1.687763713080170369e-02 4.240506329113923889e-01
1.687763713080170369e-02 4.535864978902953704e-01
2.109704641350212961e-02 4.578059071729957963e-01
2.109704641350212961e-02 5.253164556962025555e-01
2.953586497890292595e-02 5.421940928270042592e-01
2.953586497890292595e-02 5.548523206751054815e-01
5.063291139240505556e-02 5.928270042194092593e-01
8.438818565400846294e-02 6.265822784810126667e-01
1.012658227848101111e-01 6.518987341772152222e-01
1.286919831223628519e-01 6.793248945147679629e-01
1.497890295358649815e-01 6.919831223628691852e-01
1.708860759493671111e-01 6.919831223628691852e-01
1.751054852320675370e-01 6.962025316455695556e-01
1.962025316455696111e-01 6.962025316455695556e-01
2.088607594936708889e-01 7.046413502109705185e-01
2.552742616033755185e-01 7.046413502109705185e-01
2.594936708860759444e-01 7.088607594936708889e-01
3.776371308016877593e-01 7.088607594936708889e-01
3.902953586497890370e-01 7.004219409282700370e-01
4.282700421940928148e-01 7.004219409282700370e-01
4.324894514767932407e-01 6.962025316455695556e-01
4.789029535864978704e-01 6.962025316455695556e-01
4.894514767932489629e-01 7.025316455696202222e-01
4.894514767932489629e-01 7.151898734177215555e-01
4.936708860759493889e-01 7.194092827004219259e-01
4.936708860759493889e-01 7.320675105485232592e-01
5.105485232067510371e-01 7.531645569620253333e-01
5.105485232067510371e-01 7.658227848101265556e-01
5.253164556962025555e-01 7.848101265822784445e-01
5.717299578059071852e-01 7.890295358649789259e-01
5.886075949367088889e-01 7.805907172995780741e-01
6.054852320675105926e-01 7.805907172995780741e-01
6.097046413502109630e-01 7.763713080168777037e-01
6.476793248945147408e-01 7.763713080168777037e-01
6.518987341772152222e-01 7.721518987341772222e-01
6.772151898734177777e-01 7.721518987341772222e-01
6.814345991561181481e-01 7.679324894514767408e-01
6.940928270042193704e-01 7.679324894514767408e-01
6.983122362869198518e-01 7.637130801687763704e-01
7.151898734177215555e-01 7.637130801687763704e-01
7.278481012658227778e-01 7.552742616033755185e-01
7.995780590717299630e-01 7.552742616033755185e-01
8.206751054852321481e-01 7.299578059071729630e-01
8.459915611814345926e-01 7.341772151898734444e-01
8.586497890295359259e-01 7.426160337552742963e-01
8.670886075949366667e-01 7.426160337552742963e-01
8.881856540084387408e-01 7.637130801687763704e-01
9.071729957805907407e-01 7.742616033755274074e-01
9.113924050632911111e-01 8.122362869198311852e-01
9.071729957805907407e-01 8.248945147679325185e-01
8.881856540084387408e-01 8.312236286919831851e-01
8.628691983122362963e-01 8.227848101265822223e-01
8.565400843881856296e-01 8.122362869198311852e-01
8.544303797468354444e-01 7.890295358649789259e-01
8.206751054852321481e-01 7.890295358649789259e-01
8.101265822784810000e-01 7.953586497890294815e-01
8.101265822784810000e-01 8.080168776371308148e-01
7.932489451476794073e-01 8.164556962025316666e-01
7.932489451476794073e-01 8.375527426160337408e-01
8.122362869198311852e-01 8.607594936708860001e-01
8.333333333333332593e-01 8.734177215189873333e-01
8.459915611814345926e-01 8.734177215189873333e-01
8.628691983122362963e-01 8.818565400843881852e-01
9.177215189873417778e-01 8.818565400843881852e-01
9.219409282700421482e-01 8.776371308016877038e-01
9.345991561181434815e-01 8.776371308016877038e-01
9.514767932489451852e-01 8.649789029535864815e-01
9.599156118143459260e-01 8.649789029535864815e-01
9.957805907172996296e-01 8.291139240506328889e-01
9.957805907172996296e-01 8.164556962025316666e-01
1.000000000000000000e+00 8.122362869198311852e-01
1.000000000000000000e+00 7.658227848101265556e-01
9.957805907172996296e-01 7.616033755274261852e-01
9.957805907172996296e-01 7.489451476793249629e-01
9.873417721518986667e-01 7.447257383966244815e-01
9.831223628691982963e-01 7.278481012658227778e-01
9.345991561181434815e-01 6.793248945147679629e-01
9.261603375527426296e-01 6.793248945147679629e-01
9.113924050632911111e-01 6.687763713080168149e-01
9.177215189873417778e-01 6.666666666666666297e-01
9.261603375527426296e-01 6.751054852320674815e-01
9.683544303797468888e-01 6.751054852320674815e-01
9.704641350210970741e-01 6.561181434599155926e-01
9.472573839662447037e-01 6.371308016877637037e-01
9.388185654008438519e-01 6.371308016877637037e-01
9.303797468354431111e-01 6.286919831223628519e-01
8.987341772151898889e-01 6.223628691983122962e-01
8.987341772151898889e-01 6.054852320675105926e-01
8.713080168776371481e-01 5.949367088607595555e-01
8.586497890295359259e-01 5.949367088607595555e-01
8.544303797468354444e-01 5.907172995780590741e-01
8.375527426160337408e-01 5.907172995780590741e-01
8.333333333333332593e-01 5.864978902953585926e-01
8.080168776371308148e-01 5.864978902953585926e-01
7.953586497890294815e-01 5.780590717299578518e-01
7.869198312236287407e-01 5.780590717299578518e-01
7.721518987341772222e-01 5.632911392405063333e-01
7.721518987341772222e-01 5.548523206751054815e-01
7.531645569620253333e-01 5.358649789029535926e-01
7.447257383966244815e-01 5.358649789029535926e-01
7.278481012658227778e-01 5.232067510548523703e-01
7.088607594936708889e-01 5.168776371308017037e-01
7.046413502109705185e-01 4.873417721518987222e-01
7.088607594936708889e-01 4.831223628691982963e-01
7.088607594936708889e-01 4.704641350210970741e-01
7.172995780590717407e-01 4.662447257383966481e-01
7.172995780590717407e-01 4.071729957805907407e-01
7.215189873417721111e-01 4.029535864978903148e-01
7.215189873417721111e-01 3.902953586497890370e-01
7.299578059071729630e-01 3.860759493670886111e-01
7.341772151898734444e-01 3.649789029535864815e-01
7.426160337552742963e-01 3.607594936708861111e-01
7.489451476793249629e-01 3.417721518987341667e-01
7.552742616033755185e-01 3.396624472573839260e-01
7.616033755274261852e-01 3.206751054852320371e-01
7.679324894514767408e-01 3.185654008438818519e-01
7.721518987341772222e-01 2.974683544303797778e-01
7.805907172995780741e-01 2.932489451476792963e-01
7.848101265822784445e-01 2.721518987341772222e-01
7.932489451476794073e-01 2.679324894514767963e-01
7.974683544303797778e-01 2.299578059071730185e-01
8.059071729957805186e-01 2.257383966244725926e-01
8.059071729957805186e-01 2.172995780590717407e-01
8.164556962025316666e-01 2.151898734177215000e-01
8.206751054852321481e-01 2.067510548523206482e-01
8.291139240506328889e-01 2.067510548523206482e-01
8.438818565400844074e-01 1.919831223628691852e-01
8.438818565400844074e-01 1.582278481012658333e-01
8.206751054852321481e-01 1.476793248945147408e-01
7.953586497890294815e-01 1.476793248945147408e-01
7.911392405063291111e-01 1.434599156118143704e-01
7.489451476793249629e-01 1.434599156118143704e-01
7.447257383966244815e-01 1.476793248945147408e-01
7.067510548523207037e-01 1.476793248945147408e-01
7.025316455696202222e-01 1.518987341772151667e-01
6.814345991561181481e-01 1.518987341772151667e-01
6.582278481012657778e-01 1.624472573839662592e-01
6.582278481012657778e-01 1.962025316455696111e-01
6.666666666666666297e-01 2.004219409282700370e-01
6.666666666666666297e-01 2.172995780590717407e-01
6.582278481012657778e-01 2.215189873417721667e-01
6.518987341772152222e-01 2.405063291139240556e-01
6.455696202531645556e-01 2.426160337552742408e-01
6.392405063291138889e-01 2.573839662447257037e-01
6.329113924050633333e-01 2.594936708860759444e-01
6.181434599156118148e-01 2.827004219409282593e-01
6.160337552742616296e-01 2.552742616033755185e-01
6.075949367088607778e-01 2.510548523206750926e-01
6.075949367088607778e-01 2.257383966244725926e-01
5.949367088607595555e-01 2.172995780590717407e-01
5.949367088607595555e-01 2.046413502109704630e-01
5.907172995780590741e-01 2.004219409282700370e-01
5.970464135021097407e-01 1.856540084388185741e-01
6.054852320675105926e-01 1.856540084388185741e-01
6.075949367088607778e-01 1.751054852320675370e-01
6.286919831223628519e-01 1.624472573839662592e-01
6.286919831223628519e-01 1.329113924050632778e-01
6.054852320675105926e-01 1.223628691983122407e-01
5.928270042194092593e-01 1.223628691983122407e-01
