4.223993800323846970e-01 7.725750282811699732e-02
4.144577778763613440e-01 8.379142837693226431e-02
4.055408912450368941e-01 8.642675417542222682e-02
3.877071179823879943e-01 9.962593211267878335e-02
3.843752705583178275e-01 1.069804582658651637e-01
3.833817625268948204e-01 1.218419359847391914e-01
3.844668285781088768e-01 1.277865270722888247e-01
3.937374483644696110e-01 1.456203003349377245e-01
4.015503092649689298e-01 1.545371869662621744e-01
4.184132173307693603e-01 1.872324379477851575e-01
4.181731473060798510e-01 1.961493245791096074e-01
4.048457576097992949e-01 2.228999844730829571e-01
4.029760878322634632e-01 2.347891666481822237e-01
3.959288709784748450e-01 2.496506443670563069e-01
3.926228375355540479e-01 2.674844176297052067e-01
3.914224874121065012e-01 2.882904864361288677e-01
3.847348224386131776e-01 3.040719603947427130e-01
3.817625268948383610e-01 3.052685988604182943e-01
3.787902313510635999e-01 3.030126378013885402e-01
3.697977778838804630e-01 2.853181908923541066e-01
3.639022152791200893e-01 2.645121220859303346e-01
3.579585393071935129e-01 2.555952354546059402e-01
3.487505558963557850e-01 2.347891666481822237e-01
3.468380542554843071e-01 2.258722800168577738e-01
3.423796109398220544e-01 2.169553933855333239e-01
3.423796109398220544e-01 1.872324379477851575e-01
3.492901980790985572e-01 1.753432557726858909e-01
3.504203358250338463e-01 1.456203003349377245e-01
3.492865436173643312e-01 1.396757092473880912e-01
3.455074335760037196e-01 1.337311181598384580e-01
3.312335026506665336e-01 1.246861153412823220e-01
3.074551383004680005e-01 1.152022112619519034e-01
2.807044784064946508e-01 1.115719894416963287e-01
2.153139764434487402e-01 1.115719894416963287e-01
2.034247942683494736e-01 1.147638423593093093e-01
1.885633165494753904e-01 1.233280837566266275e-01
1.818147438804129101e-01 1.337311181598384580e-01
1.783377326264888874e-01 1.515648914224873578e-01
1.814852229240455084e-01 1.634540735975866244e-01
1.912832473772693165e-01 1.783155513164607076e-01
2.124697970869055541e-01 2.020939156666592407e-01
2.226116274427167308e-01 2.347891666481822237e-01
2.232019915403896104e-01 2.615398265421555735e-01
2.302510209981815104e-01 2.823458953485792344e-01
2.354135159812701938e-01 3.061242596987777675e-01
2.398833549302969992e-01 3.150411463301022175e-01
2.441979774938410896e-01 3.328749195927511173e-01
2.488002415616214491e-01 3.417918062240755672e-01
2.531148641251654841e-01 3.596255794867244671e-01
2.577171281929458990e-01 3.685424661180488615e-01
2.620667235623329039e-01 3.863762393806977613e-01
2.698898953895293440e-01 4.042100126433466611e-01
2.708501754882873813e-01 4.160991948184459277e-01
2.781803861590033122e-01 4.339329680810948275e-01
2.806792894612084588e-01 4.458221502561940941e-01
2.846599178609027225e-01 4.547390368875185440e-01
2.844198478362132132e-01 5.171572433067896934e-01
2.800466752943477911e-01 5.260741299381140879e-01
2.806792894612084588e-01 5.349910165694385933e-01
2.846599178609027225e-01 5.439079032007629877e-01
2.889262314025814460e-01 5.825477452698356595e-01
2.933367344675376076e-01 5.914646319011600539e-01
2.933367344675376076e-01 6.063261096200340816e-01
2.853804067619453155e-01 6.182152917951333482e-01
2.747598873189450175e-01 6.244323433075290586e-01
2.628707051438457509e-01 6.228068229709646797e-01
2.063970898121242903e-01 6.215043073558678133e-01
1.974802031807998404e-01 6.164719261396500727e-01
1.813897955736342715e-01 6.003815185324845594e-01
1.643338001970967022e-01 5.795754497260607874e-01
1.461833359211528460e-01 5.468801987445378598e-01
1.320141343818951873e-01 5.141849477630148213e-01
1.262732263174359271e-01 4.963511745003659770e-01
1.112080655754714709e-01 4.696005146063926272e-01
9.952256642346263282e-02 4.339329680810948275e-01
7.304186563829889733e-02 3.804316482931481280e-01
4.112030971933816614e-02 3.417918062240755672e-01
2.805935718563534742e-02 3.295045487529351114e-01
2.211476609808571414e-02 3.266666571263183161e-01
1.617017501053608086e-02 3.261175914424505606e-01
1.022558392298644758e-02 3.289992793248878167e-01
4.012998974932513452e-03 3.388195106803007506e-01
-1.110223024625156540e-16 3.625978750304992837e-01
3.377648111348385829e-03 3.715147616618237336e-01
1.425941358953797256e-02 3.804316482931481280e-01
1.960536904063647778e-02 3.893485349244726335e-01
2.495894545462884473e-02 4.042100126433466611e-01
3.657816852091849702e-02 4.279883769935451943e-01
5.516956895990404730e-02 4.547390368875185440e-01
6.935988316889346583e-02 5.052680611316904269e-01
8.471233517948123515e-02 5.320187210256637211e-01
9.687035798873960823e-02 5.676862675509615208e-01
1.091023510042050670e-01 6.301044739702326147e-01
1.062885246224864466e-01 6.360490650577823590e-01
9.939445023623089126e-02 6.390478989546265476e-01
5.481001707960869718e-02 6.676507356033880569e-01
4.351016936577506433e-02 6.806334982144045531e-01
4.347214778762892307e-02 6.895503848457289475e-01
4.086995097930479215e-02 6.954949759332785808e-01
2.404956225393911629e-02 7.103564536521527195e-01
2.174931992467077357e-02 7.163010447397023528e-01
2.428454184504130753e-02 7.222456358272519861e-01
3.103165272941016406e-02 7.259963897277297296e-01
3.697624381695979734e-02 7.251383163118184649e-01
5.183772153583388054e-02 7.120998193076359950e-01
9.642215469245607462e-02 6.805053820271728116e-01
1.112836324113301578e-01 6.768701885339799551e-01
1.169495707916509142e-01 6.806334982144045531e-01
1.185812834105982594e-01 6.865780893019541864e-01
1.188474591309361950e-01 7.252179313710267472e-01
1.211379353295374273e-01 7.371071135461260138e-01
1.188474591309361950e-01 7.519685912650000414e-01
1.191716475082710280e-01 7.906084333340727133e-01
1.228612029568401653e-01 8.054699110529468520e-01
1.376362170092622628e-01 8.322205709469201462e-01
1.606408862968984885e-01 8.589712308408934405e-01
2.004524987245746570e-01 8.987828432685696090e-01
2.361200452498724012e-01 9.187287533459791433e-01
3.223166160193420837e-01 9.199920147283898730e-01
3.371780937382161669e-01 9.227424971718829472e-01
3.520395714570901946e-01 9.220845708954023001e-01
3.639287536321894612e-01 9.154157060202250396e-01
3.758179358072887277e-01 9.052187341231991979e-01
3.997651805861108798e-01 8.768050041035423403e-01
4.233746645076857940e-01 8.641727480424994390e-01
4.620145065767584103e-01 8.629723979190517813e-01
4.709313932080828602e-01 8.608689272265342973e-01
5.065989397333806599e-01 8.596663644761310952e-01
5.155158263647050543e-01 8.552436798720610689e-01
5.392941907149035874e-01 8.507974180955126808e-01
5.779340327839761482e-01 8.333540734848003950e-01
5.957678060466250480e-01 8.217413238374575712e-01
5.990996534706952703e-01 8.143867976842712464e-01
6.017123971341746813e-01 7.927502345347339219e-01
6.046846926779495535e-01 7.901130507434435124e-01
6.136015793092739479e-01 7.883426670589001040e-01
6.225184659405984533e-01 7.839207683605793342e-01
6.700751946409955195e-01 7.830446066144666206e-01
6.819643768160947861e-01 7.806169475446143036e-01
7.087150367100680803e-01 7.794143847942111014e-01
7.176319233413925858e-01 7.750038817292549398e-01
7.384379921478162467e-01 7.731342119517191636e-01
7.622163564980147799e-01 7.620189804342047957e-01
7.913955993362918884e-01 7.430517046336756470e-01
8.186899718297362405e-01 7.157573321402312949e-01
8.255262515804183687e-01 7.044118625646030862e-01
8.349613846142469598e-01 6.984672714770534530e-01
8.483854060124494945e-01 6.776612026706296810e-01
8.900250648803318398e-01 6.355053524583113012e-01
8.967278946270076379e-01 6.241598828826830925e-01
9.072586630812569108e-01 6.122707007075838259e-01
9.174444912716546163e-01 5.974092229887096872e-01
9.215364354334021346e-01 5.825477452698356595e-01
9.263877450408672942e-01 5.736308586385111541e-01
9.300179668611228134e-01 5.528247898320874931e-01
9.300179668611228134e-01 5.231018343943393267e-01
9.263991406742317913e-01 5.022957655879155547e-01
9.218334212237928593e-01 4.933788789565911603e-01
9.175187986602488799e-01 4.755451056939422605e-01
8.984573381077799459e-01 4.458221502561940941e-01
8.900250648803318398e-01 4.378266752434398779e-01
8.775838849613886161e-01 4.339329680810948275e-01
8.754543552037834520e-01 4.309606725373200109e-01
8.757755303616465703e-01 4.279883769935451943e-01
8.878110079956832434e-01 4.101546037308962944e-01
9.096692363378253710e-01 3.834039438369230002e-01
9.323954411523054375e-01 3.477363973116252005e-01
9.613601579309274392e-01 3.144974337306312151e-01
9.785609423277723540e-01 2.912627819799037399e-01
9.804323876701491747e-01 2.853181908923541066e-01
9.810916275792170849e-01 2.585675309983807013e-01
9.843954483951822265e-01 2.347891666481822237e-01
9.888173470935028853e-01 2.258722800168577738e-01
9.934760631708671186e-01 1.991216201228844240e-01
1.000000000000000000e+00 1.911800179668610711e-01
1.000000000000000000e+00 1.591442450591131763e-01
9.910831133686754946e-01 1.504365199660543939e-01
9.762216356498014669e-01 1.419528711559251977e-01
9.524432712996029338e-01 1.367789805394720171e-01
9.435263846682784283e-01 1.327937018729555829e-01
8.781358827052325733e-01 1.330359845246008033e-01
8.692189960739080679e-01 1.374464875895570204e-01
8.484129272674844069e-01 1.393161573670927411e-01
8.394960406361600125e-01 1.432481798528867367e-01
8.331403873989393638e-01 1.485925958787125412e-01
8.296735327063415877e-01 1.545371869662621744e-01
8.292260940931170943e-01 1.783155513164607076e-01
8.324179470107300194e-01 1.902047334915599741e-01
8.442688613651060381e-01 2.080385067542088740e-01
8.543831415924802997e-01 2.199276889293081405e-01
8.584044130569429276e-01 2.347891666481822237e-01
8.586828738105272141e-01 2.466783488232814903e-01
8.571297555449008954e-01 2.526229399108310680e-01
8.454406317237095347e-01 2.616153933780142049e-01
8.097730851984117351e-01 2.759580672062562079e-01
7.919393119357629462e-01 2.887416384383090229e-01
7.711332431293391743e-01 2.997815933151869450e-01
7.532994698666903854e-01 3.154539651556265700e-01
7.503271743229155133e-01 3.162144208868554185e-01
7.443825832353658800e-01 3.134063837810260322e-01
7.350145446018613304e-01 3.031519641550029509e-01
7.257935545476594807e-01 2.793735998048044733e-01
7.225019152708082038e-01 2.615398265421555735e-01
7.212993525204050016e-01 2.347891666481822237e-01
7.079719628241243345e-01 2.080385067542088740e-01
7.070514384579553724e-01 1.664263691413614410e-01
7.038079450104398616e-01 1.575094825100369911e-01
6.968258545349688138e-01 1.515919122910671102e-01
6.819643768160947861e-01 1.468041807633903573e-01
6.730474901847702807e-01 1.419528711559251977e-01
6.373799436594724810e-01 1.407503084055221620e-01
6.254907614843732144e-01 1.383226493356696785e-01
6.106292837654991867e-01 1.386468377130044560e-01
5.927955105028502869e-01 1.419414755225608116e-01
5.676834237932656402e-01 1.515648914224873578e-01
5.653472710424808367e-01 1.545371869662621744e-01
5.643637982111682216e-01 1.634540735975866244e-01
5.657173943201559974e-01 1.723709602289110743e-01
5.724523401827521507e-01 1.872324379477851575e-01
5.779088438386899007e-01 2.080385067542088740e-01
5.872104712955960037e-01 2.288445755606325904e-01
5.921003768676126322e-01 2.793735998048044733e-01
5.965230614716826585e-01 2.882904864361288677e-01
6.017389354872442198e-01 3.120688507863274008e-01
6.086401321323575697e-01 3.239580329614266674e-01
6.099341501302615320e-01 3.417918062240755672e-01
6.143568347343315583e-01 3.507086928554000171e-01
6.165429134411345435e-01 3.685424661180488615e-01
6.142384997829399840e-01 3.715147616618237336e-01
5.868509194153006536e-01 3.737919235703609511e-01
5.779340327839761482e-01 3.782024266353170572e-01
5.571279639775524872e-01 3.794027767587646038e-01
5.422664862586784595e-01 3.826608699509792544e-01
5.155158263647050543e-01 3.957213380818880855e-01
5.095712352771554210e-01 3.930639043541911404e-01
5.083405191535611545e-01 3.893485349244726335e-01
5.091637431461540908e-01 3.655701705742741003e-01
5.162109599999427090e-01 3.507086928554000171e-01
5.174135227503459111e-01 3.239580329614266674e-01
5.207051620271971881e-01 3.061242596987777675e-01
5.252716673833852656e-01 2.972073730674533176e-01
5.296589993271668684e-01 2.793735998048044733e-01
5.372275164696226346e-01 2.674844176297052067e-01
5.385511168289598416e-01 2.496506443670563069e-01
5.429616198939160032e-01 2.407337577357318570e-01
5.441641826443193164e-01 2.080385067542088740e-01
5.474558219211704824e-01 1.902047334915599741e-01
5.518899021586051168e-01 1.812878468602355242e-01
5.554853795980979614e-01 1.604817780538118077e-01
5.557544031580807786e-01 1.426480047911629079e-01
5.577084904509460594e-01 1.307588226160636413e-01
5.551689510055191068e-01 1.069804582658651637e-01
5.529614425456538251e-01 1.010358671783155304e-01
5.392941907149035874e-01 8.848888189106934865e-02
5.125435308209302931e-01 8.378143965724982323e-02
5.046019286649069402e-01 7.725750282811699732e-02
