8.353960396039603609e-01 1.027227722772277030e-01
8.329207920792078834e-01 1.076732673267326579e-01
8.205445544554454962e-01 1.101485148514851353e-01
8.118811881188119361e-01 1.188118811881188064e-01
8.118811881188119361e-01 1.287128712871287162e-01
8.069306930693069813e-01 1.311881188118811936e-01
8.044554455445545038e-01 1.435643564356435808e-01
7.995049504950495489e-01 1.460396039603960583e-01
7.970297029702970715e-01 1.683168316831682998e-01
7.920792079207921166e-01 1.707920792079207772e-01
7.896039603960396391e-01 1.905940594059405968e-01
7.821782178217822068e-01 1.980198019801980291e-01
7.821782178217822068e-01 2.301980198019801804e-01
7.747524752475247745e-01 2.376237623762376128e-01
7.747524752475247745e-01 3.242574257425742679e-01
7.698019801980198196e-01 3.267326732673267453e-01
7.673267326732673421e-01 4.158415841584158223e-01
7.586633663366336711e-01 4.368811881188118806e-01
7.388613861386138515e-01 4.467821782178217904e-01
7.103960396039603609e-01 4.826732673267326579e-01
7.079207920792078834e-01 5.470297029702970715e-01
7.029702970297029285e-01 5.495049504950495489e-01
6.992574257425743234e-01 5.655940594059405413e-01
6.806930693069306315e-01 5.618811881188119361e-01
6.881188118811880639e-01 5.420792079207921166e-01
6.881188118811880639e-01 4.504950495049505066e-01
7.004950495049504511e-01 4.183168316831682998e-01
7.079207920792078834e-01 3.688118811881188064e-01
7.153465346534653158e-01 3.539603960396039417e-01
7.277227722772277030e-01 2.846534653465346842e-01
7.351485148514851353e-01 2.698019801980198196e-01
7.400990099009900902e-01 2.400990099009900902e-01
7.512376237623762387e-01 2.190594059405940319e-01
7.561881188118811936e-01 2.190594059405940319e-01
7.722772277227722970e-01 2.004950495049505066e-01
7.722772277227722970e-01 1.905940594059405968e-01
7.586633663366336711e-01 1.769801980198019709e-01
7.190594059405940319e-01 1.571782178217821513e-01
6.844059405940594587e-01 1.547029702970297294e-01
6.720297029702970715e-01 1.596534653465346287e-01
6.584158415841584455e-01 1.732673267326732547e-01
6.435643564356435808e-01 2.549504950495049549e-01
6.349009900990099098e-01 2.735148514851485357e-01
6.287128712871287162e-01 2.648514851485148647e-01
6.287128712871287162e-01 2.079207920792079389e-01
6.361386138613861485e-01 1.930693069306930743e-01
6.386138613861386260e-01 1.633663366336633449e-01
6.250000000000000000e-01 1.497524752475247745e-01
6.051980198019801804e-01 1.448019801980198196e-01
5.284653465346534906e-01 1.472772277227722970e-01
5.198019801980198196e-01 1.559405940594059681e-01
5.198019801980198196e-01 1.658415841584158223e-01
5.247524752475247745e-01 1.707920792079207772e-01
5.198019801980198196e-01 1.757425742574257321e-01
5.222772277227722970e-01 2.202970297029702706e-01
5.173267326732673421e-01 2.227722772277227481e-01
5.173267326732673421e-01 2.698019801980198196e-01
4.975247524752475226e-01 2.995049504950494934e-01
4.950495049504950451e-01 3.168316831683168355e-01
4.801980198019801804e-01 3.514851485148514643e-01
4.517326732673267453e-01 3.799504950495049549e-01
4.393564356435643581e-01 3.849009900990099098e-01
3.106435643564356419e-01 3.873762376237623872e-01
3.069306930693069257e-01 3.836633663366336711e-01
3.069306930693069257e-01 3.613861386138613740e-01
3.019801980198019709e-01 3.564356435643564192e-01
3.019801980198019709e-01 3.415841584158415545e-01
3.069306930693069257e-01 3.391089108910890770e-01
3.094059405940594032e-01 3.267326732673267453e-01
3.143564356435643581e-01 3.242574257425742679e-01
3.168316831683168355e-01 3.044554455445544483e-01
3.217821782178217904e-01 3.019801980198019709e-01
3.242574257425742679e-01 2.797029702970297294e-01
3.329207920792078834e-01 2.586633663366336711e-01
3.452970297029702706e-01 2.586633663366336711e-01
3.663366336633663289e-01 2.376237623762376128e-01
3.663366336633663289e-01 2.202970297029702706e-01
3.576732673267326579e-01 2.066831683168317002e-01
3.452970297029702706e-01 2.042079207920792228e-01
3.428217821782177932e-01 1.992574257425742679e-01
3.155940594059405968e-01 1.967821782178217904e-01
3.131188118811881194e-01 1.918316831683168355e-01
3.032178217821782096e-01 1.918316831683168355e-01
2.933168316831683553e-01 1.844059405940594032e-01
2.685643564356435808e-01 1.819306930693069257e-01
2.636138613861386260e-01 1.769801980198019709e-01
2.487623762376237613e-01 1.769801980198019709e-01
2.326732673267326579e-01 1.930693069306930743e-01
2.326732673267326579e-01 2.054455445544554615e-01
2.277227722772277030e-01 2.079207920792079389e-01
2.252475247524752255e-01 2.450495049504950451e-01
2.054455445544554615e-01 2.797029702970297294e-01
2.054455445544554615e-01 2.920792079207921166e-01
1.980198019801980291e-01 3.019801980198019709e-01
1.955445544554455517e-01 3.168316831683168355e-01
1.905940594059405968e-01 3.193069306930693130e-01
1.905940594059405968e-01 3.267326732673267453e-01
1.868811881188118806e-01 3.279702970297029840e-01
1.485148514851485357e-01 2.772277227722772519e-01
1.361386138613861485e-01 2.376237623762376128e-01
1.311881188118811936e-01 2.351485148514851353e-01
1.311881188118811936e-01 2.153465346534653713e-01
1.361386138613861485e-01 2.128712871287128938e-01
1.386138613861386260e-01 2.004950495049505066e-01
1.460396039603960583e-01 1.955445544554455517e-01
1.460396039603960583e-01 1.707920792079207772e-01
1.373762376237623872e-01 1.621287128712871062e-01
8.539603960396041638e-02 1.621287128712871062e-01
8.292079207920793893e-02 1.670792079207920611e-01
5.569306930693068702e-02 1.695544554455445385e-01
5.321782178217820958e-02 1.745049504950494934e-01
4.331683168316829979e-02 1.769801980198019709e-01
2.722772277227725191e-02 1.905940594059405968e-01
2.722772277227725191e-02 2.103960396039604164e-01
1.980198019801981957e-02 2.153465346534653713e-01
2.475247524752477446e-02 2.351485148514851353e-01
3.217821782178215129e-02 2.425742574257425677e-01
3.465346534653462873e-02 2.722772277227722970e-01
3.960396039603958362e-02 2.747524752475247745e-01
3.960396039603958362e-02 2.846534653465346842e-01
4.950495049504949341e-02 2.970297029702970160e-01
4.950495049504949341e-02 3.044554455445544483e-01
5.693069306930692575e-02 3.143564356435643581e-01
5.693069306930692575e-02 3.242574257425742679e-01
6.188118811881188064e-02 3.267326732673267453e-01
6.435643564356435808e-02 3.465346534653465094e-01
6.930693069306931298e-02 3.490099009900989868e-01
7.178217821782179042e-02 3.762376237623762387e-01
7.673267326732674531e-02 3.787128712871287162e-01
7.178217821782179042e-02 3.910891089108911034e-01
6.930693069306931298e-02 4.975247524752475226e-01
5.321782178217820958e-02 5.259900990099010132e-01
4.950495049504949341e-02 5.247524752475247745e-01
4.950495049504949341e-02 4.900990099009900902e-01
5.693069306930692575e-02 4.678217821782177932e-01
5.940594059405940319e-02 3.910891089108911034e-01
4.950495049504949341e-02 3.465346534653465094e-01
2.722772277227725191e-02 2.995049504950494934e-01
1.856435643564358084e-02 2.908415841584158779e-01
8.663366336633671061e-03 2.908415841584158779e-01
0.000000000000000000e+00 2.995049504950494934e-01
0.000000000000000000e+00 3.118811881188118806e-01
2.227722772277229701e-02 3.514851485148514643e-01
3.217821782178215129e-02 3.960396039603960583e-01
2.970297029702972935e-02 4.628712871287128938e-01
2.475247524752477446e-02 4.702970297029702706e-01
1.980198019801981957e-02 5.297029702970297294e-01
2.475247524752477446e-02 5.346534653465346842e-01
2.722772277227725191e-02 6.980198019801979736e-01
3.217821782178215129e-02 7.004950495049504511e-01
3.217821782178215129e-02 7.079207920792078834e-01
5.693069306930692575e-02 7.277227722772277030e-01
9.034653465346537127e-02 7.685643564356435808e-01
1.027227722772277030e-01 7.735148514851485357e-01
1.250000000000000000e-01 7.957920792079207217e-01
1.596534653465346287e-01 8.081683168316831090e-01
2.165841584158416100e-01 8.403465346534653158e-01
2.413366336633663289e-01 8.428217821782177932e-01
2.487623762376237613e-01 8.477722772277227481e-01
2.809405940594059681e-01 8.502475247524752255e-01
2.908415841584158779e-01 8.551980198019801804e-01
3.551980198019801804e-01 8.601485148514851353e-01
3.849009900990099098e-01 8.551980198019801804e-01
3.972772277227722970e-01 8.477722772277227481e-01
4.071782178217822068e-01 8.477722772277227481e-01
4.146039603960395836e-01 8.403465346534653158e-01
4.566831683168317002e-01 8.452970297029702706e-01
4.690594059405940319e-01 8.428217821782177932e-01
4.777227722772277030e-01 8.514851485148514643e-01
4.777227722772277030e-01 8.613861386138613740e-01
4.900990099009900902e-01 8.811881188118811936e-01
5.037128712871287162e-01 8.923267326732673421e-01
5.383663366336634004e-01 8.923267326732673421e-01
5.433168316831683553e-01 8.972772277227722970e-01
5.532178217821782651e-01 8.972772277227722970e-01
5.556930693069307425e-01 8.923267326732673421e-01
5.655940594059405413e-01 8.972772277227722970e-01
5.903465346534653158e-01 8.972772277227722970e-01
5.928217821782177932e-01 8.923267326732673421e-01
6.051980198019801804e-01 8.923267326732673421e-01
6.101485148514851353e-01 8.972772277227722970e-01
6.472772277227722970e-01 8.972772277227722970e-01
6.497524752475247745e-01 8.923267326732673421e-01
6.621287128712871617e-01 8.972772277227722970e-01
7.091584158415841221e-01 8.972772277227722970e-01
7.141089108910890770e-01 8.923267326732673421e-01
7.438118811881188064e-01 8.898514851485148647e-01
7.586633663366336711e-01 8.824257425742574323e-01
7.784653465346534906e-01 8.799504950495049549e-01
8.217821782178218459e-01 8.415841584158416655e-01
8.316831683168317557e-01 8.044554455445545038e-01
8.514851485148514643e-01 7.821782178217822068e-01
8.589108910891088966e-01 7.574257425742574323e-01
8.589108910891088966e-01 6.881188118811880639e-01
8.638613861386138515e-01 6.782178217821781541e-01
8.787128712871287162e-01 6.683168316831683553e-01
8.811881188118811936e-01 6.460396039603960583e-01
8.861386138613861485e-01 6.435643564356435808e-01
8.886138613861386260e-01 5.915841584158415545e-01
8.935643564356435808e-01 5.866336633663365996e-01
8.960396039603960583e-01 5.544554455445545038e-01
9.009900990099010132e-01 5.495049504950495489e-01
9.034653465346534906e-01 5.198019801980198196e-01
9.084158415841583345e-01 5.173267326732673421e-01
9.084158415841583345e-01 5.074257425742574323e-01
9.158415841584157668e-01 5.024752475247524774e-01
9.331683168316831090e-01 4.678217821782177932e-01
9.455445544554454962e-01 4.579207920792079389e-01
9.455445544554454962e-01 4.529702970297029840e-01
9.529702970297029285e-01 4.504950495049505066e-01
9.628712871287128383e-01 4.306930693069306870e-01
9.740099009900989868e-01 4.245049504950494934e-01
9.839108910891088966e-01 4.071782178217822068e-01
1.000000000000000000e+00 4.009900990099010132e-01
1.000000000000000000e+00 3.811881188118811936e-01
9.839108910891088966e-01 3.799504950495049549e-01
9.814356435643564192e-01 3.849009900990099098e-01
9.690594059405940319e-01 3.873762376237623872e-01
9.294554455445545038e-01 4.245049504950494934e-01
9.245049504950495489e-01 4.245049504950494934e-01
8.861386138613861485e-01 4.628712871287128938e-01
8.861386138613861485e-01 4.678217821782177932e-01
8.700495049504950451e-01 4.839108910891088966e-01
8.638613861386138515e-01 4.801980198019801804e-01
8.638613861386138515e-01 4.529702970297029840e-01
8.589108910891088966e-01 4.504950495049505066e-01
8.650990099009900902e-01 4.393564356435643581e-01
9.022277227722772519e-01 4.368811881188118806e-01
9.084158415841583345e-01 4.306930693069306870e-01
9.084158415841583345e-01 4.232673267326732547e-01
8.997524752475247745e-01 4.146039603960395836e-01
8.873762376237623872e-01 4.146039603960395836e-01
8.824257425742574323e-01 4.096534653465346842e-01
8.725247524752475226e-01 4.096534653465346842e-01
8.650990099009900902e-01 4.170792079207920611e-01
8.564356435643564192e-01 4.158415841584158223e-01
8.564356435643564192e-01 3.391089108910890770e-01
8.514851485148514643e-01 3.341584158415841221e-01
8.490099009900989868e-01 2.599009900990099098e-01
8.440594059405940319e-01 2.574257425742574323e-01
8.440594059405940319e-01 2.128712871287128938e-01
8.490099009900989868e-01 2.079207920792079389e-01
8.490099009900989868e-01 1.980198019801980291e-01
8.564356435643564192e-01 1.905940594059405968e-01
8.589108910891088966e-01 1.707920792079207772e-01
8.663366336633663289e-01 1.658415841584158223e-01
8.663366336633663289e-01 1.559405940594059681e-01
8.700495049504950451e-01 1.547029702970297294e-01
8.750000000000000000e-01 1.621287128712871062e-01
8.849009900990099098e-01 1.621287128712871062e-01
8.935643564356435808e-01 1.534653465346534906e-01
8.886138613861386260e-01 1.410891089108911034e-01
8.935643564356435808e-01 1.361386138613861485e-01
8.960396039603960583e-01 1.188118811881188064e-01
8.849009900990099098e-01 1.076732673267326579e-01
8.477722772277227481e-01 1.076732673267326579e-01
