5.167785234899329172e-01 0.000000000000000000e+00
4.966442953020134277e-01 0.000000000000000000e+00
4.899328859060402830e-01 3.355704697986572338e-03
4.798657718120805660e-01 1.342281879194628935e-02
4.731543624161073658e-01 1.342281879194628935e-02
4.664429530201342211e-01 2.013422818791948954e-02
4.614093959731543348e-01 2.181208053691274795e-02
4.597315436241610764e-01 2.684563758389263421e-02
4.496644295302013594e-01 3.020134228187920655e-02
4.362416107382550146e-01 4.362416107382549590e-02
4.261744966442952975e-01 4.697986577181206824e-02
4.026845637583892357e-01 7.046979865771813012e-02
3.993288590604027188e-01 7.046979865771813012e-02
3.439597315436241365e-01 1.258389261744966570e-01
3.372483221476509918e-01 1.392617449664429463e-01
3.372483221476509918e-01 1.459731543624160910e-01
3.338926174496644195e-01 1.493288590604026633e-01
3.338926174496644195e-01 1.963087248322147871e-01
3.372483221476509918e-01 1.996644295302013594e-01
3.372483221476509918e-01 2.130872483221476488e-01
3.406040268456376197e-01 2.164429530201342211e-01
3.406040268456376197e-01 2.265100671140939381e-01
3.322147651006711611e-01 2.348993288590603967e-01
3.288590604026845332e-01 2.348993288590603967e-01
3.238255033557047025e-01 2.399328859060402830e-01
3.238255033557047025e-01 2.432885906040268553e-01
3.187919463087248717e-01 2.483221476510066861e-01
3.154362416107382439e-01 2.483221476510066861e-01
3.104026845637584131e-01 2.533557046979865723e-01
3.070469798657717853e-01 2.634228187919462894e-01
3.003355704697986406e-01 2.701342281879194340e-01
2.969798657718120682e-01 2.802013422818792066e-01
2.902684563758389236e-01 2.869127516778523512e-01
2.902684563758389236e-01 2.936241610738254959e-01
2.869127516778523512e-01 2.969798657718120682e-01
2.869127516778523512e-01 3.540268456375839090e-01
2.818791946308725205e-01 3.590604026845637398e-01
2.785234899328858926e-01 3.590604026845637398e-01
2.718120805369127480e-01 3.657718120805368844e-01
2.684563758389261756e-01 3.657718120805368844e-01
2.567114093959731447e-01 3.775167785234899154e-01
2.567114093959731447e-01 3.808724832214764877e-01
2.466442953020134277e-01 3.909395973154362602e-01
2.466442953020134277e-01 3.976510067114094049e-01
2.399328859060402830e-01 4.010067114093959773e-01
2.332214765100671383e-01 4.144295302013422666e-01
2.332214765100671383e-01 4.211409395973154668e-01
2.298657718120805105e-01 4.244966442953019836e-01
2.298657718120805105e-01 4.345637583892617561e-01
2.265100671140939381e-01 4.379194630872483285e-01
2.265100671140939381e-01 4.446308724832214732e-01
2.197986577181207934e-01 4.546979865771811902e-01
2.197986577181207934e-01 4.614093959731543348e-01
2.130872483221476488e-01 4.714765100671141074e-01
2.130872483221476488e-01 4.781879194630872520e-01
2.097315436241610764e-01 4.815436241610738244e-01
2.097315436241610764e-01 4.882550335570469691e-01
2.063758389261745041e-01 4.916107382550335414e-01
2.063758389261745041e-01 4.983221476510066861e-01
1.996644295302013594e-01 5.050335570469798308e-01
1.996644295302013594e-01 5.151006711409396033e-01
1.963087248322147871e-01 5.184563758389262311e-01
1.963087248322147871e-01 5.318791946308725205e-01
2.063758389261745041e-01 5.453020134228188098e-01
2.114093959731543348e-01 5.570469798657717853e-01
2.382550335570469691e-01 5.436241610738254959e-01
2.449664429530201137e-01 5.436241610738254959e-01
2.466442953020134277e-01 5.486577181208053267e-01
2.332214765100671383e-01 5.721476510067113885e-01
2.332214765100671383e-01 5.855704697986576779e-01
2.298657718120805105e-01 5.889261744966443057e-01
2.298657718120805105e-01 6.023489932885905951e-01
2.265100671140939381e-01 6.057046979865772229e-01
2.265100671140939381e-01 7.231543624161074213e-01
2.298657718120805105e-01 7.265100671140939381e-01
2.298657718120805105e-01 7.332214765100670828e-01
2.332214765100671383e-01 7.365771812080537106e-01
2.332214765100671383e-01 7.533557046979866278e-01
2.365771812080537106e-01 7.567114093959731447e-01
2.365771812080537106e-01 7.701342281879195451e-01
2.399328859060402830e-01 7.734899328859060619e-01
2.399328859060402830e-01 7.902684563758388681e-01
2.432885906040268553e-01 7.936241610738254959e-01
2.432885906040268553e-01 8.036912751677851574e-01
2.466442953020134277e-01 8.070469798657717853e-01
2.466442953020134277e-01 8.238255033557047025e-01
2.533557046979865723e-01 8.338926174496643640e-01
2.533557046979865723e-01 8.406040268456376197e-01
2.567114093959731447e-01 8.439597315436241365e-01
2.567114093959731447e-01 8.506711409395972812e-01
2.634228187919462894e-01 8.573825503355705369e-01
2.634228187919462894e-01 8.640939597315435705e-01
2.701342281879194340e-01 8.708053691275168262e-01
2.734899328859060619e-01 8.808724832214764877e-01
2.869127516778523512e-01 8.942953020134227771e-01
2.869127516778523512e-01 8.976510067114094049e-01
2.969798657718120682e-01 9.077181208053690664e-01
3.003355704697986406e-01 9.177852348993288389e-01
3.104026845637584131e-01 9.278523489932886115e-01
3.104026845637584131e-01 9.312080536912752393e-01
3.154362416107382439e-01 9.362416107382549590e-01
3.187919463087248717e-01 9.362416107382549590e-01
3.355704697986576779e-01 9.530201342281878762e-01
3.389261744966443057e-01 9.530201342281878762e-01
3.489932885906040227e-01 9.630872483221476488e-01
3.523489932885905951e-01 9.630872483221476488e-01
3.590604026845637398e-01 9.697986577181207934e-01
3.624161073825503676e-01 9.697986577181207934e-01
3.691275167785235123e-01 9.765100671140939381e-01
3.758389261744966570e-01 9.765100671140939381e-01
3.825503355704698016e-01 9.832214765100670828e-01
3.892617449664429463e-01 9.832214765100670828e-01
4.026845637583892357e-01 9.932885906040268553e-01
4.127516778523490082e-01 9.932885906040268553e-01
4.161073825503355805e-01 9.966442953020133722e-01
4.697986577181207934e-01 9.966442953020133722e-01
4.731543624161073658e-01 1.000000000000000000e+00
5.033557046979866278e-01 1.000000000000000000e+00
5.067114093959731447e-01 9.966442953020133722e-01
5.234899328859060619e-01 9.966442953020133722e-01
5.268456375838925787e-01 9.932885906040268553e-01
5.369127516778523512e-01 9.932885906040268553e-01
5.402684563758388681e-01 9.899328859060403385e-01
5.503355704697986406e-01 9.899328859060403385e-01
5.637583892617449299e-01 9.798657718120804549e-01
5.671140939597315578e-01 9.798657718120804549e-01
5.738255033557047025e-01 9.731543624161074213e-01
5.771812080536913303e-01 9.731543624161074213e-01
5.889261744966443057e-01 9.614093959731543348e-01
5.889261744966443057e-01 9.580536912751678180e-01
5.939597315436241365e-01 9.530201342281878762e-01
6.006711409395972812e-01 9.530201342281878762e-01
6.040268456375839090e-01 9.563758389261745041e-01
6.073825503355704258e-01 9.563758389261745041e-01
6.107382550335570537e-01 9.597315436241611319e-01
6.409395973154362602e-01 9.597315436241611319e-01
6.442953020134227771e-01 9.563758389261745041e-01
6.543624161073825496e-01 9.563758389261745041e-01
6.577181208053690664e-01 9.530201342281878762e-01
6.610738255033556943e-01 9.530201342281878762e-01
6.744966442953019836e-01 9.395973154362415869e-01
6.812080536912751283e-01 9.395973154362415869e-01
6.845637583892617561e-01 9.362416107382549590e-01
6.879194630872482730e-01 9.362416107382549590e-01
7.046979865771811902e-01 9.194630872483221529e-01
7.080536912751678180e-01 9.194630872483221529e-01
7.130872483221476488e-01 9.144295302013423221e-01
7.130872483221476488e-01 9.110738255033556943e-01
7.197986577181207934e-01 9.043624161073825496e-01
7.197986577181207934e-01 9.010067114093960328e-01
7.231543624161074213e-01 8.976510067114094049e-01
7.231543624161074213e-01 8.942953020134227771e-01
7.298657718120805660e-01 8.875838926174497434e-01
7.298657718120805660e-01 8.842281879194631156e-01
7.365771812080537106e-01 8.775167785234898599e-01
7.365771812080537106e-01 8.708053691275168262e-01
7.399328859060402275e-01 8.674496644295301984e-01
7.399328859060402275e-01 8.607382550335570537e-01
7.432885906040268553e-01 8.573825503355705369e-01
7.432885906040268553e-01 8.540268456375839090e-01
7.500000000000000000e-01 8.473154362416107643e-01
7.500000000000000000e-01 8.439597315436241365e-01
7.533557046979866278e-01 8.406040268456376197e-01
7.533557046979866278e-01 8.372483221476509918e-01
7.567114093959731447e-01 8.338926174496643640e-01
7.567114093959731447e-01 8.271812080536913303e-01
7.600671140939596615e-01 8.238255033557047025e-01
7.600671140939596615e-01 8.204697986577180746e-01
7.667785234899329172e-01 8.137583892617450410e-01
7.667785234899329172e-01 6.862416107382550701e-01
7.701342281879195451e-01 6.828859060402684422e-01
7.701342281879195451e-01 6.224832214765100291e-01
7.734899328859060619e-01 6.191275167785235123e-01
7.734899328859060619e-01 6.090604026845637398e-01
7.785234899328858926e-01 6.006711409395972812e-01
7.953020134228188098e-01 6.006711409395972812e-01
7.969798657718121238e-01 5.956375838926174504e-01
8.036912751677851574e-01 5.889261744966443057e-01
8.036912751677851574e-01 5.788590604026845332e-01
8.003355704697986406e-01 5.755033557046980164e-01
8.003355704697986406e-01 5.587248322147650992e-01
7.969798657718121238e-01 5.553691275167784713e-01
7.969798657718121238e-01 5.352348993288590373e-01
7.936241610738254959e-01 5.318791946308725205e-01
7.936241610738254959e-01 4.681208053691275350e-01
7.902684563758388681e-01 4.647651006711409627e-01
7.902684563758388681e-01 4.446308724832214732e-01
7.869127516778523512e-01 4.412751677852349008e-01
7.869127516778523512e-01 4.278523489932886115e-01
7.802013422818792066e-01 4.211409395973154668e-01
7.718120805369127480e-01 4.026845637583892357e-01
7.667785234899329172e-01 4.010067114093959773e-01
7.651006711409396033e-01 3.959731543624160910e-01
7.449664429530201692e-01 3.959731543624160910e-01
7.432885906040268553e-01 3.942953020134228326e-01
7.432885906040268553e-01 3.607382550335570537e-01
7.399328859060402275e-01 3.573825503355704813e-01
7.399328859060402275e-01 3.439597315436241365e-01
7.365771812080537106e-01 3.406040268456376197e-01
7.365771812080537106e-01 3.271812080536912748e-01
7.332214765100670828e-01 3.238255033557047025e-01
7.332214765100670828e-01 3.171140939597315578e-01
7.298657718120805660e-01 3.137583892617449299e-01
7.298657718120805660e-01 3.104026845637584131e-01
7.231543624161074213e-01 3.036912751677852684e-01
7.231543624161074213e-01 2.969798657718120682e-01
7.197986577181207934e-01 2.936241610738254959e-01
7.197986577181207934e-01 2.902684563758389236e-01
7.130872483221476488e-01 2.835570469798657789e-01
7.130872483221476488e-01 2.802013422818792066e-01
7.097315436241611319e-01 2.768456375838925787e-01
7.097315436241611319e-01 2.701342281879194340e-01
7.063758389261745041e-01 2.667785234899329172e-01
7.063758389261745041e-01 1.929530201342282147e-01
7.030201342281878762e-01 1.895973154362415869e-01
7.030201342281878762e-01 1.795302013422818699e-01
6.996644295302013594e-01 1.761744966442952975e-01
6.996644295302013594e-01 1.694630872483221529e-01
6.929530201342282147e-01 1.627516778523490082e-01
6.929530201342282147e-01 1.526845637583892357e-01
6.895973154362415869e-01 1.493288590604026633e-01
6.895973154362415869e-01 1.459731543624160910e-01
6.828859060402684422e-01 1.392617449664429463e-01
6.828859060402684422e-01 1.359060402684563740e-01
6.795302013422819254e-01 1.325503355704698016e-01
6.795302013422819254e-01 1.291946308724832293e-01
6.728187919463086697e-01 1.224832214765100846e-01
6.728187919463086697e-01 1.191275167785235123e-01
6.661073825503356360e-01 1.124161073825503121e-01
6.661073825503356360e-01 1.090604026845637398e-01
6.560402684563758635e-01 9.899328859060402275e-02
6.560402684563758635e-01 9.563758389261745041e-02
6.459731543624160910e-01 8.557046979865773340e-02
6.459731543624160910e-01 8.221476510067116106e-02
6.291946308724831738e-01 6.543624161073824386e-02
6.275167785234899709e-01 6.040268456375841311e-02
6.157718120805368844e-01 5.536912751677852684e-02
6.157718120805368844e-01 5.201342281879195451e-02
6.073825503355704258e-01 4.362416107382549590e-02
6.040268456375839090e-01 4.362416107382549590e-02
6.006711409395972812e-01 4.026845637583892357e-02
5.973154362416107643e-01 4.026845637583892357e-02
5.939597315436241365e-01 3.691275167785235123e-02
5.906040268456376197e-01 3.691275167785235123e-02
5.805369127516778471e-01 2.684563758389263421e-02
5.771812080536913303e-01 2.684563758389263421e-02
5.704697986577180746e-01 2.013422818791948954e-02
5.637583892617449299e-01 2.013422818791948954e-02
5.604026845637584131e-01 1.677852348993286169e-02
5.570469798657717853e-01 1.677852348993286169e-02
5.536912751677852684e-01 1.342281879194628935e-02
5.469798657718121238e-01 1.342281879194628935e-02
5.402684563758388681e-01 6.711409395973144676e-03
5.302013422818792066e-01 6.711409395973144676e-03
5.268456375838925787e-01 3.355704697986572338e-03
5.201342281879194340e-01 3.355704697986572338e-03
