5.169689378757514886e-01 1.075166205426691945e-03
5.102555110220440282e-01 0.000000000000000000e+00
5.035420841683365678e-01 0.000000000000000000e+00
5.001853707414829486e-01 3.837219894335386350e-04
4.968286573146292184e-01 1.225401622917954292e-03
4.934719438877754882e-01 2.618987975951947433e-03
4.901152304609218135e-01 4.435209705124620871e-03
4.834018036072143532e-01 9.577952200697736895e-03
4.800450901803606785e-01 1.174542066589318035e-02
4.733316633266532736e-01 1.481022389606800882e-02
4.699749498997995434e-01 1.678311981105062856e-02
4.565480961923847336e-01 2.725268719256707106e-02
4.498346693386773287e-01 3.128074330479146958e-02
4.464779559118235985e-01 3.377187066440578977e-02
4.397645290581161936e-01 3.983977570525676359e-02
4.364078156312624635e-01 4.231811837961646505e-02
4.263376753507013284e-01 4.807248425422283589e-02
4.229809619238476537e-01 5.055543779867432974e-02
4.061973947895791137e-01 6.669348312008638313e-02
3.961272545090179786e-01 7.405243178665027459e-02
3.927705410821643039e-01 7.712261257208297138e-02
3.478099468167102915e-01 1.223697394789579618e-01
3.453269932722587976e-01 1.257264529058116920e-01
3.416086339345357215e-01 1.324398797595190969e-01
3.385953874963040233e-01 1.391533066132265017e-01
3.352535229188535748e-01 1.492234468937876368e-01
3.341783567134267718e-01 1.559368737474950417e-01
3.341783567134267718e-01 1.895040080160321216e-01
3.345444735625096033e-01 1.928607214428857963e-01
3.369524655371348709e-01 2.029308617234469314e-01
3.378679328353676459e-01 2.096442885771543363e-01
3.401217820255896251e-01 2.197144288577154714e-01
3.400334262274548602e-01 2.230711422845691461e-01
3.389732142857142527e-01 2.264278557114228763e-01
3.367924083461039109e-01 2.297845691382766065e-01
3.331274744611173455e-01 2.331412825651302811e-01
3.285733967935871025e-01 2.364979959919840113e-01
3.256362725450901441e-01 2.394351202404809698e-01
3.222795591182364694e-01 2.437073009655675304e-01
3.194187238112587979e-01 2.465681362725451464e-01
3.151465430861722927e-01 2.499248496993988211e-01
3.119296927187708568e-01 2.532815631262524958e-01
3.060654344403092031e-01 2.633517034068136864e-01
3.016297774119667818e-01 2.700651302605210358e-01
2.919244523529818114e-01 2.868486973947895757e-01
2.882595349429016851e-01 2.969188376753507108e-01
2.871843687374748821e-01 3.036322645290581157e-01
2.868837675350701111e-01 3.472695390781563307e-01
2.864309086923847447e-01 3.506262525050100054e-01
2.851297787883458890e-01 3.539829659318637356e-01
2.823346693386772910e-01 3.573396793587174658e-01
2.652154308617233891e-01 3.694830838146881957e-01
2.605752681834256901e-01 3.741232464929860058e-01
2.482820104494703473e-01 3.909068136272545457e-01
2.445156980627922194e-01 3.976202404809619506e-01
2.395518309345964214e-01 4.043336673346693555e-01
2.375936619000713068e-01 4.076903807615230857e-01
2.345372712638391088e-01 4.144038076152304906e-01
2.311881020104725182e-01 4.244739478957916257e-01
2.288059182881892473e-01 4.345440881763527052e-01
2.254576365846446828e-01 4.446142284569138403e-01
2.211104175564242991e-01 4.546843687374749754e-01
2.187442097309372779e-01 4.613977955911823803e-01
2.143969907027168942e-01 4.714679358717435154e-01
2.063917350830692943e-01 4.949649298597194602e-01
2.049971494713564990e-01 4.983216432865731349e-01
2.014094290275466048e-01 5.050350701402805953e-01
2.002390495276266669e-01 5.083917835671342145e-01
1.969368282018582050e-01 5.218186372745491353e-01
1.967034068136271907e-01 5.251753507014027544e-01
1.969192230615076089e-01 5.285320641282564846e-01
1.980536482801668607e-01 5.352454909819639450e-01
1.980536482801668607e-01 5.386022044088176752e-01
1.969192230615076089e-01 5.453156312625250246e-01
1.967333910244731254e-01 5.486723446893787548e-01
1.970584137024047888e-01 5.520290581162324850e-01
1.981710742914400414e-01 5.553857715430862152e-01
2.002661927628842098e-01 5.587424849699398344e-01
2.047945891783566896e-01 5.633826476482376444e-01
2.081513026052104198e-01 5.659054716576009669e-01
2.148647294589178247e-01 5.692803640067019000e-01
2.249348697394789043e-01 5.728686539746159490e-01
2.282915831663326345e-01 5.744580069229368036e-01
2.297601452905811414e-01 5.755260521042083743e-01
2.320823543639001785e-01 5.788827655310621045e-01
2.325807169895345861e-01 5.822394789579158347e-01
2.321011864999840690e-01 5.855961923847695649e-01
2.304531031760490567e-01 5.923096192384769143e-01
2.295376358778162262e-01 5.990230460921843747e-01
2.271296439031910142e-01 6.090931863727454543e-01
2.267635270541081827e-01 6.124498997995991845e-01
2.267635270541081827e-01 7.165080160320640434e-01
2.278386932595349301e-01 7.232214428857715038e-01
2.321544676654896389e-01 7.366482965931863136e-01
2.328618776013565150e-01 7.400050100200400438e-01
2.338098166029027314e-01 7.500751503006011234e-01
2.362510627315236311e-01 7.601452905811623140e-01
2.371665300297564616e-01 7.668587174348697744e-01
2.396077761583773613e-01 7.769288577154308539e-01
2.405232434566101363e-01 7.869989979959919335e-01
2.463212030120847662e-01 8.104959919839678228e-01
2.472699244643132288e-01 8.205661322645290134e-01
2.480799502230266462e-01 8.239228456913827436e-01
2.523113439994743579e-01 8.339929859719438232e-01
2.583573180844447315e-01 8.507765531062123632e-01
2.620612777278694683e-01 8.574899799599198236e-01
2.650707449381521918e-01 8.642034068136272840e-01
2.748360113083309075e-01 8.809869739478957129e-01
2.773189648527824014e-01 8.843436873747494431e-01
2.833868698936333752e-01 8.910571142284569035e-01
2.959353528485542117e-01 9.078406813627253324e-01
3.016897187231605826e-01 9.179108216432865230e-01
3.122094188376752788e-01 9.317572645290580491e-01
3.151465430861722927e-01 9.346943887775550630e-01
3.222795591182364694e-01 9.400199437336209662e-01
3.323496993987975490e-01 9.494445622013256703e-01
3.390631262525050094e-01 9.542441364209901522e-01
3.491332665330660889e-01 9.620668609947167216e-01
3.659168336673346289e-01 9.731788137678866191e-01
3.692735470941883591e-01 9.751196358233709116e-01
3.759869739478957640e-01 9.781291030336534131e-01
3.827004008016031689e-01 9.818330626770782610e-01
3.894138276553105737e-01 9.848425298873608735e-01
3.961272545090179786e-01 9.889023661357803086e-01
4.028406813627254390e-01 9.921104305384962352e-01
4.196242484969939235e-01 9.962771697240634383e-01
4.229809619238476537e-01 9.966432865731462698e-01
4.632615230460921385e-01 9.968937875751502364e-01
4.666182364729458687e-01 9.972583628796053423e-01
4.766883767535069483e-01 9.996338831509170575e-01
4.800450901803606785e-01 9.999999999999998890e-01
4.968286573146292184e-01 9.999999999999998890e-01
5.001853707414829486e-01 9.996338831509170575e-01
5.102555110220440282e-01 9.972258911762919009e-01
5.203256513026051078e-01 9.963104238780591260e-01
5.505360721442884575e-01 9.887537171116425050e-01
5.572494989979959179e-01 9.855456527089265784e-01
5.773897795591181881e-01 9.721370012752778011e-01
5.807464929859719183e-01 9.695449722975362228e-01
5.853866556642696173e-01 9.649048096192384127e-01
5.908166332665329978e-01 9.578557114228456459e-01
5.941733466933867280e-01 9.552463417400838264e-01
5.975300601202404582e-01 9.543203342168207204e-01
6.008867735470940774e-01 9.546420710273004762e-01
6.109569138276552680e-01 9.585432962699591553e-01
6.143136272545088872e-01 9.593357168883220876e-01
6.176703406813626174e-01 9.597194388777554597e-01
6.344539078156311573e-01 9.597194388777554597e-01
6.378106212424848875e-01 9.593533220286726282e-01
6.545941883767534275e-01 9.551865828431054251e-01
6.613076152304608879e-01 9.519275157457771641e-01
6.646643286573146181e-01 9.494445622013256703e-01
6.713777555110219675e-01 9.434661776382954335e-01
6.747344689378756977e-01 9.412605913581548744e-01
6.848046092184367772e-01 9.369985734180225068e-01
6.881613226452905074e-01 9.351439486115086241e-01
6.915180360721442376e-01 9.326609950670571303e-01
7.015881763527053172e-01 9.232363765993525373e-01
7.087211923847694939e-01 9.179108216432865230e-01
7.116583166332663968e-01 9.149736973947895091e-01
7.188812446321213301e-01 9.044839679358717133e-01
7.245157278843400439e-01 8.944138276553106337e-01
7.352999965448137054e-01 8.776302605210419827e-01
7.413459706297840235e-01 8.608466933867735538e-01
7.446659986639946327e-01 8.541332665330660934e-01
7.490916654738046798e-01 8.474198396793586330e-01
7.527500835003340107e-01 8.407064128256512836e-01
7.557633299385655423e-01 8.339929859719438232e-01
7.581295377640525635e-01 8.272795591182364738e-01
7.614495657982631727e-01 8.205661322645290134e-01
7.653362866083042171e-01 8.138527054108215530e-01
7.664243872360103627e-01 8.104959919839678228e-01
7.669939879759517520e-01 8.037825651302604735e-01
7.671442885771542208e-01 6.930110220440881541e-01
7.675088638816092157e-01 6.896543086172344239e-01
7.698843841529210419e-01 6.795841683366733443e-01
7.702505010020038734e-01 6.762274549098196141e-01
7.705010020040079510e-01 6.292334669338677244e-01
7.708655773084629459e-01 6.258767535070139942e-01
7.751281730126919900e-01 6.090931863727454543e-01
7.768882958224140323e-01 6.057364729458917241e-01
7.787925851703405566e-01 6.035837980308442763e-01
7.821492985971942868e-01 6.016244989979959712e-01
7.922194388777554774e-01 5.997659252932093787e-01
7.955761523046092076e-01 5.978927242239581163e-01
7.978489270207080875e-01 5.956663326653306445e-01
8.004014278557113338e-01 5.923096192384769143e-01
8.022601343036950272e-01 5.889529058116231841e-01
8.032074304859718739e-01 5.855961923847695649e-01
8.032965931863726983e-01 5.822394789579158347e-01
8.010435264468329652e-01 5.721693386773547552e-01
8.001280591486000793e-01 5.620991983967935646e-01
7.977192847232926765e-01 5.520290581162324850e-01
7.967380915677507724e-01 5.386022044088176752e-01
7.943625712964389463e-01 5.285320641282564846e-01
7.939979959919838404e-01 5.251753507014027544e-01
7.937474949899798737e-01 4.748246492985971901e-01
7.933813781408970423e-01 4.714679358717435154e-01
7.910058578695853271e-01 4.613977955911823803e-01
7.900246647140434231e-01 4.479709418837675150e-01
7.876166727394181555e-01 4.379008016032064354e-01
7.865812092935871025e-01 4.311873747494989750e-01
7.854765671694265983e-01 4.278306613226453003e-01
7.742457642557842856e-01 4.076903807615230857e-01
7.717644664328656701e-01 4.043336673346693555e-01
7.685226405191334376e-01 4.009769539078156253e-01
7.653657314629257469e-01 3.984752523915756073e-01
7.620090180360721277e-01 3.968352026633913399e-01
7.586523046092183975e-01 3.961707505920932793e-01
7.519388777555109371e-01 3.956836750423925464e-01
7.485821643286572069e-01 3.948229792919171199e-01
7.476442591064480503e-01 3.942635270541082204e-01
7.452254509018034767e-01 3.918447188494636468e-01
7.446659986639946327e-01 3.909068136272545457e-01
7.438053029135192062e-01 3.875501002004008155e-01
7.433967935871742538e-01 3.674098196392785454e-01
7.430306767380914224e-01 3.640531062124248707e-01
7.406226847634662658e-01 3.539829659318637356e-01
7.397072174652333798e-01 3.472695390781563307e-01
7.372659713366125356e-01 3.371993987975951956e-01
7.356082005280401015e-01 3.271292585170341161e-01
7.322663359505896530e-01 3.170591182364729255e-01
7.289424462961008322e-01 3.103456913827655761e-01
7.248826100476815082e-01 3.036322645290581157e-01
7.206759281274411899e-01 2.935621242484970361e-01
7.188723060155397526e-01 2.902054108216433059e-01
7.144555778223111719e-01 2.834919839679359010e-01
7.111355497881006738e-01 2.767785571142284962e-01
7.077954321341094479e-01 2.667084168336673611e-01
7.067234468937875214e-01 2.599949899799599562e-01
7.064729458917834437e-01 1.995741482965932012e-01
7.061068290427007232e-01 1.962174348697395265e-01
7.020410662595030216e-01 1.794338677354709866e-01
6.983761488494228953e-01 1.693637274549098515e-01
6.947894093271287375e-01 1.626503006012024466e-01
6.918699495765723295e-01 1.525801603206413115e-01
6.886618851738564029e-01 1.458667334669339066e-01
6.842351667620955036e-01 1.391533066132265017e-01
6.786006835098767898e-01 1.290831663326653667e-01
6.651830934596465461e-01 1.089428857715431520e-01
6.573603688859199767e-01 9.887274549098201692e-02
6.551225599346841566e-01 9.551603206412828673e-02
6.472902286053587861e-01 8.544589178356720716e-02
6.424906543856944152e-01 7.873246492985974676e-02
6.330388227435261861e-01 6.866232464929866719e-02
6.277404809619238080e-01 6.250835003340027285e-02
6.176703406813626174e-01 5.475061233578271125e-02
6.109569138276552680e-01 4.739172221995024969e-02
6.076002004008015378e-01 4.471577082736910569e-02
5.908166332665329978e-01 3.560469152590906017e-02
5.807464929859719183e-01 2.786299872472230987e-02
5.706763527054107277e-01 2.152365074977541370e-02
5.471793587174348383e-01 1.180075668578545178e-02
5.404659318637273779e-01 8.213036241975613105e-03
5.371092184368736477e-01 7.042656742055675156e-03
5.303957915831662984e-01 5.399104660934739286e-03
