5.166658399880957875e-01 1.064447074069607702e-03
5.100193442785576625e-01 0.000000000000000000e+00
5.033728485690194265e-01 0.000000000000000000e+00
5.000496007142503085e-01 3.798963795988985481e-04
4.967263528594811905e-01 1.213184682974211004e-03
4.900798571499429546e-01 4.390991801710653064e-03
4.834333614404047741e-01 9.482462473385633306e-03
4.801101135856356561e-01 1.162832183379930440e-02
4.734636178760974201e-01 1.466256976169422188e-02
4.701403700213283021e-01 1.661579641032540078e-02
4.568473786022518857e-01 2.698098488981892640e-02
4.502008828927136497e-01 3.096888231554179027e-02
4.468776350379445872e-01 3.343517377419469305e-02
4.402311393284063512e-01 3.944258335781580804e-02
4.369078914736372332e-01 4.189621759124767530e-02
4.269381479093299347e-01 4.759321391370902044e-02
4.236149000545608168e-01 5.005141304804022750e-02
4.069986607807152823e-01 6.602856619596869647e-02
3.970289172164079283e-01 7.331414803142399794e-02
3.937056693616388658e-01 7.635371990172989953e-02
3.491933206915102672e-01 1.211497445563216591e-01
3.467351215571790046e-01 1.244729924110907771e-01
3.430538333085330072e-01 1.311194881206289575e-01
3.400706281645865525e-01 1.377659838301671935e-01
3.367620811199999453e-01 1.477357273944745475e-01
3.356976340459302821e-01 1.543822231040127280e-01
3.356976340459302821e-01 1.876147016517037969e-01
3.360601008039131310e-01 1.909379495064729149e-01
3.384440857160464500e-01 2.009076930707802688e-01
3.393504260400743711e-01 2.075541887803184493e-01
3.415818049318372074e-01 2.175239323446258033e-01
3.414943300183522767e-01 2.208471801993949213e-01
3.404446881177946582e-01 2.241704280541639838e-01
3.382856242541657510e-01 2.274936759089331018e-01
3.346572288201926093e-01 2.308169237637022198e-01
3.301485541391796508e-01 2.341401716184713377e-01
3.272407122662566725e-01 2.370480134913943160e-01
3.239174644114875545e-01 2.412776016701913551e-01
3.210851508989002179e-01 2.441099151827786362e-01
3.168555627201031788e-01 2.474331630375477542e-01
3.136707835259494592e-01 2.507564108923168722e-01
3.078649903987189518e-01 2.607261544566241707e-01
3.034735557334883316e-01 2.673726501661624066e-01
2.938649902765496646e-01 2.839888894400079966e-01
2.902366111532324044e-01 2.939586330043152951e-01
2.891721640791627967e-01 3.006051287138534756e-01
2.888745597936610565e-01 3.438073508258518984e-01
2.884262158375081042e-01 3.471305986806210164e-01
2.871380578649563864e-01 3.504538465353901344e-01
2.843708149397351503e-01 3.537770943901592524e-01
2.674222508804127152e-01 3.657994322177063329e-01
2.628283494341142612e-01 3.703933336640047869e-01
2.480674092077296833e-01 3.903328207926194393e-01
2.403911902045675619e-01 4.003025643569267378e-01
2.370499446667442278e-01 4.069490600664649738e-01
2.291244993927912810e-01 4.302117950498487442e-01
2.277438174420056693e-01 4.335350429046178622e-01
2.180779546082607379e-01 4.501512821784633966e-01
2.104039335203464756e-01 4.601210257427706951e-01
2.081884349505003784e-01 4.634442735975398131e-01
2.004341899560391216e-01 4.734140171618471116e-01
1.956848332462142181e-01 4.800605128713853476e-01
1.898275486110396759e-01 4.867070085809235835e-01
1.876945137100883287e-01 4.900302564356927015e-01
1.864959730420118755e-01 4.933535042904617640e-01
1.831906994845342029e-01 5.066464957095382360e-01
1.828282327265512985e-01 5.099697435643073540e-01
1.827290312980507370e-01 5.232627349833837149e-01
1.832929532646809245e-01 5.299092306929219509e-01
1.843702058081566619e-01 5.332324785476910689e-01
1.861510377178003384e-01 5.365557264024601869e-01
1.904739573704407052e-01 5.432022221119984229e-01
1.930006715173621656e-01 5.465254699667675409e-01
1.976340459302614594e-01 5.514064902534596690e-01
2.009572937850305774e-01 5.543319672859893243e-01
2.042805416397996399e-01 5.564061979635364086e-01
2.076037894945687579e-01 5.575433147775789022e-01
2.109270373493378758e-01 5.579584346014583307e-01
2.275432766231834103e-01 5.582323658187950954e-01
2.308665244779525283e-01 5.585926732426914620e-01
2.343244985971041916e-01 5.598184613858439018e-01
2.365030134865314659e-01 5.631417092406130198e-01
2.366545144916754051e-01 5.664649570953821378e-01
2.354234022182041253e-01 5.764347006596894918e-01
2.330064946874629284e-01 5.864044442239968458e-01
2.321001543634350073e-01 5.930509399335350817e-01
2.297161694513016883e-01 6.030206834978423247e-01
2.293537026933188394e-01 6.063439313526114427e-01
2.293537026933188394e-01 7.093646148504537674e-01
2.304181497673884471e-01 7.160111105599920034e-01
2.346989796653072280e-01 7.293041019790684754e-01
2.371589036128022854e-01 7.392738455433758293e-01
2.413538230360353642e-01 7.492435891076831833e-01
2.446687232296145820e-01 7.592133326719904263e-01
2.487163936372805417e-01 7.758295719458360162e-01
2.496227339613084628e-01 7.824760676553741412e-01
2.520396414920496597e-01 7.924458112196814952e-01
2.529459818160775808e-01 8.024155547839888492e-01
2.553628893468187777e-01 8.123852983482962031e-01
2.563021522894545767e-01 8.223550419126035571e-01
2.570041326055413355e-01 8.256782897673726751e-01
2.603126796501279427e-01 8.356480333316799181e-01
2.632958847940743974e-01 8.422945290412181540e-01
2.736236687522586308e-01 8.622340161698327510e-01
2.860516114508971919e-01 8.788502554436783409e-01
2.920590210345183069e-01 8.854967511532165769e-01
2.945126552679501186e-01 8.888199990079856949e-01
3.002096515904115193e-01 8.987897425722930489e-01
3.026678507247427818e-01 9.021129904270621669e-01
3.057074225950486834e-01 9.054362382818312849e-01
3.704429343782550399e-01 9.698880740805744249e-01
3.870591736521006299e-01 9.823160167792130970e-01
4.003521650711770463e-01 9.893205528826281014e-01
4.069986607807152823e-01 9.923037580265745561e-01
4.169684043450225808e-01 9.956123050711611633e-01
4.269381479093299347e-01 9.972535483298837766e-01
4.369078914736372332e-01 9.996375332420170956e-01
4.402311393284063512e-01 9.999999999999998890e-01
4.834333614404047741e-01 9.999999999999998890e-01
4.867566092951738366e-01 9.996375332420170956e-01
5.033728485690194265e-01 9.955180469352855610e-01
5.133425921333267805e-01 9.913231275120524266e-01
5.199890878428649055e-01 9.889805101718054381e-01
5.299588314071722595e-01 9.846766318025143017e-01
5.399285749714796134e-01 9.813617316089351394e-01
5.498983185357869674e-01 9.788960961037838082e-01
5.565448142453250924e-01 9.760275614635517405e-01
5.631913099548633284e-01 9.723462732149057430e-01
5.798075492287089183e-01 9.598788575496662867e-01
5.831307970834780363e-01 9.566937242157156351e-01
5.897772927930162723e-01 9.485276854653372780e-01
5.931005406477853903e-01 9.463498085693187178e-01
5.964237885025543973e-01 9.461756963585988833e-01
5.997470363573235153e-01 9.475614819223766583e-01
6.063935320668617512e-01 9.524067860862910351e-01
6.130400277763999872e-01 9.560880743349371436e-01
6.196865234859382232e-01 9.590712794788834872e-01
6.263330191954763482e-01 9.614138968191305867e-01
6.363027627597837022e-01 9.656031046847073362e-01
6.396260106145528201e-01 9.663876250727101436e-01
6.429492584693219381e-01 9.667675214523088201e-01
6.628887455979366461e-01 9.667675214523088201e-01
6.662119934527057641e-01 9.664050546943259157e-01
6.828282327265512430e-01 9.622798568299382183e-01
6.894747284360894790e-01 9.594113221897061505e-01
6.961212241456277150e-01 9.557300339410601531e-01
7.127374634194731939e-01 9.432626182758208078e-01
7.160607112742423119e-01 9.400774849418700452e-01
7.199070629580028857e-01 9.353454689747531248e-01
7.221225615278489274e-01 9.320222211199840068e-01
7.298768065223102397e-01 9.220524775556767638e-01
7.320923050921562814e-01 9.187292297009076458e-01
7.397685240953184582e-01 9.087594861366004029e-01
7.487294245608564491e-01 8.921432468627548129e-01
7.531120097252206325e-01 8.854967511532165769e-01
7.564027610522181533e-01 8.788502554436783409e-01
7.597113080968047605e-01 8.688805118793709870e-01
7.613525513555273738e-01 8.589107683150636330e-01
7.637365362676606928e-01 8.489410247507563900e-01
7.640990030256435972e-01 8.456177768959872720e-01
7.643470065968950289e-01 8.356480333316799181e-01
7.647079471790547700e-01 8.323247854769109111e-01
7.670597841224298108e-01 8.223550419126035571e-01
7.674222508804126042e-01 8.190317940578344391e-01
7.674222508804126042e-01 7.592133326719904263e-01
7.670597841224298108e-01 7.558900848172214193e-01
7.647079471790547700e-01 7.459203412529140653e-01
7.643470065968950289e-01 7.425970933981449473e-01
7.643470065968950289e-01 6.861018798670700525e-01
7.647079471790547700e-01 6.827786320123009345e-01
7.670597841224298108e-01 6.728088884479936915e-01
7.674222508804126042e-01 6.694856405932245735e-01
7.676702544516640359e-01 6.229601706264570327e-01
7.680311950338238880e-01 6.196369227716879147e-01
7.722512937519633303e-01 6.030206834978423247e-01
7.739938685886307290e-01 5.996974356430732067e-01
7.758791726600862138e-01 5.975662223449060839e-01
7.792024205148553317e-01 5.956264570209810483e-01
7.825256683696244497e-01 5.948887967017028044e-01
7.891721640791626857e-01 5.942012949601858107e-01
7.924954119339318037e-01 5.933505770351945596e-01
7.958186597887009217e-01 5.919525783544163922e-01
7.991419076434700397e-01 5.899471518427601424e-01
8.024651554982391577e-01 5.866813815452276426e-01
8.065915215845774755e-01 5.797579485144586098e-01
8.095747267285238191e-01 5.731114528049203738e-01
8.119173440687709187e-01 5.664649570953821378e-01
8.161065519343477792e-01 5.564952135310747838e-01
8.168910723223505865e-01 5.531719656763057769e-01
8.172709687019492630e-01 5.498487178215366589e-01
8.172709687019492630e-01 5.365557264024601869e-01
8.162065216278796553e-01 5.299092306929219509e-01
8.128979745832929371e-01 5.199394871286145969e-01
8.099147694393465935e-01 5.132929914190764720e-01
7.949601540928856735e-01 4.833837607261544655e-01
7.920934061450484176e-01 4.767372650166162296e-01
7.912939300172076029e-01 4.734140171618471116e-01
7.903554417244214036e-01 4.667675214523089311e-01
7.879706821624385960e-01 4.567977778880015771e-01
7.869992712510444077e-01 4.435047864689251607e-01
7.846152863389110887e-01 4.335350429046178622e-01
7.835901461981051863e-01 4.268885471950796262e-01
7.824965170726528862e-01 4.235652993403105082e-01
7.713776823840808872e-01 4.036258122116958558e-01
7.689211224641634423e-01 4.003025643569267378e-01
7.657116167234713222e-01 3.969793165021576753e-01
7.625861812410098528e-01 3.945025563085089448e-01
7.592629333862407348e-01 3.928788574555474034e-01
7.559396855314716168e-01 3.922210298010109231e-01
7.492931898219333808e-01 3.917388102696371943e-01
7.459699419671643739e-01 3.908866954350809220e-01
7.450413874195082053e-01 3.903328207926194393e-01
7.426466941123952559e-01 3.879381274855063788e-01
7.420928194699336622e-01 3.870095729378503213e-01
7.412407046353775009e-01 3.836863250830812033e-01
7.408362680422597712e-01 3.637468379544665509e-01
7.404738012842768669e-01 3.604235900996974884e-01
7.380898163721436589e-01 3.504538465353901344e-01
7.371834760481156268e-01 3.438073508258518984e-01
7.347665685173745409e-01 3.338376072615445445e-01
7.331253252586519276e-01 3.238678636972373015e-01
7.298167782140653204e-01 3.138981201329299475e-01
7.265260268870677995e-01 3.072516244233917115e-01
7.225066661649581778e-01 3.006051287138534756e-01
7.183419237847193939e-01 2.906353851495461771e-01
7.165562833227605566e-01 2.873121372947770591e-01
7.121835887770117113e-01 2.806656415852388786e-01
7.088966605709285940e-01 2.740191458757006426e-01
7.055898430334222038e-01 2.640494023113932887e-01
7.045285452110510160e-01 2.574029066018550527e-01
7.042805416397995844e-01 1.975844452160111508e-01
7.039180748818167910e-01 1.942611973612420329e-01
6.998928467109608587e-01 1.776449580873964984e-01
6.962644675876435985e-01 1.676752145230891444e-01
6.927134869386186722e-01 1.610287188135509640e-01
6.898231334531217396e-01 1.510589752492436100e-01
6.866470526298384947e-01 1.444124795397054295e-01
6.822644674654743113e-01 1.377659838301671935e-01
6.766861585663976886e-01 1.277962402658598950e-01
6.634023384482190533e-01 1.078567531372452426e-01
6.556576044324667896e-01 9.788700957293788862e-02
6.534421058626207479e-01 9.456376171816877063e-02
6.456878608681594356e-01 8.459401815386147216e-02
6.409361371726829404e-01 7.794752244432323618e-02
6.315785378682002849e-01 6.797777888001593771e-02
6.263330191954763482e-01 6.188515781293929541e-02
6.163632756311691052e-01 5.420476277080615857e-02
6.097167799216308692e-01 4.691923890234644956e-02
6.063935320668617512e-01 4.426996605893990244e-02
5.897772927930162723e-01 3.524972188170943932e-02
5.798075492287089183e-01 2.758521177250422562e-02
5.698378056644015643e-01 2.130906547123245787e-02
5.465750706810178494e-01 1.168310616776341293e-02
5.399285749714796134e-01 8.131154376758709112e-03
5.366053271167104954e-01 6.972443260325922321e-03
5.299588314071722595e-01 5.345276971988388581e-03
