5.049180327868852958e-01 0.000000000000000000e+00
5.016393442622950616e-01 0.000000000000000000e+00
4.950819672131147597e-01 6.557377049180301842e-03
4.885245901639344024e-01 6.557377049180301842e-03
4.852459016393442792e-01 9.836065573770480519e-03
4.786885245901639219e-01 9.836065573770480519e-03
4.688524590163934413e-01 1.967213114754096104e-02
4.655737704918032627e-01 1.967213114754096104e-02
4.508196721311475419e-01 3.442622950819673733e-02
4.508196721311475419e-01 3.770491803278686049e-02
4.377049180327868827e-01 5.081967213114751969e-02
4.344262295081967040e-01 6.065573770491805572e-02
4.245901639344262235e-01 7.049180327868853624e-02
4.245901639344262235e-01 7.704918032786883808e-02
4.114754098360655643e-01 9.016393442622949728e-02
4.114754098360655643e-01 9.672131147540985463e-02
4.081967213114754411e-01 9.999999999999997780e-02
4.081967213114754411e-01 1.065573770491803351e-01
4.049180327868852625e-01 1.131147540983606370e-01
3.819672131147541227e-01 1.360655737704917767e-01
3.819672131147541227e-01 1.393442622950819554e-01
3.622950819672131062e-01 1.590163934426229719e-01
3.590163934426229275e-01 1.688524590163934525e-01
3.475409836065573854e-01 1.803278688524589946e-01
3.442622950819672067e-01 1.803278688524589946e-01
3.360655737704918433e-01 1.918032786885245922e-01
3.360655737704918433e-01 2.016393442622950727e-01
3.262295081967213073e-01 2.114754098360655532e-01
3.262295081967213073e-01 3.032786885245901676e-01
3.229508196721311286e-01 3.065573770491802907e-01
3.229508196721311286e-01 3.163934426229508268e-01
3.131147540983606481e-01 3.262295081967213073e-01
3.131147540983606481e-01 3.327868852459016091e-01
3.065573770491802907e-01 3.393442622950819665e-01
3.065573770491802907e-01 3.459016393442623238e-01
2.967213114754098102e-01 3.557377049180328044e-01
2.967213114754098102e-01 3.622950819672131062e-01
2.918032786885246255e-01 3.672131147540983465e-01
2.885245901639343913e-01 3.672131147540983465e-01
2.754098360655737876e-01 3.770491803278688270e-01
2.688524590163934302e-01 3.770491803278688270e-01
2.590163934426229497e-01 3.868852459016393630e-01
2.540983606557377095e-01 3.885245901639344246e-01
2.508196721311475308e-01 3.983606557377049051e-01
2.409836065573770503e-01 4.081967213114754411e-01
2.409836065573770503e-01 4.147540983606557430e-01
2.344262295081967484e-01 4.245901639344262235e-01
2.344262295081967484e-01 4.311475409836065253e-01
2.278688524590163911e-01 4.377049180327868827e-01
2.278688524590163911e-01 4.409836065573770614e-01
2.213114754098360892e-01 4.475409836065573632e-01
2.213114754098360892e-01 4.508196721311475419e-01
2.147540983606557319e-01 4.573770491803278437e-01
2.147540983606557319e-01 4.606557377049180224e-01
2.049180327868852514e-01 4.737704918032786816e-01
2.049180327868852514e-01 4.803278688524590390e-01
2.016393442622950727e-01 4.836065573770491621e-01
2.016393442622950727e-01 4.967213114754098213e-01
1.983606557377048940e-01 5.000000000000000000e-01
1.983606557377048940e-01 5.360655737704917989e-01
2.016393442622950727e-01 5.393442622950819221e-01
2.016393442622950727e-01 5.524590163934426368e-01
2.081967213114754300e-01 5.655737704918032405e-01
2.147540983606557319e-01 5.721311475409835978e-01
2.147540983606557319e-01 5.754098360655737210e-01
2.262295081967213295e-01 5.868852459016393741e-01
2.393442622950819887e-01 5.868852459016393741e-01
2.409836065573770503e-01 5.983606557377049162e-01
2.377049180327868716e-01 6.016393442622950394e-01
2.377049180327868716e-01 6.147540983606557541e-01
2.344262295081967484e-01 6.180327868852458773e-01
2.344262295081967484e-01 6.344262295081967151e-01
2.311475409836065698e-01 6.377049180327869493e-01
2.311475409836065698e-01 6.475409836065573188e-01
2.278688524590163911e-01 6.508196721311475530e-01
2.278688524590163911e-01 6.803278688524589946e-01
2.245901639344262124e-01 6.836065573770491177e-01
2.245901639344262124e-01 7.196721311475409166e-01
2.213114754098360892e-01 7.229508196721311508e-01
2.213114754098360892e-01 7.918032786885245145e-01
2.278688524590163911e-01 8.016393442622951060e-01
2.278688524590163911e-01 8.114754098360655865e-01
2.344262295081967484e-01 8.180327868852459439e-01
2.442622950819672289e-01 8.377049180327869049e-01
2.442622950819672289e-01 8.442622950819671512e-01
2.540983606557377095e-01 8.540983606557377428e-01
2.573770491803278881e-01 8.639344262295082233e-01
2.639344262295081900e-01 8.704918032786885806e-01
2.639344262295081900e-01 8.737704918032787038e-01
2.836065573770492065e-01 8.934426229508196649e-01
2.836065573770492065e-01 8.967213114754097880e-01
3.032786885245901676e-01 9.163934426229507491e-01
3.032786885245901676e-01 9.196721311475409832e-01
3.245901639344261902e-01 9.409836065573771169e-01
3.278688524590164244e-01 9.409836065573771169e-01
3.377049180327869049e-01 9.508196721311474864e-01
3.442622950819672067e-01 9.508196721311474864e-01
3.540983606557377428e-01 9.606557377049180779e-01
3.606557377049180446e-01 9.606557377049180779e-01
3.672131147540983465e-01 9.672131147540983243e-01
3.737704918032787038e-01 9.672131147540983243e-01
3.868852459016393630e-01 9.770491803278689158e-01
3.967213114754098435e-01 9.770491803278689158e-01
4.196721311475409832e-01 9.901639344262295195e-01
4.262295081967213406e-01 9.901639344262295195e-01
4.360655737704918211e-01 9.967213114754098768e-01
4.557377049180327822e-01 9.967213114754098768e-01
4.590163934426229608e-01 1.000000000000000000e+00
5.049180327868852958e-01 1.000000000000000000e+00
5.081967213114754189e-01 9.967213114754098768e-01
5.475409836065573410e-01 9.967213114754098768e-01
5.540983606557376984e-01 9.934426229508197537e-01
5.639344262295081789e-01 9.836065573770491621e-01
5.672131147540984131e-01 9.836065573770491621e-01
5.770491803278688936e-01 9.737704918032786816e-01
5.868852459016393741e-01 9.704918032786884474e-01
5.934426229508196204e-01 9.639344262295082011e-01
5.967213114754098546e-01 9.639344262295082011e-01
6.081967213114753967e-01 9.524590163934425480e-01
6.114754098360655199e-01 9.426229508196721785e-01
6.163934426229508157e-01 9.377049180327868827e-01
6.196721311475409388e-01 9.409836065573771169e-01
6.262295081967212962e-01 9.409836065573771169e-01
6.295081967213114194e-01 9.442622950819672401e-01
6.393442622950820109e-01 9.442622950819672401e-01
6.426229508196721341e-01 9.475409836065573632e-01
6.655737704918032183e-01 9.475409836065573632e-01
6.688524590163934525e-01 9.442622950819672401e-01
6.754098360655738098e-01 9.442622950819672401e-01
6.786885245901639330e-01 9.409836065573771169e-01
6.918032786885246477e-01 9.409836065573771169e-01
7.081967213114753745e-01 9.311475409836065253e-01
7.147540983606557319e-01 9.311475409836065253e-01
7.180327868852458550e-01 9.278688524590164022e-01
7.213114754098360892e-01 9.278688524590164022e-01
7.245901639344262124e-01 9.245901639344262790e-01
7.278688524590164466e-01 9.245901639344262790e-01
7.409836065573770503e-01 9.114754098360655643e-01
7.442622950819671734e-01 9.114754098360655643e-01
7.590163934426229497e-01 8.967213114754097880e-01
7.590163934426229497e-01 8.934426229508196649e-01
7.754098360655737876e-01 8.770491803278688270e-01
7.754098360655737876e-01 8.737704918032787038e-01
7.786885245901639108e-01 8.704918032786885806e-01
7.786885245901639108e-01 8.639344262295082233e-01
7.819672131147541450e-01 8.606557377049179891e-01
7.819672131147541450e-01 8.540983606557377428e-01
7.852459016393442681e-01 8.508196721311476196e-01
7.852459016393442681e-01 8.311475409836065475e-01
7.885245901639343913e-01 8.278688524590163134e-01
7.885245901639343913e-01 7.262295081967212740e-01
7.852459016393442681e-01 7.229508196721311508e-01
7.852459016393442681e-01 7.032786885245901898e-01
7.819672131147541450e-01 6.999999999999999556e-01
7.819672131147541450e-01 6.770491803278688714e-01
7.786885245901639108e-01 6.737704918032787482e-01
7.786885245901639108e-01 6.573770491803279103e-01
7.754098360655737876e-01 6.540983606557376762e-01
7.754098360655737876e-01 6.409836065573770725e-01
7.721311475409835534e-01 6.377049180327869493e-01
7.721311475409835534e-01 5.983606557377049162e-01
7.770491803278688492e-01 5.967213114754098546e-01
7.852459016393442681e-01 5.885245901639344357e-01
7.852459016393442681e-01 5.819672131147540783e-01
7.950819672131147486e-01 5.721311475409835978e-01
7.950819672131147486e-01 5.655737704918032405e-01
7.983606557377049828e-01 5.622950819672131173e-01
7.983606557377049828e-01 5.491803278688525136e-01
8.016393442622951060e-01 5.459016393442622794e-01
8.016393442622951060e-01 4.934426229508196982e-01
7.950819672131147486e-01 4.901639344262295195e-01
7.950819672131147486e-01 4.868852459016393408e-01
7.918032786885245145e-01 4.836065573770491621e-01
7.918032786885245145e-01 4.803278688524590390e-01
7.852459016393442681e-01 4.737704918032786816e-01
7.852459016393442681e-01 4.704918032786885029e-01
7.786885245901639108e-01 4.639344262295082011e-01
7.786885245901639108e-01 4.606557377049180224e-01
7.754098360655737876e-01 4.573770491803278437e-01
7.754098360655737876e-01 4.508196721311475419e-01
7.721311475409835534e-01 4.475409836065573632e-01
7.721311475409835534e-01 4.442622950819672401e-01
7.688524590163934302e-01 4.409836065573770614e-01
7.688524590163934302e-01 4.245901639344262235e-01
7.655737704918033071e-01 4.213114754098360448e-01
7.655737704918033071e-01 4.081967213114754411e-01
7.573770491803278881e-01 4.000000000000000222e-01
7.540983606557376540e-01 4.000000000000000222e-01
7.426229508196721119e-01 3.885245901639344246e-01
7.426229508196721119e-01 3.852459016393442459e-01
7.360655737704917545e-01 3.786885245901639441e-01
7.360655737704917545e-01 3.721311475409836422e-01
7.327868852459016313e-01 3.688524590163934080e-01
7.327868852459016313e-01 3.295081967213114860e-01
7.295081967213115082e-01 3.262295081967213073e-01
7.295081967213115082e-01 3.131147540983606481e-01
7.262295081967212740e-01 3.098360655737705249e-01
7.262295081967212740e-01 3.032786885245901676e-01
7.229508196721311508e-01 2.999999999999999889e-01
7.229508196721311508e-01 2.934426229508196871e-01
7.131147540983606703e-01 2.836065573770492065e-01
7.131147540983606703e-01 2.803278688524590279e-01
7.098360655737705471e-01 2.770491803278688492e-01
7.098360655737705471e-01 2.737704918032787260e-01
7.065573770491803129e-01 2.704918032786884918e-01
7.065573770491803129e-01 2.672131147540983687e-01
6.901639344262294751e-01 2.508196721311475308e-01
6.901639344262294751e-01 2.180327868852459106e-01
6.868852459016393519e-01 2.147540983606557319e-01
6.868852459016393519e-01 2.049180327868852514e-01
6.836065573770491177e-01 2.016393442622950727e-01
6.836065573770491177e-01 1.786885245901639330e-01
6.803278688524589946e-01 1.754098360655737543e-01
6.803278688524589946e-01 1.655737704918032738e-01
6.770491803278688714e-01 1.622950819672130951e-01
6.770491803278688714e-01 1.491803278688524359e-01
6.704918032786885140e-01 1.426229508196721341e-01
6.704918032786885140e-01 1.360655737704917767e-01
6.672131147540983909e-01 1.327868852459016535e-01
6.672131147540983909e-01 1.295081967213114749e-01
6.639344262295081567e-01 1.262295081967212962e-01
6.639344262295081567e-01 1.196721311475409943e-01
6.606557377049180335e-01 1.163934426229508157e-01
6.606557377049180335e-01 1.131147540983606370e-01
6.573770491803279103e-01 1.098360655737705138e-01
6.573770491803279103e-01 1.065573770491803351e-01
6.540983606557376762e-01 1.032786885245901565e-01
6.540983606557376762e-01 9.999999999999997780e-02
6.360655737704917767e-01 8.196721311475407834e-02
6.327868852459016535e-01 8.196721311475407834e-02
6.295081967213114194e-01 7.868852459016395517e-02
6.262295081967212962e-01 7.868852459016395517e-02
6.229508196721311730e-01 7.540983606557377650e-02
6.196721311475409388e-01 7.540983606557377650e-02
6.131147540983606925e-01 6.885245901639341914e-02
6.098360655737704583e-01 6.885245901639341914e-02
5.999999999999999778e-01 5.901639344262293863e-02
5.967213114754098546e-01 5.901639344262293863e-02
5.934426229508196204e-01 5.573770491803275995e-02
5.901639344262294973e-01 5.573770491803275995e-02
5.803278688524590168e-01 4.590163934426227943e-02
5.770491803278688936e-01 4.590163934426227943e-02
5.704918032786885362e-01 3.934426229508197759e-02
5.672131147540984131e-01 3.934426229508197759e-02
5.540983606557376984e-01 2.622950819672131839e-02
5.508196721311475752e-01 2.622950819672131839e-02
5.475409836065573410e-01 2.295081967213113971e-02
5.442622950819672178e-01 2.295081967213113971e-02
5.409836065573770947e-01 1.967213114754096104e-02
5.377049180327868605e-01 1.967213114754096104e-02
5.311475409836066142e-01 1.311475409836065920e-02
5.278688524590163800e-01 1.311475409836065920e-02
5.245901639344262568e-01 9.836065573770480519e-03
5.213114754098360226e-01 9.836065573770480519e-03
5.180327868852458995e-01 6.557377049180301842e-03
5.114754098360655421e-01 6.557377049180301842e-03
