6.882929251884961630e-02 1.512483633572621611e-01
6.205697774165880309e-02 1.557632398753894254e-01
5.528466296446793438e-02 1.557632398753894254e-01
3.948259515102264805e-02 1.738227459478983161e-01
3.496771863289538373e-02 1.738227459478983161e-01
2.031694433157255064e-02 1.839586437310939404e-01
2.031694433157255064e-02 1.975032732854756778e-01
1.354462955438168192e-02 2.110479028398573598e-01
6.772314777190868718e-03 2.178202176170481730e-01
6.772314777190868718e-03 2.471669149848751967e-01
0.000000000000000000e+00 2.561966680211296143e-01
6.772314777190868718e-03 2.742561740936385606e-01
1.805950607250889073e-02 2.878008036480202425e-01
1.805950607250889073e-02 2.968305566842747156e-01
3.271028037383177933e-02 3.069664544674703399e-01
4.174003341008625245e-02 3.069664544674703399e-01
4.851234818727712117e-02 3.114813309855976042e-01
5.979953948259514318e-02 3.114813309855976042e-01
6.882929251884961630e-02 3.182536457627884174e-01
7.334416903697688062e-02 3.182536457627884174e-01
8.463136033229490263e-02 3.250259605399792306e-01
1.026908664048038489e-01 3.272833987990428906e-01
1.094631811819946621e-01 3.317982753171700994e-01
1.162354959591855308e-01 3.272833987990428906e-01
1.388098785498216858e-01 3.272833987990428906e-01
1.512483633572621611e-01 3.329495688292924971e-01
1.489909250981985567e-01 3.487516366427378389e-01
1.557632398753894254e-01 3.600388279380558609e-01
1.557632398753894254e-01 3.826132105286920160e-01
1.580206781344530298e-01 3.848706487877556759e-01
1.580206781344530298e-01 4.051875931193281710e-01
1.647929929116438430e-01 4.209896609327734573e-01
1.783376224660255249e-01 4.367917287462187992e-01
1.783376224660255249e-01 4.503363583006004811e-01
2.121991963519797575e-01 4.841979321865547137e-01
2.121991963519797575e-01 4.909702469637455269e-01
2.438033319788703857e-01 5.248318208496998150e-01
2.832859271298929782e-01 5.597995394825951987e-01
2.900582419070838469e-01 5.620569777416587476e-01
2.945731184252110557e-01 5.688292925188496163e-01
3.013454332024019244e-01 5.688292925188496163e-01
3.126326244977200020e-01 5.778590455551040339e-01
3.352070070883561570e-01 5.891462368504221114e-01
3.419793218655469702e-01 5.891462368504221114e-01
3.532665131608650477e-01 5.981759898866766401e-01
3.668111427152467297e-01 5.981759898866766401e-01
3.735834574924375984e-01 6.049483046638675088e-01
3.803557722696284116e-01 6.049483046638675088e-01
3.871280870468192803e-01 6.117206194410582665e-01
3.939004018240100935e-01 6.117206194410582665e-01
4.006727166012009622e-01 6.072057429229310577e-01
4.119599078965190397e-01 6.072057429229310577e-01
4.187322226737099085e-01 6.026908664048038489e-01
4.345342904871551948e-01 6.026908664048038489e-01
4.435640435234096124e-01 5.981759898866766401e-01
4.503363583006004811e-01 6.026908664048038489e-01
4.571086730777913498e-01 6.026908664048038489e-01
4.650322813671046163e-01 6.083570364350534554e-01
4.650322813671046163e-01 6.151293512122443241e-01
4.796830556684274494e-01 6.230078107363763440e-01
4.909702469637455269e-01 6.365524402907580814e-01
5.022574382590636599e-01 6.342950020316944215e-01
5.056661700302496065e-01 6.377037338028804792e-01
5.056661700302496065e-01 6.467334868391350078e-01
5.090297530362544176e-01 6.500970698451398189e-01
5.158020678134452863e-01 6.500970698451398189e-01
5.259831143618222127e-01 6.602781163935166342e-01
5.259831143618222127e-01 6.647929929116438430e-01
5.316041356268905727e-01 6.704140141767123140e-01
5.361190121450177815e-01 6.704140141767123140e-01
5.417851821752674990e-01 6.805950607250891293e-01
5.586933947356539365e-01 6.952458350264120179e-01
5.654657095128448052e-01 6.975032732854756778e-01
5.744954625490992228e-01 7.087904645807936443e-01
5.869339473565398091e-01 7.167140728701070218e-01
5.869339473565398091e-01 7.234863876472978905e-01
5.902975303625446202e-01 7.268499706533025906e-01
5.993272833987990378e-01 7.245925323942390417e-01
6.275678360196847994e-01 7.528330850151248033e-01
6.275678360196847994e-01 7.596053997923156720e-01
6.354462955438169303e-01 7.674838593164476919e-01
6.467334868391350078e-01 7.719987358345749007e-01
6.817463542372115270e-01 8.024967267145243222e-01
6.817463542372115270e-01 8.070116032326515310e-01
6.862612307553388469e-01 8.115264797507788508e-01
6.862612307553388469e-01 8.228136710460969283e-01
7.054268815747889443e-01 8.216623775339744196e-01
7.257438259063614394e-01 8.352070070883561570e-01
7.539392297620659544e-01 8.092690414917151909e-01
7.539392297620659544e-01 8.024967267145243222e-01
7.629689827983204831e-01 7.934669736782699045e-01
7.629689827983204831e-01 7.844372206420153759e-01
7.719987358345750117e-01 7.754074676057609583e-01
7.799223441238882781e-01 7.561966680211296143e-01
7.844372206420153759e-01 7.561966680211296143e-01
7.946182671903923023e-01 7.731500293466972984e-01
8.059054584857103798e-01 7.844372206420153759e-01
8.092690414917151909e-01 7.923156801661475068e-01
8.137839180098423997e-01 7.923156801661475068e-01
8.262224028172828749e-01 8.092690414917151909e-01
8.262224028172828749e-01 8.160413562689060596e-01
8.544178066729875010e-01 8.419793218655469147e-01
8.815070657817508648e-01 8.419793218655469147e-01
8.950516953361324912e-01 8.487516366427378944e-01
9.198835161858323062e-01 8.464941983836742345e-01
9.266558309630230639e-01 8.419793218655469147e-01
9.356855839992775925e-01 8.419793218655469147e-01
9.514876518127228788e-01 8.284346923111652883e-01
9.627748431080409564e-01 8.284346923111652883e-01
9.661384261140457674e-01 8.250711093051604772e-01
9.661384261140457674e-01 8.182987945279696085e-01
9.695471578852318251e-01 8.148900627567836619e-01
9.785769109214863537e-01 8.148900627567836619e-01
9.887128087046819225e-01 8.070116032326515310e-01
9.909702469637455824e-01 7.979818501963971134e-01
1.000000000000000000e+00 7.912095354192063557e-01
1.000000000000000000e+00 7.776649058648246182e-01
9.864553704456182626e-01 7.573479615332521231e-01
9.841979321865547137e-01 7.370310172016795169e-01
9.729107408912366362e-01 7.212289493882342306e-01
9.729107408912366362e-01 7.099417580929161531e-01
9.661384261140457674e-01 7.031694433157252844e-01
9.661384261140457674e-01 6.963971285385344157e-01
9.503363583006004811e-01 6.805950607250891293e-01
9.503363583006004811e-01 6.760801842069619205e-01
9.469727752945956700e-01 6.727166012009571094e-01
9.424578987764684612e-01 6.727166012009571094e-01
9.300194139690278750e-01 6.535058016163257655e-01
9.255045374509007772e-01 6.399611720619441391e-01
9.164747844146462485e-01 6.309314190256896104e-01
9.131112014086414375e-01 6.230529595015575905e-01
9.063388866314505687e-01 6.207955212424940417e-01
8.984152783421373023e-01 6.128719129531807752e-01
8.984152783421373023e-01 5.993272833987990378e-01
8.826132105286921270e-01 5.857826538444173003e-01
8.780983340105648072e-01 5.767529008081628827e-01
8.780983340105648072e-01 5.677231477719084651e-01
8.848706487877556759e-01 5.609508329947175964e-01
8.780983340105648072e-01 5.474062034403358590e-01
8.826132105286921270e-01 5.406338886631451013e-01
8.780983340105648072e-01 5.338615738859542326e-01
8.780983340105648072e-01 5.248318208496998150e-01
8.826132105286921270e-01 5.203169443315724951e-01
8.780983340105648072e-01 5.067723147771908687e-01
8.690685809743103896e-01 4.977425617409363956e-01
8.713260192333740495e-01 4.796830556684274494e-01
8.668111427152467297e-01 4.706533026321730317e-01
8.577813896789923120e-01 4.616235495959185586e-01
8.577813896789923120e-01 4.548512348187276899e-01
8.544178066729875010e-01 4.514876518127228788e-01
8.499029301548601811e-01 4.514876518127228788e-01
8.487967854079190300e-01 4.571086730777913498e-01
8.510542236669826899e-01 4.593661113368549542e-01
8.510542236669826899e-01 4.706533026321730317e-01
8.476454918957966322e-01 4.740620344033590339e-01
8.397218836064833658e-01 4.661384261140457674e-01
8.216623775339744196e-01 4.367917287462187992e-01
8.239198157930380795e-01 4.322768522280915349e-01
8.205562327870332684e-01 4.289132692220867238e-01
8.182987945279696085e-01 4.311707074811503837e-01
8.148900627567836619e-01 4.187322226737099085e-01
8.047541649735879821e-01 4.018240101133233599e-01
8.013905819675831710e-01 4.029301548602645666e-01
8.024967267145243222e-01 4.063388866314506243e-01
7.957244119373334534e-01 4.018240101133233599e-01
7.946182671903923023e-01 4.255045374509007217e-01
8.104203350038375886e-01 4.435640435234096124e-01
8.126777732629012485e-01 4.548512348187276899e-01
8.104203350038375886e-01 4.571086730777913498e-01
8.217075262991556661e-01 4.661384261140457674e-01
8.239649645582193260e-01 4.751681791503002406e-01
8.284798410763465348e-01 4.796830556684274494e-01
8.262224028172828749e-01 4.909702469637455269e-01
8.375095941126009524e-01 5.045148765181272088e-01
8.375095941126009524e-01 5.203169443315724951e-01
8.397670323716646124e-01 5.225743825906361550e-01
8.397670323716646124e-01 5.361190121450177815e-01
8.363583006004785547e-01 5.372703056571402902e-01
8.306921305702288372e-01 5.270892591087633638e-01
8.306921305702288372e-01 5.135446295543817374e-01
8.228136710460969283e-01 5.034087317711860576e-01
8.092690414917151909e-01 4.988938552530587933e-01
7.866946589010790358e-01 4.763194726624226383e-01
7.799223441238882781e-01 4.740620344033590339e-01
7.618628380513792209e-01 4.560025283308501431e-01
7.573479615332521231e-01 4.560025283308501431e-01
7.505756467560611433e-01 4.492302135536592744e-01
7.370310172016795169e-01 4.492302135536592744e-01
7.302587024244886482e-01 4.447153370355320656e-01
7.121991963519798130e-01 4.469727752945956700e-01
6.963971285385344157e-01 4.311707074811503837e-01
6.896248137613436580e-01 4.311707074811503837e-01
6.715653076888347117e-01 4.176260779267687018e-01
6.602781163935166342e-01 4.176260779267687018e-01
6.377037338028804792e-01 4.018240101133233599e-01
6.286739807666260615e-01 4.018240101133233599e-01
6.117206194410582665e-01 3.893855253058828847e-01
6.049483046638675088e-01 3.735834574924375984e-01
6.072057429229310577e-01 3.713260192333739385e-01
6.072057429229310577e-01 3.510090749018014433e-01
5.936611133685494313e-01 3.352070070883561570e-01
5.936611133685494313e-01 3.284346923111652883e-01
5.846313603322949026e-01 3.126326244977200020e-01
5.632082712537811453e-01 2.866946589010790358e-01
5.519210799584631788e-01 2.799223441238881671e-01
5.406338886631451013e-01 2.799223441238881671e-01
5.338615738859542326e-01 2.754074676057609583e-01
5.248318208496998150e-01 2.754074676057609583e-01
5.158020678134452863e-01 2.663777145695065407e-01
5.000000000000000000e-01 2.663777145695065407e-01
4.932276852228091313e-01 2.618628380513792764e-01
4.841979321865547137e-01 2.618628380513792764e-01
4.729107408912366362e-01 2.483182084969975945e-01
4.638809878549821630e-01 2.505756467560611989e-01
4.593661113368549542e-01 2.460607702379339901e-01
4.458214817824732723e-01 2.415458937198067257e-01
4.390491670052824036e-01 2.347735789426159125e-01
4.322768522280915349e-01 2.325161406835523081e-01
4.255045374509007217e-01 2.347735789426159125e-01
4.187322226737099085e-01 2.280012641654250438e-01
4.051875931193281710e-01 2.257438259063614394e-01
3.984152783421373578e-01 2.189715111291706262e-01
3.893855253058828847e-01 2.212289493882342306e-01
3.803557722696284116e-01 2.189715111291706262e-01
3.713260192333739385e-01 2.212289493882342306e-01
3.645537044561831252e-01 2.121991963519797575e-01
3.555239514199286521e-01 2.144566346110433619e-01
3.442367601246105746e-01 2.054268815747889443e-01
3.306921305702289482e-01 2.054268815747889443e-01
3.216623775339744196e-01 1.986545667975980756e-01
3.103751862386563420e-01 2.009120050566616800e-01
3.081177479795927932e-01 1.986545667975980756e-01
2.923156801661474513e-01 1.986545667975980756e-01
2.855433653889566381e-01 1.918822520204072068e-01
2.742561740936385606e-01 1.941396902794708668e-01
2.652264210573840875e-01 1.851099372432163936e-01
2.561966680211296143e-01 1.873673755022799980e-01
2.449094767258115368e-01 1.851099372432163936e-01
2.381371619486207236e-01 1.896248137613436024e-01
2.155627793579845686e-01 1.918822520204072068e-01
2.133053410989209642e-01 1.896248137613436024e-01
2.076843198338525487e-01 1.907309585082848091e-01
2.076843198338525487e-01 2.020181498036028866e-01
2.099417580929161531e-01 2.042755880626664911e-01
2.065330263217300955e-01 2.234863876472978350e-01
1.975032732854756778e-01 2.189715111291706262e-01
1.884735202492212047e-01 2.076843198338525487e-01
1.817012054720303360e-01 2.076843198338525487e-01
1.681565759176486541e-01 1.941396902794708668e-01
1.613842611404578409e-01 1.941396902794708668e-01
1.410673168088852902e-01 1.805950607250891848e-01
1.365524402907580814e-01 1.805950607250891848e-01
1.252652489954400039e-01 1.715653076888347117e-01
1.207503724773127396e-01 1.715653076888347117e-01
1.139780577001219264e-01 1.647929929116438430e-01
8.688879859135856254e-02 1.535058016163257655e-01
