3.746177370030581155e-01 3.272171253822629966e-01
3.685015290519877418e-01 3.333333333333333703e-01
3.593272171253822922e-01 3.363914373088685017e-01
3.562691131498471053e-01 3.333333333333333703e-01
3.379204892966360951e-01 3.333333333333333703e-01
3.287461773700305900e-01 3.394495412844036331e-01
3.195718654434250849e-01 3.363914373088685017e-01
3.165137614678898981e-01 3.425076452599388199e-01
3.073394495412843930e-01 3.425076452599388199e-01
3.012232415902140747e-01 3.547400611620795119e-01
2.920489296636085697e-01 3.547400611620795119e-01
2.905198776758409762e-01 3.623853211009174236e-01
2.859327217125382514e-01 3.669724770642202039e-01
2.798165137614678777e-01 3.669724770642202039e-01
2.782874617737003398e-01 3.746177370030581155e-01
2.721712538226299660e-01 3.776758409785933024e-01
2.874617737003057893e-01 3.960244648318043126e-01
2.859327217125382514e-01 4.036697247706422242e-01
2.645259938837920544e-01 4.036697247706422242e-01
2.614678899082568675e-01 4.067278287461773556e-01
2.339449541284403522e-01 4.067278287461773556e-01
2.308868501529052208e-01 4.097859327217125425e-01
1.941896024464832005e-01 4.097859327217125425e-01
1.911314984709480136e-01 4.067278287461773556e-01
1.819571865443425085e-01 4.067278287461773556e-01
1.758409785932721903e-01 3.975535168195718505e-01
1.666666666666666852e-01 4.006116207951070374e-01
1.636085626911314983e-01 3.975535168195718505e-01
1.422018348623853012e-01 3.975535168195718505e-01
1.330275229357797961e-01 3.914373088685015323e-01
1.238532110091742910e-01 3.914373088685015323e-01
1.146788990825687859e-01 3.853211009174312141e-01
9.938837920489296263e-02 3.853211009174312141e-01
9.633027522935777576e-02 3.822629969418960272e-01
8.715596330275227066e-02 3.822629969418960272e-01
8.409785932721713930e-02 3.792048929663608403e-01
6.574923547400612911e-02 3.792048929663608403e-01
6.269113149847094224e-02 3.761467889908256534e-01
5.963302752293575537e-02 3.792048929663608403e-01
5.657492354740062401e-02 3.761467889908256534e-01
5.351681957186543714e-02 3.792048929663608403e-01
4.434250764525993205e-02 3.792048929663608403e-01
3.516819571865442695e-02 3.883792048929663454e-01
2.599388379204892185e-02 3.914373088685015323e-01
9.174311926605505096e-03 4.051987767584097622e-01
1.223241590214069197e-02 4.082568807339449490e-01
1.223241590214069197e-02 4.204892966360856410e-01
3.058103975535186869e-03 4.327217125382263330e-01
3.058103975535186869e-03 4.418960244648317826e-01
0.000000000000000000e+00 4.449541284403669694e-01
0.000000000000000000e+00 4.908256880733944949e-01
3.058103975535186869e-03 4.938837920489296818e-01
3.058103975535186869e-03 5.030581039755351869e-01
1.834862385321101019e-02 5.305810397553516466e-01
3.058103975535170216e-02 5.428134556574923941e-01
2.752293577981651529e-02 5.458715596330274700e-01
3.516819571865442695e-02 5.474006116207951189e-01
5.198776758409784371e-02 5.581039755351682174e-01
5.351681957186543714e-02 5.626911314984709422e-01
7.186544342507644734e-02 5.657492354740061291e-01
7.492354740061163421e-02 5.688073394495413160e-01
9.021406727828745753e-02 5.688073394495413160e-01
9.327217125382264440e-02 5.657492354740061291e-01
1.024464831804281495e-01 5.657492354740061291e-01
1.085626911314984677e-01 5.596330275229357554e-01
1.238532110091742910e-01 5.535168195718654927e-01
1.391437308868501699e-01 5.382262996941895583e-01
1.513761467889908063e-01 5.321100917431192956e-01
1.636085626911314983e-01 5.198776758409785481e-01
1.697247706422018165e-01 5.198776758409785481e-01
2.125382262996942107e-01 4.862385321100917146e-01
2.232415902140672537e-01 4.877675840978593080e-01
2.201834862385321223e-01 4.908256880733944949e-01
2.201834862385321223e-01 5.091743119266054496e-01
2.278287461773700340e-01 5.198776758409785481e-01
2.339449541284403522e-01 5.168195718654434723e-01
2.400611620795107259e-01 5.290519877675841087e-01
2.461773700305810442e-01 5.290519877675841087e-01
2.584097859327216806e-01 5.382262996941895583e-01
2.721712538226299660e-01 5.428134556574923941e-01
2.737003058103975595e-01 5.474006116207951189e-01
2.798165137614678777e-01 5.474006116207951189e-01
2.889908256880733828e-01 5.535168195718654927e-01
2.981651376146788879e-01 5.535168195718654927e-01
3.088685015290519864e-01 5.611620795107034043e-01
3.103975535168195798e-01 5.657492354740061291e-01
3.195718654434250849e-01 5.657492354740061291e-01
3.256880733944954032e-01 5.749235474006115787e-01
3.348623853211009083e-01 5.749235474006115787e-01
3.486238532110091937e-01 5.856269113149846772e-01
3.455657492354740068e-01 5.886850152905198641e-01
3.669724770642202039e-01 6.009174311926606116e-01
3.639143730886850170e-01 6.039755351681956874e-01
3.837920489296636206e-01 6.085626911314985232e-01
3.899082568807339388e-01 6.146788990825687859e-01
3.929663608562691257e-01 6.116207951070335991e-01
3.960244648318043126e-01 6.146788990825687859e-01
4.602446483180427927e-01 6.146788990825687859e-01
4.633027522935779796e-01 6.116207951070335991e-01
4.785932721712538029e-01 6.116207951070335991e-01
4.816513761467889898e-01 6.085626911314985232e-01
5.061162079510703737e-01 6.085626911314985232e-01
5.244648318042813839e-01 5.993883792048929626e-01
5.305810397553516466e-01 5.993883792048929626e-01
5.519877675840978437e-01 5.871559633027523262e-01
5.565749235474005685e-01 5.886850152905198641e-01
5.581039755351682174e-01 5.932721712538225889e-01
5.611620795107034043e-01 5.932721712538225889e-01
5.672782874617736670e-01 6.024464831804281495e-01
5.718654434250765028e-01 6.039755351681956874e-01
5.688073394495413160e-01 6.070336391437308743e-01
5.749235474006115787e-01 6.192660550458715107e-01
5.840978593272171393e-01 6.284403669724770714e-01
5.840978593272171393e-01 6.345565749235473341e-01
5.779816513761467656e-01 6.406727828746177078e-01
5.917431192660550510e-01 6.422018348623853568e-01
5.993883792048929626e-01 6.498470948012232684e-01
5.963302752293577758e-01 6.529051987767584553e-01
6.100917431192660612e-01 6.544342507645259932e-01
6.146788990825687859e-01 6.590214067278287180e-01
6.116207951070335991e-01 6.620795107033639049e-01
6.284403669724770714e-01 6.636085626911314428e-01
6.345565749235473341e-01 6.605504587155963669e-01
6.437308868501528947e-01 6.636085626911314428e-01
6.467889908256880815e-01 6.697247706422018165e-01
6.620795107033639049e-01 6.666666666666666297e-01
6.681957186544342786e-01 6.697247706422018165e-01
6.712538226299693545e-01 6.666666666666666297e-01
6.804281345565749151e-01 6.666666666666666297e-01
6.834862385321101019e-01 6.697247706422018165e-01
6.926605504587155515e-01 6.636085626911314428e-01
6.987767584097859253e-01 6.636085626911314428e-01
7.262996941896024961e-01 6.422018348623853568e-01
7.477064220183486931e-01 6.422018348623853568e-01
7.507645259938837690e-01 6.452599388379205436e-01
7.599388379204892185e-01 6.452599388379205436e-01
7.629969418960245164e-01 6.483180428134556195e-01
7.752293577981651529e-01 6.483180428134556195e-01
7.782874617737003398e-01 6.513761467889908063e-01
7.935779816513761631e-01 6.513761467889908063e-01
7.966360856269112389e-01 6.544342507645259932e-01
8.302752293577981835e-01 6.544342507645259932e-01
8.333333333333332593e-01 6.574923547400611801e-01
8.363914373088685572e-01 6.544342507645259932e-01
8.455657492354740068e-01 6.544342507645259932e-01
8.486238532110091937e-01 6.574923547400611801e-01
8.761467889908256534e-01 6.574923547400611801e-01
8.792048929663608403e-01 6.605504587155963669e-01
8.914373088685014768e-01 6.605504587155963669e-01
9.036697247706422242e-01 6.697247706422018165e-01
9.159021406727828607e-01 6.727828746177370034e-01
9.250764525993884213e-01 6.697247706422018165e-01
9.388379204892967067e-01 6.590214067278287180e-01
9.403669724770642446e-01 6.544342507645259932e-01
9.587155963302752548e-01 6.483180428134556195e-01
9.648318042813455175e-01 6.544342507645259932e-01
9.663608562691131665e-01 6.467889908256880815e-01
9.709480122324158913e-01 6.422018348623853568e-01
9.770642201834862650e-01 6.422018348623853568e-01
9.969418960244648131e-01 6.284403669724770714e-01
9.969418960244648131e-01 6.162079510703364349e-01
9.938837920489296263e-01 6.131498470948012480e-01
9.954128440366972752e-01 6.085626911314985232e-01
1.000000000000000000e+00 6.070336391437308743e-01
1.000000000000000000e+00 5.948012232415902378e-01
9.892966360856269015e-01 5.749235474006115787e-01
9.862385321100917146e-01 5.749235474006115787e-01
9.801223241590213409e-01 5.657492354740061291e-01
9.755351681957187271e-01 5.642201834862385912e-01
9.678899082568808154e-01 5.535168195718654927e-01
9.617737003058104417e-01 5.535168195718654927e-01
9.464831804281346184e-01 5.412844036697247452e-01
9.281345565749234972e-01 5.321100917431192956e-01
9.220183486238532344e-01 5.321100917431192956e-01
9.067278287461773001e-01 5.198776758409785481e-01
8.792048929663608403e-01 5.107033639143730985e-01
8.577981651376147543e-01 5.107033639143730985e-01
8.532110091743119185e-01 5.061162079510703737e-01
8.562691131498471053e-01 5.000000000000000000e-01
8.562691131498471053e-01 4.785932721712538029e-01
8.486238532110091937e-01 4.678899082568807044e-01
8.425076452599388199e-01 4.740061162079510781e-01
8.287461773700306455e-01 4.571865443425076614e-01
8.287461773700306455e-01 4.327217125382263330e-01
8.256880733944953477e-01 4.296636085626911461e-01
8.256880733944953477e-01 4.174311926605504541e-01
8.226299694189602718e-01 4.143730886850153228e-01
8.226299694189602718e-01 4.021406727828746308e-01
8.180428134556574360e-01 3.975535168195718505e-01
8.149847094801223601e-01 4.006116207951070374e-01
8.103975535168195243e-01 3.990825688073394439e-01
8.103975535168195243e-01 3.929663608562691257e-01
7.935779816513761631e-01 3.639143730886850170e-01
7.920489296636086252e-01 3.685015290519877418e-01
7.951070336391437010e-01 3.715596330275229286e-01
7.935779816513761631e-01 3.822629969418960272e-01
7.844036697247707135e-01 3.730886850152905221e-01
7.828746177370030646e-01 3.776758409785933024e-01
7.874617737003057893e-01 3.883792048929663454e-01
7.905198776758409762e-01 3.853211009174312141e-01
7.951070336391437010e-01 3.929663608562691257e-01
7.935779816513761631e-01 4.006116207951070374e-01
7.874617737003057893e-01 3.914373088685015323e-01
7.798165137614678777e-01 3.929663608562691257e-01
7.828746177370030646e-01 3.960244648318043126e-01
7.828746177370030646e-01 4.051987767584097622e-01
7.798165137614678777e-01 4.082568807339449490e-01
7.828746177370030646e-01 4.174311926605504541e-01
7.889908256880733273e-01 4.235474006116207724e-01
7.844036697247707135e-01 4.250764525993883658e-01
7.813455657492354156e-01 4.220183486238532344e-01
7.798165137614678777e-01 4.266055045871559592e-01
7.828746177370030646e-01 4.296636085626911461e-01
7.782874617737003398e-01 4.311926605504586840e-01
7.446483180428133952e-01 4.006116207951070374e-01
7.370030581039754836e-01 4.051987767584097622e-01
7.370030581039754836e-01 4.113149847094801359e-01
7.324159021406727588e-01 4.128440366972476738e-01
7.079510703363913748e-01 3.975535168195718505e-01
6.987767584097859253e-01 3.975535168195718505e-01
6.972477064220183873e-01 4.021406727828746308e-01
7.003058103975534632e-01 4.051987767584097622e-01
6.957186544342507384e-01 4.097859327217125425e-01
6.743119266055046523e-01 4.067278287461773556e-01
6.697247706422018165e-01 4.113149847094801359e-01
6.681957186544342786e-01 4.189602446483180476e-01
6.529051987767584553e-01 4.189602446483180476e-01
6.498470948012232684e-01 4.159021406727828607e-01
6.391437308868501699e-01 4.204892966360856410e-01
6.483180428134556195e-01 4.296636085626911461e-01
6.345565749235473341e-01 4.342507645259938709e-01
6.162079510703364349e-01 4.342507645259938709e-01
6.131498470948012480e-01 4.311926605504586840e-01
6.116207951070335991e-01 4.357798165137614643e-01
6.177370030581039728e-01 4.388379204892966512e-01
6.100917431192660612e-01 4.403669724770642446e-01
6.070336391437308743e-01 4.373088685015290578e-01
5.978593272171254247e-01 4.373088685015290578e-01
5.948012232415902378e-01 4.342507645259938709e-01
5.550458715596330306e-01 4.342507645259938709e-01
5.443425076452599320e-01 4.266055045871559592e-01
5.321100917431192956e-01 3.990825688073394439e-01
5.183486238532110102e-01 3.792048929663608403e-01
5.122324159021406365e-01 3.792048929663608403e-01
5.061162079510703737e-01 3.730886850152905221e-01
4.969418960244648131e-01 3.700305810397553907e-01
4.847094801223241767e-01 3.577981651376146432e-01
4.724770642201834847e-01 3.547400611620795119e-01
4.541284403669724745e-01 3.425076452599388199e-01
4.449541284403669694e-01 3.425076452599388199e-01
4.327217125382263330e-01 3.333333333333333703e-01
4.266055045871559592e-01 3.363914373088685017e-01
4.235474006116207724e-01 3.333333333333333703e-01
4.082568807339449490e-01 3.333333333333333703e-01
4.051987767584097622e-01 3.302752293577981835e-01
3.837920489296636206e-01 3.333333333333333703e-01
