7.212271356373243236e-01 2.848305138006519410e-01
7.141205887288113452e-01 2.870678622256535029e-01
7.070140418202983668e-01 2.871078130515281046e-01
7.041559740418746882e-01 2.895424633812964110e-01
7.045996380629189204e-01 2.930957368355529002e-01
7.107381457290864457e-01 3.037555571983223679e-01
7.117169037450495894e-01 3.073088306525788571e-01
7.107950892139303090e-01 3.108621041068354018e-01
7.065698826385162779e-01 3.144153775610918911e-01
7.043894648370407907e-01 3.179686510153483803e-01
7.049473419540470687e-01 3.215219244696048695e-01
7.210381317301830517e-01 3.463948386494003495e-01
7.216259724536184805e-01 3.499481121036568387e-01
7.176738621830678344e-01 3.535349070055949783e-01
7.141205887288113452e-01 3.530942396412797835e-01
7.070140418202983668e-01 3.497772816491252490e-01
6.963542214575288991e-01 3.489818710766222076e-01
6.892476745490159207e-01 3.459103013601835253e-01
6.856944010947594315e-01 3.453288566131234028e-01
6.785878541862464530e-01 3.482385182718919503e-01
6.750345807319899638e-01 3.487742628375185561e-01
6.714813072777334746e-01 3.476955905389049750e-01
6.608214869149640069e-01 3.421118751107876110e-01
6.572682134607075177e-01 3.416677159290055776e-01
6.537149400064510285e-01 3.430953704418764350e-01
6.466083930979380501e-01 3.477732636963102308e-01
6.395018461894250716e-01 3.502633218455666886e-01
6.359485727351684714e-01 3.506531266779140399e-01
6.323952992809119822e-01 3.501519884493928814e-01
6.217354789181425145e-01 3.457285998767272162e-01
6.181822054638860253e-01 3.454897595619953465e-01
6.146289320096295361e-01 3.476248179220275958e-01
6.099854496546353033e-01 3.535013855579133280e-01
6.039691116468600685e-01 3.572027120727638838e-01
6.004158381926035792e-01 3.578160747523676521e-01
5.933092912840906008e-01 3.573803757454766528e-01
5.897560178298341116e-01 3.580087787359979568e-01
5.862027443755776224e-01 3.604920648537874861e-01
5.790961974670646439e-01 3.689835056086023801e-01
5.755429240128080437e-01 3.717436376668193931e-01
5.684363771042950653e-01 3.746729732228582521e-01
5.577765567415255976e-01 3.755379147873812440e-01
5.542232832872691084e-01 3.774518152832383455e-01
5.471167363787561300e-01 3.843793318754022414e-01
5.435634629244996407e-01 3.863254772214139154e-01
5.329036425617301731e-01 3.873157337578460591e-01
5.293503691074736839e-01 3.861983345552543190e-01
5.257970956532171947e-01 3.828842237373420443e-01
5.200913584718630522e-01 3.748210262834522633e-01
5.009241814734217701e-01 3.556538492850109812e-01
4.867110876563957578e-01 3.463647261624998586e-01
4.689447203851132562e-01 3.402494230850714452e-01
4.618381734766002777e-01 3.387161544897782650e-01
4.511783531138308101e-01 3.347893890609012768e-01
4.405185327510613424e-01 3.335007630085756736e-01
4.156456185712658624e-01 3.279344726565833756e-01
4.049857982084963393e-01 3.293779899973751091e-01
3.943259778457268716e-01 3.279344726565833756e-01
3.836661574829574040e-01 3.294335098950978424e-01
3.730063371201879363e-01 3.287158469548618900e-01
3.658997902116749579e-01 3.298037849052950499e-01
3.516866963946489455e-01 3.288905981083498631e-01
3.410268760318794778e-01 3.324438715626063523e-01
3.303670556691099547e-01 3.335858609554273047e-01
3.054941414893145302e-01 3.415467282584232489e-01
2.894599950269820532e-01 3.535013855579133280e-01
2.831874803598154466e-01 3.606079324664263064e-01
2.746347339898477791e-01 3.677144793749392848e-01
2.663780210055926023e-01 3.819275731919652972e-01
2.652699755891765321e-01 3.854808466462217864e-01
2.641040577369986320e-01 3.961406670089912541e-01
2.643984952273807920e-01 3.996939404632477433e-01
2.657297812875896170e-01 4.032472139175042325e-01
2.685919161362548824e-01 4.068004873717607217e-01
2.735146804010060717e-01 4.108382981152340352e-01
2.847667130061516394e-01 4.174603077345302449e-01
2.885954340150016506e-01 4.210135811887867341e-01
2.905607895396689622e-01 4.245668546430432233e-01
2.888381721724871953e-01 4.281201280972997125e-01
2.841745007637755949e-01 4.294526056426458682e-01
2.308753989499281456e-01 4.297906969601218430e-01
2.166623051329021887e-01 4.268901488246724663e-01
2.024492113158761764e-01 4.262374235058653538e-01
1.953426644073631979e-01 4.249966861092839276e-01
1.846828440445937303e-01 4.205184529205706623e-01
1.669164767733112287e-01 4.144604129329858555e-01
1.420435625935158042e-01 4.041059216689495415e-01
1.207239218679768133e-01 4.001237719294884476e-01
1.029575545966943673e-01 3.920922652865186930e-01
9.585100768818133332e-02 3.895874987531903755e-01
7.808464041689888724e-02 3.814324449237492254e-01
6.742482005412941959e-02 3.778948898272138646e-01
6.031827314561644116e-02 3.767567648070397901e-01
4.610517932859042878e-02 3.768937691317685301e-01
4.255190587433393956e-02 3.775432922363101129e-01
3.899863242007745034e-02 3.791310153807448957e-01
3.011544878443622730e-02 3.854808466462217864e-01
2.755958542260261712e-02 3.890341201004782756e-01
2.487743360617883370e-02 3.961406670089912541e-01
1.682028394309315056e-02 4.103537608260172664e-01
8.470091325590400899e-03 4.316734015515562017e-01
4.661089857580624773e-03 4.387799484600691802e-01
3.643117267631557077e-04 4.529930422770951925e-01
7.176629402360079624e-04 4.636528626398646602e-01
0.000000000000000000e+00 4.743126830026341278e-01
2.200717177890887388e-03 4.920790502739166294e-01
4.750542895589848769e-03 5.027388706366860971e-01
5.570529077341346280e-03 5.169519644537120540e-01
6.489297220169387703e-03 5.205052379079685432e-01
1.057244478602548110e-02 5.247247501348981658e-01
2.123226514879500426e-02 5.280416162827222815e-01
2.833881205730798269e-02 5.286777668527584684e-01
3.899863242007745034e-02 5.262927666402802407e-01
4.965845278284691799e-02 5.254313670150059234e-01
7.097809350838590881e-02 5.218445486714959891e-01
8.874446077966835489e-02 5.174391067821182411e-01
1.242771953222333026e-01 5.057563330145070646e-01
1.384902891392593149e-01 5.032182805471809850e-01
1.882361174988502195e-01 4.872605961200384694e-01
1.953426644073631979e-01 4.872605961200384694e-01
2.060024847701326656e-01 4.897557560922873310e-01
2.202155785871586779e-01 4.907944052558392833e-01
2.308753989499281456e-01 4.933090295465438202e-01
2.450884927669541025e-01 4.943476787100957726e-01
2.664081334924930933e-01 4.987487192987095086e-01
2.765026603511763215e-01 5.027388706366860971e-01
2.774448161913201094e-01 5.062921440909425863e-01
2.730705212192240383e-01 5.098454175451990755e-01
2.557483131297235701e-01 5.146833360175329108e-01
2.415352193126976132e-01 5.157219851810848077e-01
2.344286724041846348e-01 5.177514509809197918e-01
2.294096736500473854e-01 5.205052379079685432e-01
2.267499882445625503e-01 5.240585113622250324e-01
2.261468119684945099e-01 5.311650582707380108e-01
2.309077014358759672e-01 5.489314255420205679e-01
2.331883788399630175e-01 5.524846989962770571e-01
2.465576346759255633e-01 5.666977928133030140e-01
2.521950396754670809e-01 5.742484989035980814e-01
2.557483131297235701e-01 5.776537192972605039e-01
2.735146804010060717e-01 5.874146460778519874e-01
2.912810476722885733e-01 5.992071280132110767e-01
3.126006883978275086e-01 6.093671867512814311e-01
3.232605087605969763e-01 6.124534698349173301e-01
3.339203291233664439e-01 6.168161417769691957e-01
3.481334229403924563e-01 6.195670631609097034e-01
3.587932433031619794e-01 6.240452963496230243e-01
3.801128840287009147e-01 6.311361249004148188e-01
3.872194309372138932e-01 6.322742499205888933e-01
4.085390716627528840e-01 6.325394195813542897e-01
4.191988920255223516e-01 6.341226128674324336e-01
4.334119858425483085e-01 6.325394195813542897e-01
4.867110876563957578e-01 6.322212159884358362e-01
4.938176345649087362e-01 6.305615380223951183e-01
5.044774549276782594e-01 6.230108319321001620e-01
5.329036425617301731e-01 6.062596856477480145e-01
5.468206302575681077e-01 5.951239804473549277e-01
5.577765567415255976e-01 5.847904811160987704e-01
5.613298301957820868e-01 5.824381708343514541e-01
5.648831036500385760e-01 5.811818990124333340e-01
5.684363771042950653e-01 5.809982622070729574e-01
5.790961974670646439e-01 5.835758417210212823e-01
5.838667960862051753e-01 5.880174335388419493e-01
5.845465575960512306e-01 5.915707069930984385e-01
5.816381546304941752e-01 6.022305273558679062e-01
5.825620953445771466e-01 6.164436211728938630e-01
5.805119548589949829e-01 6.271034415356633307e-01
5.806398326562088874e-01 6.306567149899199309e-01
5.819197808369648284e-01 6.342099884441764202e-01
5.863585897025186400e-01 6.413165353526893986e-01
5.969670727811193789e-01 6.661894495324848231e-01
6.039691116468600685e-01 6.738459078089185095e-01
6.110756585553730469e-01 6.831886327625074085e-01
6.146289320096295361e-01 6.858910818101033868e-01
6.181822054638860253e-01 6.873585278235214702e-01
6.252887523723990038e-01 6.887823465791323985e-01
6.288420258266554930e-01 6.902548015635856515e-01
6.359485727351684714e-01 6.951749487287808282e-01
6.395018461894250716e-01 6.964229055613742059e-01
6.466083930979380501e-01 6.972488666013876291e-01
6.537149400064510285e-01 7.011996438611884930e-01
6.608214869149640069e-01 7.076561507436580634e-01
6.643747603692204962e-01 7.094505538380576626e-01
6.785878541862464530e-01 7.104620905552774257e-01
6.892476745490159207e-01 7.151694861993480590e-01
6.928009480032724099e-01 7.151222407457628050e-01
6.963542214575288991e-01 7.137462076390069798e-01
7.034607683660418775e-01 7.083038155869112451e-01
7.111066514238617575e-01 6.981689106207933371e-01
7.171345260337610439e-01 6.875090902580237584e-01
7.252562939292045430e-01 6.768492698952542908e-01
7.327456637515392668e-01 6.626361760782283339e-01
7.464786773163438749e-01 6.306567149899199309e-01
7.493276065380695128e-01 6.199968946271503523e-01
7.532065967256328376e-01 6.140352913872311191e-01
7.567598701798893268e-01 6.115352858081158915e-01
7.638664170884023052e-01 6.089072427981402358e-01
7.674196905426587945e-01 6.083099561565099567e-01
7.709729639969152837e-01 6.086560301856484001e-01
7.745262374511717729e-01 6.104169907063607958e-01
7.816327843596848624e-01 6.159501109709139000e-01
7.851860578139413516e-01 6.169307635013000501e-01
7.887393312681978408e-01 6.165892471341338776e-01
8.065056985394802869e-01 6.089072427981402358e-01
8.136122454479932653e-01 6.076665054015588652e-01
8.278253392650192222e-01 6.068664388157182232e-01
8.313786127192757114e-01 6.054763059919676671e-01
8.349318861735322006e-01 6.025068930689767566e-01
8.455917065363016683e-01 5.872807792861302056e-01
8.491449799905581575e-01 5.837179726591915641e-01
8.526982534448146467e-01 5.822598145157411587e-01
8.562515268990711359e-01 5.828268674144868600e-01
8.633580738075841143e-01 5.875239233368618752e-01
8.669113472618406036e-01 5.883960610380659650e-01
8.704646207160970928e-01 5.877319026362677334e-01
8.917842614416360281e-01 5.732015522608260305e-01
9.024440818044056067e-01 5.672371289626098045e-01
9.135480613489570523e-01 5.595912459047900356e-01
9.170259115459298283e-01 5.560379724505335464e-01
9.273169959842010313e-01 5.408682280881308424e-01
9.308702694384575205e-01 5.374857850884058319e-01
9.415300898012270991e-01 5.345651733864490440e-01
9.521899101639965668e-01 5.279805207409798973e-01
9.623248151301144748e-01 5.169519644537120540e-01
9.711527878841612615e-01 5.098454175451990755e-01
9.806462102849489160e-01 4.956323237281731187e-01
9.841387395845958563e-01 4.849725033654035955e-01
9.918250604219303046e-01 4.743126830026341278e-01
9.983512960039427897e-01 4.636528626398646602e-01
9.995031128510580842e-01 4.600995891856081710e-01
1.000000000000000000e+00 4.494397688228386478e-01
9.987028421840590253e-01 4.423332219143256694e-01
9.952491239323957295e-01 4.352266750058126910e-01
9.912759181608179482e-01 4.305934851095762905e-01
9.877226447065614590e-01 4.282170355551430663e-01
9.735095508895355021e-01 4.249966861092839276e-01
9.628497305267660344e-01 4.206410605847114015e-01
9.557431836182530560e-01 4.193960462581177162e-01
9.344235428927141207e-01 4.187449527526075910e-01
9.237637225299445420e-01 4.161951270349085741e-01
9.131039021671750744e-01 4.152260524564750366e-01
8.740178941703535820e-01 4.055705080991335310e-01
8.598048003533276251e-01 4.045318589355815786e-01
8.491449799905581575e-01 4.020172346448770417e-01
8.136122454479932653e-01 4.013645093260698737e-01
8.065056985394802869e-01 4.002297515396832095e-01
7.958458781767108192e-01 3.966940456617033539e-01
7.887393312681978408e-01 3.928890865838697843e-01
7.848173218894429759e-01 3.890341201004782756e-01
7.780795109054282621e-01 3.790088128545403001e-01
7.661123540830738765e-01 3.677144793749392848e-01
7.638981427442439465e-01 3.641612059206827956e-01
7.606856642382210376e-01 3.499481121036568387e-01
7.462532081556654262e-01 3.144153775610918911e-01
7.395426451697192372e-01 3.037555571983223679e-01
7.283336825458373021e-01 2.897702373206718640e-01
7.247804090915808128e-01 2.867094480596594774e-01
