5.465861416827054731e-01 2.479635566089446463e-01
4.941222186143811590e-01 2.479635566089446463e-01
4.893130256664514066e-01 2.484116416496265911e-01
4.845833235110494908e-01 2.508569939960315631e-01
4.798138759593836289e-01 2.518819486368460980e-01
4.511971906493885687e-01 2.520955059899058215e-01
4.488124668735556377e-01 2.523556078942733594e-01
4.416582955460568449e-01 2.540432585664013088e-01
4.249652291152263839e-01 2.547403316701062903e-01
4.178110577877276466e-01 2.564279823422341842e-01
4.058874389085629919e-01 2.568649535415716834e-01
4.011179913568971855e-01 2.576287883070125795e-01
3.891943724777325309e-01 2.611974298939000461e-01
3.820402011502337380e-01 2.618708781117139450e-01
3.748860298227350007e-01 2.636052226759560968e-01
3.653471347194032770e-01 2.647829596345113723e-01
3.510387920644058024e-01 2.695418580568019196e-01
3.343457256335753414e-01 2.773168016099240574e-01
3.248068305302436176e-01 2.791630393718592673e-01
3.200373829785777557e-01 2.812214662654611841e-01
3.152679354269118939e-01 2.838631156385713616e-01
3.128832116510790184e-01 2.856270905744038302e-01
3.033443165477472947e-01 2.947073849516138599e-01
3.009595927719144193e-01 2.964680841679739887e-01
2.890359738927497646e-01 3.028983214920948908e-01
2.771123550135851099e-01 3.108190111761114371e-01
2.699581836860863726e-01 3.148219403712595454e-01
2.604192885827546489e-01 3.213979472118976832e-01
2.508803934794230361e-01 3.304782415891077130e-01
2.315045128007804931e-01 3.438005926829434955e-01
2.250007206848725350e-01 3.509547640104422883e-01
2.198789843935949895e-01 3.547840800735586608e-01
2.046305102500479145e-01 3.700325542171056803e-01
1.980545034094097767e-01 3.795714493204374040e-01
1.940089898611216945e-01 3.867256206479361413e-01
1.885090270878655438e-01 3.938797919754349341e-01
1.837461607544122466e-01 4.010339633029336714e-01
1.797432315592640828e-01 4.081881346304324643e-01
1.765919894269135093e-01 4.129575821820983261e-01
1.716082006311103192e-01 4.224964772854299944e-01
1.695497737375082359e-01 4.272659248370958562e-01
1.665895800182516373e-01 4.391895437162604554e-01
1.663294781138840994e-01 4.415742674920933863e-01
1.665659551323604992e-01 4.487284388195921236e-01
1.678882208046025837e-01 4.558826101470909165e-01
1.675518897386381600e-01 4.582673339229238474e-01
1.652328140964424708e-01 4.630367814745897093e-01
1.626456137736048135e-01 4.656202322317419817e-01
1.602608899977719381e-01 4.669372195147232230e-01
1.578761662219390072e-01 4.676303067804973845e-01
1.554914424461060762e-01 4.676671201393319266e-01
1.531067186702731453e-01 4.670048054622460976e-01
1.459525473427743525e-01 4.636632767038339487e-01
1.411830997911085461e-01 4.610140247004456682e-01
1.387983760152756152e-01 4.592533254840855395e-01
1.268747571361110160e-01 4.477883073310426343e-01
1.244900333602780851e-01 4.460243323952101657e-01
9.348862427445009393e-02 4.300551999677575954e-01
8.871917672278423206e-02 4.269103081336821925e-01
8.394972917111837019e-02 4.245489034859419308e-01
7.679555784361957738e-02 4.221747288394842590e-01
6.725666274028790914e-02 4.204713547138893004e-01
5.771776763695624091e-02 4.174431340461650097e-01
5.294832008529037903e-02 4.170116126010142699e-01
5.056359630945744810e-02 4.175154816568757421e-01
4.579414875779158622e-02 4.195354452637707343e-01
3.625525365445991799e-02 4.245618184127138428e-01
3.387052987862698705e-02 4.263541186875126621e-01
2.816095083841163582e-02 4.320353723887616626e-01
2.158494399777344253e-02 4.415742674920933863e-01
1.684516587247553154e-02 4.511131625954250546e-01
1.516413107967529150e-02 4.558826101470909165e-01
1.280546985876945820e-02 4.606520576987567783e-01
9.920502302373901404e-03 4.654215052504225847e-01
7.316819898519122400e-03 4.725756765779213775e-01
5.472444248083241369e-03 4.821145716812531012e-01
4.354343495291401744e-03 4.844992954570859767e-01
4.843970169660649638e-04 4.903727817938596800e-01
0.000000000000000000e+00 4.964229143362506314e-01
1.540805480162443786e-04 5.321937709737444289e-01
4.843970169660649638e-04 5.344158999466797066e-01
5.232552392061939894e-03 5.417326660770761526e-01
6.042637817561258284e-03 5.441173898529090280e-01
6.339427780018502823e-03 5.465021136287420145e-01
6.552985133078226276e-03 5.655799038354053510e-01
7.316819898519122400e-03 5.703493513870712128e-01
9.920502302373901404e-03 5.775035227145699501e-01
1.541923490120783446e-02 5.870424178179016739e-01
2.396966777360637346e-02 6.037354842487321349e-01
2.910108232696112518e-02 6.104922016135920781e-01
3.148580610279405612e-02 6.123855277628897920e-01
3.863997743029284893e-02 6.162354113737230632e-01
4.340942498195865529e-02 6.182938382673250910e-01
4.817887253362451716e-02 6.191294101151163520e-01
7.441083406778670195e-02 6.191294101151163520e-01
7.918028161945250831e-02 6.182938382673250910e-01
9.110390049861716300e-02 6.136066769273847976e-01
1.030275193777817622e-01 6.081335403926863004e-01
1.149511382569463613e-01 6.040677818240531849e-01
1.316442046877768224e-01 5.966841027391571739e-01
1.435678235669414771e-01 5.890225902389057966e-01
1.531067186702731453e-01 5.840416403999786343e-01
1.578761662219390072e-01 5.819844956159334615e-01
1.602608899977719381e-01 5.814238640733255803e-01
1.650303375494377445e-01 5.812432031812170274e-01
1.674150613252706754e-01 5.817364074166734289e-01
1.697997851011036063e-01 5.831283603162629170e-01
1.711526572431626980e-01 5.846576940420687984e-01
1.723995249550853703e-01 5.870424178179016739e-01
1.733056849804998079e-01 5.918118653695675357e-01
1.734836494413828367e-01 6.061202080245651214e-01
1.743542165746206352e-01 6.108896555762308722e-01
1.765983397251886799e-01 6.156591031278967341e-01
1.861243033120326129e-01 6.299674457828943197e-01
1.901186050278432793e-01 6.347368933345601816e-01
1.984164704110986666e-01 6.428311961506084637e-01
2.198789843935949895e-01 6.575981395317276323e-01
2.246484319452608514e-01 6.619089863572718002e-01
2.389567746002583815e-01 6.719064821867252180e-01
2.461109459277571743e-01 6.786020527881022613e-01
2.556498410310888425e-01 6.851780596287404546e-01
2.628040123585876353e-01 6.892235731770284257e-01
2.723429074619193035e-01 6.970590941547651909e-01
2.866512501169168337e-01 7.044701910795412303e-01
2.961901452202485574e-01 7.082919389776690666e-01
3.009595927719144193e-01 7.106506001985748444e-01
3.057290403235802256e-01 7.137947449387356258e-01
3.224221067544106867e-01 7.223451778111340538e-01
3.319610018577423549e-01 7.277613301155680947e-01
3.486540682885728160e-01 7.321451669199936507e-01
3.581929633919045397e-01 7.352222298565522784e-01
3.748860298227350007e-01 7.393715357282785172e-01
3.820402011502337380e-01 7.422994746106370556e-01
3.868096487018995999e-01 7.431350464584283166e-01
3.963485438052313237e-01 7.435720176577658158e-01
4.035027151327300610e-01 7.452596683298937652e-01
4.130416102360617847e-01 7.459567414335986912e-01
4.201957815635605220e-01 7.476443921057266406e-01
4.416582955460568449e-01 7.481180513631537909e-01
4.464277430977227068e-01 7.491430060039684369e-01
4.511574452531246227e-01 7.515883583503734089e-01
4.559666382010543750e-01 7.520364433910553537e-01
5.608944843377030587e-01 7.520364433910553537e-01
5.657036772856327556e-01 7.515883583503734089e-01
5.704333794410346714e-01 7.490597288294471578e-01
5.775875507685335197e-01 7.464593095944153101e-01
5.823569983201992706e-01 7.456977346951443320e-01
6.228973025093590410e-01 7.455197702342613031e-01
6.252820262851919164e-01 7.452596683298937652e-01
6.324361976126906537e-01 7.435489486515427515e-01
6.395903689401895020e-01 7.428749445540607788e-01
6.538987115951869766e-01 7.388025701060999539e-01
6.634376066985187004e-01 7.381054970023949169e-01
6.705917780260174377e-01 7.363947773240439032e-01
6.777459493535162860e-01 7.352170403654886277e-01
6.872848444568478987e-01 7.321451669199936507e-01
6.992084633360124979e-01 7.292636750027682302e-01
7.087473584393442216e-01 7.288267038034308420e-01
7.135168059910100835e-01 7.279911319556395810e-01
7.254404248701746827e-01 7.226831983900758871e-01
7.349793199735064064e-01 7.208369606281408437e-01
7.421334913010051437e-01 7.179090217457821943e-01
7.492876626285038810e-01 7.160675130764749818e-01
7.612112815076685912e-01 7.106766627535019420e-01
7.659807290593343421e-01 7.089956279607017020e-01
7.707501766110003150e-01 7.066342233129615513e-01
7.755196241626660658e-01 7.034964288710761071e-01
7.802890717143319277e-01 7.011377676501703293e-01
7.898279668176636514e-01 6.973160197520424930e-01
7.945974143693295133e-01 6.946743703789323154e-01
8.017515856968282506e-01 6.891736333447098239e-01
8.089057570243269879e-01 6.844115412722227010e-01
8.208293759034916981e-01 6.779813039481018544e-01
8.232140996793245735e-01 6.762173290122693858e-01
8.303682710068233108e-01 6.695217584108923425e-01
8.470613374376537719e-01 6.581795797380605162e-01
8.589849563168183710e-01 6.517493424139396696e-01
8.613696800926513575e-01 6.499853674781072010e-01
8.756780227476488321e-01 6.361356255492314205e-01
8.828321940751475694e-01 6.309075772714438646e-01
8.923710891784792931e-01 6.218272828942338348e-01
8.995252605059780304e-01 6.165992346164462790e-01
9.100042870978592990e-01 6.061202080245651214e-01
9.152323353756468549e-01 5.989660366970662730e-01
9.195431822011910228e-01 5.941965891454004112e-01
9.247712304789785787e-01 5.870424178179016739e-01
9.314668010803556220e-01 5.798882464904029366e-01
9.332307760161879795e-01 5.775035227145699501e-01
9.355461285070674204e-01 5.727340751629041993e-01
9.373923662690024639e-01 5.655799038354053510e-01
9.394495110530476367e-01 5.608104562837394891e-01
9.420883214692817864e-01 5.560410087320737382e-01
9.438764468074982705e-01 5.536562849562407518e-01
9.496044597984694136e-01 5.479282719652694977e-01
9.519891835743024000e-01 5.461401466270531246e-01
9.591433549018011373e-01 5.420946330787650425e-01
9.686822500051328610e-01 5.355186262381269602e-01
9.767765528211811432e-01 5.274243234220785670e-01
9.820046010989686991e-01 5.202701520945798297e-01
9.887001717003458534e-01 5.131159807670810924e-01
9.925294877634620594e-01 5.079942444758035469e-01
9.975322235105898994e-01 5.035770856637493686e-01
9.994772887642060510e-01 5.011923618879164932e-01
1.000000000000000000e+00 4.988076381120835623e-01
1.000000000000000000e+00 4.797298479054201703e-01
9.994772887642060510e-01 4.773451241295872394e-01
9.974844138310261510e-01 4.749604003537543084e-01
9.925294877634620594e-01 4.711769443632501386e-01
9.829905926601303356e-01 4.620966499860401644e-01
9.758364213326315983e-01 4.568686017082526085e-01
9.710669737809658475e-01 4.525577548827084406e-01
9.567586311259682619e-01 4.425602590532550784e-01
9.448350122468036627e-01 4.310952409002121732e-01
9.352961171434719390e-01 4.245192340595739799e-01
9.209877744884744644e-01 4.173947321584431380e-01
9.162183269368084915e-01 4.157136973656428980e-01
9.114488793851427406e-01 4.133195491837872160e-01
9.019099842818110169e-01 4.054840282060504508e-01
8.899863654026464177e-01 3.990537908819296042e-01
8.852169178509805558e-01 3.959025487495788642e-01
8.732932989718159567e-01 3.894723114254580176e-01
8.709085751959830812e-01 3.877116122090978889e-01
8.603836885314896099e-01 3.771867255446044731e-01
8.542155087651526202e-01 3.690216387034374046e-01
8.494460612134866473e-01 3.648945584455384195e-01
8.422918898859879100e-01 3.605145777433865217e-01
8.399071661101550346e-01 3.597415539229343873e-01
8.279835472309904354e-01 3.589711047030498814e-01
8.160599283518257252e-01 3.557447695256928943e-01
8.136752045759928498e-01 3.542168861566288851e-01
8.055350416873323649e-01 3.461853164587764820e-01
7.993668619209952642e-01 3.380202296176094134e-01
7.969821381451623887e-01 3.357346152058615640e-01
7.898279668176636514e-01 3.304782415891077130e-01
7.826737954901648031e-01 3.237826709877306142e-01
7.659807290593343421e-01 3.124372165954265590e-01
7.492876626285038810e-01 3.036222554954727815e-01
7.469029388526710056e-01 3.018615562791125972e-01
7.349793199735064064e-01 2.903965381260696921e-01
7.325945961976734200e-01 2.886325631902372235e-01
7.206709773185089318e-01 2.822023258661163769e-01
7.159015297668429589e-01 2.790510837337656369e-01
7.015931871118454843e-01 2.719265818326348505e-01
6.801306731293491614e-01 2.647777701434477216e-01
6.682070542501845622e-01 2.618945029976050831e-01
6.491292640435211148e-01 2.614564366323544053e-01
6.443598164918553639e-01 2.606948617330834828e-01
6.348209213885236402e-01 2.576235988159489843e-01
6.228973025093590410e-01 2.547403316701062903e-01
6.205125787335260545e-01 2.544802297657388079e-01
5.895111696476981189e-01 2.543022653048556680e-01
5.871264458718651325e-01 2.540432585664013088e-01
5.799722745443663952e-01 2.523556078942733594e-01
5.608944843377030587e-01 2.518819486368460980e-01
5.561250367860371968e-01 2.508569939960315631e-01
5.513953346306352810e-01 2.484116416496265911e-01
