5.019193857965451588e-01 1.948176583493282377e-01
5.000000000000000000e-01 1.967370441458733410e-01
4.961612284069097933e-01 1.948176583493282377e-01
4.942418426103646900e-01 1.967370441458733410e-01
4.692898272552782912e-01 1.986564299424184443e-01
4.616122840690978779e-01 1.967370441458733410e-01
4.539347408829174646e-01 2.005758157389635477e-01
4.347408829174664313e-01 1.986564299424184443e-01
4.251439539347409147e-01 2.005758157389635477e-01
4.136276391554702392e-01 2.101727447216890643e-01
3.963531669865643092e-01 2.082533589251439610e-01
3.944337811900192059e-01 2.101727447216890643e-01
3.829174664107485304e-01 2.082533589251439610e-01
3.752399232245681171e-01 2.140115163147792710e-01
3.637236084452974971e-01 2.159309021113243743e-01
3.483685220729366705e-01 2.159309021113243743e-01
3.464491362763915672e-01 2.178502879078694776e-01
3.291746641074856372e-01 2.159309021113243743e-01
3.176583493282149617e-01 2.197696737044145809e-01
3.099808061420345484e-01 2.159309021113243743e-01
2.869481765834932530e-01 2.159309021113243743e-01
2.831094049904030463e-01 2.197696737044145809e-01
2.773512476007677918e-01 2.178502879078694776e-01
2.677543186180422197e-01 2.197696737044145809e-01
2.600767754318618064e-01 2.255278310940498909e-01
2.485604606525911864e-01 2.255278310940498909e-01
2.428023032629558764e-01 2.293666026871400976e-01
2.274472168905949943e-01 2.293666026871400976e-01
2.255278310940498909e-01 2.312859884836852009e-01
2.101727447216890643e-01 2.293666026871400976e-01
1.986564299424184443e-01 2.332053742802303042e-01
1.967370441458733410e-01 2.312859884836852009e-01
1.909788867562380310e-01 2.332053742802303042e-01
1.890595009596928722e-01 2.312859884836852009e-01
1.852207293666026655e-01 2.351247600767754076e-01
1.775431861804222522e-01 2.332053742802303042e-01
1.717850287907869422e-01 2.370441458733205109e-01
1.660268714011516322e-01 2.370441458733205109e-01
1.602687140115163222e-01 2.408829174664107731e-01
1.449136276391554956e-01 2.408829174664107731e-01
1.410748560460652334e-01 2.447216890595009797e-01
1.372360844529750268e-01 2.428023032629558764e-01
1.199616122840690968e-01 2.466410748560460831e-01
1.103646833013435802e-01 2.543186180422264964e-01
9.692898272552785688e-02 2.562380038387715997e-01
9.117082533589249138e-02 2.600767754318618064e-01
8.157389635316697474e-02 2.600767754318618064e-01
7.581573896353166475e-02 2.639155470249520130e-01
6.813819577735125144e-02 2.639155470249520130e-01
6.429942418426104478e-02 2.677543186180422197e-01
5.854126679462573479e-02 2.677543186180422197e-01
5.470249520153552814e-02 2.715930902111324263e-01
3.550863723608443934e-02 2.773512476007677918e-01
2.783109404990402602e-02 2.831094049904030463e-01
2.207293666026871604e-02 2.831094049904030463e-01
3.838771593090206657e-03 3.013435700575816112e-01
3.838771593090206657e-03 3.051823416506718178e-01
0.000000000000000000e+00 3.090211132437620245e-01
1.919385796545103329e-03 3.243761996161228511e-01
1.343570057581572330e-02 3.358925143953934711e-01
9.596928982725516644e-03 3.550863723608445044e-01
1.343570057581572330e-02 3.608445297504798699e-01
1.343570057581572330e-02 3.666026871401151244e-01
2.495201535508639878e-02 3.838771593090211098e-01
3.262955854126681210e-02 3.896353166986564198e-01
3.454894433781191543e-02 3.953934740882917298e-01
4.606525911708253540e-02 4.069097888675623498e-01
4.606525911708253540e-02 4.126679462571977153e-01
5.758157389635315537e-02 4.241842610364683352e-01
5.758157389635315537e-02 4.280230326295585419e-01
7.869481765834934750e-02 4.491362763915546785e-01
8.061420345489445083e-02 4.548944337811899885e-01
9.021113243761996747e-02 4.625719769673704573e-01
9.213051823416507080e-02 4.683301343570057673e-01
9.788867562380038079e-02 4.740882917466410773e-01
9.788867562380038079e-02 4.779270633397312840e-01
1.055662188099807941e-01 4.875239923224568006e-01
1.094049904030710008e-01 5.028790786948176272e-01
1.228406909788867796e-01 5.143953934740882472e-01
1.228406909788867796e-01 5.182341650671784539e-01
1.477927063339731228e-01 5.431861804222648527e-01
1.477927063339731228e-01 5.470249520153550593e-01
1.573896353166986395e-01 5.623800383877158859e-01
1.554702495201535362e-01 5.681381957773512514e-01
1.631477927063339495e-01 5.796545105566218714e-01
1.631477927063339495e-01 5.873320537428022847e-01
1.689059500959693150e-01 5.950095969289826980e-01
1.689059500959693150e-01 5.988483685220729047e-01
1.727447216890595216e-01 6.007677543186180635e-01
1.727447216890595216e-01 6.046065259117082702e-01
1.804222648752399349e-01 6.103646833013435247e-01
1.871401151631477688e-01 6.209213051823416762e-01
1.938579654510556582e-01 6.238003838771593035e-01
1.938579654510556582e-01 6.295585412667945580e-01
1.986564299424184443e-01 6.343570057581573440e-01
2.120921305182341676e-01 6.381957773512476617e-01
2.274472168905949943e-01 6.477927063339731228e-01
2.504798464491362897e-01 6.554702495201535362e-01
2.619961612284069097e-01 6.669865642994241561e-01
2.677543186180422197e-01 6.689059500959693150e-01
2.946257197696736663e-01 6.976967370441458094e-01
3.023032629558541351e-01 6.996161228406909682e-01
3.061420345489443418e-01 7.053742802303263337e-01
3.099808061420345484e-01 7.053742802303263337e-01
3.253358925143954306e-01 7.207293666026871604e-01
3.445297504798464638e-01 7.264875239923225259e-01
3.522072936660268772e-01 7.380038387715930348e-01
3.560460652591170838e-01 7.380038387715930348e-01
3.627639155470249177e-01 7.447216890595009797e-01
3.627639155470249177e-01 7.504798464491362342e-01
3.809980806142034826e-01 7.552783109404990203e-01
3.867562380038387371e-01 7.610364683301342748e-01
4.174664107485604458e-01 7.725527831094050057e-01
4.251439539347409147e-01 7.802303262955854191e-01
4.289827255278311213e-01 7.802303262955854191e-01
4.385796545105566380e-01 7.917466410748560390e-01
4.769673704414587601e-01 8.051823416506718178e-01
4.827255278310940700e-01 8.013435700575815002e-01
4.980806142034548967e-01 8.013435700575815002e-01
5.038387715930902067e-01 8.051823416506718178e-01
5.134357005758157788e-01 8.013435700575815002e-01
5.172744721689059855e-01 8.032629558541266590e-01
5.326295585412668121e-01 7.936660268714010869e-01
5.383877159309020666e-01 7.936660268714010869e-01
5.422264875239922732e-01 7.898272552783109912e-01
5.518234165067178454e-01 7.917466410748560390e-01
5.671785028790786720e-01 7.840690978886756257e-01
5.729366602687140375e-01 7.783109404990402602e-01
5.806142034548944508e-01 7.783109404990402602e-01
6.046065259117082702e-01 7.619961612284069652e-01
6.055662188099808496e-01 7.591170825335892269e-01
6.218809980806141446e-01 7.523992322456813930e-01
6.228406909788867241e-01 7.495201535508637658e-01
6.305182341650671374e-01 7.495201535508637658e-01
6.439539347408829162e-01 7.399232245681381936e-01
6.477927063339731228e-01 7.418426103646833525e-01
6.612284069097889017e-01 7.303262955854126215e-01
6.689059500959693150e-01 7.303262955854126215e-01
6.785028790786947761e-01 7.207293666026871604e-01
6.823416506717849828e-01 7.207293666026871604e-01
7.034548944337811749e-01 7.015355086372361271e-01
7.111324376199615882e-01 6.996161228406909682e-01
7.207293666026871604e-01 6.919385796545105549e-01
7.370441458733205664e-01 6.852207293666027210e-01
7.399232245681381936e-01 6.804222648752399349e-01
7.437619961612284003e-01 6.804222648752399349e-01
7.495201535508637658e-01 6.727447216890595216e-01
7.581573896353166475e-01 6.679462571976967356e-01
7.581573896353166475e-01 6.621880998080613701e-01
7.610364683301342748e-01 6.593090211132437428e-01
7.763915547024952124e-01 6.593090211132437428e-01
7.859884836852206735e-01 6.669865642994241561e-01
7.994241842610364523e-01 6.708253358925143628e-01
8.378119001919386299e-01 7.111324376199615882e-01
8.550863723608445044e-01 7.188099808061420015e-01
8.685220729366602832e-01 7.341650671785029392e-01
8.809980806142034826e-01 7.389635316698656142e-01
8.857965451055662687e-01 7.456813819577734481e-01
8.896353166986563643e-01 7.456813819577734481e-01
8.934740882917466820e-01 7.495201535508637658e-01
9.088291746641075086e-01 7.533589251439538614e-01
9.126679462571977153e-01 7.571976967370441791e-01
9.280230326295585419e-01 7.610364683301342748e-01
9.366602687140115346e-01 7.562380038387715997e-01
9.366602687140115346e-01 7.504798464491362342e-01
9.424184261036467891e-01 7.408829174664107731e-01
9.424184261036467891e-01 7.332053742802303598e-01
9.462571976967371068e-01 7.293666026871401531e-01
9.462571976967371068e-01 7.236084452975047876e-01
9.558541266794625679e-01 7.120921305182341676e-01
9.558541266794625679e-01 7.024952015355085955e-01
9.635316698656429812e-01 6.948176583493281822e-01
9.635316698656429812e-01 6.909788867562379755e-01
9.731285988483684424e-01 6.833013435700575622e-01
9.731285988483684424e-01 6.756238003838771489e-01
9.769673704414587601e-01 6.717850287907869422e-01
9.769673704414587601e-01 6.621880998080613701e-01
9.827255278310940145e-01 6.545105566218809567e-01
9.827255278310940145e-01 6.468330134357005434e-01
9.865642994241843322e-01 6.410748560460652890e-01
9.865642994241843322e-01 6.353166986564299235e-01
9.923224568138195867e-01 6.257197696737044623e-01
9.923224568138195867e-01 6.180422264875240490e-01
1.000000000000000000e+00 6.007677543186180635e-01
9.952015355086372139e-01 5.902111324376200230e-01
9.884836852207293800e-01 5.854126679462572369e-01
9.904030710172744278e-01 5.681381957773512514e-01
9.942418426103647455e-01 5.642994241842610448e-01
9.923224568138195867e-01 5.508637236084452660e-01
9.942418426103647455e-01 5.412667946257198048e-01
1.000000000000000000e+00 5.335892514395393915e-01
9.980806142034548412e-01 5.259117082533589782e-01
9.913627639155470073e-01 5.172744721689059855e-01
9.760076775431861806e-01 5.134357005758157788e-01
9.740882917466411328e-01 5.153550863723608266e-01
9.587332053742803062e-01 5.134357005758157788e-01
9.548944337811899885e-01 5.172744721689059855e-01
9.395393474088291619e-01 5.134357005758157788e-01
9.184261036468330808e-01 5.172744721689059855e-01
9.126679462571977153e-01 5.153550863723608266e-01
9.069097888675623498e-01 5.191938579654510333e-01
8.685220729366602832e-01 5.230326295585412399e-01
8.589251439539347110e-01 5.268714011516314466e-01
8.550863723608445044e-01 5.249520153550863988e-01
8.474088291746640911e-01 5.287907869481766054e-01
8.282149712092130578e-01 5.307101727447216533e-01
8.262955854126678990e-01 5.287907869481766054e-01
8.128598848368522312e-01 5.287907869481766054e-01
8.109404990403070723e-01 5.307101727447216533e-01
7.936660268714010869e-01 5.287907869481766054e-01
7.879078694817658324e-01 5.326295585412668121e-01
7.754318618042226330e-01 5.201535508637236127e-01
7.773512476007677918e-01 5.143953934740882472e-01
7.715930902111324263e-01 5.086372360844529927e-01
7.658349328214970608e-01 4.952015355086372139e-01
7.677543186180422197e-01 4.875239923224568006e-01
7.562380038387715997e-01 4.760076775431861806e-01
7.581573896353166475e-01 4.702495201535508706e-01
7.466410748560460275e-01 4.606525911708253540e-01
7.485604606525911864e-01 4.548944337811899885e-01
7.408829174664107731e-01 4.452975047984644719e-01
7.428023032629558209e-01 4.376199616122840585e-01
7.389635316698656142e-01 4.280230326295585419e-01
7.332053742802303598e-01 4.222648752399232319e-01
7.312859884836852009e-01 4.107485604606526119e-01
7.236084452975047876e-01 4.011516314779270953e-01
7.255278310940498354e-01 3.953934740882917298e-01
7.216890595009597398e-01 3.934740882917466265e-01
7.197696737044145809e-01 3.857965451055662132e-01
7.159309021113243743e-01 3.819577735124760065e-01
7.159309021113243743e-01 3.761996161228406965e-01
7.082533589251439610e-01 3.704414587332053865e-01
7.082533589251439610e-01 3.666026871401151244e-01
6.986564299424183888e-01 3.550863723608445044e-01
7.005758157389635477e-01 3.512476007677542977e-01
6.890595009596929277e-01 3.320537428023032644e-01
6.756238003838771489e-01 3.205374280230326445e-01
6.756238003838771489e-01 3.166986564299424378e-01
6.698656429942417834e-01 3.109404990403070723e-01
6.698656429942417834e-01 3.071017274472168657e-01
6.564299424184261156e-01 2.936660268714011424e-01
6.545105566218809567e-01 2.859884836852207290e-01
6.477927063339731228e-01 2.792706333973128396e-01
6.439539347408829162e-01 2.792706333973128396e-01
6.372360844529750823e-01 2.687140115163147991e-01
6.113243761996161041e-01 2.447216890595009797e-01
5.882917466410748641e-01 2.370441458733205109e-01
5.854126679462572369e-01 2.341650671785028837e-01
5.873320537428022847e-01 2.284069097888675737e-01
5.815738963531670302e-01 2.226487523992322637e-01
5.815738963531670302e-01 2.188099808061420570e-01
5.729366602687140375e-01 2.120921305182341676e-01
5.345489443378118599e-01 2.005758157389635477e-01
5.287907869481766054e-01 2.024952015355086510e-01
5.230326295585412399e-01 1.986564299424184443e-01
5.134357005758157788e-01 1.986564299424184443e-01
