6.294652219087200073e-01 2.783439473341615678e-01
6.174606560033553126e-01 2.784214222817938955e-01
6.102579164601364958e-01 2.793015169572855561e-01
6.030551769169176790e-01 2.784214222817938955e-01
5.406314342090212666e-01 2.783439473341615678e-01
5.358867724464246862e-01 2.787950743331529813e-01
5.262259551225836329e-01 2.839708134038265719e-01
5.190232155793648161e-01 2.863598563401843489e-01
5.070186496740000104e-01 2.880747943266650513e-01
4.974149969497083101e-01 2.911616827023302267e-01
4.902122574064894933e-01 2.923456828172389388e-01
4.830095178632706765e-01 2.940685758773631253e-01
4.590003860525412871e-01 2.945085135853990344e-01
4.541985596903954092e-01 2.952775338698838681e-01
4.445949069661035979e-01 2.983644222455490436e-01
4.397930806039577201e-01 2.991311673220916623e-01
4.205857751553742085e-01 2.995722076308995341e-01
4.133830356121553917e-01 3.012945410376016708e-01
4.061802960689365749e-01 3.019731208119724730e-01
3.941757301635718802e-01 3.055671617887678604e-01
3.893739038014260023e-01 3.063339068653104791e-01
3.773693378960613076e-01 3.067749471741184064e-01
3.629638588096236740e-01 3.097552370471500227e-01
3.557611192664048572e-01 3.126982919142716755e-01
3.533602060853319182e-01 3.132758813259466368e-01
3.461574665421131014e-01 3.139776867173372232e-01
3.437565533610401625e-01 3.145922962706256820e-01
3.389547269988942846e-01 3.168516543173530153e-01
3.341529006367484067e-01 3.200178961831821045e-01
3.173465083692378341e-01 3.288927002632195395e-01
3.101437688260190173e-01 3.343805018199577095e-01
3.005401161017272615e-01 3.387144162228612476e-01
2.837337238342166890e-01 3.481000057118031066e-01
2.813328106531437500e-01 3.498759559151104481e-01
2.741300711099248777e-01 3.566169813850460502e-01
2.669273315667060609e-01 3.618805218204751428e-01
2.515753386300377814e-01 3.772325147571434778e-01
2.425966488835115675e-01 3.892370806625081725e-01
2.399370658894777741e-01 3.940389070246540504e-01
2.339347829367954268e-01 4.084443861110916840e-01
2.312780581727391094e-01 4.132462124732376174e-01
2.295054059270980051e-01 4.156471256543105564e-01
2.213099811263202210e-01 4.238425504550883405e-01
2.189090679452472821e-01 4.256152027007294447e-01
2.141072415831014042e-01 4.282719274647857621e-01
2.093054152209555263e-01 4.303430377868457390e-01
2.045035888588096484e-01 4.311813922811034150e-01
1.876971965912990759e-01 4.311813922811034150e-01
1.828953702291531980e-01 4.304146472045607408e-01
1.612871515994966920e-01 4.229947478894906521e-01
1.516834988752049362e-01 4.177134853593323371e-01
1.348771066076943637e-01 4.112192120006924467e-01
1.036652352537461574e-01 3.961052667296758867e-01
9.886340889160027956e-02 3.944128197331818741e-01
8.685884298623558486e-02 3.889025271864570699e-01
8.205701662408970698e-02 3.872100801899630573e-01
7.005245071872501228e-02 3.817826324793381909e-01
6.525062435657913440e-02 3.809413881040248917e-01
5.324605845121443970e-02 3.805246760130086559e-01
4.604331890799562288e-02 3.791644995825381170e-01
4.364240572692262843e-02 3.794591681105579095e-01
3.643966618370381161e-02 3.820132804773501700e-01
3.403875300263087267e-02 3.836909712142296813e-01
3.131628894909277427e-02 3.868361674814352336e-01
2.650145998336095321e-02 3.964398202057269893e-01
2.240809980579394622e-02 4.084443861110916840e-01
1.999769823832042714e-02 4.132462124732376174e-01
1.388493370381671532e-02 4.204489520164564342e-01
5.522246446302336853e-03 4.324535179218211289e-01
1.170251553742340800e-03 4.372553442839670068e-01
4.259684676097275080e-04 4.385385909841956198e-01
0.000000000000000000e+00 4.420571706461128847e-01
9.340954725839401007e-05 4.564626497325505183e-01
4.259684676097275080e-04 4.589035781333080100e-01
2.887921814303195944e-03 4.636653892757693352e-01
3.621029854729840292e-03 4.660663024568422741e-01
4.396709497845763259e-03 4.780708683622069688e-01
6.119042904547844497e-03 4.852736079054257856e-01
7.304775280048858566e-03 4.924763474486446024e-01
1.279257683678702850e-02 5.092827397161552305e-01
1.450751482326767539e-02 5.212873056215199252e-01
1.929872044014208088e-02 5.356927847079575589e-01
2.175044281223026399e-02 5.404946110701034367e-01
2.443510027833911691e-02 5.436252135513063299e-01
2.683601345941205585e-02 5.452309579818563900e-01
2.923692664048499479e-02 5.460536485124338757e-01
3.163783982155793373e-02 5.463535559224231841e-01
3.884057936477675055e-02 5.461275227641591012e-01
4.604331890799562288e-02 5.444284149744768042e-01
5.564697163228737864e-02 5.437266095830861623e-01
6.284971117550619546e-02 5.420275017934038653e-01
7.245336389979795122e-02 5.415875640853680117e-01
7.725519026194382910e-02 5.407463197100546015e-01
8.445792980516264592e-02 5.378032648429329488e-01
9.406158252945440168e-02 5.360167174387372446e-01
1.108679747969649743e-01 5.305289158819991302e-01
1.228725407023296690e-01 5.288139778955184278e-01
1.420798461509131805e-01 5.228201963448203538e-01
1.516834988752049362e-01 5.221183909534297118e-01
1.588862384184237531e-01 5.204192831637474148e-01
1.804944570480802590e-01 5.197174777723567729e-01
1.876971965912990759e-01 5.180315218380951992e-01
1.924990229534449537e-01 5.181173499371345414e-01
1.948999361345178927e-01 5.189078291652780006e-01
1.973008493155908316e-01 5.204039507718798419e-01
2.006668354419969824e-01 5.236882188025928642e-01
2.059579881896518860e-01 5.308909583458116810e-01
2.199017532028062494e-01 5.452964374322493146e-01
2.216744054484473536e-01 5.476973506133222536e-01
2.281482963474119052e-01 5.597019165186869483e-01
2.377453231749376839e-01 5.741073956051245819e-01
2.417667413936253618e-01 5.789092219672704598e-01
2.693282447477789998e-01 6.062657808093034895e-01
2.717291579288519388e-01 6.080417310126108310e-01
2.789318974720708111e-01 6.121147087305024437e-01
2.885355501963625668e-01 6.187320607879513990e-01
3.053419424638731394e-01 6.350767389821787567e-01
3.197474215503107731e-01 6.451421057797537273e-01
3.269501610935295899e-01 6.518831312496893293e-01
3.317519874556754678e-01 6.549856150522850307e-01
3.389547269988942846e-01 6.579944742507162214e-01
3.461574665421131014e-01 6.621883545955038475e-01
3.533602060853319182e-01 6.651972137939350382e-01
3.605629456285507350e-01 6.693910941387226643e-01
3.677656851717695519e-01 6.723999533371538551e-01
3.797702510771342466e-01 6.801056064853009397e-01
3.845720774392801244e-01 6.824830422294579924e-01
3.965766433446448191e-01 6.865764024070249993e-01
4.085812092500095138e-01 6.913782287691708772e-01
4.181848619743012696e-01 6.966574554769596750e-01
4.301894278796659643e-01 7.009818814934626330e-01
4.421939937850306590e-01 7.064921740401873818e-01
4.541985596903954092e-01 7.112940004023332596e-01
4.614012992336142260e-01 7.136895175595989738e-01
4.686040387768330429e-01 7.153933914300378838e-01
4.806086046821977376e-01 7.189932718014108159e-01
4.878113442254165544e-01 7.196718515757816181e-01
4.974149969497083101e-01 7.216560526658384322e-01
5.598387396576047781e-01 7.216560526658384322e-01
5.646405660197506560e-01 7.208870323813536540e-01
5.814469582872612285e-01 7.153933914300378838e-01
5.886496978304800454e-01 7.136895175595989738e-01
6.102579164601364958e-01 7.064921740401873818e-01
6.222624823655011905e-01 7.010653611558927967e-01
6.294652219087200073e-01 6.992840384731613401e-01
6.366679614519388242e-01 6.968885213158956260e-01
6.582761800815952746e-01 6.866598820694551630e-01
6.654789196248140914e-01 6.848785593867237065e-01
6.726816591680329083e-01 6.824830422294579924e-01
6.798843987112517251e-01 6.793736628638061825e-01
6.870871382544705419e-01 6.769787805328707497e-01
6.942898777976893587e-01 6.752015842212859553e-01
7.014926173409081755e-01 6.721709233205873657e-01
7.086953568841269924e-01 6.697760409896519329e-01
7.158980964273458092e-01 6.679947183069204764e-01
7.206999227894916871e-01 6.659223171713222200e-01
7.255017491516375649e-01 6.632627341772885377e-01
7.327044886948563818e-01 6.577246537568557372e-01
7.471099677812940154e-01 6.481284064465965278e-01
7.519117941434398933e-01 6.455447361029812425e-01
7.567136205055857712e-01 6.438716351699079743e-01
7.591145336866587101e-01 6.437929167049547541e-01
7.639163600488045880e-01 6.445887484585915983e-01
7.687181864109504659e-01 6.447909963464137917e-01
7.735200127730963438e-01 6.439855864961909759e-01
7.783218391352422216e-01 6.419131853605928306e-01
7.879254918595339774e-01 6.368526891854860983e-01
7.903264050406069163e-01 6.350767389821787567e-01
8.023309709459716110e-01 6.235338871500972768e-01
8.047318841270445500e-01 6.217612349044562281e-01
8.095337104891904279e-01 6.194689110344124838e-01
8.119346236702633668e-01 6.188567235877379114e-01
8.191373632134821836e-01 6.181787034667892700e-01
8.311419291188468783e-01 6.151746283233157087e-01
8.359437554809927562e-01 6.131022271877175633e-01
8.455474082052846230e-01 6.080846044622728597e-01
8.599528872917222566e-01 5.990630412660846726e-01
8.719574531970869513e-01 5.875201894340031927e-01
8.743583663781598903e-01 5.857475371883621440e-01
8.911647586456704628e-01 5.768298596586626248e-01
8.935656718267434018e-01 5.750539094553552832e-01
9.127729772753269133e-01 5.563083180800549865e-01
9.151738904563998522e-01 5.545356658344139378e-01
9.199757168185457301e-01 5.521252642669403077e-01
9.247775431806916080e-01 5.504328172704463507e-01
9.295793695428374859e-01 5.480189014857873575e-01
9.367821090860563027e-01 5.425310999290492431e-01
9.463857618103480585e-01 5.374734619839199867e-01
9.679939804400045089e-01 5.288245986407899002e-01
9.727958068021503868e-01 5.264471628966328476e-01
9.823994595264422536e-01 5.204203091950213578e-01
9.848003727075151925e-01 5.184862402436014595e-01
9.899602299826280039e-01 5.116836528972281695e-01
9.922548208906851741e-01 5.068818265350822916e-01
9.941135923857093992e-01 4.996790869918634193e-01
9.991847911520135295e-01 4.900754342675716635e-01
9.999373800288109404e-01 4.876745210864987246e-01
1.000000000000000000e+00 4.828726947243528467e-01
9.994223275725740985e-01 4.804717815432799077e-01
9.971264894853448801e-01 4.756699551811340299e-01
9.823994595264422536e-01 4.561625355849163732e-01
9.802986604930032932e-01 4.540617365514775794e-01
9.751967199832233257e-01 4.502525954468906688e-01
9.477939897338619746e-01 4.228498651975293732e-01
9.460213374882209258e-01 4.204489520164564342e-01
9.395474465892563742e-01 4.084443861110916840e-01
9.323018335963755288e-01 3.964398202057269893e-01
9.303878403078926773e-01 3.940389070246540504e-01
9.271784563617645469e-01 3.912669436246880572e-01
9.055702377321080965e-01 3.771290271200282707e-01
8.983674981888892797e-01 3.745076688452908531e-01
8.911647586456704628e-01 3.727985702533878065e-01
8.647547136538681345e-01 3.643968635198689410e-01
8.551510609295763787e-01 3.636819062730575203e-01
8.527501477485034398e-01 3.631174687168033932e-01
8.407455818431386341e-01 3.583991220170877345e-01
8.359437554809927562e-01 3.559887204496142155e-01
8.335428422999198173e-01 3.541884558917473558e-01
8.301768561735137775e-01 3.508224697653411495e-01
8.283765916156469178e-01 3.484215565842682105e-01
8.260496697106035624e-01 3.436197302221223326e-01
8.238724975428205477e-01 3.364169906789035158e-01
8.215382763945551226e-01 3.334638674661838387e-01
8.191373632134821836e-01 3.321416803652385008e-01
8.167364500324092447e-01 3.318352480250226777e-01
8.071327973081174889e-01 3.342290617316354684e-01
8.047318841270445500e-01 3.344924491607419448e-01
8.023309709459716110e-01 3.341538348114987400e-01
7.975291445838257332e-01 3.319795886388847705e-01
7.903264050406069163e-01 3.264917870821466006e-01
7.855245786784610385e-01 3.238322040881128627e-01
7.807227523163151606e-01 3.217985273586609907e-01
7.783218391352422216e-01 3.212912376381439339e-01
7.759209259541692827e-01 3.212912376381439339e-01
7.735200127730963438e-01 3.217985273586609907e-01
7.615154468677316490e-01 3.270650465945629248e-01
7.591145336866587101e-01 3.275705490347962656e-01
7.567136205055857712e-01 3.275705490347962656e-01
7.543127073245128322e-01 3.270650465945629248e-01
7.495108809623669543e-01 3.250326606786493322e-01
7.399072282380751986e-01 3.199750227335200758e-01
7.375063150570022596e-01 3.181747581756532162e-01
7.317118034372973590e-01 3.124078588681741264e-01
7.255017491516375649e-01 3.043966485599001182e-01
7.231008359705646260e-01 3.025204618588464567e-01
7.182990096084187481e-01 3.000687394867582736e-01
7.038935305219811145e-01 2.952775338698838681e-01
6.918889646166164198e-01 2.935625958834031657e-01
6.846862250733976030e-01 2.909445229304790104e-01
6.774834855301787861e-01 2.867781106602204644e-01
6.750825723491058472e-01 2.857813380977504147e-01
6.702807459869599693e-01 2.849048608611072231e-01
6.510734405383764578e-01 2.847256882356540286e-01
6.462716141762305799e-01 2.839589431591114099e-01
6.390688746330117631e-01 2.813408702061872546e-01
6.343070634905503269e-01 2.787950743331529813e-01
