5.298144406934254258e-01 2.766779247188213553e-01
5.083526288671509352e-01 2.765875512012231363e-01
5.036401146301646703e-01 2.770356215825925394e-01
4.964294000747762059e-01 2.810696473240126836e-01
4.940447543163012378e-01 2.820590146967569822e-01
4.868908170408764446e-01 2.833404804440149971e-01
4.797368797654515959e-01 2.850517000168506510e-01
4.701982967315517792e-01 2.854886569204702074e-01
4.654290052146018986e-01 2.863242014321361051e-01
4.535057764222271692e-01 2.910112094293924589e-01
4.487364849052772886e-01 2.933725368226709485e-01
4.439671933883274080e-01 2.965173257701334553e-01
4.368132561129025593e-01 3.005201240075734970e-01
4.320439645959526787e-01 3.036712630455582485e-01
4.201207358035779493e-01 3.100587070414733137e-01
4.081975070112032200e-01 3.179791375964079458e-01
4.010435697357783713e-01 3.219819358338480431e-01
3.915049867018786101e-01 3.285577275373349204e-01
3.819664036679788488e-01 3.376377248484511151e-01
3.697450941557947068e-01 3.461903485783660028e-01
3.676585291171291514e-01 3.482769136170316138e-01
3.561471936830364893e-01 3.652675146461655808e-01
3.542023137657348553e-01 3.676521604046405489e-01
3.515185486786706059e-01 3.700368061631154615e-01
3.414274257739047247e-01 3.776026367968223774e-01
3.271195512230550273e-01 3.871338645921813537e-01
3.104270309137304729e-01 3.959059543465713316e-01
2.865805733289810142e-01 4.120203290839580257e-01
2.592058133464879566e-01 4.391915331588888693e-01
2.552116423061333017e-01 4.439608246758387500e-01
2.488381345516638699e-01 4.534994077097385667e-01
2.460415954349068901e-01 4.567357126676688805e-01
2.436569496764319775e-01 4.585938781937532460e-01
2.388876581594820969e-01 4.609074465823779221e-01
2.341183666425321608e-01 4.617744844089239908e-01
2.007333260238829409e-01 4.617744844089239908e-01
1.983486802654080283e-01 4.615154861439966227e-01
1.911947429899831796e-01 4.598278906841528624e-01
1.888100972315082116e-01 4.595677972891412111e-01
1.745022226806585697e-01 4.593898386504490783e-01
1.721175769221836016e-01 4.591308403855217102e-01
1.649636396467587529e-01 4.574432449256778943e-01
1.625789938882838404e-01 4.571831515306662430e-01
1.339632447865844456e-01 4.570051928919741102e-01
1.291939532696345649e-01 4.562436429079835265e-01
1.196553702357348037e-01 4.531776697899443374e-01
1.148860787187849231e-01 4.524138600137163624e-01
1.029628499264101937e-01 4.519769031100968615e-01
9.580891265098534504e-02 4.502893076502531011e-01
9.342426689251037697e-02 4.500292142552414498e-01
1.473095686283720784e-02 4.500292142552414498e-01
9.961665345887271705e-03 4.508647587669073475e-01
5.192373828937391078e-03 4.529854754342051426e-01
2.807728070462478520e-03 4.545046995490956698e-01
1.310982328440957190e-03 4.558840534682134793e-01
4.230823119875104510e-04 4.572750968273238681e-01
0.000000000000000000e+00 4.606533449851634154e-01
9.277664949602915101e-05 4.678072822605882086e-01
4.230823119875104510e-04 4.702316721150377465e-01
2.951629107611819514e-03 4.749612195360130573e-01
5.551963268707438282e-03 4.821151568114379060e-01
6.313513252697966482e-03 4.868844483283877866e-01
6.491471891390210303e-03 5.274234262224618552e-01
6.751565286401806087e-03 5.298080719809368233e-01
8.439160746245566447e-03 5.369620092563616165e-01
9.136211044876774157e-03 5.465005922902614888e-01
9.639927426093042317e-03 5.488852380487363458e-01
1.270590054413223147e-02 5.584238210826362181e-01
1.346745052812281518e-02 5.631931125995860432e-01
1.391800944517529448e-02 5.727316956334858045e-01
1.451594781904025355e-02 5.751163413919607725e-01
1.551910249487553628e-02 5.775009871504357406e-01
1.695812601462037827e-02 5.798856329089107087e-01
1.950024837978708847e-02 5.824277552740773078e-01
2.188489413826200103e-02 5.838667787938222054e-01
2.426953989673696910e-02 5.848699334696574326e-01
2.665418565521193717e-02 5.854436918690484326e-01
3.142347717216181779e-02 5.854678718435224472e-01
3.857741444758666649e-02 5.837927832670273265e-01
4.096206020606157905e-02 5.835337850020999584e-01
5.765458051538618900e-02 5.833558263634077701e-01
6.242387203233612514e-02 5.825920165871798506e-01
7.196245506623588639e-02 5.795202436394669698e-01
8.388568385861061572e-02 5.766157777400927609e-01
9.103962113403546441e-02 5.754380793117550574e-01
1.005782041679352257e-01 5.723721061937158128e-01
1.029628499264101937e-01 5.718695544746525972e-01
1.101167872018349869e-01 5.711961282890133385e-01
1.220400159942097162e-01 5.682893313576171668e-01
1.530404108543840236e-01 5.580642316428661154e-01
1.578097023713339042e-01 5.573026816588755317e-01
1.697329311637086335e-01 5.568646296251718031e-01
1.768868684391334822e-01 5.551770341653279317e-01
1.864254514730332990e-01 5.547400772617084863e-01
1.911947429899831796e-01 5.539045327500424776e-01
1.983486802654080283e-01 5.509814185944925669e-01
2.031179717823579089e-01 5.501487443834507385e-01
2.293490751255822802e-01 5.501487443834507385e-01
2.341183666425321608e-01 5.510157822099968072e-01
2.388876581594820969e-01 5.532925744059177253e-01
2.460415954349068901e-01 5.587431932824319381e-01
2.555801784688067069e-01 5.640385779139545086e-01
2.579648242272816194e-01 5.659936849438415019e-01
2.595040046713881776e-01 5.679624041165359793e-01
2.647993893029106927e-01 5.775009871504357406e-01
2.667004143016949991e-01 5.798856329089107087e-01
2.698880530196563488e-01 5.826388148300589709e-01
2.913498648459308948e-01 5.969401083780038197e-01
2.985038021213557435e-01 6.009429066154439170e-01
3.080423851552555048e-01 6.075154227066251744e-01
3.175809681891552660e-01 6.165954200177413691e-01
3.390427800154297566e-01 6.313618802913746331e-01
3.605045918417043027e-01 6.523651063948655571e-01
3.748124663925539446e-01 6.623622751515488849e-01
3.819664036679788488e-01 6.690576267041901115e-01
3.843510494264537614e-01 6.708215439307543271e-01
3.962742782188284907e-01 6.772941538466149547e-01
3.986589239773034032e-01 6.790547954608735504e-01
4.105821527696781326e-01 6.905194385304647131e-01
4.129667985281531006e-01 6.922833557570289287e-01
4.177360900451030368e-01 6.946809160197578992e-01
4.225053815620528619e-01 6.963618958167155926e-01
4.296593188374777661e-01 6.994502075367077243e-01
4.630443594561269860e-01 7.106697703675652900e-01
4.749675882485017153e-01 7.160604443263388630e-01
4.773522340069766279e-01 7.166358954429931094e-01
4.845061712824014766e-01 7.173329457416243171e-01
4.868908170408764446e-01 7.179409853032430178e-01
4.892754627993513572e-01 7.189303526759873719e-01
4.964861773547398771e-01 7.229643784174074606e-01
5.011986915917261420e-01 7.234124487987769747e-01
5.822766473798742792e-01 7.234124487987769747e-01
5.870856829927987297e-01 7.229643784174074606e-01
5.918152304137740405e-01 7.205191060718525442e-01
5.941998761722490086e-01 7.197909652157445937e-01
6.085077507230987059e-01 7.190205412014680775e-01
6.156616879985234991e-01 7.173329457416243171e-01
6.180463337569984672e-01 7.170739474766969490e-01
6.347388540663230216e-01 7.168959888380047607e-01
6.371234998247979897e-01 7.166358954429931094e-01
6.490467286171727190e-01 7.137527226245888867e-01
6.657392489264973845e-01 7.082911145971140243e-01
6.728931862019221777e-01 7.065987853491639825e-01
6.943549980281966683e-01 6.994502075367077243e-01
7.158168098544712699e-01 6.892079585412906884e-01
7.277400386468459992e-01 6.851423329858581379e-01
7.325093301637958243e-01 6.830016899149647935e-01
7.515864962315954578e-01 6.732487726492021318e-01
7.563557877485452829e-01 6.701047307712127976e-01
7.611250792654951081e-01 6.677461467150163088e-01
7.658943707824450442e-01 6.660651669180585044e-01
7.825868910917697097e-01 6.582075636811164365e-01
7.945101198841444390e-01 6.541419381256837751e-01
7.992794114010943751e-01 6.520012950547904307e-01
8.040487029180442002e-01 6.494023150644525622e-01
8.112026401934691044e-01 6.446396045504075856e-01
8.183565774688938976e-01 6.390898835125022881e-01
8.255105147443186908e-01 6.343279472340931369e-01
8.422030350536433563e-01 6.255132745197303779e-01
8.445876808121182133e-01 6.237493572931661623e-01
8.493569723290681495e-01 6.194386514989999037e-01
8.779727214307675442e-01 5.999028997084167036e-01
8.836821136794239528e-01 5.941935074597604061e-01
8.875113044646673055e-01 5.890719387284902853e-01
8.898959502231422736e-01 5.868371002614460874e-01
8.922805959816171306e-01 5.854026523331790077e-01
8.946652417400922097e-01 5.844008228286460271e-01
8.994345332570420348e-01 5.835337850020999584e-01
9.185116993248416684e-01 5.833202346356693990e-01
9.208963450833165254e-01 5.830223592527508103e-01
9.232809908417914935e-01 5.822064042274264217e-01
9.256656366002664615e-01 5.807630025747646529e-01
9.304349281172163977e-01 5.770890937921536734e-01
9.375888653926411909e-01 5.723342546737399950e-01
9.423581569095911270e-01 5.699756706175435061e-01
9.614353229773906495e-01 5.635253993036358766e-01
9.662046144943405857e-01 5.611640719103574426e-01
9.733585517697653788e-01 5.564077114868346552e-01
9.765461904877267285e-01 5.536545295656862820e-01
9.784472154865109239e-01 5.512698838072113139e-01
9.810581283289090404e-01 5.465005922902614888e-01
9.827212183132858492e-01 5.417313007733115526e-01
9.827994034201210649e-01 5.393466550148365846e-01
9.819035324043005053e-01 5.321927177394117914e-01
9.821705630491297523e-01 5.298080719809368233e-01
9.831206953435220885e-01 5.274234262224618552e-01
9.852817805621401082e-01 5.252623410038439467e-01
9.876664263206149652e-01 5.243006758244589394e-01
9.948203635960398694e-01 5.236263364378133112e-01
9.972050093545148375e-01 5.230097397747582866e-01
9.995896551129896945e-01 5.208656503866557763e-01
1.000000000000000000e+00 5.178848431885620940e-01
1.000000000000000000e+00 5.107309059131373008e-01
9.995896551129896945e-01 5.076597712241922578e-01
9.982228459587418889e-01 5.059616143961873647e-01
9.972050093545148375e-01 5.052028634730362233e-01
9.805124890451901720e-01 4.967849865220561045e-01
9.733585517697653788e-01 4.912852036826642621e-01
9.662046144943405857e-01 4.865224931686192855e-01
9.542813857019658563e-01 4.801350491727042757e-01
9.375888653926411909e-01 4.687932415645730266e-01
9.328195738756912547e-01 4.644825357704068236e-01
9.304349281172163977e-01 4.627186185438426080e-01
9.280502823587413186e-01 4.614010728924817784e-01
9.208963450833165254e-01 4.584126002638377884e-01
9.161270535663665893e-01 4.555284483989672228e-01
9.113577620494167641e-01 4.531671210056887888e-01
9.065884705324669390e-01 4.514861412087310399e-01
9.018191790155170029e-01 4.491275571525344956e-01
8.970498874985670668e-01 4.462426839792070776e-01
8.898959502231422736e-01 4.432535144932402416e-01
8.875113044646673055e-01 4.419381340771323385e-01
8.851266587061923374e-01 4.401774924628736874e-01
8.779727214307675442e-01 4.334821409102325163e-01
8.755880756722925762e-01 4.317182236836683007e-01
8.684341383968676720e-01 4.276728424862554778e-01
8.588955553629680217e-01 4.211003263950741093e-01
8.517416180875431175e-01 4.144049748424329382e-01
8.422030350536433563e-01 4.078291831389460609e-01
8.374337435366934201e-01 4.052302031486081924e-01
8.326644520197434840e-01 4.030895600777149035e-01
8.278951605027936589e-01 4.014085802807572101e-01
8.231258689858438338e-01 3.990499962245606103e-01
8.183565774688938976e-01 3.959059543465713316e-01
8.112026401934691044e-01 3.919031561091312899e-01
8.040487029180442002e-01 3.874770543797585454e-01
7.968947656426192960e-01 3.844885817511144999e-01
7.897408283671945028e-01 3.803503990685195846e-01
7.873561826087196458e-01 3.793603801532182684e-01
7.778175995748197735e-01 3.775503328783103019e-01
7.611250792654951081e-01 3.720997140017962002e-01
7.563557877485452829e-01 3.713359042255682807e-01
7.444325589561705536e-01 3.711579455868760924e-01
7.396632674392207285e-01 3.703963956028855087e-01
7.325093301637958243e-01 3.677960614417898899e-01
7.253553928883710311e-01 3.632947622459726800e-01
7.182014556129461269e-01 3.571734766390342597e-01
7.110475183375213337e-01 3.519455993993007570e-01
7.062782268205713976e-01 3.476348936051344429e-01
6.895857065112468431e-01 3.362898103846976849e-01
6.776624777188721138e-01 3.299023663887826752e-01
6.585853116510724803e-01 3.172126443168981069e-01
6.538160201341226552e-01 3.146136643265602384e-01
6.490467286171727190e-01 3.125553047753605318e-01
6.395081455832729578e-01 3.107091274139605619e-01
6.323542083078481646e-01 3.077860132584106512e-01
6.228156252739482923e-01 3.059398358970106813e-01
6.180463337569984672e-01 3.038827584134229931e-01
6.013538134476738017e-01 2.955364982587607159e-01
5.965845219307239766e-01 2.934781387075610093e-01
5.870459388968241043e-01 2.917030855732122840e-01
5.631994813120746457e-01 2.838678209382231588e-01
5.608148355535997887e-01 2.833641045570068906e-01
5.512762525196999164e-01 2.826670542583756829e-01
5.393530237273251871e-01 2.797134614916996775e-01
5.328449280114874176e-01 2.770356215825925394e-01
