5.527577937649880147e-01 2.745803357314148818e-01
5.455635491606715126e-01 2.793764988009592720e-01
5.167865707434052824e-01 2.793764988009592720e-01
5.143884892086331151e-01 2.817745803357314394e-01
5.095923261390887804e-01 2.817745803357314394e-01
5.047961630695443347e-01 2.841726618705036067e-01
4.976019184652278327e-01 2.913669064748201087e-01
4.940047961630695261e-01 2.925659472422062479e-01
4.916067146282973588e-01 2.973621103117506381e-01
4.916067146282973588e-01 3.021582733812949728e-01
4.880095923261391078e-01 3.057553956834532238e-01
4.808153477218225502e-01 3.057553956834532238e-01
4.784172661870503829e-01 3.033573141486810565e-01
4.616306954436451004e-01 3.033573141486810565e-01
4.568345323741007102e-01 3.081534772182253912e-01
4.544364508393285429e-01 3.081534772182253912e-01
4.496402877697841527e-01 3.129496402877697814e-01
4.448441247002398180e-01 3.129496402877697814e-01
4.424460431654676507e-01 3.105515587529976140e-01
4.304556354916067029e-01 3.105515587529976140e-01
4.220623501199040617e-01 3.165467625899280879e-01
4.220623501199040617e-01 3.189448441247002553e-01
4.136690647482014205e-01 3.273381294964028410e-01
3.992805755395683609e-01 3.273381294964028410e-01
3.956834532374100544e-01 3.309352517985611475e-01
3.956834532374100544e-01 3.405275779376498724e-01
3.896882494004796360e-01 3.465227817745803462e-01
3.848920863309352458e-01 3.465227817745803462e-01
3.824940047961630785e-01 3.441247002398081234e-01
3.776978417266186883e-01 3.441247002398081234e-01
3.752997601918465209e-01 3.417266187050359560e-01
3.729016786570743536e-01 3.441247002398081234e-01
3.681055155875299634e-01 3.441247002398081234e-01
3.657074340527577960e-01 3.465227817745803462e-01
3.561151079136690711e-01 3.465227817745803462e-01
3.441247002398081234e-01 3.585131894484412385e-01
3.393285371702637887e-01 3.609112709832134058e-01
3.345323741007194540e-01 3.609112709832134058e-01
3.201438848920863389e-01 3.752997601918465209e-01
3.153477218225420042e-01 3.776978417266186883e-01
3.057553956834532238e-01 3.776978417266186883e-01
3.009592326139088891e-01 3.800959232613908556e-01
2.913669064748201087e-01 3.896882494004796360e-01
2.793764988009592720e-01 3.944844124700239707e-01
2.745803357314148818e-01 3.992805755395683609e-01
2.613908872901679059e-01 4.052757793764988348e-01
2.589928057553956831e-01 4.100719424460431695e-01
2.589928057553956831e-01 4.172661870503597270e-01
2.529976019184652092e-01 4.232613908872902009e-01
2.505995203836930418e-01 4.232613908872902009e-01
2.434052757793764843e-01 4.304556354916067029e-01
2.410071942446043169e-01 4.304556354916067029e-01
2.362110311750599267e-01 4.352517985611510931e-01
2.218225419664268672e-01 4.424460431654676507e-01
1.714628297362110199e-01 4.424460431654676507e-01
1.642685851318944623e-01 4.376498800959232605e-01
1.330935251798561203e-01 4.376498800959232605e-01
1.306954436450839530e-01 4.352517985611510931e-01
1.163069544364508379e-01 4.352517985611510931e-01
1.139088729016786705e-01 4.328537170263788703e-01
1.091127098321342803e-01 4.328537170263788703e-01
1.067146282973621130e-01 4.304556354916067029e-01
9.712230215827338808e-02 4.304556354916067029e-01
9.472422062350122074e-02 4.280575539568345356e-01
8.752997601918466319e-02 4.280575539568345356e-01
8.513189448441249585e-02 4.304556354916067029e-01
6.115107913669065587e-02 4.304556354916067029e-01
5.875299760191848852e-02 4.280575539568345356e-01
3.717026378896881589e-02 4.280575539568345356e-01
2.757793764988009100e-02 4.328537170263788703e-01
1.678657074340528244e-02 4.436450839328537343e-01
1.438848920863311509e-02 4.508393285371702364e-01
9.592326139088724890e-03 4.556354916067146266e-01
9.592326139088724890e-03 4.580335731414867939e-01
3.597122302158251017e-03 4.640287769784172678e-01
0.000000000000000000e+00 4.652278177458033515e-01
0.000000000000000000e+00 4.916067146282973588e-01
4.796163069544390201e-03 4.940047961630695261e-01
9.592326139088724890e-03 5.035971223021582510e-01
9.592326139088724890e-03 5.107913669064748641e-01
1.678657074340528244e-02 5.251798561151078681e-01
2.398081534772183998e-02 5.323741007194244812e-01
2.398081534772183998e-02 5.347721822541966485e-01
3.237410071942448120e-02 5.407673860911270669e-01
7.074340527577938076e-02 5.407673860911270669e-01
7.314148681055154810e-02 5.383693045563548996e-01
1.019184652278177228e-01 5.383693045563548996e-01
1.043165467625899456e-01 5.359712230215827322e-01
1.091127098321342803e-01 5.359712230215827322e-01
1.115107913669064477e-01 5.335731414868105649e-01
1.546762589928057374e-01 5.335731414868105649e-01
1.570743405275779603e-01 5.311750599520383975e-01
2.146282973621103096e-01 5.311750599520383975e-01
2.230215827338129508e-01 5.371702637889688159e-01
2.278177458033573410e-01 5.491606714628297636e-01
2.410071942446043169e-01 5.623501199040767951e-01
2.434052757793764843e-01 5.623501199040767951e-01
2.577937649880095994e-01 5.767386091127097991e-01
2.601918465227817667e-01 5.767386091127097991e-01
2.637889688249400733e-01 5.803357314148680501e-01
2.661870503597122406e-01 5.875299760191846632e-01
2.793764988009592720e-01 6.007194244604316946e-01
2.961630695443644989e-01 6.079136690647481966e-01
3.033573141486810565e-01 6.151079136690646987e-01
3.057553956834532238e-01 6.151079136690646987e-01
3.093525179856114748e-01 6.187050359712230607e-01
3.093525179856114748e-01 6.211031175059952281e-01
3.201438848920863389e-01 6.318944844124700921e-01
3.273381294964028410e-01 6.342925659472422595e-01
3.321342925659472312e-01 6.390887290167865942e-01
3.561151079136690711e-01 6.390887290167865942e-01
3.621103117505994895e-01 6.450839328537170125e-01
3.621103117505994895e-01 6.522781774580335146e-01
3.657074340527577960e-01 6.582733812949640440e-01
3.752997601918465209e-01 6.630695443645083786e-01
3.800959232613908556e-01 6.630695443645083786e-01
3.824940047961630785e-01 6.654676258992805460e-01
3.872901678657074687e-01 6.654676258992805460e-01
3.920863309352518034e-01 6.678657074340528244e-01
4.040767386091126956e-01 6.798561151079136611e-01
4.112709832134292531e-01 6.822541966426858284e-01
4.160671462829735878e-01 6.870503597122301631e-01
4.184652278177458107e-01 6.870503597122301631e-01
4.328537170263788703e-01 7.014388489208632782e-01
4.400479616306954278e-01 7.038369304556355566e-01
4.496402877697841527e-01 7.110311750599520586e-01
4.616306954436451004e-01 7.110311750599520586e-01
4.664268585131894351e-01 7.086330935251798913e-01
4.760191846522781600e-01 6.990407673860911109e-01
4.832134292565947176e-01 6.990407673860911109e-01
4.868105515587530241e-01 7.050359712230216402e-01
4.868105515587530241e-01 7.098321342925659749e-01
4.892086330935251914e-01 7.146282973621103096e-01
5.000000000000000000e-01 7.254196642685850627e-01
5.815347721822542448e-01 7.254196642685850627e-01
5.827338129496403285e-01 7.218225419664268117e-01
5.875299760191846632e-01 7.170263788968824770e-01
5.875299760191846632e-01 7.146282973621103096e-01
5.923261390887289979e-01 7.098321342925659749e-01
5.935251798561150816e-01 7.062350119904077239e-01
6.007194244604316946e-01 7.062350119904077239e-01
6.103117505995203640e-01 7.158273381294963933e-01
6.223021582733813117e-01 7.158273381294963933e-01
6.294964028776978138e-01 7.110311750599520586e-01
6.510791366906474309e-01 7.110311750599520586e-01
6.534772182254195982e-01 7.086330935251798913e-01
6.582733812949640440e-01 7.086330935251798913e-01
6.678657074340528244e-01 7.038369304556355566e-01
6.750599520383693264e-01 6.966426858513189435e-01
6.798561151079136611e-01 6.942446043165467762e-01
6.918465227817746088e-01 6.942446043165467762e-01
6.942446043165467762e-01 6.966426858513189435e-01
7.038369304556355566e-01 6.966426858513189435e-01
7.158273381294963933e-01 6.894484412470023305e-01
7.350119904076738431e-01 6.894484412470023305e-01
7.517985611510791255e-01 6.798561151079136611e-01
7.565947242206234602e-01 6.798561151079136611e-01
7.637889688249400733e-01 6.750599520383693264e-01
7.685851318944844079e-01 6.750599520383693264e-01
7.781774580335731883e-01 6.678657074340528244e-01
7.829736211031175230e-01 6.678657074340528244e-01
7.853717026378896904e-01 6.654676258992805460e-01
7.901678657074340251e-01 6.654676258992805460e-01
8.021582733812949728e-01 6.582733812949640440e-01
8.069544364508393075e-01 6.582733812949640440e-01
8.189448441247002553e-01 6.510791366906474309e-01
8.237410071942445899e-01 6.510791366906474309e-01
8.309352517985610920e-01 6.462829736211030962e-01
8.357314148681055377e-01 6.462829736211030962e-01
8.477218225419664854e-01 6.390887290167865942e-01
8.525179856115108201e-01 6.390887290167865942e-01
8.549160671462829875e-01 6.366906474820144268e-01
8.597122302158273222e-01 6.366906474820144268e-01
8.645083932853716568e-01 6.318944844124700921e-01
8.669064748201438242e-01 6.318944844124700921e-01
8.717026378896882699e-01 6.270983213429256464e-01
8.764988009592326046e-01 6.270983213429256464e-01
8.812949640287770503e-01 6.223021582733813117e-01
8.836930455635492176e-01 6.223021582733813117e-01
9.364508393285371213e-01 5.695443645083932971e-01
9.388489208633092886e-01 5.695443645083932971e-01
9.484412470023980690e-01 5.623501199040767951e-01
9.532374100719425147e-01 5.623501199040767951e-01
9.652278177458033515e-01 5.551558752997601820e-01
9.700239808153476861e-01 5.551558752997601820e-01
9.748201438848920208e-01 5.503597122302158473e-01
9.772182254196641882e-01 5.503597122302158473e-01
9.928057553956834980e-01 5.347721822541966485e-01
9.928057553956834980e-01 5.323741007194244812e-01
9.976019184652278327e-01 5.275779376498801465e-01
9.976019184652278327e-01 5.227817745803357008e-01
1.000000000000000000e+00 5.203836930455635335e-01
1.000000000000000000e+00 4.964028776978417490e-01
9.928057553956834980e-01 4.868105515587530241e-01
9.928057553956834980e-01 4.844124700239808012e-01
9.760191846522781045e-01 4.676258992805755188e-01
9.760191846522781045e-01 4.652278177458033515e-01
9.652278177458033515e-01 4.544364508393285429e-01
9.628297362110311841e-01 4.544364508393285429e-01
9.580335731414868494e-01 4.496402877697841527e-01
9.556354916067146821e-01 4.496402877697841527e-01
9.508393285371702364e-01 4.448441247002398180e-01
9.484412470023980690e-01 4.448441247002398180e-01
9.364508393285371213e-01 4.328537170263788703e-01
9.340527577937649539e-01 4.328537170263788703e-01
9.292565947242206192e-01 4.280575539568345356e-01
9.268585131894484519e-01 4.280575539568345356e-01
9.148681055155875042e-01 4.160671462829735878e-01
9.124700239808153368e-01 4.160671462829735878e-01
8.956834532374100544e-01 3.992805755395683609e-01
8.932853717026378870e-01 3.992805755395683609e-01
8.860911270983213850e-01 3.920863309352518034e-01
8.836930455635492176e-01 3.920863309352518034e-01
8.788968824940047719e-01 3.872901678657074687e-01
8.764988009592326046e-01 3.872901678657074687e-01
8.501199040767386528e-01 3.609112709832134058e-01
8.405275779376498724e-01 3.561151079136690711e-01
8.309352517985610920e-01 3.561151079136690711e-01
8.285371702637889246e-01 3.537170263788969038e-01
8.237410071942445899e-01 3.537170263788969038e-01
8.213429256594724226e-01 3.513189448441247364e-01
8.165467625899280879e-01 3.513189448441247364e-01
8.141486810551559206e-01 3.489208633093525136e-01
7.877697841726618577e-01 3.489208633093525136e-01
7.829736211031175230e-01 3.465227817745803462e-01
7.661870503597122406e-01 3.297362110311750638e-01
7.326139088729016757e-01 3.129496402877697814e-01
7.278177458033573410e-01 3.129496402877697814e-01
7.254196642685850627e-01 3.105515587529976140e-01
7.206235011990407280e-01 3.105515587529976140e-01
7.182254196642685606e-01 3.081534772182253912e-01
7.134292565947242259e-01 3.081534772182253912e-01
7.110311750599520586e-01 3.057553956834532238e-01
7.062350119904077239e-01 3.057553956834532238e-01
7.038369304556355566e-01 3.033573141486810565e-01
6.990407673860911109e-01 3.033573141486810565e-01
6.966426858513189435e-01 3.009592326139088891e-01
6.918465227817746088e-01 3.009592326139088891e-01
6.894484412470023305e-01 2.985611510791367218e-01
6.798561151079136611e-01 2.985611510791367218e-01
6.774580335731414937e-01 2.961630695443644989e-01
6.726618705035971590e-01 2.961630695443644989e-01
6.702637889688249917e-01 2.937649880095923316e-01
6.654676258992805460e-01 2.937649880095923316e-01
6.630695443645083786e-01 2.913669064748201087e-01
6.558752997601918766e-01 2.913669064748201087e-01
6.534772182254195982e-01 2.889688249400479414e-01
6.486810551558752636e-01 2.889688249400479414e-01
6.462829736211030962e-01 2.865707434052757741e-01
6.414868105515587615e-01 2.865707434052757741e-01
6.390887290167865942e-01 2.841726618705036067e-01
6.270983213429256464e-01 2.841726618705036067e-01
6.247002398081534791e-01 2.817745803357314394e-01
5.887290167865707469e-01 2.817745803357314394e-01
5.863309352517985795e-01 2.793764988009592720e-01
5.623501199040767951e-01 2.793764988009592720e-01
