6.071014736701809689e-01 2.389700268310668285e-02
6.037847697150818815e-01 3.005548714442313196e-02
6.091486110200994286e-01 4.237245606705603018e-02
6.091486110200994286e-01 4.853094052837247929e-02
6.013485144133484672e-01 7.008563614298002342e-02
5.953000028888413286e-01 7.932336283495472484e-02
5.887362149426715874e-01 1.039573006802204658e-01
5.863522854737748258e-01 1.255119962948280654e-01
5.826273956786237607e-01 1.347497229868027113e-01
5.814988096660631545e-01 2.363647165985240384e-01
5.890590387249179383e-01 2.769080726355239719e-01
5.859797964942596860e-01 2.788509278524868851e-01
5.798213120329432924e-01 2.758000119843401210e-01
5.674777979186668153e-01 2.609986544437897793e-01
5.641022770974057909e-01 2.425232010598404875e-01
5.706143777632751712e-01 2.178892632145746910e-01
5.758340881188858118e-01 2.086515365226000451e-01
5.747863348720021470e-01 2.024930520612835960e-01
5.675043431103103941e-01 1.958387574102848361e-01
5.551873741876774959e-01 1.990498993851839149e-01
5.486649792809196180e-01 2.055722942919417928e-01
5.383894184368479552e-01 2.394439588291822352e-01
5.394683392521399945e-01 2.640778966744480316e-01
5.582666164183357482e-01 2.944154309242284495e-01
5.705835853409686464e-01 3.063721943720183472e-01
5.935276951328243289e-01 3.195042568262960181e-01
6.064427607725429992e-01 3.533759213635364604e-01
6.058205742635009994e-01 3.595344058248529651e-01
5.921382809555761906e-01 3.800080908691230719e-01
5.644251008796521418e-01 3.848178713281481533e-01
5.274741941117535582e-01 3.708016330779432268e-01
4.905232873438548635e-01 3.739594713515518865e-01
4.504931383452979166e-01 3.906993171109502949e-01
4.350969271920068215e-01 3.914400926302115669e-01
4.258592005000321756e-01 3.892609365900534524e-01
3.889082937321335365e-01 3.883608503995533701e-01
3.611951136562094877e-01 3.801990079821608304e-01
3.519573869642348418e-01 3.798523566091141501e-01
3.304026913496272977e-01 3.698078776307762716e-01
3.211649646576526518e-01 3.594504264912894986e-01
3.148068996813860876e-01 3.626136480555111619e-01
3.125193999331122297e-01 3.718513747474858078e-01
3.061690549943470452e-01 3.780098592088022569e-01
3.055213143965407330e-01 3.841683436701187060e-01
3.079741567236167210e-01 3.872475859007769028e-01
3.365611758109436913e-01 3.993787384819045272e-01
3.519573869642348418e-01 4.093924696095939675e-01
3.611951136562094877e-01 4.095866168005521391e-01
3.711513302020044147e-01 4.180400082073591483e-01
3.688932192328550630e-01 4.211192504380173451e-01
3.088479957350197536e-01 4.345792714008188673e-01
2.257084555072477183e-01 4.477665389725596912e-01
1.056180085115770440e-01 4.761301572730305409e-01
7.790482843565305071e-02 4.853542625447810899e-01
4.095392166775441156e-02 5.032415410003040490e-01
1.016149936117216601e-02 5.344695783288028190e-01
3.170105116153065783e-03 5.442889396643462163e-01
0.000000000000000000e+00 5.566059085869791145e-01
3.031869273263543274e-03 5.781606042015866587e-01
6.007427295284195612e-03 5.843190886629031633e-01
1.631998382248861512e-02 5.925912902486545342e-01
6.250861728236195569e-02 6.093684798250037504e-01
1.487273997407921877e-01 6.226717400283402482e-01
1.887575487393490792e-01 6.226717400283402482e-01
2.041537598926401742e-01 6.198222919939997411e-01
2.411046666605388133e-01 6.199403226493811481e-01
2.472631511218552625e-01 6.223510060011392397e-01
2.565008778138299084e-01 6.345415294449388011e-01
2.688178467364628066e-01 6.401609021315859405e-01
3.116706344464564293e-01 6.459039332760676544e-01
2.780555734284375080e-01 6.702812676021119298e-01
2.688178467364628066e-01 6.796850318653475664e-01
1.795198220473743778e-01 7.224725905294885342e-01
1.722865077508281551e-01 7.290434735038395786e-01
1.696511030950189625e-01 7.352019579651560832e-01
1.727548201769889546e-01 7.413604424264724768e-01
1.887575487393490792e-01 7.450201975366810281e-01
1.949160332006655283e-01 7.434235347210135236e-01
2.010745176619819219e-01 7.379675736723212420e-01
2.318669399685641674e-01 7.260452639634618066e-01
2.595801200444881607e-01 7.105414749282465969e-01
2.749763311977793112e-01 7.057567041344867675e-01
2.872933001204122094e-01 6.953198494584577061e-01
3.026895112737032489e-01 6.894725097502054645e-01
3.273234491189690454e-01 6.710953201458490502e-01
3.396404180416019436e-01 6.715560076653412924e-01
3.519573869642348418e-01 6.687049888411796816e-01
3.542215356632482104e-01 6.705378711213333398e-01
3.199510326244123792e-01 7.105680201198902868e-01
2.670117527357882548e-01 7.906283181170039587e-01
2.497114010921327454e-01 8.091037715009533615e-01
2.494522998952138360e-01 8.152622559622697551e-01
2.531821389652316179e-01 8.214207404235862597e-01
2.688178467364628066e-01 8.309812908978073676e-01
3.334819335802854945e-01 8.471205698102337589e-01
3.796705670401588351e-01 8.500576931687077176e-01
4.073837471160828283e-01 8.471205698102337589e-01
4.412554116533232706e-01 8.399222890806767872e-01
4.812855606518801621e-01 8.187538967059626582e-01
5.120779829584624077e-01 7.988681422342283067e-01
5.182364674197788013e-01 7.998255284638384754e-01
5.275581734453169691e-01 8.214207404235862597e-01
5.370439959462500745e-01 8.337377093462191580e-01
5.102024445088797489e-01 8.676093738834596003e-01
4.993761087569972279e-01 8.860848272674088921e-01
4.919474368755342719e-01 9.045602806513581839e-01
4.773133381743310810e-01 9.137980073433329409e-01
4.748796370827430002e-01 9.230357340353075868e-01
4.812855606518801621e-01 9.267854564290929353e-01
5.028402562664877617e-01 9.194350072333282720e-01
5.089987407278041553e-01 9.219402343955542811e-01
5.182364674197788013e-01 9.311737313591900156e-01
5.243949518810953059e-01 9.324134262832212139e-01
5.274741941117535582e-01 9.297828971583674829e-01
5.284605138887612519e-01 9.230357340353075868e-01
5.252502969451670056e-01 9.107187651126746886e-01
5.263609296129770909e-01 8.953225539593836491e-01
5.300860513609725322e-01 8.860848272674088921e-01
5.644251008796521418e-01 8.495188257783425900e-01
5.970236171869088837e-01 8.029452870396369679e-01
6.075344921088672301e-01 7.936810151560186322e-01
6.198514610315001283e-01 7.906625319195669244e-01
6.229307032621583806e-01 7.928211118267152191e-01
6.468600687326125920e-01 8.583716471914849544e-01
6.587861103903036586e-01 8.768471005754342462e-01
6.752778211833481148e-01 8.891370586013069843e-01
6.906740323366392653e-01 8.890815897954602587e-01
7.011256910618541838e-01 8.799263428060924985e-01
7.188162871496222017e-01 8.491339204995103085e-01
7.348493151072360563e-01 7.906283181170039587e-01
7.382644103940509961e-01 7.598358958104218797e-01
7.384942045903688523e-01 7.228849890425231850e-01
7.410077995685524499e-01 7.105680201198902868e-01
7.419078857590526432e-01 6.797755978133079857e-01
7.584173614111201500e-01 5.750332488110744267e-01
7.614966036417784023e-01 5.732259211396344423e-01
7.645758458724365436e-01 5.748549471010271361e-01
7.680336834593233242e-01 5.843190886629031633e-01
7.721820337705550541e-01 6.274284798921182515e-01
7.721820337705550541e-01 6.705378711213333398e-01
7.693325857362146580e-01 6.951718089665991362e-01
7.727476810230295978e-01 7.352019579651560832e-01
7.796492332434813433e-01 7.721528647330546669e-01
7.860548224157984931e-01 7.906283181170039587e-01
7.804516111436171633e-01 8.091037715009533615e-01
7.605853993082163367e-01 8.522131627301685608e-01
7.511840471145738718e-01 8.614508894221430957e-01
7.489321956113247358e-01 8.706886161141178526e-01
7.522588769498037564e-01 8.740152974525967622e-01
7.676550881030947959e-01 8.709131441934365725e-01
7.738135725644113005e-01 8.805861804269479176e-01
7.799720570257278052e-01 8.830895643703140507e-01
7.830512992563859465e-01 8.805150214678358900e-01
7.850172769882677315e-01 8.645301316528013480e-01
7.915723057739832980e-01 8.429754360381938039e-01
8.015267526403353493e-01 8.331328581937684774e-01
8.046059948709934906e-01 8.334722574297831477e-01
8.318432920567249145e-01 8.737678583447761049e-01
8.785078084067907689e-01 9.236047244474945295e-01
9.103163806494902754e-01 9.507489141112315245e-01
9.185379574053477159e-01 9.604909994444348342e-01
9.308549263279806141e-01 9.626933940543493939e-01
9.616473486345629151e-01 9.757056757387437829e-01
9.801228020185122070e-01 9.761029973168932061e-01
9.887138878420487220e-01 9.692243674951809274e-01
9.996641469438432015e-01 9.353527029579404850e-01
1.000000000000000000e+00 8.922433117287253967e-01
9.959344664886382592e-01 8.552924049608267021e-01
9.835248680314168102e-01 7.998660448089787156e-01
9.620764233716216918e-01 7.444396846571307291e-01
9.279084100555403669e-01 6.766963555826498444e-01
8.718269524956305805e-01 5.781606042015866587e-01
8.535013815820099436e-01 5.412096974336880750e-01
8.552756151590634737e-01 5.165757595884222786e-01
8.552756151590634737e-01 4.919418217431564821e-01
8.508216392276268802e-01 4.765456105898653871e-01
8.446361438695504376e-01 4.699112432383563132e-01
8.135822764679123686e-01 4.519116727445995907e-01
8.103025929977112352e-01 4.426739460526249448e-01
8.138437215629681365e-01 4.393951233070166329e-01
8.353984171775756806e-01 4.440756906501633350e-01
8.477153861002086899e-01 4.436450916792171184e-01
8.573655113052178756e-01 4.365154615913084957e-01
8.661908394841579817e-01 4.169997236699746201e-01
8.692700817148162340e-01 4.144475589382579095e-01
8.939040195600820304e-01 4.129474152874244020e-01
9.246964418666641095e-01 4.060458630669726565e-01
9.431718952506135123e-01 3.944429580520089074e-01
9.554063844706395248e-01 3.780098592088022569e-01
9.561303729713002131e-01 3.502966791328782636e-01
9.493303797119299059e-01 3.439585722081067720e-01
9.431718952506135123e-01 3.433317264682941850e-01
9.370134107892971187e-01 3.470424799572962571e-01
9.282430690787615291e-01 3.626136480555111619e-01
9.093002307133730699e-01 3.781449136926030019e-01
8.939040195600820304e-01 3.844964596455167083e-01
8.846235256149035386e-01 3.841683436701187060e-01
8.825228987663746860e-01 3.810891014394605092e-01
8.842019626904682461e-01 3.564551635941947128e-01
8.933816481102382356e-01 3.349004679795871686e-01
9.080270824833893695e-01 3.133457723649796245e-01
9.260858560439123588e-01 2.979495612116884740e-01
9.335142718908218118e-01 2.825533500583973789e-01
9.708850753265374500e-01 2.452175380116664027e-01
9.959314116848378973e-01 2.240477476758911402e-01
9.998621234822091530e-01 2.117307787532582419e-01
9.948723723033651156e-01 1.963345675999671469e-01
9.893605287104868529e-01 1.909162855979436024e-01
9.739643175571957023e-01 1.862548606105468574e-01
9.678058330958793087e-01 1.883088830626133414e-01
9.604858800738758084e-01 2.055722942919417928e-01
9.458387389682372248e-01 2.240477476758911402e-01
9.342477950821317378e-01 2.456024432904986843e-01
9.114249078525271663e-01 2.671571389051062839e-01
9.041578961881737708e-01 2.794741078277391821e-01
8.873331365857309860e-01 2.948703189810302217e-01
8.752958402179145114e-01 3.164250145956378213e-01
8.507946283308668312e-01 3.752385412012098631e-01
8.477153861002086899e-01 3.784101606987878008e-01
8.415569016388921852e-01 3.785056693984845677e-01
8.230814482549428934e-01 3.692945039666714058e-01
8.124899167891443952e-01 3.595344058248529651e-01
8.118470254290257593e-01 3.533759213635364604e-01
8.179888553350080915e-01 3.256627412876125227e-01
8.172457875758728507e-01 3.102665301343213722e-01
8.079418406208731529e-01 2.917910767503720804e-01
7.986547670982790947e-01 2.825533500583973789e-01
7.955954253927558506e-01 2.548401699824733857e-01
7.917758189099175503e-01 2.486816855211569366e-01
7.738135725644113005e-01 2.362319906403059777e-01
7.584173614111201500e-01 2.318837297703273959e-01
7.491796347191455041e-01 2.325653290074700119e-01
7.276249391045379600e-01 2.491490705025961594e-01
6.968325167979556589e-01 2.671836840967498627e-01
6.845155478753228717e-01 2.699135573535180743e-01
6.725449937036390713e-01 2.763948655970809298e-01
6.568023677993988230e-01 2.968685506413510922e-01
6.444853988767659247e-01 2.993972646484904798e-01
6.290891877234747742e-01 2.955455914000342243e-01
6.253346730738126302e-01 2.917910767503720804e-01
6.163078886232030706e-01 2.640778966744480316e-01
6.060867886720653352e-01 2.117307787532582419e-01
6.060867886720653352e-01 1.747798719853596028e-01
6.084909234077838791e-01 1.624629030627267046e-01
6.076102111801129357e-01 1.501459341400938063e-01
6.115848799661176560e-01 1.347497229868027113e-01
6.115375070087230025e-01 1.224327540641698131e-01
6.163936234446134588e-01 1.008780584495622690e-01
6.364854068069185633e-01 6.084790945100537751e-02
6.414061566461077835e-01 5.707583771844898513e-02
6.537231255687405707e-01 5.573916665923139835e-02
6.656551892125411873e-01 4.853094052837247929e-02
6.662875335991942372e-01 4.237245606705603018e-02
6.636400968704192493e-01 3.929321383639783338e-02
6.475646411074241771e-01 3.852340327873327031e-02
6.383269144154495311e-01 3.039420378979557080e-02
