4.018867924528302105e-01 5.849056603773583607e-02
3.811320754716981396e-01 8.301886792452828345e-02
3.849056603773585161e-01 1.056603773584905426e-01
3.811320754716981396e-01 1.207547169811320487e-01
4.000000000000000222e-01 1.584905660377358694e-01
4.037735849056603987e-01 1.924528301886792581e-01
3.811320754716981396e-01 2.113207547169811407e-01
3.509433962264151274e-01 2.792452830188679180e-01
3.396226415094339979e-01 2.943396226415094241e-01
3.396226415094339979e-01 3.132075471698113622e-01
3.301886792452830566e-01 3.415094339622641861e-01
3.094339622641509302e-01 2.981132075471698006e-01
2.584905660377358472e-01 2.358490566037735880e-01
2.509433962264150941e-01 2.358490566037735880e-01
2.490566037735849059e-01 2.264150943396226467e-01
2.245283018867924585e-01 2.094339622641509524e-01
1.867924528301886933e-01 2.094339622641509524e-01
1.830188679245283168e-01 2.132075471698113289e-01
1.754716981132075637e-01 2.056603773584905759e-01
1.679245283018868107e-01 2.056603773584905759e-01
1.603773584905660576e-01 1.943396226415094463e-01
1.528301886792453046e-01 1.943396226415094463e-01
1.226415094339622369e-01 1.754716981132075637e-01
1.113207547169811074e-01 1.754716981132075637e-01
8.490566037735847171e-02 1.603773584905660576e-01
6.226415094339621259e-02 1.566037735849056811e-01
2.075471698113207086e-02 1.603773584905660576e-01
0.000000000000000000e+00 1.886792452830188815e-01
0.000000000000000000e+00 2.452830188679245293e-01
2.075471698113207086e-02 2.811320754716981063e-01
5.471698113207545955e-02 3.113207547169811185e-01
7.735849056603771867e-02 3.226415094339623035e-01
9.433962264150941301e-02 3.433962264150943744e-01
2.603773584905660354e-01 4.603773584905660465e-01
2.547169811320754707e-01 4.660377358490566113e-01
2.396226415094339646e-01 4.660377358490566113e-01
2.283018867924528350e-01 4.735849056603773644e-01
2.056603773584905759e-01 4.622641509433962348e-01
1.754716981132075637e-01 4.320754716981132226e-01
1.566037735849056811e-01 4.283018867924528461e-01
1.490566037735849281e-01 4.207547169811320931e-01
1.377358490566037985e-01 4.207547169811320931e-01
9.999999999999997780e-02 4.056603773584905870e-01
8.113207547169809519e-02 3.867924528301887044e-01
6.415094339622640085e-02 4.113207547169811518e-01
6.415094339622640085e-02 4.188679245283019048e-01
7.735849056603771867e-02 4.320754716981132226e-01
9.999999999999997780e-02 4.433962264150943522e-01
1.301886792452830455e-01 4.471698113207547287e-01
1.867924528301886933e-01 4.886792452830188704e-01
2.207547169811320820e-01 4.962264150943396235e-01
2.283018867924528350e-01 5.037735849056603765e-01
2.716981132075471650e-01 5.056603773584905648e-01
2.566037735849056589e-01 5.283018867924528239e-01
2.509433962264150941e-01 5.528301886792452713e-01
2.358490566037735880e-01 5.415094339622641417e-01
2.169811320754717054e-01 5.415094339622641417e-01
1.849056603773585050e-01 5.698113207547169656e-01
1.811320754716981285e-01 5.962264150943396013e-01
1.924528301886792581e-01 6.150943396226414839e-01
1.905660377358490698e-01 6.283018867924528017e-01
1.264150943396226690e-01 6.396226415094339313e-01
9.999999999999997780e-02 6.396226415094339313e-01
9.622641509433960127e-02 6.433962264150943078e-01
6.981132075471696563e-02 6.433962264150943078e-01
6.603773584905658911e-02 6.471698113207546843e-01
1.698113207547169434e-02 6.433962264150943078e-01
1.132075471698112956e-02 6.603773584905660021e-01
2.452830188679244738e-02 6.735849056603773199e-01
5.849056603773583607e-02 6.773584905660376965e-01
6.226415094339621259e-02 6.735849056603773199e-01
9.622641509433960127e-02 6.735849056603773199e-01
9.999999999999997780e-02 6.698113207547169434e-01
1.415094339622641750e-01 6.698113207547169434e-01
1.452830188679245516e-01 6.660377358490565669e-01
1.754716981132075637e-01 6.660377358490565669e-01
1.943396226415094463e-01 6.584905660377358139e-01
1.962264150943396346e-01 6.679245283018867552e-01
1.886792452830188815e-01 6.867924528301886378e-01
1.735849056603773755e-01 7.018867924528302549e-01
1.735849056603773755e-01 7.094339622641510079e-01
1.660377358490566224e-01 7.132075471698113844e-01
1.471698113207547398e-01 7.547169811320755262e-01
1.358490566037736103e-01 7.622641509433962792e-01
1.320754716981132337e-01 7.811320754716981618e-01
1.207547169811320487e-01 7.924528301886792914e-01
1.169811320754716721e-01 8.113207547169811740e-01
1.056603773584905426e-01 8.226415094339623035e-01
1.056603773584905426e-01 8.339622641509434331e-01
1.150943396226414839e-01 8.433962264150942634e-01
1.339622641509434220e-01 8.471698113207546399e-01
1.471698113207547398e-01 8.339622641509434331e-01
1.433962264150943633e-01 8.188679245283019270e-01
1.509433962264151163e-01 7.962264150943396679e-01
1.584905660377358694e-01 7.924528301886792914e-01
1.622641509433962459e-01 7.735849056603774088e-01
1.735849056603773755e-01 7.660377358490566557e-01
1.811320754716981285e-01 7.358490566037736436e-01
1.905660377358490698e-01 7.264150943396225912e-01
1.981132075471698228e-01 7.264150943396225912e-01
2.188679245283018937e-01 6.943396226415095018e-01
2.320754716981132115e-01 6.622641509433961904e-01
2.433962264150943411e-01 6.849056603773584495e-01
2.811320754716981063e-01 6.886792452830188260e-01
2.905660377358490476e-01 6.641509433962263786e-01
3.056603773584905537e-01 6.490566037735848726e-01
3.018867924528301772e-01 6.264150943396226134e-01
3.339622641509434331e-01 6.207547169811320487e-01
3.415094339622641861e-01 6.132075471698112956e-01
3.509433962264151274e-01 6.150943396226414839e-01
3.169811320754717388e-01 6.641509433962263786e-01
3.169811320754717388e-01 7.018867924528302549e-01
3.056603773584905537e-01 7.169811320754717610e-01
3.018867924528301772e-01 7.396226415094340201e-01
2.905660377358490476e-01 7.547169811320755262e-01
2.905660377358490476e-01 7.660377358490566557e-01
2.830188679245282946e-01 7.773584905660377853e-01
2.830188679245282946e-01 7.924528301886792914e-01
3.075471698113207419e-01 8.018867924528301216e-01
3.207547169811321153e-01 7.660377358490566557e-01
3.283018867924528683e-01 7.584905660377359027e-01
3.433962264150943744e-01 7.018867924528302549e-01
3.584905660377358805e-01 6.905660377358491253e-01
3.584905660377358805e-01 6.830188679245282612e-01
3.660377358490566335e-01 6.754716981132075082e-01
3.660377358490566335e-01 6.641509433962263786e-01
3.735849056603773866e-01 6.528301886792452491e-01
3.735849056603773866e-01 6.415094339622641195e-01
3.905660377358490809e-01 6.094339622641509191e-01
4.075471698113207752e-01 6.528301886792452491e-01
4.075471698113207752e-01 6.641509433962263786e-01
4.754716981132075526e-01 8.603773584905660687e-01
5.018867924528301883e-01 9.056603773584905870e-01
5.339622641509433887e-01 9.339622641509434109e-01
5.528301886792452713e-01 9.415094339622641639e-01
5.905660377358490365e-01 9.415094339622641639e-01
6.037735849056603543e-01 9.320754716981132226e-01
6.037735849056603543e-01 9.245283018867924696e-01
6.113207547169811074e-01 9.207547169811320931e-01
6.113207547169811074e-01 9.132075471698113400e-01
6.226415094339622369e-01 9.094339622641509635e-01
6.264150943396226134e-01 8.792452830188679513e-01
6.226415094339622369e-01 8.716981132075471983e-01
6.301886792452829900e-01 8.603773584905660687e-01
6.264150943396226134e-01 8.452830188679245627e-01
6.339622641509433665e-01 7.924528301886792914e-01
6.226415094339622369e-01 7.509433962264151496e-01
6.264150943396226134e-01 7.245283018867925140e-01
6.226415094339622369e-01 7.018867924528302549e-01
6.150943396226414839e-01 6.943396226415095018e-01
6.150943396226414839e-01 6.867924528301886378e-01
6.075471698113207308e-01 6.792452830188678847e-01
6.075471698113207308e-01 6.716981132075471317e-01
5.773584905660377187e-01 6.264150943396226134e-01
5.207547169811320709e-01 5.735849056603773422e-01
5.415094339622641417e-01 5.641509433962264008e-01
5.641509433962264008e-01 5.641509433962264008e-01
6.245283018867924252e-01 5.301886792452830122e-01
6.547169811320754373e-01 5.339622641509433887e-01
6.773584905660376965e-01 5.452830188679245182e-01
7.188679245283018382e-01 5.528301886792452713e-01
7.245283018867925140e-01 5.471698113207547065e-01
7.245283018867925140e-01 5.283018867924528239e-01
7.037735849056603321e-01 5.226415094339622591e-01
6.999999999999999556e-01 5.150943396226415061e-01
6.358490566037735547e-01 5.000000000000000000e-01
6.226415094339622369e-01 4.905660377358490587e-01
6.660377358490565669e-01 4.773584905660377409e-01
6.981132075471698784e-01 4.566037735849056700e-01
7.132075471698113844e-01 4.377358490566037874e-01
7.132075471698113844e-01 4.301886792452830344e-01
7.207547169811321375e-01 4.226415094339622813e-01
7.320754716981132670e-01 3.886792452830188926e-01
7.358490566037736436e-01 3.471698113207547509e-01
7.490566037735848504e-01 3.264150943396226801e-01
7.679245283018867330e-01 3.301886792452830566e-01
8.226415094339623035e-01 3.698113207547170100e-01
8.735849056603772755e-01 4.320754716981132226e-01
9.377358490566037874e-01 4.924528301886792470e-01
9.830188679245283057e-01 5.150943396226415061e-01
9.943396226415094352e-01 5.150943396226415061e-01
1.000000000000000000e+00 5.094339622641509413e-01
1.000000000000000000e+00 4.905660377358490587e-01
9.566037735849056700e-01 4.698113207547169878e-01
8.943396226415094574e-01 4.113207547169811518e-01
8.320754716981131338e-01 3.339622641509434331e-01
7.679245283018867330e-01 2.962264150943396124e-01
7.226415094339622147e-01 2.924528301886792359e-01
7.188679245283018382e-01 2.962264150943396124e-01
7.056603773584906314e-01 2.943396226415094241e-01
7.150943396226414617e-01 2.811320754716981063e-01
7.792452830188678625e-01 2.698113207547169767e-01
7.943396226415093686e-01 2.735849056603773533e-01
8.037735849056604209e-01 2.679245283018867885e-01
8.056603773584904982e-01 2.584905660377358472e-01
8.169811320754716277e-01 2.584905660377358472e-01
8.641509433962264453e-01 2.075471698113207641e-01
8.679245283018868218e-01 1.924528301886792581e-01
8.584905660377357695e-01 1.792452830188679402e-01
8.471698113207546399e-01 1.754716981132075637e-01
8.301886792452830566e-01 1.886792452830188815e-01
8.188679245283019270e-01 2.075471698113207641e-01
7.905660377358489921e-01 2.320754716981132115e-01
7.716981132075471095e-01 2.320754716981132115e-01
7.641509433962263564e-01 2.396226415094339646e-01
7.094339622641510079e-01 2.490566037735849059e-01
7.075471698113207086e-01 2.320754716981132115e-01
6.811320754716980730e-01 2.320754716981132115e-01
6.792452830188678847e-01 2.528301886792452824e-01
6.641509433962263786e-01 2.641509433962264120e-01
6.509433962264150608e-01 2.849056603773584828e-01
6.207547169811320487e-01 3.075471698113207419e-01
6.132075471698112956e-01 3.075471698113207419e-01
6.150943396226414839e-01 2.867924528301886711e-01
6.377358490566037430e-01 2.566037735849056589e-01
6.377358490566037430e-01 2.377358490566037763e-01
7.094339622641510079e-01 1.735849056603773755e-01
7.245283018867925140e-01 1.509433962264151163e-01
7.245283018867925140e-01 1.433962264150943633e-01
7.320754716981132670e-01 1.358490566037736103e-01
7.320754716981132670e-01 1.283018867924528572e-01
7.471698113207547731e-01 1.132075471698112956e-01
7.471698113207547731e-01 8.301886792452828345e-02
7.264150943396225912e-01 8.113207547169809519e-02
7.169811320754717610e-01 8.679245283018865997e-02
7.094339622641510079e-01 1.132075471698112956e-01
7.018867924528302549e-01 1.169811320754716721e-01
7.018867924528302549e-01 1.283018867924528572e-01
6.566037735849056256e-01 1.735849056603773755e-01
6.509433962264150608e-01 1.867924528301886933e-01
6.132075471698112956e-01 2.207547169811320820e-01
6.113207547169811074e-01 2.037735849056603876e-01
5.981132075471697895e-01 2.018867924528301994e-01
5.943396226415094130e-01 2.132075471698113289e-01
5.849056603773584717e-01 2.150943396226415172e-01
5.886792452830188482e-01 2.339622641509433998e-01
5.660377358490565891e-01 2.566037735849056589e-01
5.584905660377358361e-01 2.867924528301886711e-01
5.584905660377358361e-01 3.207547169811321153e-01
5.301886792452830122e-01 3.301886792452830566e-01
5.226415094339622591e-01 3.377358490566038096e-01
4.849056603773584939e-01 3.528301886792453157e-01
4.547169811320754818e-01 3.754716981132075748e-01
4.433962264150943522e-01 3.679245283018868218e-01
4.132075471698113400e-01 3.641509433962264453e-01
3.830188679245283279e-01 3.754716981132075748e-01
3.735849056603773866e-01 3.735849056603773866e-01
3.735849056603773866e-01 3.320754716981132448e-01
3.698113207547170100e-01 3.283018867924528683e-01
3.735849056603773866e-01 2.905660377358490476e-01
4.490566037735849170e-01 1.924528301886792581e-01
4.509433962264151052e-01 1.641509433962264342e-01
4.358490566037735992e-01 1.679245283018868107e-01
4.226415094339622813e-01 1.132075471698112956e-01
4.150943396226415283e-01 1.018867924528301661e-01
4.150943396226415283e-01 6.415094339622640085e-02
