2.484037380016068663e-01 3.097382553173495534e-01
2.399467207915768063e-01 3.097382553173495534e-01
2.378324664890693052e-01 3.118525096198570545e-01
7.378747515751238328e-03 3.118525096198570545e-01
6.342762907522503379e-03 3.128884942280857340e-01
6.342762907522503379e-03 3.657448517907734287e-01
7.378747515751238328e-03 3.667808363990021081e-01
2.314897035815468018e-01 3.667808363990021081e-01
2.410249904858556280e-01 3.763161233033109343e-01
2.410249904858556280e-01 4.186012093534610123e-01
2.399467207915768063e-01 4.196794790477398340e-01
2.378324664890693052e-01 4.175652247452323329e-01
2.272611949765317996e-01 4.175652247452323329e-01
2.251469406740242984e-01 4.196794790477398340e-01
9.493001818258739455e-03 4.196794790477398340e-01
8.457017210030004506e-03 4.207154636559685690e-01
8.457017210030004506e-03 4.756860755211637093e-01
9.493001818258739455e-03 4.767220601293923887e-01
2.399467207915768063e-01 4.767220601293923887e-01
2.410249904858556280e-01 4.778003298236712104e-01
2.410249904858556280e-01 5.243139244788362907e-01
2.399467207915768063e-01 5.253921941731151124e-01
7.378747515751238328e-03 5.253921941731151124e-01
6.342762907522503379e-03 5.264281787813438473e-01
6.342762907522503379e-03 5.813987906465389877e-01
7.378747515751238328e-03 5.824347752547676116e-01
2.399467207915768063e-01 5.824347752547676116e-01
2.410249904858556280e-01 5.835130449490464333e-01
2.410249904858556280e-01 6.300266396042115691e-01
2.357182121865618041e-01 6.353334179035053930e-01
1.035984608228679438e-03 6.353334179035053930e-01
0.000000000000000000e+00 6.363694025117341280e-01
0.000000000000000000e+00 6.892257600744217116e-01
1.035984608228679438e-03 6.902617446826504466e-01
2.568607552116368709e-01 6.902617446826504466e-01
2.589750095141443720e-01 6.881474903801430010e-01
3.710304875470421537e-01 6.881474903801430010e-01
3.720664721552708887e-01 6.871115057719142660e-01
3.720664721552708887e-01 5.475707218064188586e-01
3.731447418495496549e-01 5.464924521121400369e-01
9.989640153917713761e-01 5.464924521121400369e-01
1.000000000000000000e+00 5.454564675039114130e-01
1.000000000000000000e+00 4.291724808659985735e-01
9.989640153917713761e-01 4.281364962577698385e-01
3.710304875470421537e-01 4.281364962577698385e-01
3.699522178527633320e-01 4.270582265634910724e-01
3.720664721552708887e-01 4.249439722609835712e-01
3.720664721552708887e-01 3.128884942280857340e-01
3.710304875470421537e-01 3.118525096198570545e-01
2.505179923041143120e-01 3.118525096198570545e-01
