4.050978225135175026e-01 8.210448315862928226e-04
4.004112952302343875e-01 5.551115123125782702e-17
3.816651860971020382e-01 5.551115123125782702e-17
3.769786588138189787e-01 8.554316988816923484e-04
3.722921315305358636e-01 3.096143257846073471e-03
3.643385539776564097e-01 1.043976413477626375e-02
3.578831156288628801e-01 1.981281870134238288e-02
3.532298677790868258e-01 3.152913690955011505e-02
3.524793128291935917e-01 3.621566419283323013e-02
3.523044424081755444e-01 8.073767338402254579e-02
3.501360491875520342e-01 9.245399159223027796e-02
3.501360491875520342e-01 1.135433643670041293e-01
3.523044424081755444e-01 1.252596825752118614e-01
3.524793128291935917e-01 2.635122374320629235e-01
3.546477060498171019e-01 2.752285556402706557e-01
3.548225764708351493e-01 3.150640375481769118e-01
3.569909696914586039e-01 3.267803557563846439e-01
3.571658401124766513e-01 3.783321558724985767e-01
3.593342333331001615e-01 3.900484740807063089e-01
3.597646836002215132e-01 4.298839559886125095e-01
3.684754521142258321e-01 4.697194378965187656e-01
3.691145240164916963e-01 4.767492288214433827e-01
3.708187157558673341e-01 4.837790197463679998e-01
3.714577876581331983e-01 4.908088106712926724e-01
3.778485066807919512e-01 5.189279743709911408e-01
3.784875785830578709e-01 5.259577652959157579e-01
3.801691023874386177e-01 5.329875562208403750e-01
3.808540563749953645e-01 5.493904017123312222e-01
3.827668697495155703e-01 5.587634562788974524e-01
3.829417401705336732e-01 6.618670565111253179e-01
3.848556296707216773e-01 6.712401110776915480e-01
3.851101333911571278e-01 6.876429565691822843e-01
3.843617990180387411e-01 6.923294838524653994e-01
3.820301205986691984e-01 6.993592747773900165e-01
3.743897304355537359e-01 7.157621202688808637e-01
3.721344118623485242e-01 7.251351748354469828e-01
3.652623406056112465e-01 7.312411791324167076e-01
3.573087630527317371e-01 7.391947566852962170e-01
3.474850808627730214e-01 7.532543385351455623e-01
3.415158742371902090e-01 7.602841294600701794e-01
3.344733929207637235e-01 7.743437113099194136e-01
3.297972313626713614e-01 7.884032931597686478e-01
3.267034127711366254e-01 8.048061386512594950e-01
3.267034127711366254e-01 8.727607842588642750e-01
3.286173022713246850e-01 8.821338388254303942e-01
3.293022562588814317e-01 9.032232116002043565e-01
3.312150696334016375e-01 9.125962661667704756e-01
3.313899400544196849e-01 9.547750117163182892e-01
3.333038295546077445e-01 9.641480662828844084e-01
3.337332036960612980e-01 9.758643844910921405e-01
3.345886353949428238e-01 9.805509117743752556e-01
3.368662457482641814e-01 9.852374390576583707e-01
3.418297041891957821e-01 9.902377962929469479e-01
3.558892860390450719e-01 9.971650351351943886e-01
3.605758133223281314e-01 9.979155445814651415e-01
3.652623406056112465e-01 9.971650351351943886e-01
3.722921315305358636e-01 9.931631837279164543e-01
3.772924887658245519e-01 9.875807026992998727e-01
3.795675871920841660e-01 9.828941754160167577e-01
3.824995299695047035e-01 9.711778572078091365e-01
3.844661184187517233e-01 9.594615389996012933e-01
3.814195213604783530e-01 9.500884844330351742e-01
3.809261567947382354e-01 9.454019571497520591e-01
3.833203485106425612e-01 9.360289025831858289e-01
3.827318956653119608e-01 8.915068933919965133e-01
3.805635024446885062e-01 8.797905751837888921e-01
3.808180061651239567e-01 7.977763477263348779e-01
3.837203435532958729e-01 7.860600295181271457e-01
3.904328975562441628e-01 7.696571840266362985e-01
3.930258303597034542e-01 7.649706567433531834e-01
3.980680315885928300e-01 7.601233172493693235e-01
4.004112952302343875e-01 7.597920440953254140e-01
4.027545588718759451e-01 7.616173656699696259e-01
4.037614299678937702e-01 7.649706567433531834e-01
4.042866927914108288e-01 7.743437113099194136e-01
4.059450024454955841e-01 7.813735022348440307e-01
4.066299564330523308e-01 7.977763477263348779e-01
4.082882660871371416e-01 8.048061386512594950e-01
4.089732200746938884e-01 8.258955114260333463e-01
4.108860334492141497e-01 8.352685659925995765e-01
4.110609038702321971e-01 8.680742569755811600e-01
4.132292970908556518e-01 8.797905751837888921e-01
4.134041675118737547e-01 9.055664752418458585e-01
4.155725607324972093e-01 9.172827934500535907e-01
4.157474311535153122e-01 9.547750117163182892e-01
4.176613206537033163e-01 9.641480662828844084e-01
4.180906947951568142e-01 9.828941754160167577e-01
4.189461264940383955e-01 9.875807026992998727e-01
4.212237368473597532e-01 9.922672299825829878e-01
4.261871952882914094e-01 9.972306884235145885e-01
4.332169862132160265e-01 1.000000000000000000e+00
4.379035134964990861e-01 9.995048910692660993e-01
4.425900407797822012e-01 9.972306884235145885e-01
4.475534992207138574e-01 9.922672299825829878e-01
4.498311095740351595e-01 9.875807026992998727e-01
4.506865412729167408e-01 9.828941754160167577e-01
4.506865412729167408e-01 9.594615389996012933e-01
4.485181480522932862e-01 9.477452207913936721e-01
4.483432776312751833e-01 9.102530025251289736e-01
4.464293881310871792e-01 9.008799479585627434e-01
4.457444341435303770e-01 8.727607842588642750e-01
4.438316207690101711e-01 8.633877296922980449e-01
4.436567503479921237e-01 8.282387750676749594e-01
4.417428608478041197e-01 8.188657205011087292e-01
4.410579068602473174e-01 7.977763477263348779e-01
4.393995972061625621e-01 7.907465568014102608e-01
4.387146432186057599e-01 7.766869749515610266e-01
4.370563335645210046e-01 7.696571840266362985e-01
4.363713795769642578e-01 7.555976021767870643e-01
4.346904019878845560e-01 7.485678112518624472e-01
4.340513300856186363e-01 7.415380203269378301e-01
4.323471383462429984e-01 7.345082294020131020e-01
4.304768795354900202e-01 7.204486475521638678e-01
4.310176071811488985e-01 7.181053839105223657e-01
4.345159693189086236e-01 7.134188566272392507e-01
4.449333044214237587e-01 7.059915477631075742e-01
4.589928862712729929e-01 6.991331703909158257e-01
4.613361499129145504e-01 6.988861157728277762e-01
4.636794135545560525e-01 7.004137434161287201e-01
4.663760264754928109e-01 7.087323293439562466e-01
4.675548111157324382e-01 7.274784384770884849e-01
4.692131207698173045e-01 7.345082294020131020e-01
4.698980747573739958e-01 7.462245476102209452e-01
4.715563844114588621e-01 7.532543385351455623e-01
4.722413383990154978e-01 7.696571840266362985e-01
4.738996480531004196e-01 7.766869749515610266e-01
4.745846020406570553e-01 7.884032931597686478e-01
4.762429116947419772e-01 7.954330840846932649e-01
4.769278656822986129e-01 8.048061386512594950e-01
4.785861753363834792e-01 8.118359295761841121e-01
4.792711293239401149e-01 8.352685659925995765e-01
4.809521069130198723e-01 8.422983569175241936e-01
4.815911788152857365e-01 8.493281478424488107e-01
4.856386341963029873e-01 8.680742569755811600e-01
4.862777060985687960e-01 8.751040479005057771e-01
4.879818978379444894e-01 8.821338388254303942e-01
4.886209697402103536e-01 8.891636297503550113e-01
4.903024935445912114e-01 8.961934206752797394e-01
4.909874475321478471e-01 9.055664752418458585e-01
4.926457571862327689e-01 9.125962661667704756e-01
4.933307111737894046e-01 9.289991116582612118e-01
4.952435245483096660e-01 9.383721662248274420e-01
4.954183949693277134e-01 9.828941754160167577e-01
4.962738266682092947e-01 9.875807026992998727e-01
4.985514370215306523e-01 9.922672299825829878e-01
5.035148954624623086e-01 9.972306884235145885e-01
5.105446863873869257e-01 1.000000000000000000e+00
5.152312136706700407e-01 9.995048910692660993e-01
5.199177409539531558e-01 9.972306884235145885e-01
5.248811993948847565e-01 9.922672299825829878e-01
5.271588097482061697e-01 9.875807026992998727e-01
5.280142414470877510e-01 9.828941754160167577e-01
5.280142414470877510e-01 9.313423752999028249e-01
5.261003519468996359e-01 9.219693207333365947e-01
5.254153979593430002e-01 9.055664752418458585e-01
5.237344203702631873e-01 8.985366843169211304e-01
5.230953484679973231e-01 8.915068933919965133e-01
5.213911567286216853e-01 8.844771024670718962e-01
5.207520848263558211e-01 8.774473115421472791e-01
5.190705610219750188e-01 8.704175206172226620e-01
5.183856070344182720e-01 8.610444660506564318e-01
5.143840337386919037e-01 8.446416205591656956e-01
5.136990797511352680e-01 8.352685659925995765e-01
5.120407700970502907e-01 8.282387750676749594e-01
5.113558161094936549e-01 8.071494022929009970e-01
5.096975064554087886e-01 8.001196113679763799e-01
5.090125524678521529e-01 7.884032931597686478e-01
5.073542428137672866e-01 7.813735022348440307e-01
5.066692888262106509e-01 7.696571840266362985e-01
5.050109791721256736e-01 7.626273931017116814e-01
5.043260251845690378e-01 7.485678112518624472e-01
5.026677155304841715e-01 7.415380203269378301e-01
5.019827615429275358e-01 7.298217021187300979e-01
5.003244518888426695e-01 7.227919111938054808e-01
4.996394979012859783e-01 7.134188566272392507e-01
4.979940243067765282e-01 7.063890657023146336e-01
4.980172384570724642e-01 7.017025384190315185e-01
5.008520958696878189e-01 6.946727474941069014e-01
5.058581591041038106e-01 6.896666842596909097e-01
5.105446863873869257e-01 6.873972918325585990e-01
5.152312136706700407e-01 6.869039272668184815e-01
5.222610045955946578e-01 6.895956762705502952e-01
5.316340591621608880e-01 6.961791312637336526e-01
5.377400634591306128e-01 7.040458020606731315e-01
5.507263322423537888e-01 7.181053839105223657e-01
5.630653358937950381e-01 7.298217021187300979e-01
5.720748841774910831e-01 7.462245476102209452e-01
5.760550656101759426e-01 7.555976021767870643e-01
5.881558458730468120e-01 7.790302385932024176e-01
5.901957920367448818e-01 7.860600295181271457e-01
6.022969029129742191e-01 8.094926659345424991e-01
6.069066018801380080e-01 8.212089841427503423e-01
6.109837690916192221e-01 8.376118296342410785e-01
6.163505987224755511e-01 8.540146751257318147e-01
6.204283855171515150e-01 8.704175206172226620e-01
6.257236532890417813e-01 8.844771024670718962e-01
6.332642436197202240e-01 9.125962661667704756e-01
6.391029327913178015e-01 9.383721662248274420e-01
6.421264987805326285e-01 9.477452207913936721e-01
6.484810866259211881e-01 9.758643844910921405e-01
6.508139845423721592e-01 9.828941754160167577e-01
6.534837685275211028e-01 9.876067389619848091e-01
6.558270321691626048e-01 9.892513628882479981e-01
6.581702958108042179e-01 9.897055265099409249e-01
6.652000867357288350e-01 9.881860458067239783e-01
6.675433503773703370e-01 9.867215060306979701e-01
6.700594777302805172e-01 9.828941754160167577e-01
6.732965872288634301e-01 9.664913299245259104e-01
6.730410073827601813e-01 9.477452207913936721e-01
6.713600297936804795e-01 9.407154298664690550e-01
6.707209578914146153e-01 9.336856389415444379e-01
6.678595049956871366e-01 9.196260570916950927e-01
6.619869752271142493e-01 8.985366843169211304e-01
6.584864504291210174e-01 8.797905751837888921e-01
6.554736828898674039e-01 8.704175206172226620e-01
6.542948982496278321e-01 8.540146751257318147e-01
6.502933249539013527e-01 8.352685659925995765e-01
6.496083709663447170e-01 8.258955114260333463e-01
6.455841297356235131e-01 8.094926659345424991e-01
6.426017941917161469e-01 7.930898204430517628e-01
6.327156496391013185e-01 7.555976021767870643e-01
6.256911251713299649e-01 7.345082294020131020e-01
6.140039605652212185e-01 7.110755929855977486e-01
5.975592710801296281e-01 6.829564292858991692e-01
5.922032398992346236e-01 6.759266383609745521e-01
5.858847968655226390e-01 6.642103201527669309e-01
5.677068004147388658e-01 6.384344200947098535e-01
5.593975489162530401e-01 6.290613655281437344e-01
5.406421792271599580e-01 5.868826199785959208e-01
5.336123883022353409e-01 5.681365108454635715e-01
5.295364602571430712e-01 5.540769289956143373e-01
5.149477543591811646e-01 5.212712380126327538e-01
5.085175773640622232e-01 4.931520743129341744e-01
5.031499609608952595e-01 4.790924924630849402e-01
4.914452279749593755e-01 4.392570105551786841e-01
4.862648700389933798e-01 4.158243741387632753e-01
4.855799160514366886e-01 4.064513195721971006e-01
4.797232105848276973e-01 3.853619467974231938e-01
4.742940481103502526e-01 3.595860467393662274e-01
4.741191776893322607e-01 2.635122374320629235e-01
4.719507844687086950e-01 2.517959192238552468e-01
4.717759140476907032e-01 2.213334918825151654e-01
4.698620245475025325e-01 2.119604373159489907e-01
4.691770705599458968e-01 1.955575918244581435e-01
4.672642571854256355e-01 1.861845372578919688e-01
4.670893867644075881e-01 1.580653735581935004e-01
4.651754972642194730e-01 1.486923189916273258e-01
4.644905432766628373e-01 1.252596825752118614e-01
4.628095656875830799e-01 1.182298916502872443e-01
4.621704937853172712e-01 1.112001007253626272e-01
4.569708765159855024e-01 8.776746430894716289e-02
4.499463520482142598e-01 6.902135517581481361e-02
4.422251062782150410e-01 5.261850968432402187e-02
4.337832749266127275e-01 3.152913690955011505e-02
4.265010252402969826e-01 1.746955505970088085e-02
4.168141407217251793e-01 7.172713865179869419e-03
