2.345431714900741982e-02 3.779149724946185285e-01
1.771406362114325006e-02 3.777007095591166097e-01
1.388722793590052573e-02 3.783881807238835826e-01
1.006039225065774589e-02 3.802548324672219149e-01
8.146974408036355975e-03 3.817866539105477242e-01
6.077004196473279052e-03 3.842382205214063817e-01
4.240412979351015910e-03 3.880650562066491061e-01
3.826835685242779839e-03 3.918918918918918859e-01
4.240412979351015910e-03 3.938053097345132758e-01
6.077004196473279052e-03 3.976321454197560556e-01
8.146974408036355975e-03 4.000837120306146577e-01
1.006039225065774589e-02 4.016155334739405225e-01
1.388722793590052573e-02 4.034840149884397764e-01
2.345431714900741982e-02 4.058688112891652988e-01
8.085685242764889535e-02 4.064191488970250177e-01
8.659710595551300960e-02 4.078026971832282022e-01
1.095581200669696331e-01 4.083325667396464076e-01
1.152983735948337474e-01 4.097161150258495921e-01
1.459130590767758751e-01 4.102459845822677975e-01
1.516533126046400448e-01 4.116295328684709265e-01
2.243631906242525842e-01 4.116295328684709265e-01
2.301034441521166984e-01 4.102337957426452908e-01
2.358436976799808682e-01 4.095180376116329679e-01
2.377571155226022581e-01 4.095910069361397010e-01
2.396705333652236480e-01 4.108400435834064224e-01
2.404518456509606716e-01 4.129394881607271195e-01
2.405524994020569185e-01 4.301602487443195733e-01
2.396705333652236480e-01 4.327404637139150578e-01
2.377571155226022581e-01 4.343800184508149753e-01
2.358436976799808682e-01 4.348690504663955680e-01
1.803545802439607826e-01 4.351032448377580852e-01
1.727009088734752229e-01 4.366030853862712391e-01
1.707874910308538885e-01 4.366030853862712391e-01
1.650472375029897187e-01 4.353773020808419103e-01
1.631338196603683288e-01 4.353773020808419103e-01
1.573935661325041591e-01 4.366030853862712391e-01
1.554801482898828247e-01 4.366030853862712391e-01
1.497398947620186549e-01 4.353773020808419103e-01
1.478264769193972650e-01 4.353773020808419103e-01
1.420862233915331507e-01 4.366030853862712391e-01
1.401728055489117608e-01 4.366030853862712391e-01
1.344325520210475911e-01 4.353773020808419103e-01
1.325191341784262011e-01 4.353773020808419103e-01
1.267788806505620869e-01 4.366030853862712391e-01
1.248654628079406970e-01 4.366030853862712391e-01
1.191252092800765272e-01 4.353773020808419103e-01
1.172117914374551373e-01 4.353773020808419103e-01
1.114715379095910230e-01 4.366030853862712391e-01
1.095581200669696331e-01 4.366030853862712391e-01
1.038178665391054634e-01 4.353773020808419103e-01
1.019044486964840734e-01 4.353773020808419103e-01
9.616419516861995920e-02 4.366030853862712391e-01
9.425077732599856928e-02 4.366030853862712391e-01
8.851052379813439952e-02 4.352970397218184351e-01
7.128976321454200127e-02 4.351032448377580852e-01
6.746292752929922143e-02 4.357907160025250581e-01
6.363609184405644159e-02 4.376573677458633349e-01
6.172267400143505167e-02 4.391891891891891997e-01
5.965270378987197475e-02 4.416407558000478573e-01
5.781611257274971161e-02 4.454675914852905816e-01
5.740253527864147554e-02 4.492944271705333614e-01
5.781611257274971161e-02 4.512078450131547513e-01
5.965270378987197475e-02 4.550346806983975312e-01
6.172267400143505167e-02 4.574862473092561332e-01
6.363609184405644159e-02 4.590180687525819980e-01
6.746292752929922143e-02 4.608847204959202748e-01
7.128976321454200127e-02 4.615721916606873032e-01
8.851052379813439952e-02 4.613783967766268979e-01
9.425077732599856928e-02 4.600723511121741494e-01
9.616419516861995920e-02 4.600723511121741494e-01
1.019044486964840734e-01 4.612981344176034226e-01
1.038178665391054634e-01 4.612981344176034226e-01
1.095581200669696331e-01 4.600723511121741494e-01
1.114715379095910230e-01 4.600723511121741494e-01
1.172117914374551373e-01 4.612981344176034226e-01
1.191252092800765272e-01 4.612981344176034226e-01
1.248654628079406970e-01 4.600723511121741494e-01
1.267788806505620869e-01 4.600723511121741494e-01
1.325191341784262011e-01 4.612981344176034226e-01
1.344325520210475911e-01 4.612981344176034226e-01
1.401728055489117608e-01 4.600723511121741494e-01
1.420862233915331507e-01 4.600723511121741494e-01
1.478264769193972650e-01 4.612981344176034226e-01
1.497398947620186549e-01 4.612981344176034226e-01
1.554801482898828247e-01 4.600723511121741494e-01
1.573935661325041591e-01 4.600723511121741494e-01
1.631338196603683288e-01 4.612981344176034226e-01
1.650472375029897187e-01 4.612981344176034226e-01
1.707874910308538885e-01 4.600723511121741494e-01
1.727009088734752229e-01 4.600723511121741494e-01
1.803545802439607826e-01 4.615721916606873032e-01
2.358436976799808682e-01 4.618063860320497649e-01
2.377571155226022581e-01 4.622954180476304131e-01
2.396705333652236480e-01 4.639349727845302751e-01
2.405524994020569185e-01 4.665151877541258152e-01
2.405524994020569185e-01 5.181774695049031765e-01
2.400634673864762147e-01 5.200908873475245109e-01
2.384239126495763528e-01 5.220043051901458453e-01
2.358436976799808682e-01 5.228862712269791713e-01
1.765277445587180027e-01 5.233142604824021493e-01
1.707874910308538885e-01 5.246978087686052783e-01
1.267788806505620869e-01 5.250338834409631339e-01
1.229520449653193070e-01 5.257213546057299958e-01
1.172117914374551373e-01 5.284327177666721109e-01
1.152983735948337474e-01 5.290042254644024000e-01
1.095581200669696331e-01 5.291347763692896278e-01
1.038178665391054634e-01 5.303605596747189566e-01
1.019044486964840734e-01 5.303605596747189566e-01
9.616419516861995920e-02 5.290545140102662636e-01
9.042394164075578944e-02 5.288607191262059137e-01
8.277027027027028527e-02 5.303605596747189566e-01
8.085685242764889535e-02 5.303605596747189566e-01
7.511659889978472560e-02 5.290545140102662636e-01
5.789583831619227183e-02 5.288607191262059137e-01
5.406900263094954751e-02 5.295481902909727756e-01
5.024216694570676767e-02 5.314148420343109969e-01
4.779060033484811010e-02 5.334848122458741848e-01
4.625877889152230082e-02 5.353982300884956302e-01
4.442218767440003768e-02 5.392250657737382991e-01
4.400861038029180161e-02 5.411384836163597445e-01
4.400861038029180161e-02 5.430519014589810789e-01
4.442218767440003768e-02 5.449653193016025243e-01
4.625877889152230082e-02 5.487921549868453042e-01
4.779060033484811010e-02 5.507055728294666386e-01
5.024216694570676767e-02 5.527755430410298265e-01
5.406900263094954751e-02 5.546421947843680478e-01
5.789583831619227183e-02 5.553296659491349097e-01
7.511659889978472560e-02 5.551358710650745598e-01
8.085685242764889535e-02 5.538298254006218668e-01
8.277027027027028527e-02 5.538298254006218668e-01
8.851052379813439952e-02 5.551358710650745598e-01
9.425077732599856928e-02 5.553296659491349097e-01
1.019044486964840734e-01 5.538298254006218668e-01
1.038178665391054634e-01 5.538298254006218668e-01
1.095581200669696331e-01 5.550335417592054954e-01
1.133849557522124130e-01 5.546121342581519231e-01
1.191252092800765272e-01 5.519308316234259326e-01
1.210386271226979171e-01 5.513799742002266635e-01
1.746143267160966128e-01 5.513090353798317800e-01
1.803545802439607826e-01 5.499254870936286510e-01
2.358436976799808682e-01 5.498236067926333126e-01
2.377571155226022581e-01 5.503126388082140164e-01
2.396705333652236480e-01 5.519521935451139338e-01
2.405524994020569185e-01 5.545324085147094184e-01
2.405524994020569185e-01 5.794068404687873208e-01
2.400634673864762147e-01 5.813202583114087663e-01
2.384239126495763528e-01 5.832336761540301007e-01
2.358436976799808682e-01 5.841156421908634266e-01
2.243631906242525842e-01 5.845436314462862937e-01
2.186229370963884144e-01 5.859271797324894226e-01
1.439996412341544851e-01 5.864570492889077391e-01
1.382593877062903709e-01 5.878405975751108681e-01
1.325191341784262011e-01 5.883704671315290735e-01
1.267788806505620869e-01 5.897540154177322025e-01
1.057312843817268533e-01 5.902838849741505189e-01
9.999103085386273904e-02 5.916674332603536479e-01
8.851052379813439952e-02 5.922177708682133668e-01
8.659710595551300960e-02 5.926909790974784764e-01
8.085685242764889535e-02 5.950121745131174977e-01
7.703001674240611552e-02 5.956853877207859416e-01
6.554950968667783151e-02 5.960241385020146332e-01
5.980925615881366175e-02 5.973301841664673262e-01
5.789583831619227183e-02 5.973301841664673262e-01
5.215558478832815759e-02 5.960241385020146332e-01
3.493482420473570382e-02 5.956853877207859416e-01
3.110798851949292398e-02 5.950121745131174977e-01
2.536773499162880974e-02 5.926909790974784764e-01
2.154089930638602990e-02 5.920035079327115035e-01
1.388722793590052573e-02 5.920035079327115035e-01
1.006039225065774589e-02 5.926909790974784764e-01
6.233556565414966055e-03 5.945576308408166977e-01
3.781989954556308486e-03 5.966276010523797746e-01
2.250168511230499213e-03 5.985410188950012200e-01
4.135772941082360710e-04 6.023678545802439999e-01
0.000000000000000000e+00 6.042812724228653343e-01
0.000000000000000000e+00 6.061946902654866687e-01
4.135772941082360710e-04 6.081081081081081141e-01
2.250168511230499213e-03 6.119349437933508939e-01
3.781989954556308486e-03 6.138483616359722284e-01
6.233556565414966055e-03 6.159183318475354163e-01
1.006039225065774589e-02 6.177849835908736376e-01
1.388722793590052573e-02 6.184724547556406105e-01
2.154089930638602990e-02 6.186174106528088412e-01
2.536773499162880974e-02 6.192906238604772851e-01
3.110798851949292398e-02 6.216118192761164174e-01
3.493482420473570382e-02 6.222992904408833903e-01
5.215558478832815759e-02 6.221054955568229294e-01
5.789583831619227183e-02 6.207994498923702364e-01
5.980925615881366175e-02 6.207994498923702364e-01
6.554950968667783151e-02 6.221054955568229294e-01
7.703001674240611552e-02 6.222992904408833903e-01
8.085685242764889535e-02 6.216118192761164174e-01
8.659710595551300960e-02 6.192906238604772851e-01
9.042394164075578944e-02 6.186174106528088412e-01
1.038178665391054634e-01 6.182786598715801496e-01
1.095581200669696331e-01 6.168951115853770206e-01
1.306057163358048112e-01 6.163652420289588152e-01
1.363459698636689810e-01 6.149816937427556862e-01
1.439996412341544851e-01 6.144518241863374808e-01
1.497398947620186549e-01 6.130682759001342408e-01
2.224497727816311943e-01 6.125384063437160354e-01
2.281900263094953085e-01 6.111548580575129064e-01
2.836791437455153941e-01 6.106249885010947009e-01
2.894193972733795639e-01 6.092414402148915720e-01
3.238609184405644714e-01 6.089053655425336053e-01
3.276877541258071957e-01 6.082178943777667435e-01
3.315145898110499756e-01 6.063512426344285222e-01
3.339661564219086332e-01 6.042812724228653343e-01
3.354979778652344979e-01 6.023678545802439999e-01
3.373345690823567056e-01 5.985410188950012200e-01
3.377481463764649972e-01 5.947141832097584402e-01
3.365575809047385292e-01 5.908873475245156603e-01
3.333125427838580235e-01 5.851470939966515461e-01
3.324712987323606983e-01 5.813202583114087663e-01
3.325460416168380950e-01 5.315713944032528504e-01
3.330350736324187988e-01 5.296579765606314050e-01
3.346746283693186053e-01 5.277445587180100706e-01
3.372548433389141453e-01 5.268625926811767446e-01
9.954705812006696686e-01 5.265337239894761767e-01
9.977029020170612439e-01 5.258311408753886251e-01
9.994853418525986299e-01 5.239177230327672907e-01
1.000000000000000000e+00 5.220043051901458453e-01
1.000000000000000000e+00 4.760822769672327093e-01
9.994853418525986299e-01 4.741688591246113194e-01
9.977029020170612439e-01 4.722554412819899294e-01
9.954705812006696686e-01 4.715528581679024334e-01
3.372548433389141453e-01 4.712239894762018655e-01
3.346746283693186053e-01 4.703420234393685950e-01
3.330350736324187988e-01 4.684286055967472051e-01
3.325460416168380950e-01 4.665151877541258152e-01
3.324568031426438641e-01 4.110260703181057296e-01
3.339291408981674425e-01 4.033723989476201699e-01
3.335077333971139257e-01 3.995455632623774456e-01
3.316711421799917181e-01 3.957187275771346657e-01
3.296011719684286412e-01 3.932671609662760082e-01
3.276877541258071957e-01 3.917353395229501434e-01
3.238609184405644714e-01 3.898686877796119221e-01
3.200340827553216916e-01 3.891812166148448937e-01
2.913328151160009538e-01 3.890362607176766074e-01
2.875059794307581740e-01 3.884199643548773007e-01
2.798523080602726698e-01 3.859791170831355922e-01
2.741120545324085001e-01 3.850304950968667650e-01
2.683718010045443858e-01 3.836253288686917173e-01
2.645449653193016060e-01 3.831170772542453751e-01
2.588047117914374917e-01 3.817213401284197394e-01
2.358436976799808682e-01 3.817213401284197394e-01
2.301034441521166984e-01 3.831170772542453751e-01
2.262766084668739741e-01 3.836253288686917173e-01
2.205363549390098044e-01 3.850183062572442583e-01
1.554801482898828247e-01 3.850183062572442583e-01
1.497398947620186549e-01 3.836347579710411293e-01
1.191252092800765272e-01 3.831048884146228684e-01
1.133849557522124130e-01 3.817213401284197394e-01
9.233735948337717936e-02 3.811914705720015339e-01
8.659710595551300960e-02 3.798079222857983495e-01
2.919457067687158958e-02 3.792780527293800885e-01
