4.439860101644898527e-01 0.000000000000000000e+00
4.330564511721952115e-01 0.000000000000000000e+00
4.098584622110497677e-01 2.046559921307178342e-02
4.098584622110497677e-01 3.139515820536642465e-02
4.071260724629761074e-01 3.412754795344008496e-02
4.071260724629761074e-01 7.238100442647144028e-02
4.098584622110497677e-01 7.511339417454510059e-02
4.098584622110497677e-01 9.970490190720804335e-02
4.125908519591234280e-01 1.024372916552817037e-01
4.125908519591234280e-01 1.215640198917973813e-01
4.153232417071970883e-01 1.242964096398710416e-01
4.153232417071970883e-01 2.008033225859336968e-01
4.180556314552707486e-01 2.035357123340073571e-01
4.180556314552707486e-01 2.144652713263019983e-01
4.207880212033444089e-01 2.171976610743756586e-01
4.207880212033444089e-01 2.253948303185966395e-01
4.235204109514180693e-01 2.281272200666702998e-01
4.235204109514180693e-01 2.390567790589649966e-01
4.317175801956391057e-01 2.527187277993332981e-01
4.317175801956391057e-01 2.636482867916279949e-01
4.344499699437127660e-01 2.663806765397016552e-01
4.344499699437127660e-01 2.882397945242909376e-01
4.371823596917864263e-01 2.909721842723645979e-01
4.371823596917864263e-01 3.264932509973222929e-01
4.399147494398600866e-01 3.292256407453959532e-01
4.399147494398600866e-01 3.510847587299852357e-01
4.426471391879337469e-01 3.538171484780588960e-01
4.426471391879337469e-01 4.275916716760478908e-01
4.453795289360074072e-01 4.303240614241215511e-01
4.453795289360074072e-01 4.740422973933001716e-01
4.426471391879337469e-01 4.767746871413738319e-01
4.426471391879337469e-01 5.040985846221105460e-01
4.453795289360074072e-01 5.068309743701842063e-01
4.453795289360074072e-01 5.177605333624788475e-01
4.481119186840810675e-01 5.204929231105525078e-01
4.481119186840810675e-01 5.286900923547734887e-01
4.508443084321547278e-01 5.314224821028471490e-01
4.508443084321547278e-01 5.396196513470681300e-01
4.535766981802283881e-01 5.423520410951417903e-01
4.535766981802283881e-01 5.860702770643204662e-01
4.508443084321547278e-01 5.888026668123941265e-01
4.508443084321547278e-01 5.969998360566151074e-01
4.453795289360074072e-01 6.051970053008360884e-01
4.453795289360074072e-01 6.215913437892780502e-01
4.426471391879337469e-01 6.243237335373517105e-01
4.426471391879337469e-01 6.325209027815728025e-01
4.330564511721952115e-01 6.475763702934586030e-01
4.084649434395322132e-01 6.585059292857533553e-01
3.920706049510902513e-01 6.776326575222689774e-01
3.838734357068692149e-01 6.803650472703426377e-01
3.688726159899448076e-01 6.953658669872671005e-01
3.634078364937974870e-01 7.062954259795617418e-01
3.524782775015027902e-01 7.172249849718563830e-01
3.388163287611344332e-01 7.500136619487403067e-01
3.388163287611344332e-01 7.609432209410349479e-01
3.360839390130607729e-01 7.636756106891087192e-01
3.360839390130607729e-01 8.538444723755396204e-01
3.388163287611344332e-01 8.565768621236132807e-01
3.388163287611344332e-01 8.866331493524235441e-01
3.415487185092081490e-01 8.893655391004973154e-01
3.415487185092081490e-01 9.494781135581178422e-01
3.442811082572818093e-01 9.522105033061916135e-01
3.442811082572818093e-01 9.740696212907808960e-01
3.538171484780588960e-01 9.863380512596316985e-01
3.674790972184272531e-01 9.890704410077053588e-01
3.824799169353516604e-01 9.740696212907808960e-01
3.824799169353516604e-01 9.440133340619705216e-01
3.797475271872780000e-01 9.412809443138969723e-01
3.797475271872780000e-01 8.811683698562762235e-01
3.770151374392043397e-01 8.784359801082026742e-01
3.770151374392043397e-01 8.483796928793922998e-01
3.742827476911306794e-01 8.456473031313186395e-01
3.742827476911306794e-01 7.718727799333297002e-01
3.770151374392043397e-01 7.691403901852560399e-01
3.770151374392043397e-01 7.582108311929613986e-01
3.824799169353516604e-01 7.418164927045193258e-01
4.002677741953112323e-01 7.185638559484124332e-01
4.084649434395322132e-01 7.158314662003388840e-01
4.330564511721952115e-01 6.939723482157494905e-01
4.371823596917864263e-01 6.953658669872671005e-01
4.344499699437127660e-01 6.980982567353406498e-01
4.344499699437127660e-01 7.609432209410349479e-01
4.371823596917864263e-01 7.636756106891087192e-01
4.371823596917864263e-01 7.855347286736980017e-01
4.399147494398600866e-01 7.882671184217716620e-01
4.399147494398600866e-01 8.620416416197606013e-01
4.426471391879337469e-01 8.647740313678342616e-01
4.426471391879337469e-01 8.866331493524235441e-01
4.453795289360074072e-01 8.893655391004973154e-01
4.453795289360074072e-01 9.276189955735285597e-01
4.481119186840810675e-01 9.303513853216023310e-01
4.481119186840810675e-01 9.713372315427072357e-01
4.576479589048582097e-01 9.836056615115580382e-01
4.713099076452265113e-01 9.863380512596316985e-01
4.863107273621509741e-01 9.713372315427072357e-01
4.863107273621509741e-01 9.221542160773812391e-01
4.835783376140773138e-01 9.194218263293075788e-01
4.835783376140773138e-01 8.784359801082026742e-01
4.808459478660036535e-01 8.757035903601289029e-01
4.808459478660036535e-01 8.565768621236132807e-01
4.781135581179299932e-01 8.538444723755396204e-01
4.781135581179299932e-01 7.800699491775506811e-01
4.753811683698562773e-01 7.773375594294770208e-01
4.753811683698562773e-01 7.554784414448876273e-01
4.726487786217826170e-01 7.527460516968140780e-01
4.726487786217826170e-01 7.090278157276354021e-01
4.753811683698562773e-01 7.062954259795617418e-01
4.753811683698562773e-01 6.844363079949724593e-01
4.931690256298158492e-01 6.830427892234548493e-01
5.027597136455543847e-01 6.926334772391933292e-01
5.027597136455543847e-01 7.199573747199300433e-01
5.054921033936280450e-01 7.226897644680037036e-01
5.054921033936280450e-01 7.336193234602983448e-01
5.082244931417017053e-01 7.363517132083720051e-01
5.082244931417017053e-01 7.445488824525929861e-01
5.109568828897753656e-01 7.472812722006667574e-01
5.109568828897753656e-01 7.636756106891087192e-01
5.136892726378490259e-01 7.664080004371822685e-01
5.136892726378490259e-01 7.882671184217716620e-01
5.164216623859226862e-01 7.909995081698453223e-01
5.164216623859226862e-01 8.073938466582872842e-01
5.191540521339963465e-01 8.101262364063610555e-01
5.191540521339963465e-01 8.237881851467292460e-01
5.218864418820700068e-01 8.265205748948030173e-01
5.218864418820700068e-01 8.374501338870976586e-01
5.246188316301436672e-01 8.401825236351713189e-01
5.246188316301436672e-01 8.538444723755396204e-01
5.355483906224383084e-01 8.702388108639815822e-01
5.300836111262909878e-01 8.784359801082026742e-01
5.300836111262909878e-01 8.893655391004973154e-01
5.328160008743646481e-01 8.920979288485708647e-01
5.328160008743646481e-01 9.139570468331602582e-01
5.355483906224383084e-01 9.166894365812339185e-01
5.355483906224383084e-01 9.494781135581178422e-01
5.382807803705120797e-01 9.522105033061916135e-01
5.382807803705120797e-01 9.740696212907808960e-01
5.478168205912891109e-01 9.863380512596316985e-01
5.614787693316574124e-01 9.890704410077053588e-01
5.764795890485818752e-01 9.740696212907808960e-01
5.764795890485818752e-01 9.440133340619705216e-01
5.737471993005082149e-01 9.412809443138969723e-01
5.737471993005082149e-01 9.084922673370129376e-01
5.710148095524345546e-01 9.057598775889392773e-01
5.710148095524345546e-01 8.866331493524235441e-01
5.600852505601399134e-01 8.675064211159080330e-01
5.655500300562872340e-01 8.593092518716869410e-01
5.655500300562872340e-01 8.483796928793922998e-01
5.628176403082135737e-01 8.456473031313186395e-01
5.628176403082135737e-01 8.319853543909503379e-01
5.600852505601399134e-01 8.292529646428765666e-01
5.600852505601399134e-01 8.183234056505819254e-01
5.573528608120662531e-01 8.155910159025083761e-01
5.573528608120662531e-01 8.046614569102137349e-01
5.546204710639925928e-01 8.019290671621399635e-01
5.546204710639925928e-01 7.828023389256243414e-01
5.518880813159189325e-01 7.800699491775506811e-01
5.518880813159189325e-01 7.582108311929613986e-01
5.491556915678452722e-01 7.554784414448876273e-01
5.491556915678452722e-01 7.390841029564456655e-01
5.464233018197716119e-01 7.363517132083720051e-01
5.464233018197716119e-01 7.281545439641510242e-01
5.436909120716979515e-01 7.254221542160773639e-01
5.436909120716979515e-01 7.144925952237827227e-01
5.409585223236242912e-01 7.117602054757090624e-01
5.409585223236242912e-01 6.980982567353406498e-01
5.450844308432154506e-01 6.967047379638231508e-01
5.710694573473960034e-01 7.199573747199300433e-01
5.738018470954696637e-01 7.281545439641510242e-01
5.819990163396906446e-01 7.363517132083720051e-01
5.956609650800589462e-01 7.609432209410349479e-01
5.956609650800589462e-01 7.664080004371822685e-01
6.065905240723536984e-01 7.882671184217716620e-01
6.065905240723536984e-01 7.964642876659926429e-01
6.093229138204273587e-01 7.991966774140663032e-01
6.093229138204273587e-01 8.073938466582872842e-01
6.120553035685010190e-01 8.101262364063610555e-01
6.120553035685010190e-01 8.210557953986556967e-01
6.147876933165746793e-01 8.237881851467292460e-01
6.147876933165746793e-01 8.374501338870976586e-01
6.175200830646483396e-01 8.401825236351713189e-01
6.175200830646483396e-01 9.112246570850865979e-01
6.202524728127220000e-01 9.139570468331602582e-01
6.202524728127220000e-01 9.440133340619705216e-01
6.229848625607956603e-01 9.467457238100442929e-01
6.229848625607956603e-01 9.795344007869282166e-01
6.284496420569429809e-01 9.904639597792228578e-01
6.407180720257937834e-01 1.000000000000000000e+00
6.489152412700147643e-01 1.000000000000000000e+00
6.611836712388655668e-01 9.904639597792228578e-01
6.639160609869392271e-01 9.849991802830755372e-01
6.639160609869392271e-01 9.631400622984862547e-01
6.611836712388655668e-01 9.604076725504125944e-01
6.611836712388655668e-01 9.358161648177496517e-01
6.584512814907919065e-01 9.330837750696758803e-01
6.584512814907919065e-01 9.057598775889392773e-01
6.557188917427181352e-01 9.030274878408656170e-01
6.557188917427181352e-01 8.319853543909503379e-01
6.529865019946445859e-01 8.292529646428765666e-01
6.529865019946445859e-01 8.155910159025083761e-01
6.502541122465708145e-01 8.128586261544346048e-01
6.502541122465708145e-01 8.019290671621399635e-01
6.475217224984972653e-01 7.991966774140663032e-01
6.475217224984972653e-01 7.909995081698453223e-01
6.447893327504234939e-01 7.882671184217716620e-01
6.447893327504234939e-01 7.800699491775506811e-01
6.229302147658342115e-01 7.308869337122246845e-01
6.174654352696868909e-01 7.254221542160773639e-01
6.120006557735395702e-01 7.117602054757090624e-01
5.833378873162468059e-01 6.776326575222689774e-01
5.587463795835837521e-01 6.612383190338269046e-01
5.505492103393627712e-01 6.612383190338269046e-01
5.245641838351822184e-01 6.352532925296464628e-01
5.245641838351822184e-01 6.133941745450570693e-01
5.218317940871085581e-01 6.106617847969834090e-01
5.218317940871085581e-01 5.997322258046887677e-01
5.190994043390348978e-01 5.969998360566151074e-01
5.190994043390348978e-01 5.888026668123941265e-01
5.163670145909612375e-01 5.860702770643204662e-01
5.163670145909612375e-01 5.778731078200994853e-01
5.136346248428875771e-01 5.751407180720258250e-01
5.136346248428875771e-01 5.505492103393627712e-01
5.109022350948139168e-01 5.478168205912891109e-01
5.109022350948139168e-01 4.357888409202688718e-01
5.081698453467402565e-01 4.330564511721952115e-01
5.081698453467402565e-01 4.221268921799005147e-01
5.054374555986665962e-01 4.193945024318268544e-01
5.054374555986665962e-01 3.838734357068692149e-01
5.027050658505929359e-01 3.811410459587955546e-01
5.027050658505929359e-01 3.592819279742062166e-01
4.999726761025192756e-01 3.565495382261325563e-01
4.999726761025192756e-01 3.210284715011749723e-01
4.972402863544456153e-01 3.182960817531013120e-01
4.972402863544456153e-01 3.073665227608066153e-01
4.945078966063719550e-01 3.046341330127329550e-01
4.945078966063719550e-01 2.964369637685119185e-01
4.917755068582982947e-01 2.937045740204382582e-01
4.917755068582982947e-01 2.745778457839226361e-01
4.863107273621509741e-01 2.663806765397016552e-01
4.863107273621509741e-01 2.445215585551123172e-01
4.835783376140773138e-01 2.417891688070386569e-01
4.835783376140773138e-01 2.199300508224493189e-01
4.808459478660036535e-01 2.171976610743756586e-01
4.808459478660036535e-01 1.926061533417126603e-01
4.781135581179299932e-01 1.898737635936390000e-01
4.781135581179299932e-01 1.680146456090497176e-01
4.753811683698562773e-01 1.652822558609760017e-01
4.753811683698562773e-01 1.133668506475764004e-01
4.726487786217826170e-01 1.106344608995027401e-01
4.726487786217826170e-01 9.970490190720804335e-02
4.699163888737089567e-01 9.697251215913438305e-02
4.699163888737089567e-01 8.604295316683974182e-02
4.671839991256352964e-01 8.331056341876608151e-02
4.671839991256352964e-01 5.871905568610308324e-02
4.699163888737089567e-01 5.598666593802942293e-02
4.699163888737089567e-01 3.139515820536642465e-02
4.617192196294879758e-01 1.500081971692446281e-02
