5.965774689532821196e-01 1.130588643894380185e-01
5.866720875221762554e-01 1.114725014784151980e-01
5.272397989355410708e-01 1.114725014784151980e-01
5.222871082199881387e-01 1.120126916253468830e-01
5.074290360733293426e-01 1.155655833915739672e-01
4.925709639266706019e-01 1.180115551049909506e-01
4.727602010644589292e-01 1.243793003107018236e-01
4.628548196333530651e-01 1.259609698403311162e-01
4.479967474866942689e-01 1.263305736250739941e-01
4.430440567711413369e-01 1.268707637720056791e-01
4.281859846244825407e-01 1.304236555382327079e-01
4.133279124778238001e-01 1.317743893697472246e-01
3.984698403311650039e-01 1.353284356093344964e-01
3.786590774689533312e-01 1.367761452031115432e-01
3.638010053222945350e-01 1.402811263248873730e-01
3.439902424600828068e-01 1.417288359186644753e-01
3.291321703134240106e-01 1.452817276848915040e-01
3.142740981667652700e-01 1.466324615164059653e-01
2.796052631578948011e-01 1.551871091159973681e-01
2.647471910112360050e-01 1.565869080653232159e-01
2.597945002956830729e-01 1.576330808294143515e-01
2.399837374334713447e-01 1.640128717498712252e-01
2.053149024246008758e-01 1.726316274199959921e-01
1.904568302779420796e-01 1.787210012505937584e-01
1.656933767001774749e-01 1.848553427648637615e-01
1.458826138379657467e-01 1.863030523586408083e-01
1.310245416913070060e-01 1.898559441248678370e-01
1.161664695446482098e-01 1.912066779563822982e-01
9.140301596688354957e-02 1.973950809977605969e-01
7.654494382022480892e-02 2.034746332576639061e-01
7.159225310467187686e-02 2.046661056270754342e-01
6.168687167356601275e-02 2.061138152208524810e-01
5.673418095801308070e-02 2.073089744568016868e-01
4.682879952690721659e-02 2.115839986201458189e-01
3.692341809580135248e-02 2.170702827996958129e-01
3.197072738024847594e-02 2.207926044456813286e-01
2.512436080286650775e-02 2.276389710230632413e-01
2.140203915688104752e-02 2.325916617386161733e-01
1.852161035094523900e-02 2.375443524541691054e-01
6.010373546225245001e-03 2.623078060319337101e-01
1.735349382880946312e-03 2.722131874630395743e-01
5.661657975378209251e-04 2.771658781785925063e-01
5.551115123125782702e-17 2.821185688941454384e-01
5.551115123125782702e-17 2.969766410408042345e-01
1.586362911022987099e-03 3.068820224719100986e-01
6.517144768349414363e-03 3.217400946185688948e-01
1.142140537624375396e-02 3.316454760496747034e-01
1.795284383712097975e-02 3.415508574807805675e-01
2.626628896679911174e-02 3.564089296274393082e-01
4.606338368904905334e-02 3.861250739207569005e-01
4.982898717190559212e-02 3.910777646363098325e-01
5.673418095801308070e-02 3.983520291247781842e-01
6.168687167356601275e-02 4.028768219292447328e-01
6.663956238911894481e-02 4.065991435752301930e-01
7.654494382022480892e-02 4.121057141998015205e-01
1.260718509757540740e-01 4.368488813325448472e-01
1.359772324068598826e-01 4.412948008259734989e-01
1.755987581312833390e-01 4.543099624788433655e-01
1.805514488468362710e-01 4.580598866308000505e-01
1.886948153118319649e-01 4.703208160851566344e-01
1.954095209934950117e-01 4.771671826625386026e-01
2.003622117090479438e-01 4.808895043085241183e-01
2.300783560023655361e-01 4.962811699191799764e-01
2.399837374334713447e-01 5.007270894126086835e-01
2.498891188645772088e-01 5.042183304088180273e-01
2.647471910112360050e-01 5.106324708437145476e-01
2.944633353045535418e-01 5.205267211613665568e-01
3.093214074512123379e-01 5.240415339272428419e-01
3.439902424600828068e-01 5.353847933080252419e-01
3.538956238911886709e-01 5.378110538518580119e-01
3.588483146067416030e-01 5.395325702372479881e-01
3.737063867534003991e-01 5.479542430514487972e-01
3.786590774689533312e-01 5.500104216149140912e-01
3.836117681845062632e-01 5.512522848233964989e-01
3.885644589000591398e-01 5.518184506209342644e-01
4.331386753400354728e-01 5.520766297352766028e-01
4.380913660555884048e-01 5.524211891006686193e-01
4.430440567711413369e-01 5.536911097969643425e-01
4.444278968240164551e-01 5.545165582495563683e-01
4.479967474866942689e-01 5.579834417504434541e-01
4.488933552886478773e-01 5.594692489651093004e-01
4.597406277440281297e-01 6.040434654050856889e-01
4.610913615755425909e-01 6.139488468361915530e-01
4.646454078151298628e-01 6.288069189828502381e-01
4.651833234772323467e-01 6.337596096984032812e-01
4.652947481476328306e-01 6.882392075694854228e-01
4.649934815332509297e-01 6.931918982850383548e-01
4.639691750443524221e-01 6.981445890005912869e-01
4.611523321998817204e-01 7.030972797161442189e-01
4.579021289178001330e-01 7.061562945698680593e-01
4.488605888905697339e-01 7.130026611472500830e-01
4.380913660555884048e-01 7.235154480434708990e-01
4.281859846244825407e-01 7.302044172932330435e-01
4.232332939089296087e-01 7.329393398751113953e-01
4.182806031933767321e-01 7.346319901315788714e-01
3.984698403311650039e-01 7.395567029067915410e-01
3.935171496156120718e-01 7.400946185688941359e-01
3.687536960378474671e-01 7.405381431105853007e-01
3.638010053222945350e-01 7.412097824881725971e-01
3.588483146067416030e-01 7.429615843972123823e-01
3.533717816039667614e-01 7.476714961561204964e-01
3.513353346229791674e-01 7.526241868716734285e-01
3.515004701844868795e-01 7.575768775872264715e-01
3.530981567420741207e-01 7.625295683027792926e-01
3.557758120332040752e-01 7.674822590183322246e-01
3.588483146067416030e-01 7.714326194700232842e-01
3.638010053222945350e-01 7.753615397021664801e-01
3.687536960378474671e-01 7.777530028792739580e-01
3.737063867534003991e-01 7.790258381476594662e-01
3.786590774689533312e-01 7.794204612655233344e-01
3.836117681845062632e-01 7.790760577388311514e-01
3.984698403311650039e-01 7.755491416232100921e-01
4.083752217622708680e-01 7.741984077916956863e-01
4.232332939089296087e-01 7.706443615521083590e-01
4.281859846244825407e-01 7.701064458900057641e-01
4.579021289178001330e-01 7.702962878339872921e-01
4.628548196333530651e-01 7.713205943228857997e-01
4.678075103489059972e-01 7.742114583601160671e-01
4.706172098894599864e-01 7.773876404494380887e-01
4.732067551453694731e-01 7.823403311649910208e-01
4.745236591222693479e-01 7.872930218805439528e-01
4.750887049083382108e-01 7.922457125960968849e-01
4.750887049083382108e-01 8.120564754583086131e-01
4.745236591222693479e-01 8.170091661738614341e-01
4.733593168768241988e-01 8.219618568894144772e-01
4.596477494159049160e-01 8.516780011827320696e-01
4.582735807214665114e-01 8.566306918982848906e-01
4.583486829987106770e-01 8.615833826138378226e-01
4.597593879361324687e-01 8.665360733293907547e-01
4.622799537467264241e-01 8.714887640449436867e-01
4.661397675569340371e-01 8.764414547604966188e-01
4.727602010644589292e-01 8.819794634697057933e-01
4.777128917800118058e-01 8.847372117090477328e-01
4.826655824955647378e-01 8.867933902725129158e-01
4.876182732111176699e-01 8.880352534809955456e-01
4.975236546422235340e-01 8.885274985215847465e-01
5.024763453577764105e-01 8.878558591439975611e-01
5.074290360733293426e-01 8.859182379566026277e-01
5.123817267888822746e-01 8.816755483576150798e-01
5.156692887293786720e-01 8.764414547604966188e-01
5.177809715853458616e-01 8.714887640449436867e-01
5.190488104444342943e-01 8.665360733293907547e-01
5.204965200382113411e-01 8.566306918982848906e-01
5.216879924076228692e-01 8.516780011827320696e-01
5.277590326395908971e-01 8.368199290360731624e-01
5.314456553368439584e-01 8.170091661738614341e-01
5.361281099518458992e-01 8.021510940272027490e-01
5.371451803666469349e-01 8.005689844930677923e-01
5.420978710821998670e-01 7.963729548590576801e-01
5.470505617977527990e-01 7.951030341627620679e-01
5.520032525133057311e-01 7.947584747973699404e-01
5.965774689532821196e-01 7.945002956830277130e-01
6.015301596688349406e-01 7.939341298854899476e-01
6.064828503843878726e-01 7.927649463001468222e-01
6.163882318154937368e-01 7.884899221368024680e-01
6.312463039621525329e-01 7.808459848284017291e-01
6.366117189040015889e-01 7.773876404494380887e-01
6.414787498744741745e-01 7.724349497338851567e-01
6.443835259449327557e-01 7.674822590183322246e-01
6.463073552364979601e-01 7.625295683027792926e-01
6.470084386997455583e-01 7.575768775872264715e-01
6.463073552364979601e-01 7.526241868716734285e-01
6.444674698553658487e-01 7.476714961561204964e-01
6.417370033869147505e-01 7.427188054405675643e-01
6.361989946777054650e-01 7.362608851938172716e-01
6.312463039621525329e-01 7.329484973926132518e-01
6.262936132465996009e-01 7.312514215530181438e-01
6.114355410999408047e-01 7.296992321201367648e-01
5.965774689532821196e-01 7.261463403539097916e-01
5.916247782377291875e-01 7.256061502069779401e-01
5.668613246599645272e-01 7.252365464222352287e-01
5.569559432288586631e-01 7.236548768926058806e-01
5.470505617977527990e-01 7.202319919497910394e-01
5.420978710821998670e-01 7.176973992213679931e-01
5.375909225310466777e-01 7.130026611472500830e-01
5.356122046689758553e-01 7.080499704316971510e-01
5.348905972797162178e-01 7.030972797161442189e-01
5.348166765227676533e-01 6.882392075694854228e-01
5.353545921848701372e-01 6.832865168539324907e-01
5.414889336991400848e-01 6.585230632761678304e-01
5.477406908318872558e-01 6.436649911295091453e-01
5.576241634047666151e-01 6.139488468361915530e-01
5.592105263157893802e-01 6.040434654050856889e-01
5.598132647955237351e-01 5.792800118273210286e-01
5.610831854918194583e-01 5.743273211117680965e-01
5.619086339444115952e-01 5.729434810588930338e-01
5.654774846070894645e-01 5.693746303962151645e-01
5.668613246599645272e-01 5.685491819436230276e-01
5.718140153755174593e-01 5.672792612473274154e-01
5.965774689532821196e-01 5.666765227675929495e-01
6.015301596688349406e-01 5.661363326206613200e-01
6.163882318154937368e-01 5.626313514988854347e-01
6.213409225310466688e-01 5.620934358367829509e-01
6.411516853932583970e-01 5.617238320520401285e-01
6.461043761088113291e-01 5.611836419051083880e-01
6.609624482554701252e-01 5.576307501388813037e-01
6.708678296865759894e-01 5.562800163073668980e-01
7.055366646954464027e-01 5.477253687077754396e-01
7.154420461265522668e-01 5.463255697584495918e-01
7.203947368421051989e-01 5.451304105225004415e-01
7.352528089887639950e-01 5.388871654176885517e-01
7.501108811354227912e-01 5.339469153583487060e-01
7.649689532820815874e-01 5.302723383758416453e-01
7.897324068598461366e-01 5.190764025554768235e-01
7.996377882909520007e-01 5.155851615592673687e-01
8.095431697220578648e-01 5.106809009513729736e-01
8.194485511531637290e-01 5.036086123368056500e-01
8.235757934161245242e-01 5.000369603784742267e-01
8.273640122074849002e-01 4.950842696629212947e-01
8.297192950141054624e-01 4.901315789473683626e-01
8.310423498736626557e-01 4.851788882318154306e-01
8.316085156712003101e-01 4.802261975162624985e-01
8.321679613999246605e-01 4.604154346540508258e-01
8.331922678888231681e-01 4.554627439384978937e-01
8.360831319260534356e-01 4.505100532229449617e-01
8.392593140153754572e-01 4.477003536823909724e-01
8.442120047309283892e-01 4.449382761679478993e-01
8.541173861620342533e-01 4.412948008259734989e-01
8.788808397397989136e-01 4.299279696755241575e-01
9.185023654642222590e-01 4.165313472482088941e-01
9.284077468953281231e-01 4.116270866403144435e-01
9.531712004730927834e-01 3.951902667483314646e-01
9.680292726197514686e-01 3.868768216186533881e-01
9.834056496087355548e-01 3.762196924896510364e-01
9.882527597082592097e-01 3.712670017740981043e-01
9.939896264537748660e-01 3.613616203429922402e-01
9.982646506171191092e-01 3.514562389118864316e-01
9.994338342024620125e-01 3.465035481963334996e-01
1.000000000000000000e+00 3.415508574807805675e-01
1.000000000000000000e+00 3.019293317563571666e-01
9.984136370889771239e-01 2.920239503252513025e-01
9.885301645160977646e-01 2.623078060319337101e-01
9.834726627600666182e-01 2.524024246008279015e-01
9.796023968428291262e-01 2.474497338852749695e-01
9.729819633353045116e-01 2.418337363774604176e-01
9.630765819041986475e-01 2.363474521979104792e-01
9.531712004730927834e-01 2.320724280345663471e-01
9.482185097575398514e-01 2.309032444492231106e-01
9.432658190419869193e-01 2.303370786516854563e-01
9.135496747486693270e-01 2.299674748669425783e-01
9.085969840331165059e-01 2.294295592048400945e-01
8.937389118864575988e-01 2.258755129652528226e-01
8.788808397397989136e-01 2.234331146217603536e-01
8.491646954464813213e-01 2.135522195616135765e-01
8.392593140153754572e-01 2.085799558587480007e-01
8.244012418687166610e-01 1.972595199374840846e-01
8.095431697220578648e-01 1.888576339021711958e-01
7.996377882909520007e-01 1.823261954412939700e-01
7.897324068598461366e-01 1.775928301634841500e-01
7.451581904198698592e-01 1.664432243786176935e-01
7.303001182732110630e-01 1.640008260351252245e-01
6.857259018332346745e-01 1.491672402594255153e-01
6.758205204021289214e-01 1.447226739601812917e-01
6.411516853932583970e-01 1.273882564557460850e-01
6.312463039621525329e-01 1.231132322924019529e-01
6.163882318154937368e-01 1.194386553098948922e-01
