6.804878048780487187e-01 1.097560975609755962e-01
3.682926829268292623e-01 1.097560975609755962e-01
3.634146341463414531e-01 1.146341463414634054e-01
3.341463414634145979e-01 1.146341463414634054e-01
3.292682926829267887e-01 1.195121951219512146e-01
2.951219512195122352e-01 1.195121951219512146e-01
2.902439024390244260e-01 1.243902439024390238e-01
2.658536585365853799e-01 1.243902439024390238e-01
2.609756097560975707e-01 1.292682926829268331e-01
2.414634146341463339e-01 1.292682926829268331e-01
2.365853658536585247e-01 1.341463414634146423e-01
2.268292682926829062e-01 1.341463414634146423e-01
2.219512195121950970e-01 1.390243902439024515e-01
2.121951219512195341e-01 1.390243902439024515e-01
2.073170731707317249e-01 1.439024390243902607e-01
1.780487804878048697e-01 1.439024390243902607e-01
1.731707317073170604e-01 1.487804878048780699e-01
1.536585365853658791e-01 1.487804878048780699e-01
1.487804878048780699e-01 1.536585365853658791e-01
1.195121951219512146e-01 1.536585365853658791e-01
1.048780487804877870e-01 1.634146341463414420e-01
9.512195121951216858e-02 1.634146341463414420e-01
9.024390243902441489e-02 1.682926829268292512e-01
7.560975609756098725e-02 1.682926829268292512e-01
5.609756097560975041e-02 1.780487804878048697e-01
3.658536585365851357e-02 1.975609756097561065e-01
3.170731707317070436e-02 1.975609756097561065e-01
1.951219512195123684e-02 2.097560975609756295e-01
0.000000000000000000e+00 2.487804878048780477e-01
0.000000000000000000e+00 3.073170731707317027e-01
4.878048780487809211e-03 3.170731707317073211e-01
9.756097560975618421e-03 3.219512195121951303e-01
9.756097560975618421e-03 3.268292682926829396e-01
1.463414634146342763e-02 3.317073170731706933e-01
1.463414634146342763e-02 3.365853658536585025e-01
4.634146341463413199e-02 3.682926829268292623e-01
5.121951219512194120e-02 3.682926829268292623e-01
5.609756097560975041e-02 3.731707317073170715e-01
6.097560975609755962e-02 3.731707317073170715e-01
6.585365853658536883e-02 3.780487804878048808e-01
7.073170731707317804e-02 3.780487804878048808e-01
9.999999999999997780e-02 4.073170731707317360e-01
1.048780487804877870e-01 4.073170731707317360e-01
1.195121951219512146e-01 4.219512195121951081e-01
1.243902439024390238e-01 4.219512195121951081e-01
1.390243902439024515e-01 4.365853658536585358e-01
1.439024390243902607e-01 4.365853658536585358e-01
1.536585365853658791e-01 4.463414634146341542e-01
1.585365853658536328e-01 4.463414634146341542e-01
1.634146341463414420e-01 4.512195121951219634e-01
1.780487804878048697e-01 4.512195121951219634e-01
1.902439024390243927e-01 4.585365853658536772e-01
1.902439024390243927e-01 4.634146341463414864e-01
1.951219512195122019e-01 4.682926829268292401e-01
1.951219512195122019e-01 4.731707317073170493e-01
2.170731707317073433e-01 4.951219512195121908e-01
2.219512195121950970e-01 4.951219512195121908e-01
2.268292682926829062e-01 5.000000000000000000e-01
2.317073170731707155e-01 5.000000000000000000e-01
2.365853658536585247e-01 5.048780487804878092e-01
2.414634146341463339e-01 5.048780487804878092e-01
2.463414634146341431e-01 5.097560975609756184e-01
2.512195121951219523e-01 5.097560975609756184e-01
2.560975609756097615e-01 5.146341463414634276e-01
2.609756097560975707e-01 5.146341463414634276e-01
2.658536585365853799e-01 5.195121951219512368e-01
2.756097560975609984e-01 5.195121951219512368e-01
2.804878048780488076e-01 5.243902439024390461e-01
2.902439024390244260e-01 5.243902439024390461e-01
2.951219512195122352e-01 5.292682926829268553e-01
3.048780487804877981e-01 5.292682926829268553e-01
3.097560975609756073e-01 5.341463414634146645e-01
3.195121951219512257e-01 5.341463414634146645e-01
3.243902439024390350e-01 5.390243902439024737e-01
3.341463414634145979e-01 5.390243902439024737e-01
3.390243902439024071e-01 5.439024390243902829e-01
3.536585365853658347e-01 5.439024390243902829e-01
3.585365853658536439e-01 5.487804878048780921e-01
4.365853658536585358e-01 5.487804878048780921e-01
4.439024390243902496e-01 5.560975609756098059e-01
4.439024390243902496e-01 5.756097560975609317e-01
4.487804878048780588e-01 5.804878048780487410e-01
4.487804878048780588e-01 5.902439024390243594e-01
4.536585365853658680e-01 5.951219512195121686e-01
4.536585365853658680e-01 6.146341463414634054e-01
4.585365853658536772e-01 6.195121951219512146e-01
4.585365853658536772e-01 6.341463414634146423e-01
4.634146341463414864e-01 6.390243902439024515e-01
4.634146341463414864e-01 6.975609756097560510e-01
4.487804878048780588e-01 7.073170731707316694e-01
4.487804878048780588e-01 7.121951219512194786e-01
4.365853658536585358e-01 7.243902439024390016e-01
4.219512195121951081e-01 7.243902439024390016e-01
4.170731707317072989e-01 7.292682926829268109e-01
3.634146341463414531e-01 7.292682926829268109e-01
3.560975609756097393e-01 7.365853658536585247e-01
3.560975609756097393e-01 7.414634146341463339e-01
3.634146341463414531e-01 7.487804878048780477e-01
3.682926829268292623e-01 7.487804878048780477e-01
3.731707317073170715e-01 7.536585365853658569e-01
3.878048780487804992e-01 7.536585365853658569e-01
3.926829268292683084e-01 7.585365853658536661e-01
4.121951219512195452e-01 7.585365853658536661e-01
4.170731707317072989e-01 7.634146341463414753e-01
4.560975609756097726e-01 7.634146341463414753e-01
4.634146341463414864e-01 7.707317073170731891e-01
4.634146341463414864e-01 8.390243902439025181e-01
4.585365853658536772e-01 8.439024390243902163e-01
4.585365853658536772e-01 8.487804878048780255e-01
4.536585365853658680e-01 8.536585365853658347e-01
4.536585365853658680e-01 8.682926829268292623e-01
4.585365853658536772e-01 8.731707317073170715e-01
4.585365853658536772e-01 8.780487804878048808e-01
4.658536585365853355e-01 8.853658536585365946e-01
4.707317073170731447e-01 8.853658536585365946e-01
4.756097560975609539e-01 8.902439024390244038e-01
4.951219512195121908e-01 8.902439024390244038e-01
5.073170731707317138e-01 8.829268292682926900e-01
5.073170731707317138e-01 8.780487804878048808e-01
5.121951219512195230e-01 8.731707317073170715e-01
5.121951219512195230e-01 8.634146341463414531e-01
5.170731707317073322e-01 8.585365853658536439e-01
5.170731707317073322e-01 8.487804878048780255e-01
5.219512195121951414e-01 8.439024390243902163e-01
5.219512195121951414e-01 8.292682926829268997e-01
5.268292682926829507e-01 8.243902439024390905e-01
5.268292682926829507e-01 7.853658536585366168e-01
5.317073170731707599e-01 7.804878048780488076e-01
5.317073170731707599e-01 7.756097560975609984e-01
5.439024390243902829e-01 7.634146341463414753e-01
5.975609756097560732e-01 7.634146341463414753e-01
6.024390243902438824e-01 7.585365853658536661e-01
6.317073170731707377e-01 7.585365853658536661e-01
6.390243902439024515e-01 7.512195121951219523e-01
6.390243902439024515e-01 7.414634146341463339e-01
6.317073170731707377e-01 7.341463414634146201e-01
6.268292682926829285e-01 7.341463414634146201e-01
6.219512195121951192e-01 7.292682926829268109e-01
6.170731707317073100e-01 7.292682926829268109e-01
6.121951219512195008e-01 7.243902439024390016e-01
6.073170731707316916e-01 7.243902439024390016e-01
6.024390243902438824e-01 7.195121951219511924e-01
5.878048780487804548e-01 7.195121951219511924e-01
5.829268292682926456e-01 7.146341463414633832e-01
5.731707317073170271e-01 7.146341463414633832e-01
5.682926829268293289e-01 7.097560975609755740e-01
5.634146341463415197e-01 7.097560975609755740e-01
5.585365853658537105e-01 7.048780487804877648e-01
5.536585365853659013e-01 7.048780487804877648e-01
5.439024390243902829e-01 6.951219512195121464e-01
5.390243902439024737e-01 6.951219512195121464e-01
5.317073170731707599e-01 6.878048780487804326e-01
5.317073170731707599e-01 6.536585365853658791e-01
5.365853658536585691e-01 6.487804878048780699e-01
5.365853658536585691e-01 5.951219512195121686e-01
5.414634146341463783e-01 5.902439024390243594e-01
5.414634146341463783e-01 5.463414634146341875e-01
5.439024390243902829e-01 5.439024390243902829e-01
6.073170731707316916e-01 5.439024390243902829e-01
6.121951219512195008e-01 5.390243902439024737e-01
6.317073170731707377e-01 5.390243902439024737e-01
6.365853658536585469e-01 5.341463414634146645e-01
6.707317073170732113e-01 5.341463414634146645e-01
6.756097560975609095e-01 5.292682926829268553e-01
6.804878048780487187e-01 5.292682926829268553e-01
6.853658536585365280e-01 5.243902439024390461e-01
6.902439024390243372e-01 5.243902439024390461e-01
6.951219512195121464e-01 5.195121951219512368e-01
7.097560975609755740e-01 5.195121951219512368e-01
7.146341463414633832e-01 5.146341463414634276e-01
7.390243902439024293e-01 5.146341463414634276e-01
7.439024390243902385e-01 5.097560975609756184e-01
7.682926829268292845e-01 5.097560975609756184e-01
7.731707317073170938e-01 5.048780487804878092e-01
7.878048780487805214e-01 5.048780487804878092e-01
8.000000000000000444e-01 4.926829268292682862e-01
8.000000000000000444e-01 4.731707317073170493e-01
8.048780487804878536e-01 4.682926829268292401e-01
8.048780487804878536e-01 4.585365853658536772e-01
8.170731707317073766e-01 4.560975609756097726e-01
8.219512195121951859e-01 4.512195121951219634e-01
8.268292682926829951e-01 4.512195121951219634e-01
8.317073170731708043e-01 4.463414634146341542e-01
8.365853658536586135e-01 4.463414634146341542e-01
8.463414634146341209e-01 4.365853658536585358e-01
8.512195121951219301e-01 4.365853658536585358e-01
8.609756097560975485e-01 4.268292682926829174e-01
8.658536585365853577e-01 4.268292682926829174e-01
8.707317073170731669e-01 4.219512195121951081e-01
8.756097560975609762e-01 4.219512195121951081e-01
8.902439024390244038e-01 4.073170731707317360e-01
8.951219512195122130e-01 4.073170731707317360e-01
9.048780487804878314e-01 3.975609756097561176e-01
9.097560975609755296e-01 3.975609756097561176e-01
9.146341463414633388e-01 3.926829268292683084e-01
9.243902439024389572e-01 3.926829268292683084e-01
9.292682926829267664e-01 3.878048780487804992e-01
9.341463414634145757e-01 3.878048780487804992e-01
9.439024390243901941e-01 3.780487804878048808e-01
9.487804878048780033e-01 3.780487804878048808e-01
9.682926829268292401e-01 3.585365853658536439e-01
9.731707317073170493e-01 3.585365853658536439e-01
9.804878048780487632e-01 3.512195121951219301e-01
9.804878048780487632e-01 3.463414634146341209e-01
9.853658536585365724e-01 3.414634146341463117e-01
9.853658536585365724e-01 3.365853658536585025e-01
9.902439024390243816e-01 3.317073170731706933e-01
9.902439024390243816e-01 3.268292682926829396e-01
9.951219512195121908e-01 3.219512195121951303e-01
9.951219512195121908e-01 3.170731707317073211e-01
1.000000000000000000e+00 3.121951219512195119e-01
1.000000000000000000e+00 2.878048780487805214e-01
9.878048780487804770e-01 2.658536585365853799e-01
9.829268292682926678e-01 2.658536585365853799e-01
9.731707317073170493e-01 2.560975609756097615e-01
9.682926829268292401e-01 2.560975609756097615e-01
9.634146341463414309e-01 2.512195121951219523e-01
9.585365853658536217e-01 2.512195121951219523e-01
9.536585365853658125e-01 2.463414634146341431e-01
9.439024390243901941e-01 2.463414634146341431e-01
9.390243902439023849e-01 2.414634146341463339e-01
9.341463414634145757e-01 2.414634146341463339e-01
9.243902439024389572e-01 2.317073170731707155e-01
9.195121951219511480e-01 2.317073170731707155e-01
9.097560975609755296e-01 2.170731707317073433e-01
9.048780487804878314e-01 2.170731707317073433e-01
8.902439024390244038e-01 2.024390243902439157e-01
8.853658536585365946e-01 2.024390243902439157e-01
8.804878048780487854e-01 1.975609756097561065e-01
8.756097560975609762e-01 1.975609756097561065e-01
8.560975609756097393e-01 1.780487804878048697e-01
8.512195121951219301e-01 1.780487804878048697e-01
8.463414634146341209e-01 1.731707317073170604e-01
8.414634146341464227e-01 1.731707317073170604e-01
8.365853658536586135e-01 1.682926829268292512e-01
8.317073170731708043e-01 1.682926829268292512e-01
8.219512195121951859e-01 1.585365853658536328e-01
8.170731707317073766e-01 1.585365853658536328e-01
8.121951219512195674e-01 1.536585365853658791e-01
8.073170731707317582e-01 1.536585365853658791e-01
8.024390243902439490e-01 1.487804878048780699e-01
7.975609756097561398e-01 1.487804878048780699e-01
7.926829268292683306e-01 1.439024390243902607e-01
7.878048780487805214e-01 1.439024390243902607e-01
7.829268292682927122e-01 1.390243902439024515e-01
7.780487804878049030e-01 1.390243902439024515e-01
7.731707317073170938e-01 1.341463414634146423e-01
7.682926829268292845e-01 1.341463414634146423e-01
7.634146341463414753e-01 1.292682926829268331e-01
7.585365853658536661e-01 1.292682926829268331e-01
7.536585365853658569e-01 1.243902439024390238e-01
7.439024390243902385e-01 1.243902439024390238e-01
7.390243902439024293e-01 1.195121951219512146e-01
7.292682926829268109e-01 1.195121951219512146e-01
7.243902439024390016e-01 1.146341463414634054e-01
6.853658536585365280e-01 1.146341463414634054e-01
