7.068965517241379004e-01 9.852216748768471977e-02
3.423645320197044040e-01 9.852216748768471977e-02
3.374384236453201735e-01 1.034482758620689502e-01
3.226600985221674822e-01 1.034482758620689502e-01
3.177339901477832518e-01 1.083743842364531806e-01
2.832512315270935832e-01 1.083743842364531806e-01
2.783251231527093528e-01 1.133004926108374111e-01
2.586206896551723755e-01 1.133004926108374111e-01
2.536945812807881451e-01 1.182266009852216970e-01
2.389162561576354538e-01 1.182266009852216970e-01
2.339901477832512233e-01 1.231527093596059275e-01
2.241379310344827624e-01 1.231527093596059275e-01
2.044334975369457852e-01 1.330049261083743883e-01
1.995073891625615548e-01 1.379310344827586188e-01
1.847290640394088634e-01 1.379310344827586188e-01
1.798029556650246330e-01 1.428571428571428492e-01
1.748768472906404026e-01 1.428571428571428492e-01
1.650246305418719417e-01 1.527093596059113101e-01
1.551724137931034253e-01 1.527093596059113101e-01
1.502463054187191949e-01 1.576354679802955405e-01
1.453201970443349644e-01 1.576354679802955405e-01
1.403940886699507340e-01 1.625615763546798265e-01
1.354679802955665036e-01 1.625615763546798265e-01
1.256157635467980427e-01 1.724137931034482873e-01
1.206896551724138122e-01 1.724137931034482873e-01
1.157635467980295818e-01 1.773399014778325178e-01
1.108374384236452959e-01 1.773399014778325178e-01
1.059113300492610654e-01 1.822660098522167482e-01
1.009852216748768350e-01 1.822660098522167482e-01
9.605911330049260455e-02 1.871921182266009787e-01
9.113300492610837411e-02 1.871921182266009787e-01
8.620689655172414367e-02 1.921182266009852091e-01
8.128078817733991324e-02 1.921182266009852091e-01
7.142857142857145236e-02 2.019704433497536700e-01
6.650246305418716641e-02 2.019704433497536700e-01
6.157635467980293598e-02 2.068965517241379559e-01
5.172413793103447510e-02 2.068965517241379559e-01
4.679802955665024466e-02 2.118226600985221864e-01
4.187192118226601423e-02 2.118226600985221864e-01
3.201970443349755335e-02 2.216748768472906472e-01
2.463054187192120770e-02 2.241379310344827624e-01
2.463054187192120770e-02 2.290640394088669929e-01
9.852216748768460874e-03 2.438423645320196842e-01
9.852216748768460874e-03 2.487684729064039146e-01
4.926108374384230437e-03 2.536945812807881451e-01
4.926108374384230437e-03 2.586206896551723755e-01
0.000000000000000000e+00 2.635467980295566615e-01
0.000000000000000000e+00 3.029556650246305605e-01
4.926108374384230437e-03 3.078817733990147909e-01
4.926108374384230437e-03 3.177339901477832518e-01
9.852216748768460874e-03 3.226600985221674822e-01
9.852216748768460874e-03 3.275862068965517127e-01
2.463054187192120770e-02 3.423645320197044040e-01
2.463054187192120770e-02 3.472906403940886344e-01
4.679802955665024466e-02 3.694581280788177269e-01
5.172413793103447510e-02 3.694581280788177269e-01
7.635467980295568280e-02 3.940886699507389346e-01
8.128078817733991324e-02 3.940886699507389346e-01
1.009852216748768350e-01 4.137931034482758563e-01
1.059113300492610654e-01 4.137931034482758563e-01
1.108374384236452959e-01 4.187192118226600868e-01
1.157635467980295818e-01 4.187192118226600868e-01
1.256157635467980427e-01 4.285714285714286031e-01
1.305418719211822731e-01 4.285714285714286031e-01
1.354679802955665036e-01 4.334975369458128336e-01
1.403940886699507340e-01 4.334975369458128336e-01
1.453201970443349644e-01 4.384236453201970640e-01
1.551724137931034253e-01 4.384236453201970640e-01
1.600985221674877113e-01 4.433497536945812945e-01
1.748768472906404026e-01 4.433497536945812945e-01
1.798029556650246330e-01 4.482758620689655249e-01
1.921182266009852091e-01 4.507389162561576401e-01
1.921182266009852091e-01 4.704433497536945619e-01
1.970443349753694395e-01 4.753694581280787923e-01
1.970443349753694395e-01 4.802955665024630783e-01
2.019704433497536700e-01 4.852216748768473087e-01
2.019704433497536700e-01 4.901477832512315391e-01
2.093596059113300711e-01 4.975369458128078848e-01
2.142857142857143016e-01 4.975369458128078848e-01
2.241379310344827624e-01 5.073891625615764012e-01
2.290640394088669929e-01 5.073891625615764012e-01
2.339901477832512233e-01 5.123152709359606316e-01
2.487684729064039146e-01 5.123152709359606316e-01
2.536945812807881451e-01 5.172413793103448620e-01
2.635467980295566615e-01 5.172413793103448620e-01
2.684729064039408919e-01 5.221674876847290925e-01
2.832512315270935832e-01 5.221674876847290925e-01
2.881773399014778692e-01 5.270935960591133229e-01
3.029556650246305605e-01 5.270935960591133229e-01
3.078817733990147909e-01 5.320197044334975534e-01
3.226600985221674822e-01 5.320197044334975534e-01
3.275862068965517127e-01 5.369458128078817838e-01
3.423645320197044040e-01 5.369458128078817838e-01
3.472906403940886344e-01 5.418719211822660142e-01
3.768472906403940725e-01 5.418719211822660142e-01
3.817733990147783585e-01 5.467980295566502447e-01
4.113300492610837411e-01 5.467980295566502447e-01
4.187192118226600868e-01 5.591133004926108763e-01
4.187192118226600868e-01 5.689655172413793371e-01
4.236453201970443172e-01 5.738916256157635676e-01
4.236453201970443172e-01 5.788177339901477980e-01
4.334975369458128336e-01 5.886699507389162589e-01
4.334975369458128336e-01 5.935960591133004893e-01
4.433497536945812945e-01 6.034482758620689502e-01
4.433497536945812945e-01 6.133004926108374111e-01
4.482758620689655249e-01 6.182266009852216415e-01
4.482758620689655249e-01 6.330049261083743328e-01
4.532019704433497553e-01 6.379310344827586743e-01
4.532019704433497553e-01 7.216748768472907027e-01
4.507389162561576401e-01 7.241379310344827624e-01
3.571428571428571508e-01 7.241379310344827624e-01
3.546798029556650356e-01 7.413793103448276245e-01
3.669950738916256117e-01 7.536945812807882561e-01
3.719211822660098421e-01 7.536945812807882561e-01
3.768472906403940725e-01 7.586206896551723755e-01
3.866995073891625889e-01 7.586206896551723755e-01
3.916256157635468194e-01 7.635467980295567170e-01
4.014778325123152802e-01 7.635467980295567170e-01
4.064039408866995107e-01 7.684729064039408364e-01
4.310344827586206629e-01 7.684729064039408364e-01
4.359605911330048933e-01 7.733990147783251778e-01
4.605911330049261010e-01 7.733990147783251778e-01
4.630541871921182162e-01 7.758620689655172376e-01
4.630541871921182162e-01 8.891625615763547597e-01
4.753694581280787923e-01 9.014778325123152802e-01
4.876847290640394239e-01 8.940886699507388791e-01
4.876847290640394239e-01 8.891625615763547597e-01
4.926108374384236543e-01 8.842364532019704182e-01
4.926108374384236543e-01 8.743842364532019573e-01
4.975369458128078848e-01 8.694581280788177269e-01
4.975369458128078848e-01 8.596059113300492660e-01
5.073891625615764012e-01 8.497536945812808051e-01
5.073891625615764012e-01 8.448275862068965747e-01
5.123152709359606316e-01 8.399014778325122332e-01
5.123152709359606316e-01 8.300492610837437724e-01
5.172413793103448620e-01 8.251231527093596529e-01
5.172413793103448620e-01 8.201970443349753115e-01
5.221674876847290925e-01 8.152709359605911921e-01
5.221674876847290925e-01 8.054187192118227312e-01
5.270935960591133229e-01 8.004926108374383897e-01
5.270935960591133229e-01 7.906403940886699289e-01
5.320197044334975534e-01 7.857142857142856984e-01
5.344827586206896131e-01 7.684729064039408364e-01
5.591133004926108763e-01 7.684729064039408364e-01
5.640394088669951067e-01 7.635467980295567170e-01
6.379310344827586743e-01 7.635467980295567170e-01
6.502463054187191949e-01 7.512315270935960854e-01
6.428571428571427937e-01 7.389162561576354538e-01
6.379310344827586743e-01 7.389162561576354538e-01
6.330049261083743328e-01 7.339901477832512233e-01
6.280788177339902134e-01 7.339901477832512233e-01
6.133004926108374111e-01 7.192118226600985320e-01
6.083743842364531806e-01 7.192118226600985320e-01
6.034482758620689502e-01 7.142857142857143016e-01
5.935960591133004893e-01 7.142857142857143016e-01
5.886699507389162589e-01 7.093596059113300711e-01
5.689655172413793371e-01 7.093596059113300711e-01
5.640394088669951067e-01 7.044334975369458407e-01
5.443349753694581850e-01 7.044334975369458407e-01
5.320197044334975534e-01 6.970443349753694395e-01
5.320197044334975534e-01 6.280788177339902134e-01
5.369458128078817838e-01 6.231527093596058720e-01
5.369458128078817838e-01 6.034482758620689502e-01
5.418719211822660142e-01 5.985221674876847198e-01
5.418719211822660142e-01 5.886699507389162589e-01
5.467980295566502447e-01 5.837438423645320285e-01
5.467980295566502447e-01 5.788177339901477980e-01
5.541871921182266458e-01 5.714285714285713969e-01
5.788177339901477980e-01 5.714285714285713969e-01
5.837438423645320285e-01 5.665024630541871664e-01
5.985221674876847198e-01 5.665024630541871664e-01
6.034482758620689502e-01 5.615763546798029360e-01
6.133004926108374111e-01 5.615763546798029360e-01
6.182266009852216415e-01 5.566502463054187055e-01
6.280788177339902134e-01 5.566502463054187055e-01
6.330049261083743328e-01 5.517241379310344751e-01
6.477832512315271352e-01 5.517241379310344751e-01
6.527093596059113656e-01 5.467980295566502447e-01
6.724137931034482873e-01 5.467980295566502447e-01
6.773399014778325178e-01 5.418719211822660142e-01
6.921182266009852091e-01 5.418719211822660142e-01
6.970443349753694395e-01 5.369458128078817838e-01
7.118226600985221308e-01 5.369458128078817838e-01
7.167487684729063613e-01 5.320197044334975534e-01
7.266009852216748222e-01 5.320197044334975534e-01
7.315270935960591636e-01 5.270935960591133229e-01
7.413793103448276245e-01 5.270935960591133229e-01
7.463054187192118549e-01 5.221674876847290925e-01
7.709359605911330071e-01 5.221674876847290925e-01
7.758620689655172376e-01 5.172413793103448620e-01
8.004926108374383897e-01 5.172413793103448620e-01
8.128078817733990213e-01 5.049261083743842304e-01
8.128078817733990213e-01 4.655172413793103314e-01
8.349753694581281138e-01 4.630541871921182162e-01
8.399014778325122332e-01 4.581280788177339858e-01
8.448275862068965747e-01 4.581280788177339858e-01
8.497536945812808051e-01 4.532019704433497553e-01
8.546798029556650356e-01 4.532019704433497553e-01
8.596059113300492660e-01 4.482758620689655249e-01
8.645320197044334964e-01 4.482758620689655249e-01
8.694581280788177269e-01 4.433497536945812945e-01
8.743842364532019573e-01 4.433497536945812945e-01
9.384236453201970640e-01 3.793103448275861878e-01
9.433497536945812945e-01 3.793103448275861878e-01
9.532019704433497553e-01 3.694581280788177269e-01
9.581280788177339858e-01 3.694581280788177269e-01
9.729064039408866771e-01 3.546798029556650356e-01
9.827586206896552490e-01 3.546798029556650356e-01
9.950738916256157696e-01 3.472906403940886344e-01
9.950738916256157696e-01 3.423645320197044040e-01
1.000000000000000000e+00 3.374384236453201735e-01
1.000000000000000000e+00 2.733990147783251223e-01
9.950738916256157696e-01 2.684729064039408919e-01
9.950738916256157696e-01 2.586206896551723755e-01
9.901477832512315391e-01 2.536945812807881451e-01
9.901477832512315391e-01 2.487684729064039146e-01
9.802955665024630783e-01 2.389162561576354538e-01
9.802955665024630783e-01 2.339901477832512233e-01
9.729064039408866771e-01 2.266009852216748777e-01
9.679802955665024466e-01 2.266009852216748777e-01
9.532019704433497553e-01 2.118226600985221864e-01
9.482758620689655249e-01 2.118226600985221864e-01
9.433497536945812945e-01 2.068965517241379559e-01
9.384236453201970640e-01 2.068965517241379559e-01
9.334975369458128336e-01 2.019704433497536700e-01
9.285714285714286031e-01 2.019704433497536700e-01
9.187192118226601423e-01 1.921182266009852091e-01
9.137931034482758008e-01 1.921182266009852091e-01
9.039408866995073399e-01 1.822660098522167482e-01
8.990147783251232205e-01 1.822660098522167482e-01
8.940886699507388791e-01 1.773399014778325178e-01
8.891625615763547597e-01 1.773399014778325178e-01
8.793103448275861878e-01 1.674876847290640569e-01
8.743842364532019573e-01 1.674876847290640569e-01
8.694581280788177269e-01 1.625615763546798265e-01
8.645320197044334964e-01 1.625615763546798265e-01
8.596059113300492660e-01 1.576354679802955405e-01
8.546798029556650356e-01 1.576354679802955405e-01
8.497536945812808051e-01 1.527093596059113101e-01
8.448275862068965747e-01 1.527093596059113101e-01
8.300492610837437724e-01 1.379310344827586188e-01
8.251231527093596529e-01 1.379310344827586188e-01
8.201970443349753115e-01 1.330049261083743883e-01
8.152709359605911921e-01 1.330049261083743883e-01
8.103448275862068506e-01 1.280788177339901579e-01
8.004926108374383897e-01 1.280788177339901579e-01
7.955665024630542703e-01 1.231527093596059275e-01
7.906403940886699289e-01 1.231527093596059275e-01
7.857142857142856984e-01 1.182266009852216970e-01
7.807881773399014680e-01 1.182266009852216970e-01
7.758620689655172376e-01 1.133004926108374111e-01
7.610837438423645462e-01 1.133004926108374111e-01
7.561576354679803158e-01 1.083743842364531806e-01
7.315270935960591636e-01 1.083743842364531806e-01
7.266009852216748222e-01 1.034482758620689502e-01
7.118226600985221308e-01 1.034482758620689502e-01
