7.021708186318721401e-01 1.195325056019175824e-01
6.973268921476714066e-01 1.190041783734456793e-01
6.295119213688624704e-01 1.190041783734456793e-01
6.246679948846618480e-01 1.195325056019175824e-01
6.101362154320598696e-01 1.229605151138133956e-01
6.052922889478592472e-01 1.234866178065864850e-01
5.520090976216520673e-01 1.238481048576463017e-01
5.471651711374514448e-01 1.243764320861182604e-01
5.326333916848495775e-01 1.278044415980140180e-01
5.277894652006488441e-01 1.283305442907871075e-01
4.793502003586424531e-01 1.286920313418469797e-01
4.745062738744417752e-01 1.292203585703188828e-01
4.599744944218398524e-01 1.326952265785070750e-01
4.502866414534385520e-01 1.340642850545195053e-01
4.454427149692379295e-01 1.352331978351362096e-01
4.309109355166360067e-01 1.411709141706079529e-01
4.260670090324353287e-01 1.423362210506159964e-01
4.163791560640340839e-01 1.437041504062358532e-01
3.824716706746295602e-01 1.520240740190172413e-01
3.776277441904288823e-01 1.525501767117903307e-01
3.340324058326230583e-01 1.529116637628502029e-01
3.243445528642218134e-01 1.544631891375574106e-01
3.049688469274192126e-01 1.607028758004492297e-01
2.710613615380147445e-01 1.689844275315020017e-01
2.516856556012121438e-01 1.752228740698458243e-01
2.323099496644095430e-01 1.786828215585606339e-01
2.129342437276069977e-01 1.849225082214524529e-01
1.693389053698011737e-01 1.956662708731154998e-01
1.548071259171992509e-01 1.969873417324429776e-01
1.402753464645973280e-01 2.005101973573161223e-01
1.305874934961960276e-01 2.018792558333285525e-01
1.257435670119953497e-01 2.030481686139452568e-01
1.112117875593934269e-01 2.091543080939627930e-01
7.246037568578828081e-02 2.222567321905710713e-01
6.277252271738698042e-02 2.266050164703090619e-01
5.308466974898568003e-02 2.318843196801729789e-01
4.339681678058437964e-02 2.382852225342953489e-01
1.917718435958115641e-02 2.512600256169755797e-01
9.489331391179911535e-03 2.582163857272518626e-01
5.560368798439352389e-03 2.616831174267287841e-01
2.007194946834212068e-03 2.665270439109294065e-01
2.530308916447454592e-04 2.713709703951300845e-01
-1.110223024625156540e-16 2.762148968793307624e-01
2.968661123986748862e-03 2.955906028161333077e-01
4.208657437092311326e-03 3.004345293003339856e-01
8.840591237045891670e-03 3.101223822687352305e-01
2.002935661143129265e-02 3.246541617213372088e-01
2.325864093423174461e-02 3.294980882055378313e-01
4.154472724250773963e-02 3.537177206265410545e-01
4.824074326478505759e-02 3.604137366488183725e-01
5.864417628198870247e-02 3.682495000791429773e-01
6.277252271738698042e-02 3.723778465145411998e-01
8.508253027442647110e-02 4.021569854685475010e-01
1.015239345909921265e-01 4.190118725207150896e-01
1.063678610751928044e-01 4.234423162693138343e-01
1.112117875593934269e-01 4.270253580436847995e-01
1.257435670119953497e-01 4.352427333293822365e-01
1.354314199803966501e-01 4.416307372564632350e-01
1.451192729487979505e-01 4.464272971889058361e-01
1.548071259171992509e-01 4.498418683171128141e-01
1.693389053698011737e-01 4.561151501573071365e-01
1.790267583382024741e-01 4.595297212855141145e-01
1.838706848224030965e-01 4.618029615833232904e-01
1.891088843925270435e-01 4.651280297631558702e-01
1.934160693647984930e-01 4.699719562473565482e-01
2.003486847374070789e-01 4.845037356999584710e-01
2.040537118399058381e-01 4.893476621841590934e-01
2.080903172434063197e-01 4.928408783987268671e-01
2.177781702118076201e-01 4.997707539939122978e-01
2.371538761486102209e-01 5.098939836879768928e-01
2.468417291170114658e-01 5.140751256075382081e-01
2.516856556012121438e-01 5.152440383881548014e-01
2.613735085696133886e-01 5.166599553604597217e-01
2.662174350538140666e-01 5.178252622404677652e-01
2.807492145064159894e-01 5.237629785759394530e-01
2.855931409906166119e-01 5.249318913565561573e-01
3.001249204432185902e-01 5.263478083288609666e-01
3.049688469274192126e-01 5.273686406990356623e-01
3.243445528642218134e-01 5.336070872373794849e-01
3.776277441904288823e-01 5.467325654526328238e-01
4.212230825482347063e-01 5.612521774537276853e-01
4.309109355166360067e-01 5.655991382562842729e-01
4.405987884850373071e-01 5.705669467683854856e-01
4.454427149692379295e-01 5.736414809043174357e-01
4.485861140706873251e-01 5.765383388997706859e-01
4.513765249123836698e-01 5.813822653839713084e-01
4.523783369807070631e-01 5.862261918681720418e-01
4.534538241546467452e-01 6.007579713207739092e-01
4.569286921628349374e-01 6.152897507733758875e-01
4.593209487850826722e-01 6.298215302259777548e-01
4.655488542647691630e-01 6.491972361627803556e-01
4.670957893277168926e-01 6.588850891311817115e-01
4.670957893277168926e-01 6.976365010047868020e-01
4.665431523057179675e-01 7.024804274889875355e-01
4.653345770068159082e-01 7.073243539731881580e-01
4.607097332631917563e-01 7.170122069415894028e-01
4.570776364263865466e-01 7.218561334257900253e-01
4.502866414534385520e-01 7.284822592768191996e-01
4.454427149692379295e-01 7.315857443811241145e-01
4.405987884850373071e-01 7.333226156501088111e-01
4.212230825482347063e-01 7.381391786072952765e-01
4.163791560640340839e-01 7.386652813000684770e-01
3.824716706746295602e-01 7.392135366608423297e-01
3.776277441904288823e-01 7.402876842004179059e-01
3.727838177062282599e-01 7.437143516857455117e-01
3.710664255891026331e-01 7.460757658467932485e-01
3.699513522197041548e-01 7.509196923309939820e-01
3.708375972438261448e-01 7.557636188151946044e-01
3.740792864171190724e-01 7.606075452993952268e-01
3.776277441904288823e-01 7.634331690818455529e-01
3.824716706746295602e-01 7.658088106225942049e-01
3.873155971588301827e-01 7.671028103577551827e-01
3.921595236430308606e-01 7.676565427950603482e-01
4.648184209060405303e-01 7.682037027405279606e-01
4.696623473902411527e-01 7.692055148088514649e-01
4.745062738744417752e-01 7.720328936371292361e-01
4.772542706299017223e-01 7.751393247519970942e-01
4.797869478285294309e-01 7.799832512361977166e-01
4.810749317583198903e-01 7.848271777203984501e-01
4.816275687803188155e-01 7.896711042045990725e-01
4.816275687803188155e-01 8.332664425624048965e-01
4.811014660875457261e-01 8.381103690466055189e-01
4.776988617844831198e-01 8.526421484992074973e-01
4.773620215778137665e-01 8.574860749834081197e-01
4.777479785215607566e-01 8.623300014676087422e-01
4.789928615196439865e-01 8.671739279518093646e-01
4.813318066476335866e-01 8.720178544360099870e-01
4.841941268428430756e-01 8.757661308821176327e-01
4.890380533270437535e-01 8.794134921931378024e-01
4.938819798112443760e-01 8.809958216265543207e-01
4.987259062954449984e-01 8.806244738141879580e-01
5.035698327796456208e-01 8.779758840115767793e-01
5.082792057503963123e-01 8.720178544360099870e-01
5.101167021684480662e-01 8.671739279518093646e-01
5.125154712061129603e-01 8.574860749834081197e-01
5.187656989276621111e-01 8.381103690466055189e-01
5.246222824994407619e-01 8.138907366256022957e-01
5.251506097279126095e-01 8.090468101414016733e-01
5.256977696733804439e-01 7.896711042045990725e-01
5.266995817417037262e-01 7.848271777203984501e-01
5.295269605699817195e-01 7.799832512361977166e-01
5.326333916848495775e-01 7.772352544807378250e-01
5.374773181690502000e-01 7.747025772821102274e-01
5.423212446532508224e-01 7.734145933523196570e-01
5.471651711374514448e-01 7.728619563303207318e-01
5.616969505900534232e-01 7.725004692792609706e-01
5.665408770742540456e-01 7.719721420507890119e-01
5.810726565268560240e-01 7.685441325388931988e-01
5.859165830110566464e-01 7.680180298461201094e-01
6.004483624636585137e-01 7.676565427950603482e-01
6.052922889478592472e-01 7.671282155665883895e-01
6.198240684004611145e-01 7.637002060546925764e-01
6.246679948846618480e-01 7.631741033619194869e-01
6.440437008214643377e-01 7.627403189006477513e-01
6.488876273056649602e-01 7.620834291500501179e-01
6.537315537898656936e-01 7.602615505505236904e-01
6.587207980685922948e-01 7.557636188151946044e-01
6.602048010005702183e-01 7.509196923309939820e-01
6.588129276507428411e-01 7.460757658467932485e-01
6.537315537898656936e-01 7.413832120652239510e-01
6.488876273056649602e-01 7.390481020131579593e-01
6.391997743372637153e-01 7.358019540294967742e-01
6.343558478530630929e-01 7.347111690953994634e-01
6.198240684004611145e-01 7.333421106193870331e-01
6.052922889478592472e-01 7.298672426111988409e-01
5.859165830110566464e-01 7.284513256388940317e-01
5.713848035584546681e-01 7.249753285103132106e-01
5.616969505900534232e-01 7.236073991546934092e-01
5.568530241058528008e-01 7.224420922746852547e-01
5.471651711374514448e-01 7.182635546166745710e-01
5.370920058350796555e-01 7.121682804573887804e-01
5.329594251982091579e-01 7.073243539731881580e-01
5.310818214828789685e-01 7.024804274889875355e-01
5.304283206733850786e-01 6.976365010047868020e-01
5.303560232631731042e-01 6.540411626469810891e-01
5.308821259559461936e-01 6.491972361627803556e-01
5.343101354678420067e-01 6.346654567101784883e-01
5.348384626963139654e-01 6.298215302259777548e-01
5.350909720334513509e-01 5.716944124155700635e-01
5.354279646565036632e-01 5.668504859313694411e-01
5.366004004434620223e-01 5.620065594471688186e-01
5.402020268164130501e-01 5.571626329629680852e-01
5.423212446532508224e-01 5.556213836270861295e-01
5.471651711374514448e-01 5.533278578296426664e-01
5.520090976216520673e-01 5.516546197833529508e-01
5.616969505900534232e-01 5.500413380570911004e-01
5.810726565268560240e-01 5.496798510060312282e-01
5.859165830110566464e-01 5.491515237775593805e-01
6.004483624636585137e-01 5.456766557693710773e-01
6.149801419162604921e-01 5.443555849100436550e-01
6.295119213688624704e-01 5.408327292851704549e-01
6.391997743372637153e-01 5.395116584258430326e-01
6.537315537898656936e-01 5.359888028009698324e-01
6.682633332424675610e-01 5.346677319416424101e-01
6.827951126950695393e-01 5.311448763167692100e-01
6.924829656634707842e-01 5.298238054574416767e-01
7.263904510528753633e-01 5.215038818446603441e-01
7.312343775370759857e-01 5.209777791518872547e-01
7.651418629264805649e-01 5.206162921008273825e-01
7.699857894106811873e-01 5.200879648723554238e-01
7.845175688632830546e-01 5.166130968641672316e-01
7.942054218316842995e-01 5.151188648071328702e-01
7.990493483158849219e-01 5.134351875192295633e-01
8.038932748000856554e-01 5.101281068013798770e-01
8.086050941983535800e-01 5.038794416367610163e-01
8.102649011754572417e-01 4.990355151525603938e-01
8.108699748855388023e-01 4.941915886683597714e-01
8.113037593468105380e-01 4.796598092157577931e-01
8.118298620395836274e-01 4.748158827315571706e-01
8.176946208939589456e-01 4.505962503105539474e-01
8.216118479922933648e-01 4.409083973421526470e-01
8.232689807368882562e-01 4.384864341000523358e-01
8.256909439789885674e-01 4.360644708579520246e-01
8.281129072210888786e-01 4.344073381133570777e-01
8.378007601894901235e-01 4.303220741387786541e-01
8.523325396420921019e-01 4.256344033476167077e-01
8.668643190946940802e-01 4.220405224077258821e-01
8.765521720630953251e-01 4.178593804881646223e-01
9.007718044840985483e-01 4.062465299593070456e-01
9.104596574524999042e-01 4.028319588311000676e-01
9.201475104209011491e-01 3.979617991384809539e-01
9.443671428419043723e-01 3.795684711493669816e-01
9.492110693261049947e-01 3.740976552247023412e-01
9.534495049997805394e-01 3.682495000791429773e-01
9.726984803018219328e-01 3.488737941423404321e-01
9.788801190418339182e-01 3.440298676581397541e-01
9.831185547155094628e-01 3.397914319844641540e-01
9.945886070507393706e-01 3.246541617213372088e-01
9.975205861372846705e-01 3.198102352371365309e-01
9.991780340592824050e-01 3.149663087529358529e-01
1.000000000000000000e+00 3.052784557845346081e-01
9.998554051795760511e-01 2.762148968793307624e-01
9.993016727422705525e-01 2.713709703951300845e-01
9.980870816379985300e-01 2.665270439109294065e-01
9.934551478380446721e-01 2.568391909425281616e-01
9.898145707377867808e-01 2.519952644583275392e-01
9.831185547155094628e-01 2.452992484360501657e-01
9.588989222945063506e-01 2.270131621277741152e-01
9.540549958103056172e-01 2.237838778049737187e-01
9.395232163577036388e-01 2.124952457644367909e-01
9.249914369051017715e-01 2.028207607749691332e-01
9.153035839367005266e-01 1.975216166232913739e-01
8.813960985472959475e-01 1.806089241530315914e-01
8.717082455788947026e-01 1.753141782396869797e-01
8.620203926104934578e-01 1.689132753855646096e-01
8.329568337052895011e-01 1.539461192072993923e-01
8.232689807368882562e-01 1.495978349275614017e-01
8.135811277684870113e-01 1.461832637993544237e-01
7.893614953474836771e-01 1.345704132704968470e-01
7.796736423790824322e-01 1.303892713509355872e-01
7.748297158948818097e-01 1.292203585703188828e-01
7.602979364422798314e-01 1.278513000943064526e-01
7.457661569896778531e-01 1.243764320861182604e-01
7.409222305054772306e-01 1.238481048576463017e-01
7.215465245686747409e-01 1.234866178065864850e-01
7.167025980844740074e-01 1.229605151138133956e-01
