6.725772734060027069e-01 1.105202099677238814e-01
6.675750335971329941e-01 1.099746154994774572e-01
5.925414364640884113e-01 1.099746154994774572e-01
5.875391966552186984e-01 1.105202099677238814e-01
5.725324772286097819e-01 1.140602566016931108e-01
5.675302374197401800e-01 1.146035538300732015e-01
5.125055995221741156e-01 1.149768553083471145e-01
5.075033597133045138e-01 1.155224497765934832e-01
4.924966402866955417e-01 1.191108863760798053e-01
4.824921606689562270e-01 1.204751335966806614e-01
4.674854412423473105e-01 1.241131261849494627e-01
4.524787218157383939e-01 1.254773734055503187e-01
4.374720023891294773e-01 1.290669760283020273e-01
4.324697625802598200e-01 1.296102732566821181e-01
4.174630431536509034e-01 1.299835747349560311e-01
4.124608033447812461e-01 1.305291692032024553e-01
3.974540839181723295e-01 1.340692158371716847e-01
3.924518441093026722e-01 1.346125130655517199e-01
3.724428848738241538e-01 1.349858145438256884e-01
3.674406450649544409e-01 1.355314090120720572e-01
3.524339256383455243e-01 1.391198456115583793e-01
3.424294460206062651e-01 1.404840928321592353e-01
3.174182469762580894e-01 1.465816422374969230e-01
2.824025683141705434e-01 1.580383850255531186e-01
2.173734507988652198e-01 1.741355242736458697e-01
2.073689711811259051e-01 1.754997714942467257e-01
2.023667313722563033e-01 1.766059666612153078e-01
1.823577721367777293e-01 1.830374178440477007e-01
1.773555323279080720e-01 1.841400038913851844e-01
1.673510527101688128e-01 1.855042511119859849e-01
1.523443332835598407e-01 1.891422437002547863e-01
1.423398536658205815e-01 1.905064909208556423e-01
1.373376138569509242e-01 1.916126860878242799e-01
1.173286546214723503e-01 1.980563034965102664e-01
1.023219351948634337e-01 2.016062801350629874e-01
8.731521576825451714e-02 2.065972774694810887e-01
7.230849634164560058e-02 2.130755880416237980e-01
6.230401672390628587e-02 2.166017570872204034e-01
5.229953710616702667e-02 2.210921556916031760e-01
3.229057787068845276e-02 2.316355670982742643e-01
2.728833806181879540e-02 2.353357128909615015e-01
7.279378826340221487e-03 2.532295130327740784e-01
4.286967512105666067e-03 2.573167089741675850e-01
1.908121326652356675e-03 2.623189487830371869e-01
5.718299917195635018e-04 2.673211885919068442e-01
5.551115123125782702e-17 2.723234284007765016e-01
5.551115123125782702e-17 2.823279080185157608e-01
5.455944682465352358e-04 2.873301478273854181e-01
6.754950459281316988e-03 3.123413468717336494e-01
1.107274401473307135e-02 3.223458264894729086e-01
2.161615542140410406e-02 3.423547857249514825e-01
2.531630121409134127e-02 3.473570255338210844e-01
2.989154449296521632e-02 3.523592653426907972e-01
5.229953710616702667e-02 3.747672579558925521e-01
5.730177691503668402e-02 3.793425012347664271e-01
6.230401672390628587e-02 3.831457776209157284e-01
9.231745557712417449e-02 4.031409319738049613e-01
1.023219351948634337e-01 4.086132672610807703e-01
1.223308944303420076e-01 4.185972574784729838e-01
1.323353740480812668e-01 4.230876560828558119e-01
1.623488129012991554e-01 4.330808932261435706e-01
1.723532925190384146e-01 4.355605821636553410e-01
1.773555323279080720e-01 4.374428170008279881e-01
1.823577721367777293e-01 4.408488875615947378e-01
1.839084664775273437e-01 4.423995819023442966e-01
1.874916498353544347e-01 4.474018217112139539e-01
1.897401099192224105e-01 4.524040615200836113e-01
1.931287239832954472e-01 4.624085411378228705e-01
1.968400631963276859e-01 4.774152605644318426e-01
2.016207833305826980e-01 4.874197401821711018e-01
2.142356821914833676e-01 5.074286994176496757e-01
2.173734507988652198e-01 5.114421243805798989e-01
2.223756906077348772e-01 5.155687078339011853e-01
2.273779304166044790e-01 5.185777593306387656e-01
2.373824100343437937e-01 5.236442934647355107e-01
2.473868896520830529e-01 5.281346920691182278e-01
2.623936090786920250e-01 5.331256894035364402e-01
3.274227265939973486e-01 5.491781624378309079e-01
3.324249664028670059e-01 5.497237569060772211e-01
3.474316858294759225e-01 5.500970583843511896e-01
3.524339256383455243e-01 5.506403556127312804e-01
3.674406450649544409e-01 5.541804022467005097e-01
3.724428848738241538e-01 5.547259967149469340e-01
4.124608033447812461e-01 5.549867587769764521e-01
4.174630431536509034e-01 5.553347652795165290e-01
4.224652829625205608e-01 5.566173908715345009e-01
4.238629676149988645e-01 5.574510975063461382e-01
4.274675227713902181e-01 5.610556526627374918e-01
4.283012294062017444e-01 5.624533373152157401e-01
4.295838549982197163e-01 5.674555771240853419e-01
4.299318615007597932e-01 5.724578169329550548e-01
4.299318615007597932e-01 7.125205315813050166e-01
4.295838549982197163e-01 7.175227713901746185e-01
4.283012294062017444e-01 7.225250111990443314e-01
4.274675227713902181e-01 7.239226958515225796e-01
4.238629676149988645e-01 7.275272510079139332e-01
4.224652829625205608e-01 7.283609576427255705e-01
4.174630431536509034e-01 7.296435832347434314e-01
4.074585635359115887e-01 7.307483902787769159e-01
3.624384052560848390e-01 7.421588024488576796e-01
3.574361654472151817e-01 7.449850679408689391e-01
3.547221842743178422e-01 7.475362102433924516e-01
3.524811165799386914e-01 7.525384500522621645e-01
3.531160492486459246e-01 7.575406898611317663e-01
3.560139600113600977e-01 7.625429296700014792e-01
3.624384052560848390e-01 7.681363432744647834e-01
3.674406450649544409e-01 7.711243583076312635e-01
3.824473644915634130e-01 7.787585237170870922e-01
3.924518441093026722e-01 7.830763172725390131e-01
3.974540839181723295e-01 7.842571979312310537e-01
4.024563237270419869e-01 7.848290279229505062e-01
4.374720023891294773e-01 7.850897899849800243e-01
4.424742421979991347e-01 7.854377964875202123e-01
4.474764820068687365e-01 7.867204220795380731e-01
4.488741666593470403e-01 7.875541287143497104e-01
4.524787218157383939e-01 7.911586838707409530e-01
4.533124284505499757e-01 7.925563685232193123e-01
4.545950540425679476e-01 7.975586083320889141e-01
4.549430605451080245e-01 8.025608481409585160e-01
4.552784829027922142e-01 8.675899656562638951e-01
4.559033321464261435e-01 8.725922054651336079e-01
4.576173863466681535e-01 8.775944452740032098e-01
4.610325518889055174e-01 8.825966850828728116e-01
4.624832014334776531e-01 8.840473346274451139e-01
4.674854412423473105e-01 8.874625001696823112e-01
4.724876810512169678e-01 8.891765543699243768e-01
4.824921606689562270e-01 8.900253845005225983e-01
5.025011199044348009e-01 8.898760639092130331e-01
5.075033597133045138e-01 8.893042339174934696e-01
5.125055995221741156e-01 8.879679425825607320e-01
5.175078393310437175e-01 8.855525540608413237e-01
5.225100791399134303e-01 8.814915390785876825e-01
5.255024904541478747e-01 8.775944452740032098e-01
5.281375989248917602e-01 8.725922054651336079e-01
5.332003496991911673e-01 8.575854860385245804e-01
5.392483431157464313e-01 8.325742869941763491e-01
5.397939375839927445e-01 8.275720471853067473e-01
5.400546996460223736e-01 7.875541287143497104e-01
5.404027061485624506e-01 7.825518889054799976e-01
5.416853317405804225e-01 7.775496490966102847e-01
5.425190383753919487e-01 7.761519644441321475e-01
5.461235935317833023e-01 7.725474092877406829e-01
5.475212781842615506e-01 7.717137026529290456e-01
5.525235179931312635e-01 7.704310770609112957e-01
5.575257578020008653e-01 7.700830705583709967e-01
6.425638345527848738e-01 7.699716290876510438e-01
6.525683141705240775e-01 7.691227989570530443e-01
6.575705539793936794e-01 7.674035966540917464e-01
6.625727937882633922e-01 7.637668819636610484e-01
6.637233089443033140e-01 7.625429296700014792e-01
6.664780511829072607e-01 7.575406898611317663e-01
6.669497536210242661e-01 7.525384500522621645e-01
6.656991936688069211e-01 7.475362102433924516e-01
6.631534109089356477e-01 7.425339704345228498e-01
6.592549816701356313e-01 7.375317306256532479e-01
6.536053638869970817e-01 7.325294908167835350e-01
6.425638345527848738e-01 7.245932449661730557e-01
6.325593549350455591e-01 7.155507345424472199e-01
6.275571151261758462e-01 7.118505887497599272e-01
6.225548753173062444e-01 7.091440197103180409e-01
6.175526355084366426e-01 7.069938634053763993e-01
5.925414364640884113e-01 7.007845074143416175e-01
5.875391966552186984e-01 7.002389129460951933e-01
5.625279976108705782e-01 6.999781508840656752e-01
5.575257578020008653e-01 6.996301443815254872e-01
5.525235179931312635e-01 6.983475187895077374e-01
5.511258333406529042e-01 6.975138121546961001e-01
5.475212781842615506e-01 6.939092569983047465e-01
5.466875715494500243e-01 6.925115723458263872e-01
5.454049459574320524e-01 6.875093325369567854e-01
5.450569394548919755e-01 6.825070927280871835e-01
5.451694788711363149e-01 6.524936538748693504e-01
5.457127760995164056e-01 6.474914140659996376e-01
5.492528227334856350e-01 6.324846946393907210e-01
5.497984172017320592e-01 6.274824548305211191e-01
5.501717186800060277e-01 5.874645363595639713e-01
5.507424174551246443e-01 5.824622965506942585e-01
5.520724963710199606e-01 5.774600567418246566e-01
5.546879486796614245e-01 5.724578169329550548e-01
5.575257578020008653e-01 5.691785708360292961e-01
5.625279976108705782e-01 5.660799611766461625e-01
5.775347170374794947e-01 5.616990313122909306e-01
5.825369568463490966e-01 5.605964452649534469e-01
5.925414364640884113e-01 5.592321980443526463e-01
6.075481558906973278e-01 5.556425954216008822e-01
6.275571151261758462e-01 5.541804022467005097e-01
6.425638345527848738e-01 5.505919656472142432e-01
6.575705539793936794e-01 5.492277184266133316e-01
6.725772734060027069e-01 5.456381158038616785e-01
6.925862326414812253e-01 5.441759226289611950e-01
7.075929520680901419e-01 5.406358759949919657e-01
7.276019113035687713e-01 5.391474472966185649e-01
7.326041511124383732e-01 5.379665666379264133e-01
7.476108705390472897e-01 5.316608611147148888e-01
7.626175899656562063e-01 5.266833526502034957e-01
7.676198297745258081e-01 5.255807666028660119e-01
7.776243093922651228e-01 5.242165193822652114e-01
7.926310288188740394e-01 5.206269167595134473e-01
8.126399880543526688e-01 5.190108085135708427e-01
8.176422278632222707e-01 5.172967543133288881e-01
8.226444676720918725e-01 5.139512277958816489e-01
8.282378812765552878e-01 5.074286994176496757e-01
8.310232193519486721e-01 5.024264596087800738e-01
8.330999689119424900e-01 4.974242197999104165e-01
8.343542563155822434e-01 4.924219799910407591e-01
8.349260863073015848e-01 4.874197401821711018e-01
8.352993877855756644e-01 4.373973420934746947e-01
8.358700865606942809e-01 4.323951022846050374e-01
8.372001654765895973e-01 4.273928624757353800e-01
8.397747794703908086e-01 4.223906226668657782e-01
8.426534269075705019e-01 4.190002156852985493e-01
8.476556667164401038e-01 4.154478587942104784e-01
8.676646259519187332e-01 4.066048658929738435e-01
8.776691055696579369e-01 4.030786968473772380e-01
8.926758249962669645e-01 3.966003862752345288e-01
9.026803046140061682e-01 3.930742172296379233e-01
9.126847842317454829e-01 3.881208920464517265e-01
9.226892638494847976e-01 3.822455286075475134e-01
9.276915036583543994e-01 3.805359442660892766e-01
9.577049425115722325e-01 3.729012501315734363e-01
9.727116619381812601e-01 3.667509552846026644e-01
9.827161415559204638e-01 3.641223448932358053e-01
9.877183813647900656e-01 3.622273202383699542e-01
9.927206211736597785e-01 3.588121546961325903e-01
9.941712707182320807e-01 3.573615051515603991e-01
9.975864362604693891e-01 3.523592653426907972e-01
9.993004904607114547e-01 3.473570255338210844e-01
9.999253397043450509e-01 3.423547857249514825e-01
1.000000000000000000e+00 3.323503061072121678e-01
9.994281700082803255e-01 3.273480662983425660e-01
9.982472893495883959e-01 3.223458264894729086e-01
9.939294957941366970e-01 3.123413468717336494e-01
9.789432657678747152e-01 2.823279080185157608e-01
9.733816047697261276e-01 2.723234284007765016e-01
9.696814589770390569e-01 2.673211885919068442e-01
9.651062156981651263e-01 2.623189487830371869e-01
9.527027027027026307e-01 2.503424323175704735e-01
9.477004628938330288e-01 2.466422865248831808e-01
9.276915036583543994e-01 2.360988751182121481e-01
9.176870240406151957e-01 2.316084765138293200e-01
8.976780648051365663e-01 2.246811282856551184e-01
8.926758249962669645e-01 2.225166440969451598e-01
8.876735851873972516e-01 2.191746304315365101e-01
8.826713453785276497e-01 2.147976705987755808e-01
8.526579065253097056e-01 1.853133148022650944e-01
8.376511870987009001e-01 1.743468659905124674e-01
8.276467074809615854e-01 1.653043555667865205e-01
8.226444676720918725e-01 1.616042097740992278e-01
8.176422278632222707e-01 1.586949637768842458e-01
7.926310288188740394e-01 1.460585585585585378e-01
7.826265492011348357e-01 1.415681599541757651e-01
7.526131103479170026e-01 1.315749228108879509e-01
7.376063909213079750e-01 1.278735034282539318e-01
7.225996714946990584e-01 1.217232085812831044e-01
6.975884724503509382e-01 1.154728937878110040e-01
6.875839928326116235e-01 1.141086465672101480e-01
