7.279411764705882026e-01 9.803921568627449457e-02
5.612745098039215730e-01 9.803921568627449457e-02
5.563725490196078649e-01 1.029411764705882582e-01
5.073529411764705621e-01 1.029411764705882582e-01
5.024509803921568540e-01 1.078431372549019662e-01
4.093137254901960675e-01 1.078431372549019662e-01
4.044117647058823595e-01 1.127450980392156743e-01
3.553921568627450567e-01 1.127450980392156743e-01
3.504901960784313486e-01 1.176470588235294379e-01
3.161764705882352811e-01 1.176470588235294379e-01
3.112745098039215730e-01 1.225490196078431460e-01
2.965686274509803932e-01 1.225490196078431460e-01
2.916666666666666297e-01 1.274509803921568540e-01
2.769607843137255054e-01 1.274509803921568540e-01
2.720588235294117974e-01 1.323529411764705621e-01
2.573529411764705621e-01 1.323529411764705621e-01
2.524509803921568540e-01 1.372549019607843257e-01
2.328431372549019662e-01 1.372549019607843257e-01
2.279411764705882582e-01 1.421568627450980338e-01
2.181372549019607865e-01 1.421568627450980338e-01
2.132352941176470784e-01 1.470588235294117418e-01
1.985294117647058987e-01 1.470588235294117418e-01
1.936274509803921351e-01 1.519607843137255054e-01
1.789215686274509554e-01 1.519607843137255054e-01
1.495098039215686514e-01 1.666666666666666852e-01
1.446078431372548878e-01 1.715686274509803932e-01
1.397058823529411797e-01 1.715686274509803932e-01
1.348039215686274717e-01 1.764705882352941013e-01
1.299019607843137081e-01 1.764705882352941013e-01
1.250000000000000000e-01 1.813725490196078649e-01
1.102941176470588203e-01 1.813725490196078649e-01
1.053921568627451122e-01 1.862745098039215730e-01
9.068627450980393245e-02 1.862745098039215730e-01
8.578431372549016887e-02 1.911764705882352811e-01
7.107843137254904464e-02 1.911764705882352811e-01
6.617647058823528106e-02 1.960784313725490446e-01
5.147058823529410132e-02 1.960784313725490446e-01
4.656862745098039325e-02 2.009803921568627527e-01
3.676470588235292158e-02 2.009803921568627527e-01
2.450980392156865140e-02 2.083333333333333148e-01
2.450980392156865140e-02 2.132352941176470784e-01
9.803921568627471661e-03 2.279411764705882582e-01
9.803921568627471661e-03 2.328431372549019662e-01
4.901960784313708075e-03 2.377450980392156743e-01
4.901960784313708075e-03 2.426470588235294379e-01
0.000000000000000000e+00 2.475490196078431460e-01
0.000000000000000000e+00 2.965686274509803932e-01
4.901960784313708075e-03 3.014705882352941568e-01
4.901960784313708075e-03 3.210784313725489891e-01
9.803921568627471661e-03 3.259803921568627527e-01
9.803921568627471661e-03 3.308823529411764608e-01
1.470588235294117974e-02 3.357843137254902244e-01
1.470588235294117974e-02 3.406862745098039325e-01
2.450980392156865140e-02 3.504901960784313486e-01
2.450980392156865140e-02 3.553921568627450567e-01
3.186274509803921351e-02 3.627450980392156743e-01
3.676470588235292158e-02 3.627450980392156743e-01
4.656862745098039325e-02 3.725490196078431460e-01
5.147058823529410132e-02 3.725490196078431460e-01
5.637254901960786491e-02 3.774509803921568540e-01
7.107843137254904464e-02 3.774509803921568540e-01
7.598039215686275272e-02 3.823529411764705621e-01
8.088235294117646079e-02 3.823529411764705621e-01
9.068627450980393245e-02 3.921568627450980338e-01
9.558823529411764053e-02 3.921568627450980338e-01
1.151960784313725283e-01 4.117647058823529216e-01
1.200980392156862919e-01 4.117647058823529216e-01
1.250000000000000000e-01 4.166666666666666852e-01
1.299019607843137081e-01 4.166666666666666852e-01
1.348039215686274717e-01 4.215686274509803932e-01
1.397058823529411797e-01 4.215686274509803932e-01
1.446078431372548878e-01 4.264705882352941013e-01
1.544117647058823595e-01 4.264705882352941013e-01
1.764705882352941013e-01 4.387254901960784270e-01
1.764705882352941013e-01 4.583333333333333148e-01
1.813725490196078649e-01 4.632352941176470784e-01
1.813725490196078649e-01 4.828431372549019662e-01
1.862745098039215730e-01 4.877450980392156743e-01
1.862745098039215730e-01 4.926470588235294379e-01
1.936274509803921351e-01 5.000000000000000000e-01
1.985294117647058987e-01 5.000000000000000000e-01
2.034313725490196068e-01 5.049019607843137081e-01
2.083333333333333148e-01 5.049019607843137081e-01
2.181372549019607865e-01 5.147058823529411242e-01
2.230392156862744946e-01 5.147058823529411242e-01
2.279411764705882582e-01 5.196078431372549433e-01
2.377450980392156743e-01 5.196078431372549433e-01
2.426470588235294379e-01 5.245098039215686514e-01
2.524509803921568540e-01 5.245098039215686514e-01
2.573529411764705621e-01 5.294117647058823595e-01
3.995098039215686514e-01 5.294117647058823595e-01
4.044117647058823595e-01 5.343137254901960675e-01
4.338235294117647189e-01 5.343137254901960675e-01
4.460784313725489891e-01 5.563725490196078649e-01
4.460784313725489891e-01 5.661764705882352811e-01
4.509803921568627527e-01 5.710784313725489891e-01
4.509803921568627527e-01 6.642156862745097756e-01
4.387254901960784270e-01 6.666666666666666297e-01
4.338235294117647189e-01 6.715686274509804488e-01
4.289215686274510109e-01 6.715686274509804488e-01
4.117647058823529216e-01 6.887254901960784270e-01
4.117647058823529216e-01 6.936274509803921351e-01
3.995098039215686514e-01 7.058823529411764053e-01
3.848039215686274717e-01 7.058823529411764053e-01
3.799019607843137081e-01 7.107843137254902244e-01
3.602941176470588203e-01 7.107843137254902244e-01
3.529411764705882026e-01 7.230392156862744946e-01
3.602941176470588203e-01 7.352941176470588758e-01
3.651960784313725839e-01 7.352941176470588758e-01
3.700980392156862919e-01 7.401960784313725839e-01
3.750000000000000000e-01 7.401960784313725839e-01
3.799019607843137081e-01 7.450980392156862919e-01
3.897058823529411797e-01 7.450980392156862919e-01
3.946078431372548878e-01 7.500000000000000000e-01
4.093137254901960675e-01 7.500000000000000000e-01
4.142156862745097756e-01 7.549019607843137081e-01
4.534313725490196068e-01 7.549019607843137081e-01
4.583333333333333148e-01 7.598039215686274161e-01
4.705882352941176405e-01 7.622549019607842702e-01
4.705882352941176405e-01 8.014705882352941568e-01
4.607843137254902244e-01 8.112745098039215730e-01
4.607843137254902244e-01 8.161764705882352811e-01
4.558823529411764608e-01 8.210784313725489891e-01
4.558823529411764608e-01 8.602941176470588758e-01
4.632352941176470784e-01 8.725490196078431460e-01
4.681372549019607865e-01 8.725490196078431460e-01
4.926470588235294379e-01 8.970588235294116863e-01
4.975490196078431460e-01 8.970588235294116863e-01
5.024509803921568540e-01 9.019607843137255054e-01
5.171568627450980893e-01 9.019607843137255054e-01
5.294117647058823595e-01 8.897058823529411242e-01
5.294117647058823595e-01 7.671568627450979783e-01
5.343137254901960675e-01 7.622549019607842702e-01
5.343137254901960675e-01 7.524509803921568540e-01
5.416666666666666297e-01 7.450980392156862919e-01
5.612745098039215730e-01 7.450980392156862919e-01
5.661764705882352811e-01 7.401960784313725839e-01
6.348039215686274161e-01 7.401960784313725839e-01
6.470588235294117974e-01 7.279411764705882026e-01
6.397058823529411242e-01 7.156862745098039325e-01
6.348039215686274161e-01 7.156862745098039325e-01
6.299019607843137081e-01 7.107843137254902244e-01
6.200980392156862919e-01 7.107843137254902244e-01
6.151960784313725839e-01 7.058823529411764053e-01
6.004901960784313486e-01 7.058823529411764053e-01
5.955882352941176405e-01 7.009803921568626972e-01
5.808823529411765163e-01 7.009803921568626972e-01
5.759803921568626972e-01 6.960784313725489891e-01
5.661764705882352811e-01 6.960784313725489891e-01
5.612745098039215730e-01 6.911764705882352811e-01
5.465686274509804488e-01 6.911764705882352811e-01
5.416666666666666297e-01 6.862745098039215730e-01
5.367647058823529216e-01 6.862745098039215730e-01
5.294117647058823595e-01 6.789215686274510109e-01
5.294117647058823595e-01 6.102941176470588758e-01
5.343137254901960675e-01 6.053921568627450567e-01
5.343137254901960675e-01 6.004901960784313486e-01
5.539215686274510109e-01 5.808823529411765163e-01
5.539215686274510109e-01 5.759803921568626972e-01
5.588235294117647189e-01 5.710784313725489891e-01
5.588235294117647189e-01 5.661764705882352811e-01
5.686274509803921351e-01 5.563725490196078649e-01
5.710784313725489891e-01 5.490196078431373028e-01
5.808823529411765163e-01 5.490196078431373028e-01
5.857843137254902244e-01 5.441176470588234837e-01
6.004901960784313486e-01 5.441176470588234837e-01
6.053921568627450567e-01 5.392156862745097756e-01
6.200980392156862919e-01 5.392156862745097756e-01
6.250000000000000000e-01 5.343137254901960675e-01
6.299019607843137081e-01 5.343137254901960675e-01
6.348039215686274161e-01 5.294117647058823595e-01
6.397058823529411242e-01 5.294117647058823595e-01
6.446078431372549433e-01 5.245098039215686514e-01
6.495098039215686514e-01 5.245098039215686514e-01
6.544117647058823595e-01 5.196078431372549433e-01
6.642156862745097756e-01 5.196078431372549433e-01
6.691176470588235947e-01 5.147058823529411242e-01
6.740196078431373028e-01 5.147058823529411242e-01
6.789215686274510109e-01 5.098039215686274161e-01
6.887254901960784270e-01 5.098039215686274161e-01
6.936274509803921351e-01 5.049019607843137081e-01
7.083333333333333703e-01 5.049019607843137081e-01
7.132352941176470784e-01 5.000000000000000000e-01
7.965686274509804488e-01 5.000000000000000000e-01
8.088235294117647189e-01 4.926470588235294379e-01
8.088235294117647189e-01 4.877450980392156743e-01
8.137254901960784270e-01 4.828431372549019662e-01
8.137254901960784270e-01 4.387254901960784270e-01
8.308823529411764053e-01 4.068627450980392135e-01
8.406862745098039325e-01 4.068627450980392135e-01
8.455882352941176405e-01 4.019607843137255054e-01
8.602941176470588758e-01 4.019607843137255054e-01
8.651960784313725839e-01 3.970588235294117974e-01
8.750000000000000000e-01 3.970588235294117974e-01
8.799019607843137081e-01 3.921568627450980338e-01
8.946078431372548323e-01 3.921568627450980338e-01
8.995098039215686514e-01 3.872549019607843257e-01
9.044117647058823595e-01 3.872549019607843257e-01
9.142156862745098866e-01 3.774509803921568540e-01
9.191176470588235947e-01 3.774509803921568540e-01
9.240196078431373028e-01 3.725490196078431460e-01
9.289215686274510109e-01 3.725490196078431460e-01
9.338235294117647189e-01 3.676470588235294379e-01
9.387254901960784270e-01 3.676470588235294379e-01
1.000000000000000000e+00 3.063725490196078649e-01
1.000000000000000000e+00 2.916666666666666297e-01
9.950980392156862919e-01 2.867647058823529216e-01
9.950980392156862919e-01 2.818627450980392135e-01
9.901960784313725839e-01 2.769607843137255054e-01
9.901960784313725839e-01 2.720588235294117974e-01
9.852941176470588758e-01 2.671568627450980338e-01
9.852941176470588758e-01 2.622549019607843257e-01
9.803921568627451677e-01 2.573529411764705621e-01
9.803921568627451677e-01 2.475490196078431460e-01
9.754901960784313486e-01 2.426470588235294379e-01
9.754901960784313486e-01 2.377450980392156743e-01
9.705882352941176405e-01 2.328431372549019662e-01
9.705882352941176405e-01 2.230392156862744946e-01
9.656862745098039325e-01 2.181372549019607865e-01
9.656862745098039325e-01 2.132352941176470784e-01
9.509803921568626972e-01 1.985294117647058987e-01
9.509803921568626972e-01 1.936274509803921351e-01
9.436274509803921351e-01 1.862745098039215730e-01
9.387254901960784270e-01 1.862745098039215730e-01
9.338235294117647189e-01 1.813725490196078649e-01
9.289215686274510109e-01 1.813725490196078649e-01
9.240196078431373028e-01 1.764705882352941013e-01
9.191176470588235947e-01 1.764705882352941013e-01
9.142156862745098866e-01 1.715686274509803932e-01
9.093137254901960675e-01 1.715686274509803932e-01
8.995098039215686514e-01 1.617647058823529216e-01
8.946078431372548323e-01 1.617647058823529216e-01
8.897058823529411242e-01 1.568627450980392135e-01
8.799019607843137081e-01 1.568627450980392135e-01
8.750000000000000000e-01 1.519607843137255054e-01
8.553921568627451677e-01 1.519607843137255054e-01
8.504901960784313486e-01 1.470588235294117418e-01
8.455882352941176405e-01 1.470588235294117418e-01
8.406862745098039325e-01 1.421568627450980338e-01
8.308823529411764053e-01 1.421568627450980338e-01
8.259803921568626972e-01 1.372549019607843257e-01
8.210784313725489891e-01 1.372549019607843257e-01
8.161764705882352811e-01 1.323529411764705621e-01
8.112745098039215730e-01 1.323529411764705621e-01
8.063725490196078649e-01 1.274509803921568540e-01
7.965686274509804488e-01 1.274509803921568540e-01
7.916666666666667407e-01 1.225490196078431460e-01
7.867647058823529216e-01 1.225490196078431460e-01
7.818627450980392135e-01 1.176470588235294379e-01
7.769607843137255054e-01 1.176470588235294379e-01
7.720588235294116863e-01 1.127450980392156743e-01
7.622549019607842702e-01 1.127450980392156743e-01
7.573529411764705621e-01 1.078431372549019662e-01
7.524509803921568540e-01 1.078431372549019662e-01
7.475490196078431460e-01 1.029411764705882582e-01
7.328431372549020217e-01 1.029411764705882582e-01
