6.282466338017806962e-01 1.335301075938261084e-01
6.233169008902951225e-01 1.329924214553748207e-01
4.655654477227577082e-01 1.329924214553748207e-01
4.606357148112721900e-01 1.335301075938261084e-01
4.458465160768155244e-01 1.370188416542620358e-01
4.409167831653300063e-01 1.375542638510777738e-01
3.916194540504746024e-01 1.379221543668603389e-01
3.866897211389890288e-01 1.384598405053116821e-01
3.719005224045324187e-01 1.419485745657475539e-01
3.669707894930468450e-01 1.424839967625632919e-01
2.880950629092781656e-01 1.428518872783459126e-01
2.831653299977926475e-01 1.433895734167972003e-01
2.683761312633360374e-01 1.468783074772330721e-01
2.634463983518504637e-01 1.474137296740488656e-01
2.240085350599660963e-01 1.477816201898314308e-01
2.190788021484805781e-01 1.483193063282827739e-01
2.141490692369950599e-01 1.493606296416978840e-01
1.944301375910528762e-01 1.556988576707507010e-01
1.895004046795673025e-01 1.567854618586719817e-01
1.796409388565962106e-01 1.581299344708953503e-01
1.747112059451106925e-01 1.592200954646689759e-01
1.549922742991685087e-01 1.655703133715147324e-01
1.402030755647118987e-01 1.692193845734459301e-01
1.254138768302552887e-01 1.754421621830260514e-01
1.155544110072841968e-01 1.789172198091551480e-01
1.056949451843131049e-01 1.837987471068960321e-01
7.611654771539982933e-02 2.034909465488524138e-01
6.132734898094321929e-02 2.148605432166244000e-01
5.146788315797212743e-02 2.198097583863959370e-01
2.681921860054442552e-02 2.282145489240106073e-01
1.695975277757333366e-02 2.331709797449991184e-01
1.203001986608775997e-02 2.368760468649235285e-01
5.379531127008174707e-03 2.436906776543299458e-01
2.302600460388604109e-03 2.486204105658155195e-01
6.157921248789444135e-04 2.535501434773010376e-01
-1.110223024625156540e-16 2.584798763887865558e-01
4.641080352947857257e-04 2.683393422117577032e-01
1.505431348709951322e-03 2.732690751232432214e-01
1.627282278171060526e-02 3.176366713266131070e-01
2.265723097855254498e-02 3.324258700610697170e-01
2.613228860468164161e-02 3.422853358840408089e-01
3.055759939175428652e-02 3.521448017070119008e-01
3.795219875898264705e-02 3.669340004414685108e-01
4.237616262449472870e-02 3.767934662644396027e-01
4.585122025062382534e-02 3.866529320874106945e-01
4.808391395602018559e-02 3.915826649988962682e-01
5.088527835934197885e-02 3.965123979103817864e-01
5.473760396661053740e-02 4.014421308218673046e-01
6.132734898094321929e-02 4.070320958197126138e-01
6.625708189242873747e-02 4.098991726269157754e-01
9.090574644985643937e-02 4.223524145880852010e-01
1.007652122728275312e-01 4.267777253751577904e-01
1.155544110072841968e-01 4.316963787705809796e-01
1.303436097417408068e-01 4.351948989013126878e-01
1.500625413876829906e-01 4.415558445935520715e-01
1.648517401221396006e-01 4.452133883665897462e-01
1.697814730336251743e-01 4.473821418332110111e-01
1.751124632751153154e-01 4.507394599367227639e-01
1.794959467121407526e-01 4.556691928482082821e-01
1.819070257594564977e-01 4.605989257596938558e-01
1.853140441912422554e-01 4.704583915826649476e-01
1.889835778420728696e-01 4.852475903171215577e-01
1.911025678758001556e-01 4.901773232286070758e-01
1.938475327924227276e-01 4.951070561400926495e-01
1.993598705025383944e-01 5.016968011544253869e-01
2.042896034140239681e-01 5.055491267616938345e-01
2.092193363255094862e-01 5.083504911650156277e-01
2.141490692369950599e-01 5.105831848704119880e-01
2.240085350599660963e-01 5.140582424965410846e-01
2.486571996173938537e-01 5.252022804465003025e-01
2.634463983518504637e-01 5.288598242195380328e-01
2.831653299977926475e-01 5.352207699117773609e-01
3.078139945552203494e-01 5.412299360316429331e-01
3.176734603781914412e-01 5.425744086438663016e-01
3.521815907585902350e-01 5.510894018546139694e-01
3.620410565815613269e-01 5.524338744668373380e-01
3.768302553160179369e-01 5.559702970857410831e-01
3.817599882275035106e-01 5.565079832241923707e-01
4.014789198734456388e-01 5.568758737399749359e-01
4.064086527849312125e-01 5.574112959367907294e-01
4.310573173423589144e-01 5.632308652531212712e-01
4.325362372158046420e-01 5.641233169008902371e-01
4.359870502538444326e-01 5.676756244400489315e-01
4.368086724057586578e-01 5.690530498123758107e-01
4.380727064856268504e-01 5.739827827238612734e-01
4.384156686734734243e-01 5.789125156353468471e-01
4.382311824001176581e-01 6.775071738650577657e-01
4.375661053270546996e-01 6.824369067765432284e-01
4.356552413078791375e-01 6.873666396880288021e-01
4.314494551875908135e-01 6.922963725995143758e-01
4.261275844308733962e-01 6.957990775629383506e-01
4.211978515193878225e-01 6.984996198464670236e-01
4.113383856964167307e-01 7.027521770811329116e-01
4.064086527849312125e-01 7.039111221106659766e-01
4.014789198734456388e-01 7.044735486719152506e-01
3.817599882275035106e-01 7.048414391876977048e-01
3.768302553160179369e-01 7.054049805686918306e-01
3.719005224045324187e-01 7.065687444964765529e-01
3.620410565815613269e-01 7.108239521251809023e-01
3.521815907585902350e-01 7.158170474229581526e-01
3.472518578471046613e-01 7.188165098363024086e-01
3.423221249356191431e-01 7.228967878671501701e-01
3.394611192280606038e-01 7.268045029799131695e-01
3.372691487013464440e-01 7.317342358913987432e-01
3.364925201434656454e-01 7.366639688028842059e-01
3.372691487013464440e-01 7.415937017143697796e-01
3.394611192280606038e-01 7.465234346258553533e-01
3.423221249356191431e-01 7.503381089025999984e-01
3.472518578471046613e-01 7.543661915304914478e-01
3.521815907585902350e-01 7.569991170627621280e-01
3.817599882275035106e-01 7.669074889662041983e-01
3.866897211389890288e-01 7.679488122796194194e-01
3.916194540504746024e-01 7.684864984180708181e-01
4.162681186079023044e-01 7.688543889338532722e-01
4.211978515193878225e-01 7.693898111306690657e-01
4.359870502538444326e-01 7.729273828714635641e-01
4.458465160768155244e-01 7.743195440421546394e-01
4.507762489883010981e-01 7.756573479797985726e-01
4.557059818997866163e-01 7.782348896045458986e-01
4.588674410495436895e-01 7.810315650062541470e-01
4.617449047163563747e-01 7.859612979177397207e-01
4.627644631139591347e-01 7.908910308292251834e-01
4.630643332309011262e-01 7.958207637407107571e-01
4.633948936796408735e-01 8.451180928555661609e-01
4.640106858045200400e-01 8.500478257670517346e-01
4.656998949839800672e-01 8.549775586785373083e-01
4.690655580899125154e-01 8.599072915900227709e-01
4.704951806342432818e-01 8.613369141343536484e-01
4.754249135457288000e-01 8.647025772402859856e-01
4.803546464572143737e-01 8.663917864197461238e-01
4.852843793686998919e-01 8.670075785446251793e-01
4.951438451916709838e-01 8.670075785446251793e-01
5.000735781031565574e-01 8.663917864197461238e-01
5.050033110146420201e-01 8.647025772402859856e-01
5.099330439261275938e-01 8.613369141343536484e-01
5.113626664704583602e-01 8.599072915900227709e-01
5.147283295763908084e-01 8.549775586785373083e-01
5.164175387558508357e-01 8.500478257670517346e-01
5.170333308807300021e-01 8.451180928555661609e-01
5.174012213965124563e-01 7.810315650062541470e-01
5.177512922154366981e-01 7.761018320947685734e-01
5.189708875971844604e-01 7.711720991832831107e-01
5.197925097490987412e-01 7.698340288215941296e-01
5.247222426605842038e-01 7.656802037468035671e-01
5.296519755720697775e-01 7.649304212227731048e-01
5.345817084835553512e-01 7.655772435773906537e-01
5.444411743065263876e-01 7.679488122796194194e-01
5.493709072180119612e-01 7.684864984180708181e-01
6.134574350673239751e-01 7.686336546243837109e-01
6.233169008902951225e-01 7.677971281900353162e-01
6.282466338017806962e-01 7.661028455290196382e-01
6.331763667132661588e-01 7.625188446046116120e-01
6.343102052829078241e-01 7.613126333603119633e-01
6.370250178459171408e-01 7.563829004488263896e-01
6.374794386614273112e-01 7.514531675373408159e-01
6.361425619396684494e-01 7.465234346258553533e-01
6.334958864390105582e-01 7.415937017143697796e-01
6.282466338017806962e-01 7.363384204030691826e-01
6.233169008902951225e-01 7.333635543960422831e-01
6.183871679788095488e-01 7.310473058955360148e-01
6.035979692443529387e-01 7.261286525001127146e-01
5.888087705098963287e-01 7.226301323693811174e-01
5.690898388639541450e-01 7.162691866771415672e-01
5.592303730409829976e-01 7.140251184324467593e-01
5.444411743065263876e-01 7.098634367047287341e-01
5.395114413950408139e-01 7.080979271997225322e-01
5.379366656038717665e-01 7.070855713339709858e-01
5.345817084835553512e-01 7.035332637948122914e-01
5.337600863316410704e-01 7.021558384224854121e-01
5.324960522517728778e-01 6.972261055109998384e-01
5.321530900639264150e-01 6.922963725995143758e-01
5.322639982341256237e-01 6.084909131042601782e-01
5.327994204309413062e-01 6.035611801927746045e-01
5.412178874028628073e-01 5.690530498123758107e-01
5.417555735413140949e-01 5.641233169008902371e-01
5.423124260038394429e-01 5.493341181664336270e-01
5.433319844014421474e-01 5.444043852549480533e-01
5.462094480682548880e-01 5.394746523434625907e-01
5.493709072180119612e-01 5.366779769417544532e-01
5.543006401294975349e-01 5.341004353170069052e-01
5.592303730409829976e-01 5.327626313793629720e-01
5.690898388639541450e-01 5.313704702086718967e-01
6.134574350673239751e-01 5.204315711773207509e-01
6.282466338017806962e-01 5.155129177818975617e-01
6.430358325362373062e-01 5.091285095850556219e-01
6.874034287396071363e-01 4.943636837169321785e-01
6.923331616510927100e-01 4.933247680874786600e-01
6.972628945625782837e-01 4.927893458906629220e-01
7.761386211463469076e-01 4.923478772717239105e-01
7.810683540578324813e-01 4.917320851468447995e-01
7.859980869693179439e-01 4.900428759673847723e-01
7.909278198808036286e-01 4.866772128614523241e-01
7.923574424251342840e-01 4.852475903171215577e-01
7.957231055310667323e-01 4.803178574056360395e-01
7.974123147105267595e-01 4.753881244941504658e-01
7.980281068354059260e-01 4.704583915826649476e-01
7.983586672841456178e-01 4.359502612022660983e-01
7.987016294719921916e-01 4.310205282907805802e-01
7.998948340560056991e-01 4.260907953792950620e-01
8.035602604664853210e-01 4.211610624678094883e-01
8.057170186152602387e-01 4.195925110868823360e-01
8.155764844382312750e-01 4.153169436130645376e-01
8.451548819071444951e-01 4.056284913101924072e-01
8.500846148186300688e-01 4.045418871222711266e-01
8.599440806416012162e-01 4.031485768296891870e-01
8.648738135530866789e-01 4.018866149368374163e-01
8.698035464645722525e-01 3.998399676256345625e-01
8.747332793760578262e-01 3.972475335199892044e-01
8.993819439334854726e-01 3.808869051998695632e-01
9.092414097564565090e-01 3.755199519289725840e-01
9.191008755794276563e-01 3.712673946943065850e-01
9.240306084909132300e-01 3.700814453003400950e-01
9.338900743138842664e-01 3.686892841296489642e-01
9.388198072253698401e-01 3.675991231358752831e-01
9.536090059598264501e-01 3.626911975258457210e-01
9.634684717827974865e-01 3.582658867387731316e-01
9.733279376057686338e-01 3.528930647382195751e-01
9.886330386216597432e-01 3.422853358840408089e-01
9.933724176515259519e-01 3.373556029725552907e-01
9.963472836585527403e-01 3.324258700610697170e-01
9.984210862781663920e-01 3.274961371495841989e-01
9.996072061262262221e-01 3.225664042380986807e-01
1.000000000000000000e+00 3.176366713266131070e-01
9.996072061262262221e-01 3.127069384151275333e-01
9.984934290006908242e-01 3.077772055036420151e-01
9.924407545494788874e-01 2.929880067691853496e-01
9.886339631777197878e-01 2.781988080347287395e-01
9.865149731439925018e-01 2.732690751232432214e-01
9.838476355150993502e-01 2.683393422117577032e-01
9.802011229150513483e-01 2.634096093002721295e-01
9.756921972673995302e-01 2.584798763887865558e-01
9.634684717827974865e-01 2.466769581680183232e-01
9.585387388713120238e-01 2.430304455679702103e-01
9.437495401368554138e-01 2.346675058074144671e-01
9.338900743138842664e-01 2.281532158886656614e-01
9.141711426679421937e-01 2.178506609766265312e-01
9.043116768449710463e-01 2.135954533479222928e-01
8.895224781105144363e-01 2.099379095748846180e-01
8.747332793760578262e-01 2.050205596519393270e-01
8.599440806416012162e-01 1.986361514550973317e-01
8.500846148186300688e-01 1.951610938289682351e-01
8.402251489956589214e-01 1.907371299634560424e-01
8.205062173497168487e-01 1.808992491292217286e-01
8.106467515267457014e-01 1.755107108695879714e-01
8.007872857037745540e-01 1.689964209508391657e-01
7.909278198808036286e-01 1.636235989502855537e-01
7.810683540578324813e-01 1.593683913215813153e-01
7.564196895004047239e-01 1.532490392397682921e-01
7.514899565889192612e-01 1.527113531013170045e-01
7.317710249429769664e-01 1.523434625855343838e-01
7.268412920314915038e-01 1.518080403887186458e-01
6.923331616510927100e-01 1.433895734167972003e-01
6.874034287396071363e-01 1.428518872783459126e-01
6.726142300051505263e-01 1.419485745657475539e-01
6.578250312706939162e-01 1.384110028249531665e-01
6.430358325362373062e-01 1.370665302127297980e-01
