5.618762475049899896e-01 1.317592734758403772e-01
5.569231906557254863e-01 1.312190433946921475e-01
3.290825755895615545e-01 1.312190433946921475e-01
3.241295187402971067e-01 1.317592734758403772e-01
3.092703481925037634e-01 1.353124278939315528e-01
2.944111776447104756e-01 1.367123303251048250e-01
2.894581207954460833e-01 1.377585804287955740e-01
2.696458933983882922e-01 1.441388429830899875e-01
2.547867228505950044e-01 1.478051789559921558e-01
2.399275523028017165e-01 1.540573982575226264e-01
2.250683817550084287e-01 1.589859669256430963e-01
2.201153249057439809e-01 1.600777121402537362e-01
2.102092112072151409e-01 1.614285458264168027e-01
1.953500406594217975e-01 1.649828548032140629e-01
1.903969838101574052e-01 1.655208102313890373e-01
1.804908701116285097e-01 1.658904413395431710e-01
1.755378132623640619e-01 1.664306714206914006e-01
1.705847564130996696e-01 1.674769215243821496e-01
1.507725290160419340e-01 1.738571840786766187e-01
1.359133584682485907e-01 1.773722566813804025e-01
1.210541879204553029e-01 1.823141815943098432e-01
1.111480742219264628e-01 1.867604297577683536e-01
9.133584682486872719e-02 1.971117289231061331e-01
8.142973312633983163e-02 2.036568397596341673e-01
7.152361942781099158e-02 2.090708726927814065e-01
5.171139203075325597e-02 2.190848188680111219e-01
4.675833518148880819e-02 2.219654606131651331e-01
4.180527833222436040e-02 2.256880574363256398e-01
3.495840562882945868e-02 2.325349301397205415e-01
3.123580880566900753e-02 2.374879869889849893e-01
2.835516706051488534e-02 2.424410438382494370e-01
1.584300534732996368e-02 2.672063280845715649e-01
1.139675718387139769e-02 2.771124417831004605e-01
6.465610812472599722e-03 2.919716123308937483e-01
5.370291963771589572e-03 2.969246691801581961e-01
4.019458277608578545e-03 3.068307828786870362e-01
4.663038595174029410e-04 3.216899534264803795e-01
-1.110223024625156540e-16 3.315960671250092195e-01
4.922814304050837642e-04 3.365491239742736673e-01
1.734236445142423033e-03 3.415021808235381151e-01
3.790567014119838873e-03 3.464552376728025074e-01
6.470524559346824134e-03 3.514082945220670107e-01
1.019312138250727529e-02 3.563613513713314029e-01
1.703999408590217701e-02 3.632082240747263047e-01
2.199305093516662479e-02 3.669308208978868668e-01
3.189916463369552035e-02 3.719107019718910778e-01
4.180527833222436040e-02 3.754022010623561112e-01
5.171139203075325597e-02 3.798470959315936590e-01
7.152361942781099158e-02 3.897315225167994335e-01
8.142973312633983163e-02 3.951455554499466727e-01
1.061950173726620150e-01 4.115967799850035469e-01
1.260072447697197506e-01 4.219480791503413264e-01
1.359133584682485907e-01 4.263943273137998369e-01
1.606786427145707741e-01 4.348388832535293735e-01
1.656316995638352219e-01 4.371901152994138728e-01
1.709787495715638372e-01 4.405633178088267932e-01
1.752044344359712791e-01 4.455163746580912409e-01
1.771243392843940834e-01 4.504694315073556332e-01
1.777925630221038888e-01 4.554224883566200810e-01
1.783100465735195650e-01 4.752347157536778166e-01
1.789287521822451321e-01 4.801877726029422644e-01
1.806259534802448496e-01 4.851408294522067122e-01
1.840075404746062127e-01 4.900938863014711044e-01
1.854439269608929575e-01 4.915302727877577937e-01
1.903969838101574052e-01 4.949118597821192678e-01
1.953500406594217975e-01 4.967882521993051137e-01
2.052561543579506931e-01 4.993910176005003088e-01
2.201153249057439809e-01 5.054723289383001861e-01
2.250683817550084287e-01 5.066675765278559895e-01
2.349744954535372687e-01 5.081153931453332717e-01
2.399275523028017165e-01 5.093069535957952532e-01
2.547867228505950044e-01 5.155493506005596194e-01
2.646928365491238999e-01 5.190408496910247083e-01
2.745989502476527955e-01 5.239397747714448217e-01
2.845050639461816355e-01 5.304701443673499606e-01
3.043172913432393711e-01 5.408214435326877956e-01
3.142234050417682667e-01 5.450967837324156573e-01
3.588009166851481302e-01 5.562472137655104509e-01
3.736600872329414180e-01 5.575980474516735175e-01
3.885192577807347614e-01 5.611512018697647486e-01
3.934723146299992091e-01 5.616914319509129783e-01
4.479559399719079682e-01 5.619496301514617098e-01
4.529089968211723605e-01 5.622509190373461418e-01
4.578620536704368083e-01 5.632753012493532108e-01
4.628151105197012560e-01 5.661663789972389838e-01
4.656250177707261795e-01 5.693427958897020469e-01
4.682147544619322255e-01 5.742958527389665502e-01
4.695317557925673402e-01 5.792489095882309424e-01
4.700968433503362465e-01 5.842019664374953347e-01
4.700229171287054197e-01 6.634508760257262772e-01
4.693012563937379311e-01 6.684039328749907805e-01
4.673038182893471393e-01 6.733569897242551727e-01
4.628151105197012560e-01 6.778456974939011115e-01
4.578620536704368083e-01 6.798431355982919033e-01
4.430028831226435204e-01 6.815485837441925820e-01
4.380498262733790726e-01 6.827438313337482745e-01
4.281437125748502326e-01 6.870191715334762472e-01
4.182375988763213370e-01 6.925058612932863955e-01
4.132845420270568892e-01 6.962284581164468467e-01
4.064376693236619875e-01 7.030753308198418594e-01
4.027150725005015364e-01 7.080283876691062517e-01
3.972283827406913326e-01 7.179345013676350362e-01
3.927821345772328221e-01 7.278406150661639318e-01
3.881597617190946092e-01 7.426997856139572196e-01
3.877603216506054773e-01 7.476528424632217229e-01
3.889245078865837257e-01 7.526058993124861152e-01
3.921349892806977322e-01 7.575589561617506185e-01
3.934723146299992091e-01 7.589235738651193275e-01
3.984253714792636014e-01 7.625554608781137667e-01
4.033784283285280492e-01 7.647888214014026964e-01
4.132845420270568892e-01 7.680547194851918835e-01
4.182375988763213370e-01 7.689509869150588095e-01
4.231906557255857848e-01 7.689509869150588095e-01
4.281437125748502326e-01 7.679044539356174592e-01
4.430028831226435204e-01 7.619842282647819598e-01
4.479559399719079682e-01 7.607974933324235245e-01
4.529089968211723605e-01 7.606450915832152493e-01
4.578620536704368083e-01 7.617733992703352719e-01
4.591378410407018773e-01 7.625120130110150107e-01
4.628151105197012560e-01 7.660811275053378555e-01
4.636406199945786177e-01 7.674650698602794030e-01
4.649106345713132082e-01 7.724181267095437953e-01
4.655134176092259879e-01 8.070895246543949852e-01
4.660536476903741621e-01 8.120425815036593775e-01
4.720421761017987716e-01 8.368078657499815609e-01
4.770551489613364948e-01 8.516670362977747377e-01
4.796643485515740823e-01 8.566200931470392410e-01
4.826273379167589916e-01 8.604788699947218955e-01
4.875803947660234394e-01 8.644999563163235923e-01
4.925334516152878872e-01 8.668915962852679069e-01
4.974865084645522795e-01 8.682147489532718865e-01
5.024395653138167273e-01 8.687809566053079635e-01
5.172987358616100151e-01 8.687070303836770258e-01
5.222517927108745184e-01 8.680353413543283603e-01
5.272048495601389106e-01 8.662834099411924615e-01
5.326920595990298768e-01 8.615731499963037443e-01
5.349233631502426922e-01 8.566200931470392410e-01
5.352922626968285025e-01 8.516670362977747377e-01
5.340248278372030644e-01 8.417609225992459532e-01
5.303671858562077901e-01 8.269017520514526653e-01
5.298292304280327603e-01 8.219486952021881621e-01
5.297177975204274691e-01 7.773711835588082986e-01
5.300623823577914617e-01 7.724181267095437953e-01
5.313323969345259412e-01 7.674650698602794030e-01
5.321579064094033029e-01 7.660811275053378555e-01
5.357270209037262587e-01 7.625120130110150107e-01
5.371109632586678062e-01 7.616865035361375380e-01
5.420640201079321985e-01 7.604164889594031695e-01
5.470170769571965907e-01 7.600719041220391770e-01
5.965476454498409575e-01 7.601833370296443571e-01
6.015007022991054608e-01 7.607212924578194979e-01
6.163598728468987487e-01 7.639979300657943062e-01
6.213129296961631409e-01 7.639979300657943062e-01
6.262659865454276442e-01 7.628774024507147811e-01
6.312190433946920365e-01 7.604857624817704664e-01
6.350517659566228268e-01 7.575589561617506185e-01
6.390088509848987908e-01 7.526058993124861152e-01
6.409948134919245533e-01 7.476528424632217229e-01
6.412532533910466626e-01 7.426997856139572196e-01
6.390097890638475331e-01 7.377467287646928273e-01
6.361721002439564288e-01 7.349669519615342761e-01
6.330400201775098212e-01 7.327936719154284351e-01
6.213129296961631409e-01 7.266436263275917185e-01
6.114068159976342454e-01 7.221973781641332080e-01
5.816884749020476697e-01 7.123131749434699067e-01
5.767354180527832774e-01 7.112669248397791577e-01
5.717823612035187741e-01 7.107266947586308170e-01
5.470170769571965907e-01 7.101239117207180929e-01
5.420640201079321985e-01 7.088538971439837244e-01
5.406800777529906510e-01 7.080283876691062517e-01
5.371109632586678062e-01 7.044592731747832959e-01
5.362854537837904445e-01 7.030753308198418594e-01
5.350154392070558540e-01 6.981222739705773561e-01
5.346708543696918614e-01 6.931692171213129638e-01
5.347822872772972636e-01 5.792489095882309424e-01
5.353202427054721824e-01 5.742958527389665502e-01
5.388745516822694981e-01 5.594366821911731513e-01
5.404523111331714924e-01 5.495305684926443668e-01
5.425283691875507630e-01 5.445775116433798635e-01
5.470170769571965907e-01 5.400888038737340358e-01
5.519701338064610940e-01 5.380913657693432439e-01
5.569231906557254863e-01 5.373697050343757553e-01
7.104679529829229789e-01 5.369261477045907949e-01
7.154210098321873712e-01 5.363859176234425652e-01
7.203740666814517635e-01 5.353396675197518162e-01
7.500924077770384502e-01 5.254554642990885149e-01
7.649515783248317380e-01 5.192032449975579889e-01
7.798107488726250258e-01 5.153784426368290816e-01
7.897168625711539214e-01 5.106447274392086344e-01
7.996229762696827059e-01 5.035719159970656333e-01
8.037505236440698475e-01 5.000000000000000000e-01
8.075390224841321185e-01 4.950469431507355522e-01
8.098944794079114828e-01 4.900938863014711044e-01
8.112176320759154624e-01 4.851408294522067122e-01
8.123866227658641526e-01 4.702816589044134243e-01
8.136566373425987431e-01 4.653286020551489766e-01
8.144821468174761048e-01 4.639446597002074291e-01
8.180512613117989495e-01 4.603755452058845288e-01
8.194352036667404970e-01 4.595500357310071671e-01
8.243882605160048893e-01 4.582800211542725766e-01
8.342943742145337849e-01 4.571860767802217729e-01
8.392474310637982882e-01 4.560907579315208182e-01
8.689657721593848638e-01 4.462065547108575725e-01
8.788718858579136484e-01 4.413019315495065320e-01
8.937310564057070472e-01 4.314226765324569723e-01
8.986841132549714395e-01 4.276567946727627412e-01
9.184963406520292306e-01 4.087970782082558374e-01
9.234493975012936229e-01 4.050363918627390980e-01
9.432616248983514140e-01 3.917982217383415011e-01
9.482146817476158063e-01 3.880323398786472699e-01
9.531677385968801985e-01 3.835020812494436826e-01
9.749326134056672810e-01 3.613144082205958507e-01
9.785963786712288393e-01 3.563613513713314029e-01
9.814770204163829614e-01 3.514082945220670107e-01
9.939891821295679941e-01 3.266430102757448273e-01
9.982645223292960779e-01 3.167368965772159317e-01
9.994337923479638119e-01 3.117838397279515394e-01
1.000000000000000000e+00 3.068307828786870362e-01
1.000000000000000000e+00 2.820654986323649083e-01
9.994597699188517703e-01 2.771124417831004605e-01
9.984135198151610213e-01 2.721593849338360682e-01
9.934823734437621123e-01 2.573002143860427249e-01
9.890361252803034908e-01 2.473941006875138848e-01
9.835494355204932315e-01 2.374879869889849893e-01
9.779330228432023819e-01 2.308670640578253663e-01
9.729799659939379897e-01 2.269965120264521019e-01
9.680269091446735974e-01 2.241818935888424402e-01
9.630738522954090941e-01 2.219386363884253144e-01
9.531677385968801985e-01 2.184471372979602810e-01
9.383085680490869107e-01 2.122034306536270676e-01
9.333555111998225184e-01 2.110081830640713196e-01
9.234493975012936229e-01 2.096082806328981030e-01
8.986841132549714395e-01 2.034255714436336571e-01
8.838249427071781517e-01 1.971733521421031865e-01
8.590596584608559683e-01 1.887287962023736498e-01
8.442004879130626804e-01 1.823141815943098432e-01
8.045760331189472092e-01 1.689165688053159142e-01
7.897168625711539214e-01 1.626728621609827563e-01
7.847638057218895291e-01 1.614776145714270084e-01
7.748576920233605225e-01 1.600777121402537362e-01
7.599985214755673457e-01 1.565245577221625606e-01
7.550454646263028424e-01 1.559843276410143309e-01
7.451393509277739469e-01 1.556146965328601972e-01
7.401862940785095546e-01 1.550767411046852229e-01
7.253271235307162668e-01 1.515224321278879627e-01
7.154210098321873712e-01 1.501715984417248961e-01
7.104679529829229789e-01 1.490798532271142562e-01
6.906557255858651878e-01 1.427116372780600217e-01
6.857026687366007955e-01 1.416653871743692727e-01
6.807496118873364033e-01 1.411251570932210431e-01
6.460782139424853243e-01 1.407555259850668539e-01
6.411251570932208210e-01 1.402175705568918795e-01
6.262659865454276442e-01 1.367123303251048250e-01
6.213129296961631409e-01 1.361721002439565953e-01
5.816884749020476697e-01 1.358024691358024616e-01
5.767354180527832774e-01 1.352645137076274873e-01
