5.272896635855676140e-01 0.000000000000000000e+00
5.000567740396179017e-01 7.080110225899938214e-04
4.832769128042349038e-01 5.701765438164363431e-03
4.686059958771239820e-01 6.773870905914580742e-03
4.502673497182353990e-01 1.120836487163107131e-02
4.392641620229021937e-01 1.486785092560066746e-02
4.135900574004581220e-01 2.622402386780220418e-02
3.989191404733472557e-01 3.466507082679870511e-02
3.915836820097917670e-01 3.795650707318498629e-02
3.402354727649036237e-01 5.627701978023824658e-02
3.255645558377927573e-01 5.889682637436505219e-02
3.035581804471264022e-01 6.621606017048881077e-02
2.962227219835709691e-01 6.984792434794379057e-02
2.888872635200154804e-01 7.468479972424962865e-02
2.485422419704605423e-01 9.591087927157898596e-02
2.008617619573501156e-01 1.231101383849174669e-01
1.641844696395728942e-01 1.553093476585064026e-01
1.458458234806842557e-01 1.652646127161886969e-01
1.348426357853511059e-01 1.737248017834501224e-01
1.185259429209040150e-01 1.840944726114761565e-01
1.160365339400594165e-01 1.877622018432539286e-01
1.163168605840247949e-01 1.914299310750316452e-01
1.198049459350624124e-01 1.950976603068093618e-01
1.251878779546420906e-01 1.987653895385870784e-01
1.261205967585626309e-01 2.024331187703647950e-01
1.236822596943703001e-01 2.061008480021425116e-01
1.165039896264624675e-01 2.102881722084221638e-01
1.091685311629070343e-01 2.130943995034135785e-01
1.039343759050575522e-01 2.171040356974757168e-01
1.026517622600162105e-01 2.207717649292534334e-01
1.042264214353421092e-01 2.281072233928088666e-01
1.066826257947021128e-01 2.317749526245865832e-01
1.128362603946847509e-01 2.362331407425232732e-01
1.201717188582401841e-01 2.394949310882477644e-01
1.275071773217956173e-01 2.407800490220109446e-01
1.385103650171288225e-01 2.407800490220109446e-01
1.458458234806842557e-01 2.394411079860892522e-01
1.531812819442396889e-01 2.359896239347872848e-01
1.751876573349060440e-01 2.229818069022477256e-01
1.788553865666837606e-01 2.217651082628599446e-01
1.809258788749453783e-01 2.244394941610311500e-01
1.809233615590690736e-01 2.281072233928088666e-01
1.793138527206559751e-01 2.354426818563642998e-01
1.708367236383854237e-01 2.537813280152529383e-01
1.518568241660977480e-01 2.757877034059192933e-01
1.498082809543012650e-01 2.794554326376970099e-01
1.490626023970794689e-01 2.831231618694747265e-01
1.498737761191544227e-01 2.867908911012524431e-01
1.521909950516596721e-01 2.904586203330301597e-01
1.568490111760174610e-01 2.940244681972585816e-01
1.641844696395728942e-01 2.957412452713369388e-01
1.751876573349060440e-01 2.946212019214763389e-01
1.861908450302392493e-01 2.904907933964667732e-01
1.898585742620169659e-01 2.879278871631035797e-01
1.935263034937946824e-01 2.838835447589896921e-01
2.045294911891278322e-01 2.674843719506447282e-01
2.081972204209055488e-01 2.641593345915331792e-01
2.118649496526833209e-01 2.642300915243871451e-01
2.155326788844610375e-01 2.683911161218341945e-01
2.167261463328966076e-01 2.721199741741415767e-01
2.172570590456699424e-01 2.867908911012524431e-01
2.160857491654433749e-01 2.941263495648078763e-01
2.102316639791572683e-01 3.124649957236965703e-01
2.093324699450272441e-01 3.198004541872520035e-01
2.100310850367944626e-01 3.234681834190297200e-01
2.118303484335155584e-01 3.271359126508074366e-01
2.155326788844610375e-01 3.305469008363607353e-01
2.192004081162387541e-01 3.322529864983683190e-01
2.265358665797941873e-01 3.328780133333446578e-01
2.302035958115719039e-01 3.315038447359245355e-01
2.389414213343364901e-01 3.234681834190297200e-01
2.448745127386828258e-01 3.157095254287306529e-01
2.485422419704605423e-01 3.132568918078303399e-01
2.522099712022382589e-01 3.139576762250013697e-01
2.558777004340160310e-01 3.174622768019936814e-01
2.693149266195289382e-01 3.344713711143628698e-01
2.785062798907874670e-01 3.491422880414737362e-01
2.929986696749921626e-01 3.784841218956955800e-01
2.942793729130022129e-01 3.858195803592510131e-01
2.942793729130022129e-01 4.335000603723614399e-01
2.931080630327755898e-01 4.408355188359168730e-01
2.887772316430621822e-01 4.518387065312500783e-01
2.852195342882377638e-01 4.556083171305771451e-01
2.815518050564600472e-01 4.573708647891814305e-01
2.778840758246823306e-01 4.579614480713951052e-01
2.485422419704605423e-01 4.505691079510193431e-01
1.788553865666837606e-01 4.501690685973811501e-01
1.715199281031283274e-01 4.514541865311443858e-01
1.531812819442396889e-01 4.596178419180044217e-01
1.421780942489065391e-01 4.624573742264775356e-01
1.348426357853511059e-01 4.660184097219621235e-01
1.238394480900179007e-01 4.744017908231684122e-01
1.128362603946847509e-01 4.806238314842198323e-01
7.615896807690747394e-02 5.068218974254893316e-01
7.249123884512975735e-02 5.080678169845808112e-01
3.948167575913025251e-02 5.094453426398859452e-01
3.581394652735253592e-02 5.110406403267926390e-01
3.285730765683780863e-02 5.141901034714713159e-01
3.186647523552393890e-02 5.178578327032491435e-01
3.273443802142594894e-02 5.215255619350268601e-01
3.530670737827684702e-02 5.251932911668045767e-01
4.681713422268568570e-02 5.358850678896283082e-01
5.048486345446340229e-02 5.373139901124449613e-01
6.148805114979660758e-02 5.384148634781322773e-01
6.583693009604729696e-02 5.398642080939154431e-01
6.846471001459120131e-02 5.435319373256931597e-01
6.803756763511398242e-02 5.471996665574708762e-01
6.528372442454327684e-02 5.508673957892485928e-01
5.415259268624117439e-02 5.578914432802946077e-01
5.048486345446340229e-02 5.614867513556748291e-01
4.337863806789410415e-02 5.728737711799150034e-01
4.281319647799503025e-02 5.765415004116927200e-01
4.386049535217101392e-02 5.802092296434704366e-01
4.681713422268568570e-02 5.833586927881491135e-01
5.048486345446340229e-02 5.849539904750559183e-01
6.148805114979660758e-02 5.851465574554788329e-01
7.249123884512975735e-02 5.826252735024985974e-01
8.349442654046296264e-02 5.812856284397529549e-01
9.082988500401839582e-02 5.793593899434243966e-01
9.399746934055369652e-02 5.802092296434704366e-01
9.364617709270484092e-02 5.838769588752481532e-01
9.021859679872207272e-02 5.875446881070258698e-01
7.982669730868524605e-02 5.942024139951440631e-01
7.509532659969198054e-02 5.985478758023590196e-01
7.285801176830752901e-02 6.022156050341367362e-01
7.215503033221681850e-02 6.058833342659144527e-01
7.323258837070190097e-02 6.095510634976921693e-01
7.615896807690747394e-02 6.124774432038978533e-01
7.982669730868524605e-02 6.136697430448524448e-01
8.349442654046296264e-02 6.133691095012641092e-01
1.055008019311293177e-01 6.058505866834879017e-01
1.165039896264624675e-01 5.983870104851758409e-01
1.238394480900179007e-01 5.949766657608912546e-01
1.275071773217956173e-01 5.923494134006547229e-01
1.458458234806842557e-01 5.687577639309199240e-01
1.495135527124619723e-01 5.656461871055293855e-01
1.678521988713506108e-01 5.577519039374215781e-01
1.788553865666837606e-01 5.549259486276911790e-01
1.898585742620169659e-01 5.504237188660496827e-01
1.971940327255723990e-01 5.491430156280396879e-01
2.081972204209055488e-01 5.495413706054520508e-01
2.412067835069051092e-01 5.577591773296051159e-01
2.595454296657937476e-01 5.670125960350153038e-01
2.619255518268409633e-01 5.692060419481372868e-01
2.640383979747213949e-01 5.728737711799150034e-01
2.647969510658391146e-01 5.765415004116927200e-01
2.645391840813680062e-01 5.948801465705813030e-01
2.582758310855629569e-01 6.205542511930253191e-01
2.576020805952249360e-01 6.352251681201362965e-01
2.564307707149983129e-01 6.425606265836917297e-01
2.523680629794700092e-01 6.535638142790248795e-01
2.447779935483728742e-01 6.645670019743580292e-01
2.296925187874717667e-01 6.975765650603575896e-01
2.187055557595703470e-01 7.342538573781347555e-01
2.142267449913280442e-01 7.562602327688011661e-01
2.132264552008432124e-01 7.672634204641343159e-01
2.013127122727326190e-01 8.112761712454670260e-01
1.959436704874663593e-01 8.259470881725778924e-01
1.948523286775912244e-01 8.406180050996887587e-01
1.885526403688839725e-01 8.699598389539106025e-01
1.875523505783991407e-01 8.809630266492438633e-01
1.845212070963702655e-01 8.956339435763547296e-01
1.845212070963702655e-01 9.543176112847983061e-01
1.891945887976433927e-01 9.763239866754646057e-01
1.917341176191759700e-01 9.799917159072424333e-01
2.045294911891278322e-01 9.921096056239981920e-01
2.081972204209055488e-01 9.945626038553048165e-01
2.338713250433496205e-01 9.999999999999998890e-01
2.668808881293491808e-01 9.995999606463616960e-01
2.925549927517931970e-01 9.933011272861933527e-01
3.035581804471264022e-01 9.923008374957085209e-01
3.292322850695704739e-01 9.859656688226379195e-01
3.512386604602368290e-01 9.819350649778111340e-01
3.659095773873477508e-01 9.823334199552236079e-01
3.769127650826809006e-01 9.849290437192508296e-01
3.952514112415694836e-01 9.853290830728890226e-01
4.025868697051249723e-01 9.839901420369672191e-01
4.099223281686804055e-01 9.805386579856653073e-01
4.282609743275690439e-01 9.694797419483081047e-01
4.392641620229021937e-01 9.601366047775226065e-01
4.612705374135685488e-01 9.447603553058390169e-01
4.722737251089016985e-01 9.344625001550784793e-01
4.845119644843233209e-01 9.249757774305764624e-01
5.131754555597086709e-01 8.846307558810215799e-01
5.193320010559069333e-01 8.736275681856884301e-01
5.315141017185973649e-01 8.552889220267997361e-01
5.523415641419064936e-01 8.149439004772447426e-01
5.677927769123544133e-01 7.892697958548007264e-01
5.710810858787757072e-01 7.819343373912452932e-01
5.816833979961282264e-01 7.635956912323565993e-01
5.938654986588186580e-01 7.452570450734680163e-01
6.000220441550169204e-01 7.342538573781347555e-01
6.211341586409572235e-01 7.049120235239130228e-01
6.277642845599400445e-01 6.975765650603575896e-01
6.409892697706770504e-01 6.794562361176461618e-01
6.577817163514633192e-01 6.608992727425803126e-01
6.813342913202320439e-01 6.370590327360251548e-01
6.886697497837874771e-01 6.309239220210515198e-01
7.363502297968979038e-01 5.991147066836337576e-01
7.436856882604533370e-01 5.929714303377173756e-01
7.524670784403826307e-01 5.838769588752481532e-01
7.656920636511197475e-01 5.653389796059368200e-01
7.693597928828974641e-01 5.628375302820505244e-01
7.730275221146751807e-01 5.622067919974947925e-01
8.060370852006746301e-01 5.704564041862433266e-01
8.133725436642300632e-01 5.703235531984445217e-01
8.170402728960077798e-01 5.692371243992540020e-01
8.317111898231186462e-01 5.619671026748916942e-01
8.647207529091182066e-01 5.376424105785115870e-01
8.881730600161584777e-01 5.141901034714713159e-01
8.908860712679611549e-01 5.105223742396935993e-01
9.059521423563527964e-01 4.811805403854718666e-01
9.121799044341041274e-01 4.665096234583609447e-01
9.162270539312382667e-01 4.591741649948055115e-01
9.237952442242265416e-01 4.408355188359168730e-01
9.301778883117319818e-01 4.151614142134728014e-01
9.384661611513375190e-01 3.931550388228064463e-01
9.449671190850292835e-01 3.674809342003624302e-01
9.531307744718893193e-01 3.491422880414737362e-01
9.613513115155698507e-01 3.161327249554742869e-01
9.620250620059078717e-01 2.647845157105861436e-01
9.650190407473475673e-01 2.501135987834752217e-01
9.656927912376855883e-01 2.097685772339202281e-01
9.681335247644760056e-01 1.950976603068093618e-01
9.676242206297207549e-01 1.914299310750316452e-01
9.646358100647964839e-01 1.840944726114761565e-01
9.532374682081824480e-01 1.620880972208098569e-01
9.505244569563797707e-01 1.584203679890320848e-01
9.380753375446726494e-01 1.459712485773250190e-01
9.344076083128949328e-01 1.432582373255223418e-01
9.270721498493394996e-01 1.396972018300378093e-01
9.013980452268954835e-01 1.327778817220344187e-01
8.793916698362291839e-01 1.175455633282203594e-01
8.720562113726737508e-01 1.095048362958332411e-01
8.683884821408959231e-01 1.065809450077451204e-01
8.573852944455627734e-01 1.002934091818405427e-01
8.463821067502296236e-01 8.976506143169282748e-02
8.207080021277854964e-01 7.521264634946461802e-02
8.023693559688969135e-01 6.669605474347228835e-02
7.840307098100083305e-01 6.178980938258044064e-02
7.656920636511197475e-01 6.071770391483022333e-02
7.546888759557864867e-01 5.808574483790052145e-02
7.436856882604533370e-01 5.708545504741574517e-02
7.253470421015646430e-01 5.250717058286069605e-02
7.143438544062314932e-01 4.799766742903555095e-02
7.033406667108983434e-01 4.517171211930526287e-02
6.923374790155651937e-01 4.066220896548011776e-02
6.813342913202320439e-01 3.783625365574982968e-02
6.519924574660102001e-01 2.599129203836925139e-02
6.409892697706770504e-01 2.316533672863890780e-02
6.299860820753439006e-01 1.865583357481376270e-02
6.189828943800106398e-01 1.582987826508347462e-02
6.079797066846774900e-01 1.132667871781734004e-02
5.969765189893443402e-01 9.404975034305318449e-03
5.713024143669003241e-01 3.106141674136864150e-03
5.456283097444561969e-01 2.432391183798843226e-03
