4.133551631691576578e-01 2.327157428385295823e-02
4.022292119788197229e-01 2.226494060472705705e-02
3.799773095981437976e-01 2.820197835198506864e-02
3.744143340029748024e-01 3.227829667603132613e-02
3.724420062919603369e-01 3.505978447361579597e-02
3.711229067758331501e-01 4.062276006878479118e-02
3.721208265207560650e-01 4.618573566395373087e-02
3.756841436496981546e-01 5.174871125912272607e-02
3.973081181830933062e-01 6.843763804462965616e-02
4.010001824868637543e-01 7.400061363979865137e-02
3.997190888444142054e-01 7.956358923496764657e-02
3.932104485139245043e-01 8.512656483013664177e-02
3.799773095981437976e-01 9.136248102149541195e-02
3.465994560271299374e-01 9.826374565872797451e-02
2.742807732899331663e-01 1.000610146971672720e-01
2.687177976947641711e-01 1.019672091318754581e-01
2.616221655580690530e-01 1.073784672108125671e-01
2.578447090314793799e-01 1.129414428059815623e-01
2.561348767056914610e-01 1.185044184011505020e-01
2.561348767056914610e-01 1.240673939963194972e-01
2.576406445359628039e-01 1.296303695914884924e-01
2.607210202767087370e-01 1.351933451866574876e-01
2.687177976947641711e-01 1.453921337778006362e-01
2.742807732899331663e-01 1.496471478491053775e-01
2.798437488851021060e-01 1.523922114017216001e-01
2.953088210396719315e-01 1.574452475673334129e-01
2.984856351880620373e-01 1.630082231625023526e-01
2.949246280376305318e-01 1.796971499480093382e-01
2.950757058718743719e-01 1.852601255431782779e-01
2.971210673200981311e-01 1.908231011383472731e-01
3.017795731069616849e-01 1.963860767335162683e-01
3.132216024561160217e-01 2.024506320954628236e-01
3.243475536464539566e-01 2.044814516667844972e-01
3.521624316222988771e-01 2.049872928460468313e-01
3.577254072174678723e-01 2.059294572804009071e-01
3.632883828126368675e-01 2.093373792910190323e-01
3.654630005452937924e-01 2.130750035190231984e-01
3.666348603191056932e-01 2.297639303045301284e-01
3.680217918716841563e-01 2.353269058996991236e-01
3.744143340029748024e-01 2.417194480309897697e-01
3.911032607884817880e-01 2.453685482875889168e-01
3.966662363836507277e-01 2.490446979923317539e-01
4.022292119788197229e-01 2.550560635337285609e-01
4.132558243192439584e-01 2.631417838755440441e-01
4.147834947408902684e-01 2.687047594707130393e-01
4.112690473209693054e-01 2.742677350658819790e-01
4.013682752795674213e-01 2.853936862562199694e-01
3.855402851933127928e-01 2.974266443370746638e-01
3.688513584078058072e-01 3.140303674449875238e-01
3.499693354742033913e-01 3.354604666127407597e-01
3.297641351470132487e-01 3.632753445885856802e-01
3.246832504496107163e-01 3.744012957789236706e-01
3.076586268609470265e-01 4.034744658536758566e-01
3.020956512657780868e-01 4.062853873845680974e-01
2.965326756706090361e-01 4.061832137283726274e-01
2.742807732899331663e-01 4.005472810762178981e-01
2.687177976947641711e-01 4.005472810762178981e-01
2.520288709092571855e-01 4.042274033930219890e-01
2.297769685285813157e-01 4.058535039516098508e-01
2.019620905527363952e-01 4.125794589360914366e-01
1.852731637672294651e-01 4.181299318098011808e-01
1.574582857913845446e-01 4.292558830001391157e-01
1.352063834107086193e-01 4.403126226966847523e-01
1.018285298396947036e-01 4.625491727096466832e-01
9.070257864935676873e-02 4.718668988085679139e-01
7.738353131092329251e-02 4.856608076823032971e-01
7.326861048949684374e-02 4.912237832774722923e-01
5.727758121736686858e-02 5.190386612533172128e-01
5.244572189241597515e-02 5.357275880388241429e-01
4.766023357826115747e-02 5.468535392291621333e-01
4.157951736701637202e-02 5.579794904195000127e-01
2.624694795533150105e-02 5.802313928001759935e-01
5.316151353696951798e-03 6.024832951808518633e-01
1.843977401523588799e-03 6.080462707760209140e-01
0.000000000000000000e+00 6.136092463711898537e-01
0.000000000000000000e+00 6.247351975615278441e-01
1.846686642884953766e-03 6.302981731566967838e-01
7.257944721822007228e-03 6.378141082693187247e-01
1.282092031699100243e-02 6.420937417797866198e-01
1.838389591215999763e-02 6.436200357661804317e-01
2.394687150732899283e-02 6.424603648990760973e-01
3.507282269766692773e-02 6.350393455389431452e-01
4.063579829283592293e-02 6.326706186311070734e-01
4.619877388800491813e-02 6.350885132525367904e-01
4.534887483874294745e-02 6.414241243470347742e-01
3.389422617326670606e-02 6.636760267277106440e-01
3.114341930107933365e-02 6.748019779180486344e-01
3.224787415324520401e-02 6.859279291083866248e-01
3.507282269766692773e-02 6.931134392521465237e-01
4.063579829283592293e-02 6.978691439635338334e-01
4.619877388800491813e-02 6.990096139064012615e-01
5.176174948317385782e-02 6.986874524973059053e-01
5.732472507834285302e-02 6.969021627824927290e-01
6.288770067351184823e-02 6.931816129726755538e-01
6.922331176800983199e-02 6.859279291083866248e-01
7.957662745901877832e-02 6.687127749017149902e-01
8.513960305418777352e-02 6.627488641285158577e-01
9.070257864935676873e-02 6.593599249728382405e-01
9.626555424452570842e-02 6.633978779479522414e-01
9.564113861649653492e-02 6.748019779180486344e-01
9.632602137056017755e-02 6.803649535132176851e-01
1.009286367287115516e-01 6.859279291083866248e-01
1.073915054348636988e-01 6.878264049067379649e-01
1.129544810300326940e-01 6.877098197287141446e-01
1.185174566252016892e-01 6.863383125539319618e-01
1.240804322203706289e-01 6.836521663649084424e-01
1.296434078155396241e-01 6.791066614143104196e-01
1.329306206672303814e-01 6.748019779180486344e-01
1.356236065803462787e-01 6.692390023228796947e-01
1.407693590058776145e-01 6.475086289042508714e-01
1.463323346010465542e-01 6.452170622528318189e-01
1.574582857913845446e-01 6.521756444876979364e-01
1.630212613865535398e-01 6.537812258740085536e-01
1.685842369817224795e-01 6.534308800066077616e-01
1.741472125768914747e-01 6.503127918740982949e-01
1.771468562801688518e-01 6.469870999422038249e-01
1.800401951988925275e-01 6.414241243470347742e-01
1.813790808506111629e-01 6.358611487518658345e-01
1.803831287682502449e-01 6.247351975615278441e-01
1.743869960077177317e-01 6.080462707760209140e-01
1.560675418925923097e-01 5.746684172050070538e-01
1.550560917843797348e-01 5.691054416098380031e-01
1.557364123928798305e-01 5.579794904195000127e-01
1.579798147534316466e-01 5.524165148243310730e-01
1.630212613865535398e-01 5.473750681912091798e-01
1.685842369817224795e-01 5.450141682662433817e-01
1.963991149575674000e-01 5.392255196630592051e-01
2.130880417430743301e-01 5.378361352402187823e-01
2.186510173382433253e-01 5.388239612474559070e-01
2.221842585946344761e-01 5.412905636339930826e-01
2.256510949621642892e-01 5.468535392291621333e-01
2.267004744494348079e-01 5.524165148243310730e-01
2.268294217580066885e-01 5.635424660146690634e-01
2.250528543326838493e-01 5.746684172050070538e-01
2.178883513292282359e-01 5.969203195856829236e-01
2.111072852811581302e-01 6.247351975615278441e-01
2.095362957861587327e-01 6.414241243470347742e-01
2.055138365096519926e-01 6.581130511325417043e-01
2.040271345236703282e-01 6.692390023228796947e-01
2.000364451544086597e-01 6.859279291083866248e-01
1.984641589285013885e-01 7.026168558938935549e-01
1.944734695592396645e-01 7.193057826794004850e-01
1.927049514764004878e-01 7.471206606552454055e-01
1.909775709453264136e-01 7.526836362504143452e-01
1.852260199062534252e-01 7.638095874407524466e-01
1.803941605813025872e-01 7.804985142262592657e-01
1.624284852985437011e-01 8.250023189876112273e-01
1.555326403930568091e-01 8.528171969634561478e-01
1.549258864532851998e-01 8.750690993441320176e-01
1.555326403930568091e-01 8.806320749393010683e-01
1.624380462031890238e-01 9.084469529151458778e-01
1.673113527353702890e-01 9.195729041054838682e-01
1.741472125768914747e-01 9.300730205413653140e-01
1.886000413290461752e-01 9.473877820813287887e-01
2.019620905527363952e-01 9.592587746460197184e-01
2.130880417430743301e-01 9.654210946356681644e-01
2.242139929334123205e-01 9.702228996453692300e-01
2.520288709092571855e-01 9.768715527357243467e-01
2.575918465044262362e-01 9.768715527357243467e-01
2.742807732899331663e-01 9.731914304189203113e-01
3.076586268609470265e-01 9.715653298603323940e-01
3.243475536464539566e-01 9.678852075435282476e-01
3.299105292416229518e-01 9.678852075435282476e-01
3.465994560271299374e-01 9.716204409239209694e-01
3.632883828126368675e-01 9.731376160862397207e-01
3.799773095981437976e-01 9.771283054555013337e-01
4.189181387643266530e-01 9.777350593952729430e-01
4.300440899546646434e-01 9.759532202565218695e-01
4.467330167401715735e-01 9.698794678928308599e-01
4.689849191208474988e-01 9.551438538245932142e-01
4.822378903916912374e-01 9.418248064861598490e-01
4.864188872807074238e-01 9.362618308909907983e-01
4.917384012683009842e-01 9.251358797006528079e-01
4.931332904544219464e-01 9.195729041054838682e-01
4.941843682720979958e-01 8.973210017248078874e-01
4.959609356974209460e-01 8.861950505344700080e-01
5.008329544031898672e-01 8.695061237489629669e-01
5.040089593475747254e-01 8.639431481537940272e-01
5.268077712206328256e-01 8.416912457731180464e-01
5.476116188275662600e-01 8.138763677972732369e-01
5.579925286435512000e-01 7.967346406726245611e-01
5.635555042387201397e-01 7.917880823458669504e-01
5.691184798338891904e-01 7.890253702614773434e-01
5.913703822145650602e-01 7.812736829567337171e-01
6.191852601904099807e-01 7.696123464667476988e-01
6.581260893565928916e-01 7.479650408795122107e-01
6.748150161420998216e-01 7.368544420568881037e-01
7.026298941179447421e-01 7.159359032323270311e-01
7.415707232841275420e-01 6.781288554798654555e-01
7.526966744744656435e-01 6.712324019111486351e-01
7.582596500696345831e-01 6.698416580123562891e-01
7.638226256648035228e-01 6.702290234033758676e-01
7.860745280454795036e-01 6.808665332799952452e-01
7.972004792358173830e-01 6.828973528513169189e-01
8.138894060213244241e-01 6.828973528513169189e-01
8.250153572116623035e-01 6.811155137125658454e-01
8.417042839971693446e-01 6.749458479765444441e-01
8.472672595923382843e-01 6.712857574946871075e-01
8.583932107826761637e-01 6.613759502797080803e-01
8.750821375681832048e-01 6.491141200227095176e-01
8.827721332438578372e-01 6.414241243470347742e-01
9.309516769506993583e-01 5.691054416098380031e-01
9.470651235022231607e-01 5.357275880388241429e-01
9.598711572645504120e-01 5.134756856581481621e-01
9.648649158213612465e-01 5.023497344678102827e-01
9.704032828854040060e-01 4.856608076823032971e-01
9.731506543102907969e-01 4.689718808967963670e-01
9.827594303383100360e-01 4.300310517306135116e-01
9.856687088753729453e-01 4.133421249451065260e-01
9.924974011547416097e-01 3.966531981595995959e-01
9.993932460602283907e-01 3.688383201837546754e-01
1.000000000000000000e+00 3.632753445885856802e-01
9.993932460602283907e-01 3.465864178030787501e-01
9.936865156870593463e-01 3.187715398272338296e-01
9.917556167918610832e-01 3.132085642320648899e-01
9.882834428396878312e-01 3.076455886368958947e-01
9.807786738763937251e-01 2.999555929612211513e-01
9.690964251265390406e-01 2.909566618513889091e-01
9.647719988148226733e-01 2.853936862562199694e-01
9.632373556690464467e-01 2.798307106610509742e-01
9.637705599665737921e-01 2.742677350658819790e-01
9.715783680843834702e-01 2.520158326852061093e-01
9.732044686429714986e-01 2.353269058996991236e-01
9.745427576850349549e-01 2.297639303045301284e-01
9.813714499644035083e-01 2.130750035190231984e-01
9.861059301666827981e-01 1.963860767335162683e-01
9.909146039862355426e-01 1.852601255431782779e-01
9.913019693772551211e-01 1.796971499480093382e-01
9.899439041602376976e-01 1.741341743528403430e-01
9.815237152507468865e-01 1.574452475673334129e-01
9.773427183617305891e-01 1.518822719721644177e-01
9.696527226860558457e-01 1.443401608287142035e-01
9.640897470908869060e-01 1.406124507233306731e-01
9.474008203053798649e-01 1.344427849873092717e-01
9.362748691150419855e-01 1.326609458485581983e-01
9.084599911391970650e-01 1.332676997883297521e-01
8.917710643536900239e-01 1.372045748249108299e-01
8.305783328068312432e-01 1.382239214437271935e-01
8.138894060213244241e-01 1.392625588164570494e-01
8.083264304261553734e-01 1.364516372855647530e-01
7.921010849402458920e-01 1.073784672108125671e-01
7.871024691880650348e-01 1.018154916156435719e-01
7.693856012599724625e-01 8.709889254115105173e-02
7.471336988792965927e-01 7.376083020897233888e-02
7.193188209034516722e-01 6.209949371898632053e-02
6.859409673324378121e-01 5.098604525010769217e-02
6.581260893565928916e-01 4.420497920203758646e-02
6.470001381662549012e-01 4.268780403971872417e-02
6.303112113807479711e-01 3.864200360686859126e-02
6.136222845952410410e-01 3.712482844454972897e-02
5.969333578097341109e-01 3.313413907528811597e-02
5.746814554290581301e-01 3.252738513551656219e-02
5.468665774532132096e-01 3.767521329821010845e-02
4.578589679305095084e-01 3.767521329821010845e-02
4.467330167401715735e-01 3.573272506980562646e-02
4.300440899546646434e-01 2.872164014797246034e-02
