5.237075384814556811e-01 0.000000000000000000e+00
4.964746489355060799e-01 7.080110225899938214e-04
4.796947877001230265e-01 5.701765438164363431e-03
4.650238707730121046e-01 6.773870905914580742e-03
4.466852246141235216e-01 1.120836487163107131e-02
4.356820369187903164e-01 1.486785092560066746e-02
4.100079322963462447e-01 2.622402386780220418e-02
3.953370153692353783e-01 3.466507082679870511e-02
3.880015569056799452e-01 3.795650707318498629e-02
3.586597230514581014e-01 4.787741401160022781e-02
3.366533476607918018e-01 5.627701978023824658e-02
3.219824307336808800e-01 5.889682637436505219e-02
2.999760553430145249e-01 6.621606017048881077e-02
2.926405968794590917e-01 6.984792434794379057e-02
2.853051384159036585e-01 7.468479972424962865e-02
2.449601168663486650e-01 9.591087927157898596e-02
1.972796368532382383e-01 1.231101383849174669e-01
1.606023445354610169e-01 1.553093476585064026e-01
1.312605106812392286e-01 1.698672326075642003e-01
1.202573229859060233e-01 1.725964325594745996e-01
1.114089262142423098e-01 1.767590141479207233e-01
1.087166232479847561e-01 1.804267433796984399e-01
1.080606678421372480e-01 1.840944726114761565e-01
1.085511538544821630e-01 1.877622018432539286e-01
1.106494670635317368e-01 1.914299310750316452e-01
1.214978784613602869e-01 1.987653895385870784e-01
1.225384716544507535e-01 2.024331187703647950e-01
1.201001345902584228e-01 2.061008480021425116e-01
1.129218645223505901e-01 2.102881722084221638e-01
9.825094759523966825e-02 2.162176677997960650e-01
7.059819957144186642e-02 2.317749526245865832e-01
6.767542299941992079e-02 2.354426818563642998e-01
6.707524912512902171e-02 2.391104110881420719e-01
6.797609490135514410e-02 2.427781403199197885e-01
7.257684297279565211e-02 2.488528168600516177e-01
7.624457220457336870e-02 2.509388378606252079e-01
9.458321836346195166e-02 2.550316902533590335e-01
1.019186768270174404e-01 2.550316902533590335e-01
1.275927814494615120e-01 2.469569465757976978e-01
1.495991568401278116e-01 2.359993907576163341e-01
1.716055322307941666e-01 2.229818069022477256e-01
1.752732614625718832e-01 2.217651082628599446e-01
1.773437537708335010e-01 2.244394941610311500e-01
1.773412364549571962e-01 2.281072233928088666e-01
1.757317276165440978e-01 2.354426818563642998e-01
1.672545985342735464e-01 2.537813280152529383e-01
1.446511824991446593e-01 2.794554326376970099e-01
1.424274362887053558e-01 2.831231618694747265e-01
1.414059229917211669e-01 2.867908911012524431e-01
1.416829745815409436e-01 2.904586203330301597e-01
1.437387633937003417e-01 2.941263495648078763e-01
1.495991568401278116e-01 2.980646489858151948e-01
1.532668860719055837e-01 2.990444410346916881e-01
1.606023445354610169e-01 2.994089745031146554e-01
1.679378029990164500e-01 2.981785987966912854e-01
1.826087199261273719e-01 2.909498340694290364e-01
1.905110092709575431e-01 2.831231618694747265e-01
2.009473660850159549e-01 2.674843719506447282e-01
2.046150953167937270e-01 2.641593345915331792e-01
2.082828245485714436e-01 2.642300915243871451e-01
2.119505537803491602e-01 2.683911161218341945e-01
2.131440212287847302e-01 2.721199741741415767e-01
2.136749339415580651e-01 2.867908911012524431e-01
2.125036240613314975e-01 2.941263495648078763e-01
2.041714183935947613e-01 3.198004541872520035e-01
2.031424464585798728e-01 3.271359126508074366e-01
2.035548923357329287e-01 3.308036418825851532e-01
2.051016308271315647e-01 3.344713711143628698e-01
2.082828245485714436e-01 3.376525648358027487e-01
2.119505537803491602e-01 3.390414781730065608e-01
2.156182830121268768e-01 3.390996960973204910e-01
2.192860122439045933e-01 3.380408575988608222e-01
2.229537414756823099e-01 3.357516162235683055e-01
2.354028608873894313e-01 3.234681834190297200e-01
2.412923876345709484e-01 3.157095254287306529e-01
2.449601168663486650e-01 3.132568918078303399e-01
2.486278460981263816e-01 3.139576762250013697e-01
2.522955753299040982e-01 3.174622768019936814e-01
2.657328015154170053e-01 3.344713711143628698e-01
2.749241547866756452e-01 3.491422880414737362e-01
2.894165445708802853e-01 3.784841218956955800e-01
2.906972478088902800e-01 3.858195803592510131e-01
2.906972478088902800e-01 4.151614142134728014e-01
2.877032690674506399e-01 4.298323311405837233e-01
2.868811158201831635e-01 4.445032480676945896e-01
2.853051384159036585e-01 4.497518950717903641e-01
2.816374091841259419e-01 4.526089296699233877e-01
2.779696799523482253e-01 4.521561061763076927e-01
2.743019507205704532e-01 4.497054354474609439e-01
2.596310337934595314e-01 4.357218578877652404e-01
2.412923876345709484e-01 4.220056589406294134e-01
2.192860122439045933e-01 4.111091649815893923e-01
1.936119076214605217e-01 4.061563178160484400e-01
1.532668860719055837e-01 4.061563178160484400e-01
1.385959691447946618e-01 4.091318896430503060e-01
1.312605106812392286e-01 4.091318896430503060e-01
1.202573229859060233e-01 4.065563571696866330e-01
1.092541352905728735e-01 4.061563178160484400e-01
1.019186768270174404e-01 4.074414357498116757e-01
7.991230143635108529e-02 4.157144844944551387e-01
7.257684297279565211e-02 4.168857943746817063e-01
5.057046758212929705e-02 4.176723980721514518e-01
4.690273835035158045e-02 4.189310248127998682e-01
4.224472222599384708e-02 4.224968726770282901e-01
3.992750329348859761e-02 4.261646019088060067e-01
3.916994255335354280e-02 4.298323311405837233e-01
3.992750329348859761e-02 4.335000603723614399e-01
4.224472222599384708e-02 4.371677896041391564e-01
5.208995540672289870e-02 4.445032480676945896e-01
5.324153126179348439e-02 4.481709772994723062e-01
5.165581602826757601e-02 4.518387065312500783e-01
3.828703477759065610e-02 4.665096234583609447e-01
3.619427889685766786e-02 4.701773526901386613e-01
3.544860033963587176e-02 4.738450819219163779e-01
3.625977406171088102e-02 4.775128111536941500e-01
3.857699299421613048e-02 4.811805403854718666e-01
4.323500911857380835e-02 4.847463882497002330e-01
4.690273835035158045e-02 4.860050149903486494e-01
6.157365527746244682e-02 4.866273920057984648e-01
6.890911374101788001e-02 4.860230891368033657e-01
7.991230143635108529e-02 4.820647251109896336e-01
8.358003066812880189e-02 4.824642456165940119e-01
8.656006066894822437e-02 4.848482696172495832e-01
8.828300605403732737e-02 4.885159988490272998e-01
8.874306489440053625e-02 4.921837280808050163e-01
8.734100725325683046e-02 4.995191865443604495e-01
8.380524211218531860e-02 5.068546450079158827e-01
8.324382215521580752e-02 5.105223742396935993e-01
8.429112102939184670e-02 5.141901034714713159e-01
8.724775989990651848e-02 5.173395666161499928e-01
9.091548913168423507e-02 5.188766463787428673e-01
9.458321836346195166e-02 5.193304815614628867e-01
1.019186768270174404e-01 5.181885296011963238e-01
1.165895937541283067e-01 5.110135879760925315e-01
1.253274192768928930e-01 5.031869157761381661e-01
1.312605106812392286e-01 4.954846843894050168e-01
1.349282399130169452e-01 4.924305944714054140e-01
1.422636983765723784e-01 4.905140901469360881e-01
1.532668860719055837e-01 4.908577028970084744e-01
1.716055322307941666e-01 4.954077803893838228e-01
1.862764491579050885e-01 5.025647117100330297e-01
2.009473660850159549e-01 5.126736385006401830e-01
2.449601168663486650e-01 5.559810567374002810e-01
2.526623482530818698e-01 5.618705834845817426e-01
2.557164381710814172e-01 5.655383127163594592e-01
2.609570589772560734e-01 5.838769588752481532e-01
2.609570589772560734e-01 5.948801465705813030e-01
2.546937059814511350e-01 6.205542511930253191e-01
2.540199554911130586e-01 6.352251681201362965e-01
2.528486456108864355e-01 6.425606265836917297e-01
2.487859378753581874e-01 6.535638142790248795e-01
2.411958684442609968e-01 6.645670019743580292e-01
2.261103936833598893e-01 6.975765650603575896e-01
2.151234306554584697e-01 7.342538573781347555e-01
2.106446198872161668e-01 7.562602327688011661e-01
2.096443300967313350e-01 7.672634204641343159e-01
1.977305871686207417e-01 8.112761712454670260e-01
1.923615453833544819e-01 8.259470881725778924e-01
1.912702035734793471e-01 8.406180050996887587e-01
1.849705152647720952e-01 8.699598389539106025e-01
1.839702254742872634e-01 8.809630266492438633e-01
1.809390819922583882e-01 8.956339435763547296e-01
1.809390819922583882e-01 9.543176112847983061e-01
1.856124636935315153e-01 9.763239866754646057e-01
1.881519925150640926e-01 9.799917159072424333e-01
2.009473660850159549e-01 9.921096056239981920e-01
2.046150953167937270e-01 9.945626038553048165e-01
2.302891999392377431e-01 9.999999999999998890e-01
2.632987630252372480e-01 9.995999606463616960e-01
2.889728676476813751e-01 9.933011272861933527e-01
2.999760553430145249e-01 9.923008374957085209e-01
3.256501599654585966e-01 9.859656688226379195e-01
3.476565353561249516e-01 9.819350649778111340e-01
3.623274522832358180e-01 9.823334199552236079e-01
3.733306399785690233e-01 9.849290437192508296e-01
3.916692861374576617e-01 9.853290830728890226e-01
3.990047446010130949e-01 9.839901420369672191e-01
4.063402030645685281e-01 9.805386579856653073e-01
4.246788492234571666e-01 9.694797419483081047e-01
4.356820369187903164e-01 9.601366047775226065e-01
4.576884123094566714e-01 9.447603553058390169e-01
4.686916000047898212e-01 9.344625001550784793e-01
4.809298393802114435e-01 9.249757774305764624e-01
5.095933304555968490e-01 8.846307558810215799e-01
5.157498759517951115e-01 8.736275681856884301e-01
5.279319766144854320e-01 8.552889220267997361e-01
5.487594390377945608e-01 8.149439004772447426e-01
5.642106518082424804e-01 7.892697958548007264e-01
5.674989607746638853e-01 7.819343373912452932e-01
5.781012728920164045e-01 7.635956912323565993e-01
5.902833735547067251e-01 7.452570450734680163e-01
5.964399190509049875e-01 7.342538573781347555e-01
6.175520335368452907e-01 7.049120235239130228e-01
6.241821594558282227e-01 6.975765650603575896e-01
6.374071446665652285e-01 6.794562361176461618e-01
6.541995912473514974e-01 6.608992727425803126e-01
6.777521662161201110e-01 6.370590327360251548e-01
6.850876246796755442e-01 6.309239220210515198e-01
7.327681046927859709e-01 5.991147066836337576e-01
7.401035631563414041e-01 5.929714303377173756e-01
7.488849533362708089e-01 5.838769588752481532e-01
7.621099385470078147e-01 5.653389796059368200e-01
7.657776677787855313e-01 5.628375302820505244e-01
7.694453970105632479e-01 5.622067919974947925e-01
8.024549600965626972e-01 5.704564041862433266e-01
8.097904185601181304e-01 5.703235531984445217e-01
8.134581477918959580e-01 5.692371243992540020e-01
8.281290647190068244e-01 5.619671026748916942e-01
8.611386278050063847e-01 5.376424105785115870e-01
8.845909349120466558e-01 5.141901034714713159e-01
8.873039461638492220e-01 5.105223742396935993e-01
9.023700172522409746e-01 4.811805403854718666e-01
9.085977793299921945e-01 4.665096234583609447e-01
9.126449288271263338e-01 4.591741649948055115e-01
9.202131191201147198e-01 4.408355188359168730e-01
9.265957632076200490e-01 4.151614142134728014e-01
9.348840360472256972e-01 3.931550388228064463e-01
9.413849939809173506e-01 3.674809342003624302e-01
9.495486493677773865e-01 3.491422880414737362e-01
9.577691864114580289e-01 3.161327249554742869e-01
9.584429369017959388e-01 2.647845157105861436e-01
9.614369156432357455e-01 2.501135987834752217e-01
9.621106661335736554e-01 2.097685772339202281e-01
9.645513996603642948e-01 1.950976603068093618e-01
9.640420955256088220e-01 1.914299310750316452e-01
9.610536849606845511e-01 1.840944726114761565e-01
9.496553431040706261e-01 1.620880972208098569e-01
9.469423318522679489e-01 1.584203679890320848e-01
9.344932124405608276e-01 1.459712485773250190e-01
9.308254832087831110e-01 1.432582373255223418e-01
9.234900247452276778e-01 1.396972018300378093e-01
8.978159201227835506e-01 1.327778817220344187e-01
8.758095447321172511e-01 1.175455633282203594e-01
8.684740862685618179e-01 1.095048362958332411e-01
8.648063570367841013e-01 1.065809450077451204e-01
8.538031693414509515e-01 1.002934091818405427e-01
8.427999816461178018e-01 8.976506143169282748e-02
8.171258770236736746e-01 7.521264634946461802e-02
7.987872308647849806e-01 6.669605474347228835e-02
7.804485847058963977e-01 6.178980938258044064e-02
7.621099385470078147e-01 6.071770391483022333e-02
7.511067508516746649e-01 5.808574483790052145e-02
7.401035631563414041e-01 5.708545504741574517e-02
7.217649169974528212e-01 5.250717058286069605e-02
7.107617293021196714e-01 4.799766742903555095e-02
6.997585416067864106e-01 4.517171211930526287e-02
6.887553539114532608e-01 4.066220896548011776e-02
6.777521662161201110e-01 3.783625365574982968e-02
6.484103323618983783e-01 2.599129203836925139e-02
6.374071446665652285e-01 2.316533672863890780e-02
6.264039569712319677e-01 1.865583357481376270e-02
6.154007692758988179e-01 1.582987826508347462e-02
6.043975815805656682e-01 1.132667871781734004e-02
5.933943938852325184e-01 9.404975034305318449e-03
5.677202892627883912e-01 3.106141674136864150e-03
5.420461846403443751e-01 2.432391183798843226e-03
