6.367787692310759029e-01 5.854576090599344917e-02
6.246981320448317110e-01 5.915965898442326898e-02
6.113458488389827972e-01 6.402699374911691166e-02
6.011726806821455771e-01 6.963977618047550999e-02
5.757397602900523603e-01 8.012130788822907634e-02
5.655665921332151402e-01 8.189744900660800297e-02
4.841812468785171020e-01 8.189744900660800297e-02
4.638349105648425508e-01 7.774525465556825221e-02
4.434885742511680551e-01 7.719046075493712911e-02
4.231422379374935594e-01 8.139419696357136358e-02
4.078824857022376738e-01 8.278144716677648951e-02
3.926227334669817881e-01 8.648078104198997362e-02
3.824495653101445125e-01 8.786803124519509955e-02
3.570166449180514068e-01 9.406839326453825256e-02
3.264971404475396355e-01 1.042301293841817467e-01
3.010642200554464742e-01 1.148928345333031786e-01
2.807178837417719786e-01 1.270886772680319687e-01
2.645182192311561487e-01 1.405450042391213072e-01
2.599476654215625571e-01 1.456315883175399173e-01
2.451117951928415417e-01 1.721882889130046390e-01
2.400252111144229317e-01 1.745675335938270956e-01
2.349386270360043216e-01 1.741250804856306900e-01
2.044191225654925503e-01 1.601825542467866792e-01
1.688130340165621135e-01 1.464237612477855000e-01
9.251427284028274078e-02 1.087962419496583122e-01
5.690818429135230394e-02 9.423247662190659124e-02
4.673501613451508385e-02 9.245021299019301475e-02
1.621551166400331256e-02 9.252613215554239545e-02
1.112892758558464701e-02 9.327206808175458885e-02
6.042343507166036964e-03 9.534858529233913860e-02
9.557594287474269201e-04 1.010180071297431814e-01
-1.110223024625156540e-16 1.100254997686095360e-01
9.557594287474269201e-04 1.367809320210914836e-01
1.035685678796760545e-02 1.558047564743771929e-01
2.051598729393905307e-02 1.710645087096330785e-01
3.235385569462240207e-02 1.863242609448889642e-01
5.268450286909398539e-02 2.168437654154007355e-01
6.640011350911567689e-02 2.422766858074938412e-01
9.328634363789989337e-02 2.778827743564242780e-01
9.891489113895945984e-02 2.880559425132614981e-01
1.029792941819472896e-01 2.982291106700987737e-01
1.034668369446196112e-01 3.033156947485173838e-01
1.020636146478799411e-01 3.084022788269360493e-01
9.810951532654316187e-02 3.134888629053546594e-01
8.742768876186407523e-02 3.217171606792671446e-01
8.056559892022385760e-02 3.287486151406105450e-01
7.739076839284164677e-02 3.338351992190291551e-01
7.562522414240835378e-02 3.389217832974478206e-01
7.040719588407873264e-02 3.643547036895409263e-01
7.040719588407873264e-02 3.847010400032154775e-01
7.671250754749037171e-02 4.101339603953085833e-01
8.295641727357677686e-02 4.253937126305644689e-01
8.561655655212407900e-02 4.406534648658203546e-01
9.440247450575633970e-02 4.762595534147507359e-01
9.691457176526391271e-02 4.915193056500066215e-01
1.019786546911108371e-01 5.067790578852625627e-01
1.065447672565874027e-01 5.169522260420997828e-01
1.182541422715907564e-01 5.372985623557743340e-01
1.329876961539068203e-01 5.678180668262861053e-01
1.731135096464978540e-01 6.288570757673095368e-01
1.819165169142275551e-01 6.390302439241468679e-01
1.993325384870738848e-01 6.521868892808257989e-01
2.095057066439111604e-01 6.612480592855414230e-01
2.145922907223297704e-01 6.645947139044749985e-01
2.298520429575856561e-01 6.702360335480960218e-01
2.400252111144229317e-01 6.718652829378193303e-01
2.552849633496788173e-01 6.718652829378193303e-01
2.654581315065160929e-01 6.700083748279586082e-01
2.858044678201905886e-01 6.602818197772009068e-01
2.908910518986091986e-01 6.599276268463167838e-01
2.959776359770278642e-01 6.611992728659213947e-01
3.061508041338650843e-01 6.675051410690198139e-01
3.417568926827955211e-01 7.020745408191623183e-01
3.671898130748886269e-01 7.212016976273277757e-01
3.824495653101445125e-01 7.313608281332992789e-01
4.180556538590748938e-01 7.511543429630815893e-01
4.434885742511680551e-01 7.618170481122030768e-01
4.638349105648425508e-01 7.689049111722946472e-01
4.689214946432612163e-01 7.714310353771023365e-01
4.740080787216798264e-01 7.759539897559970534e-01
4.835000079394431438e-01 7.916277662767057244e-01
5.025222952381995789e-01 8.170606866687988301e-01
5.233687058500074984e-01 8.374070229824733813e-01
5.262727301274312541e-01 8.424936070608919358e-01
5.307275281675383205e-01 8.577533592961479325e-01
5.323519572927950527e-01 8.679265274529850416e-01
5.333130249086970309e-01 8.882728637666597038e-01
5.345884612294032889e-01 8.933594478450782583e-01
5.394524328020480208e-01 9.035326160019154784e-01
5.432753854366159096e-01 9.086192000803341440e-01
5.553934239763779201e-01 9.207976561911633828e-01
5.757397602900523603e-01 9.342713697861522171e-01
5.909995125253082460e-01 9.398249897042834089e-01
6.011726806821455771e-01 9.414542390940066063e-01
6.367787692310759029e-01 9.408994451933754277e-01
6.520385214663317885e-01 9.372505028853723719e-01
6.672982737015876742e-01 9.358632526821673014e-01
6.825580259368435598e-01 9.324478901092336791e-01
6.876446100152622254e-01 9.324478901092336791e-01
7.029043622505181110e-01 9.358128611149567622e-01
7.334238667210298823e-01 9.372997087686484319e-01
7.486836189562857680e-01 9.406646797743715149e-01
7.537702030347044335e-01 9.406646797743715149e-01
7.792031234267975393e-01 9.345853913838744198e-01
7.893762915836347593e-01 9.301947942129598079e-01
7.995494597404719794e-01 9.245601912546639323e-01
8.117672352229481358e-01 9.137057841587528095e-01
8.249823801325650852e-01 8.978737912146748101e-01
8.312328436187574887e-01 8.882728637666597038e-01
8.356888192008494753e-01 8.780996956098223727e-01
8.420028730103505943e-01 8.526667752177292670e-01
8.420028730103505943e-01 8.272338548256361612e-01
8.356975613469388442e-01 8.018009344335429445e-01
8.192703963723737548e-01 7.611082618061939531e-01
8.129210103102543217e-01 7.356753414141008474e-01
8.115337601070491402e-01 7.255021732572635162e-01
8.027478421534171016e-01 6.898960847083330794e-01
8.013102003830014919e-01 6.746363324730773048e-01
7.976612580749984360e-01 6.593765802378213081e-01
7.963018714442509083e-01 6.492034120809840880e-01
7.926238798798559415e-01 6.339436598457282024e-01
7.911874237933747001e-01 6.186839076104723167e-01
7.849870617740315470e-01 5.932509872183792110e-01
7.784360988435439221e-01 5.729046509047046598e-01
7.768116697182873009e-01 5.627314827478674397e-01
7.769295744826558714e-01 5.525583145910302196e-01
7.778890892065394302e-01 5.474717305126115541e-01
7.810590392391935088e-01 5.423851464341928885e-01
7.842897075052162048e-01 5.401297742484790776e-01
7.893762915836347593e-01 5.392265418048522996e-01
8.046360438188906450e-01 5.404969447687193451e-01
8.300689642109837507e-01 5.457898760995860687e-01
8.351555482894024163e-01 5.479485977699632970e-01
8.397652651104692278e-01 5.525583145910302196e-01
8.418165512492362668e-01 5.576448986694487742e-01
8.424386118562291470e-01 5.678180668262861053e-01
8.415137783874256927e-01 5.729046509047046598e-01
8.247631308188401178e-01 6.034241553752164311e-01
8.192804834640152745e-01 6.186839076104723167e-01
8.183698208306209310e-01 6.288570757673095368e-01
8.195940495410201088e-01 6.339436598457282024e-01
8.222396142079276826e-01 6.390302439241468679e-01
8.249823801325650852e-01 6.420711365797232562e-01
8.300689642109837507e-01 6.449222038149817759e-01
8.351555482894024163e-01 6.452425474297565078e-01
8.402421323678210818e-01 6.437744617665180913e-01
8.504153005246583019e-01 6.374117853537408784e-01
8.555018846030768565e-01 6.395071111814986109e-01
8.652998129508504555e-01 6.848095006299145249e-01
8.679737974876610140e-01 6.898960847083330794e-01
8.707616368383328531e-01 6.930475552786576898e-01
8.758482209167515187e-01 6.960423738030889762e-01
8.860213890735886277e-01 6.969781748482852812e-01
8.911079731520072933e-01 6.957411944826562555e-01
8.961945572304259588e-01 6.911677307279378013e-01
8.982683184316273550e-01 6.848095006299145249e-01
8.982715790624469232e-01 6.695497483946586392e-01
8.961945572304259588e-01 6.540356669554818758e-01
9.012811413088446244e-01 6.503435085123537851e-01
9.063677253872632900e-01 6.534422321463330130e-01
9.114543094656818445e-01 6.590233452323756014e-01
9.247087737469457114e-01 6.797229165514958593e-01
9.419738139361936158e-01 6.983564235326416014e-01
9.470603980146121703e-01 7.008746286775866530e-01
9.521469820930308359e-01 7.011768155274067382e-01
9.572335661714495014e-01 6.993804446045511769e-01
9.616313419892490444e-01 6.949826687867517450e-01
9.638138297014671174e-01 6.898960847083330794e-01
9.645597656276794218e-01 6.797229165514958593e-01
9.622755310912856075e-01 6.695497483946586392e-01
9.427509309481741928e-01 6.339436598457282024e-01
9.419738139361936158e-01 6.281506057564181233e-01
9.470603980146121703e-01 6.259397701929224622e-01
9.521469820930308359e-01 6.281056485739068274e-01
9.674067343282868325e-01 6.398309099364904995e-01
9.775799024851239416e-01 6.445754544358655025e-01
9.877530706419612727e-01 6.459558237847629059e-01
9.928396547203799383e-01 6.447861153813048141e-01
9.979262387987986038e-01 6.403018899437514788e-01
1.000000000000000000e+00 6.339436598457282024e-01
9.994760573851917407e-01 6.186839076104723167e-01
9.974943590185554321e-01 6.135973235320537622e-01
9.935431184759058176e-01 6.085107394536350967e-01
9.724933184067053871e-01 5.903087474083135167e-01
9.602170433712911013e-01 5.779912349831233254e-01
9.461974953584519898e-01 5.576448986694487742e-01
9.362618301760021744e-01 5.372985623557743340e-01
9.318437524240887893e-01 5.220388101205184483e-01
9.172221324831744127e-01 4.966058897284252871e-01
9.134595974196737522e-01 4.915193056500066215e-01
8.961945572304259588e-01 4.742542654607587727e-01
8.605884686814955220e-01 4.500545622250405331e-01
8.402421323678210818e-01 4.399446785598112308e-01
8.148092119757279761e-01 4.297715104029739552e-01
7.995494597404719794e-01 4.246963583617490157e-01
7.741165393483788737e-01 4.185463879096163464e-01
7.537702030347044335e-01 4.170595402559247322e-01
7.385104507994484369e-01 4.136945692502016492e-01
7.334238667210298823e-01 4.136945692502016492e-01
7.130775304073553311e-01 4.188478626280093264e-01
7.079909463289366656e-01 4.189412865310889744e-01
7.029043622505181110e-01 4.163710813486076745e-01
6.873376609760472045e-01 3.897876240816340876e-01
6.826918834125913493e-01 3.796144559247968120e-01
6.642169775771610274e-01 3.541815355327037063e-01
6.469519373879131230e-01 3.345866264124318645e-01
6.316921851526573484e-01 3.194047813443850470e-01
6.172196423581089997e-01 3.084022788269360493e-01
6.081667337899711034e-01 2.982291106700987737e-01
6.049532499296188526e-01 2.931425265916801637e-01
6.063500966191073260e-01 2.880559425132614981e-01
6.164324329174013517e-01 2.806626517016064803e-01
6.215190169958200173e-01 2.751660760418143115e-01
6.266056010742386828e-01 2.718047374491613377e-01
6.418653533094945685e-01 2.684681318954914575e-01
6.469519373879131230e-01 2.638946681407730033e-01
6.489786232316581138e-01 2.575364380427497268e-01
6.500501295084044617e-01 2.422766858074938412e-01
6.520385214663317885e-01 2.388591371298063315e-01
6.571251055447504541e-01 2.357430562584905687e-01
6.622116896231691197e-01 2.348815751088699222e-01
6.876446100152622254e-01 2.344190521938172567e-01
6.978177781720994455e-01 2.325621440839567011e-01
7.082799567879378699e-01 2.270169335722379556e-01
7.125395263221380171e-01 2.219303494938193455e-01
7.144097309993221456e-01 2.168437654154007355e-01
7.145478711175232700e-01 2.117571813369820699e-01
7.112918147202509367e-01 1.964974291017261843e-01
7.141965789046074153e-01 1.914108450233075742e-01
7.181641144857739967e-01 1.896706978385854225e-01
7.385104507994484369e-01 1.844852651626914808e-01
7.588567871131229881e-01 1.829984175089998111e-01
7.842897075052162048e-01 1.766843636994987476e-01
7.947518861210545182e-01 1.710645087096330785e-01
7.990114556552546654e-01 1.659779246312144685e-01
8.008009209026226705e-01 1.608913405527958029e-01
8.008816603324387939e-01 1.558047564743771929e-01
7.993182513732712824e-01 1.507181723959585828e-01
7.958642814795768849e-01 1.456315883175399173e-01
7.893762915836347593e-01 1.406837292594418365e-01
7.842897075052162048e-01 1.389407738759277922e-01
7.741165393483788737e-01 1.380776313652615217e-01
6.723848577800063397e-01 1.378498738692128800e-01
6.367787692310759029e-01 1.309871486724153433e-01
6.246788646808982826e-01 1.252852520038654216e-01
6.187275989040049717e-01 1.201986679254468116e-01
6.175562131207730232e-01 1.151120838470281460e-01
6.209321034483101798e-01 1.100254997686095360e-01
6.469519373879131230e-01 9.308948687114743104e-02
6.497831492806178666e-01 8.967916345493504027e-02
6.523352388709062755e-01 8.459257937651637471e-02
6.535088621764997274e-01 7.950599529809776467e-02
6.534293843002744184e-01 7.441941121967915462e-02
6.518073130991310915e-01 6.933282714126048907e-02
6.469519373879131230e-01 6.284483724531841897e-02
6.418653533094945685e-01 5.939086735162402153e-02
