6.832548032195804311e-01 1.002263430707789893e-01
6.512084997662610508e-01 1.002263430707789893e-01
6.400043410401006216e-01 1.011100792871679199e-01
6.145841529624676003e-01 1.073875478207726997e-01
6.008500229110449453e-01 1.086361050981747844e-01
5.321793726539321145e-01 1.256554347893256707e-01
5.138671992520353893e-01 1.269936320763874193e-01
5.001330692006128453e-01 1.302334781397998520e-01
4.497745923453967398e-01 1.310723480809430908e-01
4.314624189435000146e-01 1.346002271817905993e-01
4.268843755930258332e-01 1.346002271817905993e-01
4.131502455416032338e-01 1.315716754268616007e-01
3.948380721397064530e-01 1.300926152674775627e-01
3.902600287892322717e-01 1.286947303226522732e-01
3.811039420882839091e-01 1.238029665847770189e-01
3.673698120368613651e-01 1.188045801735245210e-01
3.627917686863871838e-01 1.178375453754390012e-01
3.536356819854387656e-01 1.174065470347513407e-01
3.444795952844904030e-01 1.190845281796034105e-01
3.399015519340161662e-01 1.212950886051677446e-01
3.353235085835419849e-01 1.250358058450032894e-01
3.326183011491709030e-01 1.285783393900130633e-01
3.304077407236066799e-01 1.331563827404872447e-01
3.286614305735235941e-01 1.423124694414356073e-01
3.288790321747976364e-01 1.514685561423840254e-01
3.300627745579970962e-01 1.560465994928582067e-01
3.338610780688072155e-01 1.606246428433323881e-01
3.443651442007285013e-01 1.652026861938065694e-01
3.503293173434296470e-01 1.697807295442807507e-01
3.483293135564800580e-01 1.743587728947549320e-01
3.353235085835419849e-01 1.794996904276644489e-01
3.307454652330678035e-01 1.805462846106302144e-01
3.215893785321194409e-01 1.812258379204662595e-01
2.803869883778517536e-01 1.805919549950159575e-01
2.666528583264291541e-01 1.773067553552876152e-01
2.529187282750066101e-01 1.754469963141299660e-01
2.483406849245324288e-01 1.729395794561079391e-01
2.391845982235840662e-01 1.636003710211406115e-01
2.346065548731098294e-01 1.600836013564581051e-01
2.254504681721614667e-01 1.556404827440258098e-01
2.208724248216872854e-01 1.546731864877158857e-01
2.162943814712131041e-01 1.546731864877158857e-01
2.117163381207389228e-01 1.556404827440258098e-01
2.023001353203318087e-01 1.606246428433323881e-01
1.983783848977228037e-01 1.652026861938065694e-01
1.965873354859687394e-01 1.697807295442807507e-01
1.959665024150030743e-01 1.743587728947549320e-01
1.959665024150030743e-01 1.880929029461775315e-01
1.966378620060818538e-01 1.926709462966517128e-01
1.984960700780430409e-01 1.972489896471258941e-01
2.025602514197905046e-01 2.013131709888733578e-01
2.071382947702647415e-01 2.033893811251428763e-01
2.162943814712131041e-01 2.058422021656389211e-01
2.373315806769635272e-01 2.155611630490226749e-01
2.389099156225555909e-01 2.201392063994968562e-01
2.346065548731098294e-01 2.238490001490190950e-01
2.304405354241783610e-01 2.292952931004452188e-01
2.286841654594011786e-01 2.338733364509194002e-01
2.280128058683223990e-01 2.384513798013935815e-01
2.280128058683223990e-01 2.567635532032903622e-01
2.286841654594011786e-01 2.613415965537645436e-01
2.305530789898774802e-01 2.659196399042387249e-01
2.346065548731098294e-01 2.699731157874710741e-01
2.391845982235840662e-01 2.718420293179473757e-01
2.437626415740582475e-01 2.725133889090262107e-01
2.574967716254807915e-01 2.721277441446544598e-01
2.712309016769033354e-01 2.695320022354722456e-01
2.758089450273775167e-01 2.700177270970020027e-01
3.032772051302227156e-01 2.767057874951286411e-01
3.170113351816452596e-01 2.779986312058745357e-01
3.215893785321194409e-01 2.790261349801931301e-01
3.307454652330678035e-01 2.825150470497076460e-01
3.334506726674389410e-01 2.842318133061355057e-01
3.356505116800044819e-01 2.888098566566096870e-01
3.341556403818904397e-01 2.933879000070838683e-01
3.208944969521367874e-01 3.117000734089806491e-01
2.948160000092570066e-01 3.620585502641967546e-01
2.895430750788001162e-01 3.681177252868831351e-01
2.849650317283259349e-01 3.711730183892316681e-01
2.803869883778517536e-01 3.727289128426096720e-01
2.758089450273775167e-01 3.732986716246893266e-01
2.117163381207389228e-01 3.737086456560750891e-01
2.025602514197905046e-01 3.751750078000791189e-01
1.842480780178937794e-01 3.810610635364030108e-01
1.659359046159969986e-01 3.844688108588566466e-01
1.338896011626776739e-01 3.984855676132283975e-01
1.109993844103067118e-01 4.118038963135457475e-01
1.064213410598325305e-01 4.152446421299998414e-01
9.542506046310533785e-02 4.261511571708353485e-01
8.753691223912651864e-02 4.353072438717837667e-01
6.521895090556484309e-02 4.553901698903733974e-01
6.064090755509066177e-02 4.583947900789164809e-01
4.690677750366806231e-02 4.634658438449384410e-01
4.232873415319388100e-02 4.644306427244156987e-01
2.401656075129715573e-02 4.659097028837996812e-01
1.943851740082297441e-02 4.674761734862764584e-01
1.486047405034873758e-02 4.703335944117324474e-01
8.532002359987411744e-03 4.765096340260514540e-01
5.091256543533317913e-03 4.810876773765256353e-01
7.886194894650144782e-04 4.902437640774739980e-01
0.000000000000000000e+00 4.948218074279481793e-01
6.846029738803993681e-04 4.993998507784224161e-01
5.704387349400374951e-03 5.048362772571104440e-01
2.401656075129715573e-02 5.101406447929964783e-01
3.775069080271969968e-02 5.101406447929964783e-01
5.606286420461648046e-02 5.053767407082081498e-01
6.064090755509066177e-02 5.049507283408724012e-01
6.521895090556484309e-02 5.074114266417522057e-01
6.586457240370868771e-02 5.085559374793707788e-01
6.505925171892035230e-02 5.131339808298449601e-01
5.685361714697106938e-02 5.268681108812675040e-01
5.148482085414229914e-02 5.334863692031487359e-01
4.690677750366806231e-02 5.377409638386437818e-01
3.573417170786796770e-02 5.451802842831643403e-01
3.242279552415061605e-02 5.497583276336385216e-01
3.130621439397529571e-02 5.543363709841127029e-01
3.108861279270130895e-02 5.634924576850610656e-01
3.283492294278433921e-02 5.726485443860094282e-01
3.532961018468050440e-02 5.772265877364836095e-01
3.775069080271969968e-02 5.799634614786148834e-01
4.232873415319388100e-02 5.825294879507828538e-01
4.690677750366806231e-02 5.828014631068191287e-01
5.148482085414229914e-02 5.813295511166255425e-01
6.064090755509066177e-02 5.739761769576470218e-01
6.521895090556484309e-02 5.713132817421211485e-01
7.437503760651320572e-02 5.681099669264876306e-01
9.726525435888416782e-02 5.532358797940948314e-01
1.018432977093583491e-01 5.518678181970921859e-01
1.064213410598325305e-01 5.535378750508903600e-01
1.139167649767853785e-01 5.634924576850610656e-01
1.201554711112551299e-01 5.696684972993800722e-01
1.247335144617293112e-01 5.724441674507203537e-01
1.293115578122034925e-01 5.737192158147493837e-01
1.338896011626776739e-01 5.733734012498344912e-01
1.384676445131518552e-01 5.711069583598293864e-01
1.415673613650353935e-01 5.680705010355352469e-01
1.483064218891709807e-01 5.589144143345868843e-01
1.528396986380011757e-01 5.497583276336385216e-01
1.560668439506305849e-01 5.406022409326900480e-01
1.626103448236713711e-01 5.268681108812675040e-01
1.659359046159969986e-01 5.224617441564360920e-01
1.705139479664711799e-01 5.202773070922227516e-01
1.934041647188421420e-01 5.197277298346324459e-01
1.979822080693163233e-01 5.190563702435536664e-01
2.025602514197905046e-01 5.171874567130773093e-01
2.066999714707511981e-01 5.131339808298449601e-01
2.085985327355021623e-01 5.085559374793707788e-01
2.089473602877908176e-01 5.039778941288965974e-01
2.057835676563488647e-01 4.902437640774739980e-01
2.072056189371834778e-01 4.856657207269998167e-01
2.117163381207389228e-01 4.825984316821821385e-01
2.162943814712131041e-01 4.806680234027321807e-01
2.208724248216872854e-01 4.799994539571506014e-01
2.254504681721614667e-01 4.807909523445504929e-01
2.298792275003376240e-01 4.856657207269998167e-01
2.301449024552748024e-01 4.902437640774739980e-01
2.237152420635140082e-01 5.177120241803191414e-01
2.225275635714740741e-01 5.634924576850610656e-01
2.192877175080615859e-01 5.772265877364836095e-01
2.178086573486776034e-01 6.001168044888545161e-01
2.164107724038522584e-01 6.046948478393288084e-01
2.074145560069312610e-01 6.230070212412255337e-01
1.902616095375844196e-01 6.504752813440706216e-01
1.845243392545602990e-01 6.642094113954932766e-01
1.794727052126577904e-01 6.733654980964416392e-01
1.653082696405287488e-01 7.145678882507092711e-01
1.551951106014229365e-01 7.557702784049770139e-01
1.538569133143612433e-01 7.740824518068737392e-01
1.508283615594321891e-01 7.878165818582962832e-01
1.508283615594321891e-01 7.923946252087705755e-01
1.538569133143612433e-01 8.061287552601930084e-01
1.553359734737452258e-01 8.244409286620898447e-01
1.567410209375022512e-01 8.290189720125640260e-01
1.616341225021893924e-01 8.381750587135123887e-01
1.688169146555195677e-01 8.564872321154091139e-01
1.718015226587920607e-01 8.610652754658834063e-01
1.888261213683679607e-01 8.754125363231730628e-01
1.979822080693163233e-01 8.804838093441447189e-01
2.071382947702647415e-01 8.844354483759653274e-01
2.300285115226356480e-01 8.901182428823541937e-01
2.346065548731098294e-01 8.906175702282727036e-01
2.895430750788001162e-01 8.906175702282727036e-01
3.078552484806968970e-01 8.868783968189417610e-01
3.215893785321194409e-01 8.864495009091842848e-01
3.307454652330678035e-01 8.884171446360893398e-01
3.399015519340161662e-01 8.931503758967490603e-01
3.627917686863871838e-01 8.992743295833025563e-01
4.039941588406548711e-01 8.997736569292211772e-01
4.131502455416032338e-01 8.981023966701294770e-01
4.223063322425515964e-01 8.936526204060768475e-01
4.268843755930258332e-01 8.900751215949085360e-01
4.589306790463451025e-01 8.521816913453204023e-01
4.683592683276788793e-01 8.427531020639865700e-01
4.955550258501386640e-01 8.214027726204115032e-01
5.047111125510870266e-01 8.156735437550496348e-01
5.144394546708446203e-01 8.061287552601930084e-01
5.459135027053547695e-01 7.805006890531267505e-01
5.642256761072514948e-01 7.630335202590947663e-01
6.054280662615192377e-01 7.320893087102514629e-01
6.191621963129417816e-01 7.229473425975594392e-01
6.328963263643643256e-01 7.151810190565763836e-01
6.466304564157868695e-01 7.046210486074062640e-01
6.557865431167352321e-01 6.989463192740912323e-01
6.603645864672094135e-01 6.971634303407169275e-01
6.649426298176837058e-01 6.971634303407169275e-01
6.786767598691062497e-01 7.023001627099855204e-01
6.878328465700546124e-01 7.030544508692928574e-01
7.015669766214771563e-01 7.029177928588309365e-01
7.107230633224255190e-01 7.013137143569977416e-01
7.198791500233738816e-01 6.973620753251771331e-01
7.290352367243222442e-01 6.923725530783210180e-01
7.473474101262190805e-01 6.797483469985450277e-01
7.793937135795383497e-01 6.523154752398494516e-01
8.136356092519627659e-01 6.184289778907513524e-01
8.251741470842802739e-01 6.049673504197141671e-01
8.389082771357028179e-01 5.905792141753667401e-01
8.499214946297680706e-01 5.772265877364836095e-01
8.808181830804984180e-01 5.360241975822158667e-01
8.899616355709016879e-01 5.222900675307933227e-01
8.977279591118845214e-01 5.085559374793707788e-01
9.082864431833435059e-01 4.948218074279481793e-01
9.174298956737467758e-01 4.810876773765256353e-01
9.352445169504226552e-01 4.490413739232063106e-01
9.430206129977367624e-01 4.307292005213095853e-01
9.539972849709843494e-01 4.078389837689386233e-01
9.663805169845620657e-01 3.757926803156192985e-01
9.951996751252520923e-01 3.162781167594548304e-01
9.991397944022994970e-01 3.044896551319838385e-01
9.998265009048705743e-01 2.979659433575581051e-01
1.000000000000000000e+00 2.750757266051870875e-01
9.991397944022994970e-01 2.660286409363928906e-01
9.899837077013511344e-01 2.517064122928828196e-01
9.854056643508768421e-01 2.473051428848578870e-01
9.762495776499284794e-01 2.423914990784410417e-01
9.625154475985059355e-01 2.378337072858534573e-01
9.533593608975575728e-01 2.363673451418494276e-01
9.396252308461350289e-01 2.363673451418494276e-01
9.258911007947123739e-01 2.385677707340327913e-01
9.213130574442383036e-01 2.380698761888540571e-01
9.171165177063036467e-01 2.338733364509194002e-01
9.166186231611248569e-01 2.292952931004452188e-01
9.188190487533082207e-01 2.155611630490226749e-01
9.181788585350674214e-01 2.018270329976000754e-01
9.166948558187599794e-01 1.972489896471258941e-01
9.048056895939707855e-01 1.789368162452291133e-01
8.938447973413931047e-01 1.680303012043936062e-01
8.892667539909189234e-01 1.645895553879394568e-01
8.709545805890221981e-01 1.549402390164935639e-01
8.526424071871254728e-01 1.476034867563279507e-01
8.297521904347544552e-01 1.370965020175347049e-01
8.068619736823834376e-01 1.292913133544311699e-01
7.931278436309610047e-01 1.235203398818279230e-01
7.702376268785899871e-01 1.201125925593742316e-01
7.519254534766932618e-01 1.142165743631223251e-01
7.107230633224255190e-01 1.040580617477006031e-01
6.945727437249193947e-01 1.011100792871679199e-01
