5.955882352941176405e-01 0.000000000000000000e+00
5.308823529411764719e-01 0.000000000000000000e+00
5.279411764705882470e-01 2.941176470588224845e-03
5.191176470588235725e-01 2.941176470588224845e-03
5.073529411764705621e-01 8.823529411764730046e-03
4.985294117647058876e-01 8.823529411764730046e-03
4.955882352941176627e-01 1.176470588235295489e-02
4.808823529411764830e-01 1.176470588235295489e-02
4.779411764705882582e-01 1.470588235294117974e-02
4.691176470588235281e-01 1.470588235294117974e-02
4.544117647058823484e-01 2.352941176470590978e-02
4.397058823529411686e-01 2.647058823529413463e-02
4.338235294117647189e-01 3.235294117647058432e-02
4.191176470588235392e-01 3.529411764705880916e-02
4.102941176470588092e-01 4.117647058823531436e-02
3.955882352941176294e-01 4.411764705882353921e-02
3.808823529411764497e-01 5.294117647058821374e-02
3.750000000000000000e-01 5.294117647058821374e-02
3.602941176470588203e-01 6.176470588235294379e-02
3.544117647058823151e-01 6.176470588235294379e-02
3.485294117647058654e-01 6.764705882352939348e-02
3.397058823529411908e-01 6.764705882352939348e-02
3.308823529411764608e-01 7.352941176470589868e-02
3.250000000000000111e-01 7.352941176470589868e-02
3.161764705882352811e-01 7.941176470588234837e-02
3.073529411764706065e-01 7.941176470588234837e-02
2.985294117647058765e-01 8.529411764705879806e-02
2.955882352941176516e-01 8.235294117647057321e-02
2.867647058823529216e-01 8.235294117647057321e-02
2.661764705882352922e-01 7.352941176470589868e-02
2.485294117647058876e-01 7.352941176470589868e-02
2.455882352941176627e-01 7.647058823529412352e-02
2.338235294117647078e-01 7.647058823529412352e-02
2.323529411764705954e-01 8.676470588235296599e-02
2.441176470588235503e-01 9.852941176470586537e-02
2.191176470588235281e-01 1.029411764705882582e-01
2.000000000000000111e-01 1.161764705882352700e-01
2.000000000000000111e-01 1.308823529411764497e-01
2.132352941176470784e-01 1.411764705882352922e-01
2.514705882352941124e-01 1.411764705882352922e-01
2.544117647058823373e-01 1.382352941176470673e-01
2.647058823529411797e-01 1.397058823529411797e-01
2.588235294117646745e-01 1.426470588235294046e-01
2.588235294117646745e-01 1.455882352941176294e-01
2.367647058823529327e-01 1.617647058823529216e-01
2.235294117647058654e-01 1.632352941176470340e-01
2.235294117647058654e-01 1.749999999999999889e-01
2.338235294117647078e-01 1.823529411764706065e-01
2.529411764705882248e-01 1.838235294117647189e-01
2.500000000000000000e-01 1.867647058823529438e-01
2.500000000000000000e-01 1.985294117647058987e-01
2.588235294117646745e-01 2.191176470588235281e-01
2.720588235294117974e-01 2.323529411764705954e-01
3.044117647058823817e-01 2.500000000000000000e-01
3.338235294117647411e-01 2.735294117647059098e-01
3.632352941176470451e-01 2.882352941176470340e-01
3.691176470588235503e-01 2.882352941176470340e-01
3.779411764705882248e-01 2.941176470588235392e-01
3.882352941176470673e-01 2.955882352941176516e-01
3.617647058823529327e-01 3.220588235294117307e-01
3.573529411764705954e-01 3.323529411764706287e-01
3.544117647058823151e-01 3.323529411764706287e-01
3.455882352941176405e-01 3.441176470588235281e-01
3.411764705882353033e-01 3.455882352941176405e-01
3.411764705882353033e-01 3.544117647058823151e-01
3.352941176470588536e-01 3.573529411764705954e-01
3.338235294117647411e-01 3.617647058823529327e-01
3.294117647058823484e-01 3.632352941176470451e-01
3.176470588235293935e-01 3.926470588235294046e-01
3.117647058823529438e-01 3.985294117647059098e-01
3.117647058823529438e-01 4.044117647058823595e-01
3.073529411764706065e-01 4.058823529411764719e-01
2.779411764705882470e-01 3.617647058823529327e-01
2.735294117647059098e-01 3.602941176470588203e-01
2.308823529411764830e-01 3.117647058823529438e-01
2.117647058823529660e-01 2.985294117647058765e-01
2.102941176470587981e-01 2.941176470588235392e-01
1.867647058823529438e-01 2.882352941176470340e-01
1.779411764705882137e-01 2.823529411764705843e-01
1.691176470588235392e-01 2.823529411764705843e-01
1.661764705882353144e-01 2.794117647058823595e-01
1.397058823529411797e-01 2.794117647058823595e-01
1.367647058823529549e-01 2.823529411764705843e-01
1.250000000000000000e-01 2.823529411764705843e-01
1.132352941176470451e-01 2.941176470588235392e-01
9.999999999999997780e-02 3.014705882352941568e-01
9.117647058823530326e-02 3.191176470588235059e-01
7.500000000000001110e-02 3.323529411764706287e-01
6.617647058823528106e-02 3.352941176470588536e-01
6.323529411764705621e-02 3.323529411764706287e-01
5.441176470588232617e-02 3.323529411764706287e-01
4.705882352941176405e-02 3.397058823529411908e-01
4.705882352941176405e-02 3.514705882352940902e-01
6.029411764705883137e-02 3.588235294117647078e-01
7.647058823529412352e-02 3.602941176470588203e-01
7.352941176470589868e-02 3.691176470588235503e-01
6.176470588235294379e-02 3.779411764705882248e-01
6.029411764705883137e-02 3.823529411764705621e-01
4.999999999999998890e-02 3.897058823529411797e-01
4.117647058823531436e-02 4.073529411764705843e-01
4.117647058823531436e-02 4.161764705882353144e-01
4.852941176470587648e-02 4.205882352941176516e-01
6.029411764705883137e-02 4.205882352941176516e-01
9.852941176470586537e-02 3.941176470588235170e-01
9.999999999999997780e-02 4.014705882352941346e-01
8.529411764705879806e-02 4.220588235294117641e-01
8.676470588235296599e-02 4.382352941176470562e-01
1.044117647058823706e-01 4.382352941176470562e-01
1.191176470588235503e-01 4.294117647058823817e-01
1.323529411764705621e-01 4.161764705882353144e-01
1.323529411764705621e-01 4.102941176470588092e-01
1.455882352941176294e-01 3.911764705882352922e-01
1.573529411764705843e-01 4.117647058823529216e-01
1.661764705882353144e-01 4.117647058823529216e-01
1.735294117647058765e-01 4.073529411764705843e-01
1.749999999999999889e-01 4.029411764705882470e-01
1.970588235294117863e-01 4.220588235294117641e-01
2.147058823529411908e-01 4.455882352941176183e-01
2.147058823529411908e-01 4.514705882352941235e-01
2.294117647058823706e-01 4.779411764705882582e-01
2.294117647058823706e-01 4.926470588235294379e-01
2.323529411764705954e-01 4.955882352941176627e-01
2.294117647058823706e-01 4.985294117647058876e-01
2.294117647058823706e-01 5.073529411764705621e-01
2.323529411764705954e-01 5.102941176470587870e-01
2.323529411764705954e-01 5.250000000000000222e-01
2.352941176470588203e-01 5.279411764705882470e-01
2.352941176470588203e-01 5.514705882352941568e-01
2.323529411764705954e-01 5.544117647058823817e-01
2.323529411764705954e-01 5.955882352941176405e-01
2.294117647058823706e-01 5.985294117647058654e-01
2.294117647058823706e-01 6.161764705882353255e-01
2.235294117647058654e-01 6.250000000000000000e-01
2.235294117647058654e-01 6.338235294117646745e-01
2.117647058823529660e-01 6.691176470588235947e-01
2.058823529411764608e-01 6.779411764705882693e-01
2.058823529411764608e-01 6.867647058823529438e-01
2.000000000000000111e-01 6.985294117647058432e-01
2.000000000000000111e-01 7.102941176470588536e-01
1.941176470588235059e-01 7.220588235294117530e-01
1.941176470588235059e-01 7.426470588235294379e-01
1.911764705882352811e-01 7.455882352941176627e-01
1.911764705882352811e-01 8.161764705882352811e-01
1.941176470588235059e-01 8.191176470588235059e-01
1.911764705882352811e-01 8.220588235294117307e-01
1.911764705882352811e-01 8.573529411764706509e-01
1.882352941176470562e-01 8.602941176470588758e-01
1.882352941176470562e-01 9.073529411764705843e-01
1.911764705882352811e-01 9.102941176470588092e-01
1.911764705882352811e-01 9.250000000000000444e-01
1.941176470588235059e-01 9.279411764705882693e-01
1.941176470588235059e-01 9.367647058823529438e-01
2.073529411764705732e-01 9.676470588235294157e-01
2.117647058823529660e-01 9.691176470588235281e-01
2.117647058823529660e-01 9.779411764705883137e-01
2.220588235294117530e-01 9.911764705882353255e-01
2.367647058823529327e-01 1.000000000000000000e+00
2.750000000000000222e-01 1.000000000000000000e+00
2.955882352941176516e-01 9.911764705882353255e-01
3.044117647058823817e-01 9.911764705882353255e-01
3.191176470588235059e-01 9.823529411764706509e-01
3.250000000000000111e-01 9.823529411764706509e-01
3.308823529411764608e-01 9.764705882352940902e-01
3.367647058823529660e-01 9.764705882352940902e-01
3.544117647058823151e-01 9.647058823529411908e-01
3.750000000000000000e-01 9.647058823529411908e-01
3.779411764705882248e-01 9.676470588235294157e-01
3.897058823529411797e-01 9.676470588235294157e-01
3.926470588235294046e-01 9.705882352941176405e-01
4.161764705882353144e-01 9.705882352941176405e-01
4.367647058823529438e-01 9.588235294117646301e-01
4.426470588235293935e-01 9.588235294117646301e-01
4.455882352941176183e-01 9.529411764705881804e-01
4.529411764705882359e-01 9.485294117647058432e-01
4.676470588235294157e-01 9.220588235294118196e-01
4.676470588235294157e-01 9.132352941176470340e-01
4.705882352941176405e-01 9.102941176470588092e-01
4.705882352941176405e-01 9.014705882352941346e-01
4.735294117647058654e-01 8.985294117647059098e-01
4.735294117647058654e-01 8.838235294117646745e-01
4.794117647058823706e-01 8.661764705882353255e-01
5.264705882352941346e-01 8.044117647058823817e-01
5.308823529411764719e-01 7.941176470588235947e-01
5.352941176470588092e-01 7.926470588235294823e-01
5.411764705882352589e-01 7.838235294117646967e-01
5.411764705882352589e-01 7.779411764705882470e-01
5.470588235294118196e-01 7.750000000000000222e-01
5.735294117647058432e-01 7.367647058823529882e-01
6.220588235294117752e-01 6.852941176470588314e-01
6.323529411764705621e-01 6.779411764705882693e-01
6.323529411764705621e-01 6.750000000000000444e-01
6.470588235294117974e-01 6.632352941176470340e-01
6.485294117647059098e-01 6.588235294117646967e-01
6.544117647058823595e-01 6.588235294117646967e-01
6.602941176470588092e-01 6.500000000000000222e-01
6.691176470588235947e-01 6.470588235294117974e-01
6.897058823529411686e-01 6.294117647058823373e-01
6.955882352941176183e-01 6.294117647058823373e-01
7.352941176470588758e-01 5.985294117647058654e-01
7.367647058823529882e-01 5.941176470588235281e-01
7.397058823529412130e-01 5.941176470588235281e-01
7.485294117647058876e-01 5.823529411764706287e-01
7.529411764705882248e-01 5.808823529411765163e-01
7.647058823529411242e-01 5.632352941176470562e-01
7.647058823529411242e-01 5.573529411764706065e-01
7.705882352941175739e-01 5.544117647058823817e-01
7.705882352941175739e-01 5.485294117647059320e-01
7.794117647058823595e-01 5.367647058823529216e-01
7.794117647058823595e-01 5.308823529411764719e-01
7.897058823529412575e-01 5.205882352941176849e-01
8.102941176470588314e-01 5.117647058823528994e-01
8.470588235294117530e-01 4.838235294117647078e-01
9.029411764705882470e-01 4.161764705882353144e-01
9.058823529411764719e-01 4.073529411764705843e-01
9.205882352941177071e-01 3.897058823529411797e-01
9.264705882352941568e-01 3.750000000000000000e-01
9.323529411764706065e-01 3.691176470588235503e-01
9.441176470588235059e-01 3.338235294117647411e-01
9.441176470588235059e-01 3.220588235294117307e-01
9.470588235294117307e-01 3.191176470588235059e-01
9.470588235294117307e-01 3.014705882352941568e-01
9.499999999999999556e-01 2.985294117647058765e-01
9.499999999999999556e-01 2.897058823529411464e-01
9.529411764705881804e-01 2.867647058823529216e-01
9.529411764705881804e-01 2.750000000000000222e-01
9.558823529411764053e-01 2.720588235294117974e-01
9.558823529411764053e-01 2.602941176470587870e-01
9.588235294117646301e-01 2.573529411764705621e-01
9.588235294117646301e-01 2.397058823529411575e-01
9.558823529411764053e-01 2.367647058823529327e-01
9.558823529411764053e-01 2.279411764705882582e-01
9.308823529411764941e-01 2.000000000000000111e-01
9.102941176470588092e-01 1.911764705882352811e-01
8.985294117647059098e-01 1.911764705882352811e-01
8.955882352941175739e-01 1.882352941176470562e-01
8.720588235294117752e-01 1.882352941176470562e-01
8.499999999999999778e-01 1.749999999999999889e-01
8.470588235294117530e-01 1.573529411764705843e-01
8.411764705882353033e-01 1.514705882352941346e-01
8.411764705882353033e-01 1.455882352941176294e-01
8.352941176470587425e-01 1.426470588235294046e-01
8.338235294117646301e-01 1.382352941176470673e-01
7.867647058823529216e-01 1.088235294117647078e-01
7.573529411764705621e-01 7.647058823529412352e-02
6.985294117647058432e-01 3.529411764705880916e-02
6.926470588235293935e-01 3.529411764705880916e-02
6.867647058823529438e-01 2.941176470588235947e-02
6.808823529411764941e-01 2.941176470588235947e-02
6.750000000000000444e-01 2.352941176470590978e-02
6.691176470588235947e-01 2.352941176470590978e-02
6.544117647058823595e-01 1.470588235294117974e-02
6.485294117647059098e-01 1.470588235294117974e-02
6.426470588235293491e-01 8.823529411764730046e-03
6.191176470588235503e-01 5.882352941176449690e-03
6.161764705882353255e-01 2.941176470588224845e-03
5.985294117647058654e-01 2.941176470588224845e-03
