6.712696821899233335e-01 2.602540482885717932e-03
6.714658825810941867e-01 5.441675555124647623e-03
6.714988506796105705e-01 1.111994569960250701e-02
6.714988506796105705e-01 9.934606806942694046e-01
6.714317969199161684e-01 9.962998157665082788e-01
6.706378015183578345e-01 9.983973857079385672e-01
6.698962363875491377e-01 9.991389508387471530e-01
6.677986664461188493e-01 9.999329462403054869e-01
6.649595313738799751e-01 1.000000000000000000e+00
6.223725052902961963e-01 9.999781426971161569e-01
6.195333702180572111e-01 9.998611869536149221e-01
6.166942351458183369e-01 9.994642683991079579e-01
6.158424946241466413e-01 9.991389508387471530e-01
6.138551000735793517e-01 9.975075075509681755e-01
6.126651684624203620e-01 9.962998157665082788e-01
6.124146565442817325e-01 9.934606806942694046e-01
6.124355325374599701e-01 9.792650053330747006e-01
6.125202828381237641e-01 9.764258702608358265e-01
6.128286435474621374e-01 9.735867351885969523e-01
6.134269765309401379e-01 9.707476001163579671e-01
6.142381579801513558e-01 9.679084650441190929e-01
6.148378775985852140e-01 9.650693299718802187e-01
6.151475421587031533e-01 9.622301948996412335e-01
6.152322924593669473e-01 9.593910598274022483e-01
6.152746676096988443e-01 9.508736546106855148e-01
6.153594179103627493e-01 9.480345195384466406e-01
6.156677786197011226e-01 9.451953844662077664e-01
6.162661116031790121e-01 9.423562493939687812e-01
6.170772930523903410e-01 9.395171143217297960e-01
6.176770126708241992e-01 9.366779792494910328e-01
6.179866772309420275e-01 9.338388441772520476e-01
6.180714275316059325e-01 9.309997091050130624e-01
6.181138026819377185e-01 9.224823038882963289e-01
6.181985529826016235e-01 9.196431688160573437e-01
6.185069136919399968e-01 9.168040337438185805e-01
6.191052466754179973e-01 9.139648986715795953e-01
6.199164281246292152e-01 9.111257635993406101e-01
6.205161477430630734e-01 9.082866285271017359e-01
6.208258123031810127e-01 9.054474934548628617e-01
6.209105626038448067e-01 9.026083583826238765e-01
6.209320617609984660e-01 8.571821972268012235e-01
6.209105626038448067e-01 8.543430621545622383e-01
6.208258123031810127e-01 8.515039270823232531e-01
6.205161477430630734e-01 8.486647920100843789e-01
6.199164281246292152e-01 8.458256569378455048e-01
6.191052466754179973e-01 8.429865218656065196e-01
6.184794488654836719e-01 8.401473867933675344e-01
6.181985529826016235e-01 8.373082517211287712e-01
6.179866772309420275e-01 8.344691166488897860e-01
6.177051393003276658e-01 8.316299815766508008e-01
6.170772930523903410e-01 8.287908465044119266e-01
6.162592063847495139e-01 8.259517114321730524e-01
6.155367416163670669e-01 8.231125763599340672e-01
6.149689146019192698e-01 8.202734412876950820e-01
6.142443363334830764e-01 8.174343062154563189e-01
6.123904669013926494e-01 8.117560360709783485e-01
6.114115821835377496e-01 8.089169009987394743e-01
6.077346695489987960e-01 8.003994957820226297e-01
6.057333120390598902e-01 7.947212256375448813e-01
6.044474575884487555e-01 7.918820905653058961e-01
6.029219395760978539e-01 7.890429554930670220e-01
5.991777857269157126e-01 7.833646853485891626e-01
5.944120947128004318e-01 7.748472801318724290e-01
5.925362376114996499e-01 7.720081450596334438e-01
5.906000028000587543e-01 7.691690099873945696e-01
5.887416598436840953e-01 7.663298749151556954e-01
5.865830237546689752e-01 7.634907398429167102e-01
5.854637493511901658e-01 7.622254731259406890e-01
5.839862402829841814e-01 7.606516047706777250e-01
5.230027777619339346e-01 6.996681422496274783e-01
5.214289094066710817e-01 6.981906331814214939e-01
5.201636426896949494e-01 6.970713587779426845e-01
5.173245076174560753e-01 6.949127226889275644e-01
5.144853725452170901e-01 6.930543797325529054e-01
5.116462374729782159e-01 6.911181449211121208e-01
5.088071024007393417e-01 6.892422878198113390e-01
5.059679673285003565e-01 6.876417778699130956e-01
5.031288322562614823e-01 6.861363393577630809e-01
5.002896971840224971e-01 6.847408322883574705e-01
4.974505621117836229e-01 6.832972042855240957e-01
4.946114270395446932e-01 6.819016972161185963e-01
4.917722919673057635e-01 6.804580692132852215e-01
4.889331568950668339e-01 6.790625621438796111e-01
4.860940218228279042e-01 6.776189341410463474e-01
4.832548867505889745e-01 6.762234270716407369e-01
4.804157516783501003e-01 6.747797990688073622e-01
4.775766166061111706e-01 6.733842919994017517e-01
4.747374815338722409e-01 6.719406639965684880e-01
4.718983464616333112e-01 6.705451569271628776e-01
4.690592113893943815e-01 6.691015289243296138e-01
4.662200763171554518e-01 6.677060218549240034e-01
4.633809412449165777e-01 6.662623938520906286e-01
4.605418061726776480e-01 6.648668867826850182e-01
4.577026711004387183e-01 6.634232587798516434e-01
4.548635360281997886e-01 6.620277517104461440e-01
4.520244009559608589e-01 6.605841237076127692e-01
4.491852658837219292e-01 6.591886166382072698e-01
4.463461308114829995e-01 6.577449886353738950e-01
4.435069957392441253e-01 6.563494815659682846e-01
4.406678606670051956e-01 6.549058535631349098e-01
4.378287255947662659e-01 6.535103464937292994e-01
4.349895905225273363e-01 6.520667184908960357e-01
4.321504554502884066e-01 6.506712114214904252e-01
4.293113203780494769e-01 6.492275834186570505e-01
4.264721853058105472e-01 6.478320763492515511e-01
4.236330502335716730e-01 6.463884483464181763e-01
4.207939151613326878e-01 6.449929412770125658e-01
4.179547800890938136e-01 6.435493132741791911e-01
4.151156450168548839e-01 6.421538062047736917e-01
4.122765099446159542e-01 6.407101782019403169e-01
4.094373748723770245e-01 6.393146711325348175e-01
4.065982398001380949e-01 6.378710431297013317e-01
4.037591047278992207e-01 6.364755360602958323e-01
4.009199696556602910e-01 6.350319080574624575e-01
3.980808345834213613e-01 6.336364009880568471e-01
3.952416995111824316e-01 6.321927729852234723e-01
3.924025644389435019e-01 6.307972659158179729e-01
3.895634293667045722e-01 6.293536379129845981e-01
3.867242942944656425e-01 6.279581308435790987e-01
3.838851592222267683e-01 6.265145028407457239e-01
3.810460241499878387e-01 6.251189957713401135e-01
3.782068890777489090e-01 6.236753677685067387e-01
3.753677540055099793e-01 6.222798606991012393e-01
3.725286189332710496e-01 6.208362326962678646e-01
3.696894838610321199e-01 6.194407256268622541e-01
3.668503487887931902e-01 6.179970976240288794e-01
3.640112137165543160e-01 6.166015905546233800e-01
3.611720786443153308e-01 6.151579625517900052e-01
3.583329435720764566e-01 6.137624554823843948e-01
3.554938084998375269e-01 6.123188274795510200e-01
3.526546734275985973e-01 6.109233204101455206e-01
3.498155383553597231e-01 6.094796924073121458e-01
3.469764032831207379e-01 6.080841853379066464e-01
3.412981331386428785e-01 6.051600089609030508e-01
3.401708295070186017e-01 6.044991757975370916e-01
3.384589980664040043e-01 6.033579548371272860e-01
3.366165806259084903e-01 6.016600407252982174e-01
3.356198629941650746e-01 6.000985164355667756e-01
3.349810576029113030e-01 5.988209056530592322e-01
3.343938728493346391e-01 5.959817705808203581e-01
3.342211714512238196e-01 5.931426355085813729e-01
3.341794194648673999e-01 5.903035004363424987e-01
3.341579203077136850e-01 4.682206923300689105e-01
3.340731700070498356e-01 4.653815572578299808e-01
3.337635054469318963e-01 4.625424221855910512e-01
3.331637858284980380e-01 4.597032871133521215e-01
3.323526043792869311e-01 4.568641520411131918e-01
3.317542713958090417e-01 4.540250169688742621e-01
3.314459106864705573e-01 4.511858818966353324e-01
3.313611603858066523e-01 4.483467468243964582e-01
3.313187852354747553e-01 2.638029671288665279e-01
3.312340349348108504e-01 2.609638320566275982e-01
3.309243703746930221e-01 2.581246969843886685e-01
3.303246507562591638e-01 2.552855619121497943e-01
3.295134693070480569e-01 2.524464268399108091e-01
3.289151363235700565e-01 2.496072917676719349e-01
3.286067756142316276e-01 2.467681566954330052e-01
3.285220253135677781e-01 2.439290216231940756e-01
3.285011493203895405e-01 1.502375642393096733e-01
3.285429013067460158e-01 1.473984291670707436e-01
3.287156027048567797e-01 1.445592940948318139e-01
3.293027874584334991e-01 1.417201590225928842e-01
3.299415928496872707e-01 1.404425482400853964e-01
3.309383104814306309e-01 1.388810239503539545e-01
3.327807279219261449e-01 1.371831098385247194e-01
3.344925593625407423e-01 1.360418888781150248e-01
3.356198629941650746e-01 1.353810557147491211e-01
3.384589980664040043e-01 1.339835159507417606e-01
3.412981331386428785e-01 1.327605934257733988e-01
3.469764032831207379e-01 1.307592359158344375e-01
3.554938084998375269e-01 1.270823232812955395e-01
3.611720786443153308e-01 1.250809657713565781e-01
3.640112137165543160e-01 1.238572675264229539e-01
3.668503487887931902e-01 1.225323378260448903e-01
3.696894838610321199e-01 1.211127702899253977e-01
3.725286189332710496e-01 1.197878405895471676e-01
3.753677540055099793e-01 1.185649180645788059e-01
3.810460241499878387e-01 1.165635605546398446e-01
3.838851592222267683e-01 1.153398623097061648e-01
3.867242942944656425e-01 1.140149326093281013e-01
3.895634293667045722e-01 1.125953650732086642e-01
3.924025644389435019e-01 1.112704353728303786e-01
3.952416995111824316e-01 1.100475128478620168e-01
4.009199696556602910e-01 1.080461553379230555e-01
4.094373748723770245e-01 1.043692427033842129e-01
4.151156450168548839e-01 1.023678851934451961e-01
4.179547800890938136e-01 1.011441869485115719e-01
4.207939151613326878e-01 9.981925724813350831e-02
4.236330502335716730e-01 9.839968971201401571e-02
4.264721853058105472e-01 9.707476001163578561e-02
4.293113203780494769e-01 9.585183748666742387e-02
4.349895905225273363e-01 9.385047997672846254e-02
4.435069957392441253e-01 9.017356734218956449e-02
4.491852658837219292e-01 8.817220983225060316e-02
4.520244009559608589e-01 8.694851158731697893e-02
4.548635360281997886e-01 8.562358188693885985e-02
4.577026711004387183e-01 8.420401435081942276e-02
4.605418061726776480e-01 8.287908465044119266e-02
4.633809412449165777e-01 8.165616212547283093e-02
4.690592113893943815e-01 7.965480461553386959e-02
4.775766166061111706e-01 7.597789198099497154e-02
4.832548867505889745e-01 7.397653447105601021e-02
4.860940218228279042e-01 7.275283622612238599e-02
4.889331568950668339e-01 7.142790652574426691e-02
4.917722919673057635e-01 7.000833898962482982e-02
4.946114270395446932e-01 6.868340928924654420e-02
4.974505621117836229e-01 6.746048676427818247e-02
5.031288322562614823e-01 6.545912925433922114e-02
5.059679673285003565e-01 6.423543100940559691e-02
5.088071024007393417e-01 6.291050130902753335e-02
5.116462374729782159e-01 6.149093377290804074e-02
5.144853725452170901e-01 6.016600407252981064e-02
5.173245076174560753e-01 5.894308154756144891e-02
5.230027777619339346e-01 5.694172403762248758e-02
5.315201829786506682e-01 5.326481140308358952e-02
5.371984531231285276e-01 5.126345389314462819e-02
5.400375881953674018e-01 5.003975564821100397e-02
5.428767232676063870e-01 4.871482594783288489e-02
5.457158583398452611e-01 4.729525841171344780e-02
5.485549934120842464e-01 4.597032871133521770e-02
5.513941284843231205e-01 4.474740618636685596e-02
5.570723986288009799e-01 4.274604867642783912e-02
5.599115337010398541e-01 4.153592553088336636e-02
5.627506687732788393e-01 4.027925918743335831e-02
5.655898038455177135e-01 3.906913604188899658e-02
5.712680739899955729e-01 3.706777853195003525e-02
5.741072090622344470e-01 3.584408028701641102e-02
5.769463441344734322e-01 3.451915058663829194e-02
5.797854792067123064e-01 3.309958305051885485e-02
5.826246142789512916e-01 3.177465335014056924e-02
5.854637493511901658e-01 3.055173082517220751e-02
5.911420194956680252e-01 2.855037331523324617e-02
5.939811545679068994e-01 2.732667507029962195e-02
5.968202896401458846e-01 2.600174536992155838e-02
5.996594247123847587e-01 2.458217783380206578e-02
6.024985597846237440e-01 2.325724813342383568e-02
6.053376948568626181e-01 2.203432560845547394e-02
6.110159650013404775e-01 2.003296809851651261e-02
6.138551000735793517e-01 1.882284495297198434e-02
6.166942351458183369e-01 1.756617860952197629e-02
6.195333702180572111e-01 1.635605546397761456e-02
6.252116403625350705e-01 1.435469795403865323e-02
6.280507754347739446e-01 1.313099970910502901e-02
6.308899105070129298e-01 1.180607000872690993e-02
6.337290455792518040e-01 1.038650247260747284e-02
6.365681806514907892e-01 9.061572772229187223e-03
6.394073157237296634e-01 7.838650247260880999e-03
6.450855858682075228e-01 5.837292737321864156e-03
6.460137646418241397e-01 5.441675555124647623e-03
6.532207998251998715e-01 2.602540482885717932e-03
6.564421261571632416e-01 2.023793718160138422e-03
6.592812612294021157e-01 1.563014649349492302e-03
6.621203963016411009e-01 1.042189389465209004e-03
6.649595313738799751e-01 4.543453618554016415e-04
6.677986664461188493e-01 0.000000000000000000e+00
6.706378015183578345e-01 1.463766525339305069e-03
