6.758113969728372084e-01 1.537046207548076193e-03
6.775509112336985940e-01 3.572648002173162141e-03
6.779103395560418521e-01 4.673875202544031104e-03
6.783488765043554913e-01 7.810704197540041527e-03
6.784658196905725136e-01 1.094753319253599644e-02
6.785022446174269195e-01 1.722119118252801728e-02
6.785022446174269195e-01 9.927750086262797646e-01
6.784281600204347118e-01 9.959118376212756640e-01
6.775509112336985940e-01 9.982293456101161144e-01
6.767315902275429229e-01 9.990486666162716745e-01
6.744140822387025835e-01 9.999259154030079033e-01
6.712772532437065731e-01 1.000000000000000000e+00
6.461826212837387118e-01 9.999758508772236265e-01
6.430457922887427014e-01 9.998466318869285718e-01
6.399089632937466909e-01 9.994080949386150436e-01
6.389679145952479322e-01 9.990486666162716745e-01
6.367721342987507915e-01 9.972461604027292870e-01
6.354574339111420667e-01 9.959118376212756640e-01
6.351806548821719023e-01 9.927750086262797646e-01
6.352037198012527863e-01 9.896381796312837542e-01
6.352973564876706059e-01 9.865013506362878548e-01
6.356380499697905639e-01 9.833645216412918444e-01
6.362991204026798853e-01 9.802276926462958340e-01
6.371953572583931580e-01 9.770908636512998235e-01
6.378579597200956242e-01 9.739540346563038131e-01
6.382000937666221230e-01 9.708172056613078027e-01
6.382937304530399425e-01 9.676803766663117923e-01
6.383405487962487967e-01 9.551330606863279726e-01
6.384341854826666163e-01 9.519962316913319622e-01
6.387748789647865744e-01 9.488594026963359518e-01
6.394359493976758957e-01 9.457225737013399414e-01
6.403321862533891684e-01 9.425857447063439309e-01
6.409947887150915236e-01 9.394489157113479205e-01
6.413369227616181334e-01 9.363120867163520211e-01
6.414305594480359529e-01 9.331752577213560107e-01
6.414773777912448072e-01 9.237647707363680905e-01
6.415710144776625157e-01 9.206279417413720800e-01
6.419117079597825848e-01 9.174911127463760696e-01
6.425727783926717951e-01 9.143542837513800592e-01
6.434690152483851788e-01 9.112174547563840488e-01
6.441316177100875340e-01 9.080806257613880383e-01
6.444737517566141438e-01 9.049437967663921389e-01
6.445673884430318523e-01 9.018069677713961285e-01
6.445673884430318523e-01 8.327967298814844543e-01
6.444737517566141438e-01 8.296599008864884439e-01
6.441316177100875340e-01 8.265230718914924335e-01
6.434690152483851788e-01 8.233862428964964231e-01
6.425727783926717951e-01 8.202494139015005237e-01
6.418813633436305510e-01 8.171125849065045132e-01
6.410258645268135380e-01 8.108389269165126034e-01
6.403321862533891684e-01 8.077020979215165930e-01
6.394283201412878093e-01 8.045652689265205826e-01
6.386301022419407225e-01 8.014284399315245722e-01
6.380027364429414760e-01 7.982916109365285617e-01
6.372021834351614400e-01 7.951547819415325513e-01
6.351539288648242465e-01 7.888811239515406415e-01
6.340724044260083181e-01 7.857442949565446311e-01
6.327203968468808615e-01 7.826074659615487317e-01
6.312565433158828787e-01 7.794706369665527212e-01
6.218589049242360112e-01 7.606496629965767697e-01
6.201956155579529950e-01 7.575128340015807593e-01
6.183712713548903395e-01 7.543760050065848599e-01
6.160868185675980602e-01 7.512391760115888495e-01
6.134826586472240662e-01 7.481023470165928391e-01
6.111256527933669469e-01 7.449655180215968286e-01
6.090344334633694956e-01 7.418286890266008182e-01
6.066404788564335737e-01 7.386918600316048078e-01
6.054038443487909094e-01 7.372939253707914142e-01
6.037714129330277180e-01 7.355550310366089084e-01
5.332567774638832248e-01 6.650403955674644152e-01
5.315178831297007189e-01 6.634079641517012238e-01
5.301199484688872143e-01 6.621713296440585594e-01
5.269831194738912039e-01 6.598510241305897139e-01
5.238462904788953045e-01 6.580266799275269474e-01
5.207094614838992941e-01 6.563633905612441533e-01
5.175726324889032837e-01 6.548215593603138318e-01
5.144358034939072732e-01 6.532265615662481428e-01
5.112989744989112628e-01 6.516847303653179324e-01
5.081621455039153634e-01 6.500897325712521324e-01
5.050253165089193530e-01 6.485479013703219220e-01
5.018884875139233426e-01 6.469529035762561220e-01
4.987516585189273877e-01 6.454110723753259116e-01
4.956148295239313772e-01 6.438160745812602226e-01
4.924780005289354223e-01 6.422742433803299011e-01
4.893411715339394119e-01 6.406792455862642122e-01
4.862043425389434015e-01 6.391374143853338907e-01
4.830675135439474466e-01 6.375424165912682017e-01
4.799306845489514362e-01 6.360005853903379913e-01
4.767938555539554812e-01 6.344055875962721913e-01
4.736570265589594708e-01 6.328637563953419809e-01
4.705201975639635159e-01 6.312687586012761809e-01
4.673833685689675055e-01 6.297269274003459705e-01
4.642465395739715506e-01 6.281319296062801705e-01
4.611097105789755402e-01 6.265900984053499601e-01
4.579728815839795297e-01 6.249951006112842711e-01
4.548360525889835748e-01 6.234532694103540607e-01
4.516992235939875644e-01 6.218582716162882607e-01
4.485623945989916095e-01 6.203164404153580502e-01
4.454255656039955991e-01 6.187214426212922502e-01
4.422887366089995886e-01 6.171796114203620398e-01
4.391519076140036337e-01 6.155846136262963508e-01
4.360150786190076233e-01 6.140427824253660294e-01
4.328782496240116684e-01 6.124477846313002294e-01
4.297414206290156580e-01 6.109059534303700190e-01
4.266045916340197031e-01 6.093109556363043300e-01
4.234677626390236926e-01 6.077691244353741196e-01
4.203309336440277377e-01 6.061741266413083196e-01
4.171941046490317273e-01 6.046322954403781091e-01
4.140572756540357169e-01 6.030372976463123091e-01
4.109204466590397620e-01 6.014954664453820987e-01
4.077836176640437515e-01 5.999004686513162987e-01
4.046467886690477966e-01 5.983586374503860883e-01
4.015099596740517862e-01 5.967636396563202883e-01
3.983731306790557758e-01 5.952218084553901889e-01
3.952363016840598209e-01 5.936268106613243889e-01
3.920994726890638660e-01 5.920849794603941785e-01
3.889626436940678555e-01 5.904899816663283785e-01
3.858258146990718451e-01 5.889481504653981681e-01
3.826889857040758902e-01 5.873531526713323681e-01
3.795521567090798798e-01 5.858113214704021576e-01
3.764153277140839249e-01 5.842163236763363576e-01
3.732784987190879145e-01 5.826744924754061472e-01
3.701416697240919040e-01 5.810794946813403472e-01
3.670048407290959491e-01 5.795376634804102478e-01
3.638680117340999942e-01 5.779426656863444478e-01
3.607311827391039838e-01 5.764008344854142374e-01
3.575943537441079734e-01 5.748058366913484374e-01
3.544575247491119629e-01 5.732640054904182270e-01
3.513206957541160080e-01 5.716690076963524270e-01
3.481838667591200531e-01 5.701271764954222165e-01
3.450470377641240427e-01 5.685321787013564165e-01
3.419102087691280323e-01 5.669903475004262061e-01
3.356365507791360669e-01 5.637595603020442159e-01
3.343910451487699942e-01 5.630294363118296674e-01
3.324997217841401120e-01 5.617685540687429313e-01
3.304641199895149706e-01 5.598926073168336570e-01
3.293628927891441016e-01 5.581673513695858402e-01
3.286571062652700048e-01 5.567557783218376466e-01
3.280083529958504052e-01 5.536189493268416362e-01
3.278175432107269804e-01 5.504821203318456257e-01
3.277714133725653234e-01 5.473452913368497263e-01
3.277476599484372422e-01 3.685460386220784645e-01
3.276540232620194226e-01 3.654092096270824541e-01
3.273118892154928683e-01 3.622723806320864992e-01
3.266492867537904576e-01 3.591355516370905443e-01
3.257530498980772959e-01 3.559987226420945339e-01
3.250919794651880301e-01 3.528618936470985235e-01
3.247512859830679055e-01 3.497250646521025130e-01
3.246576492966500860e-01 3.465882356571065581e-01
3.246108309534412317e-01 1.426943509823674350e-01
3.245171942670234122e-01 1.395575219873714801e-01
3.241750602204969134e-01 1.364206929923754696e-01
3.235124577587944472e-01 1.332838639973795147e-01
3.226162209030813410e-01 1.301470350023835043e-01
3.219551504701920752e-01 1.270102060073874939e-01
3.216144569880719506e-01 1.238733770123915390e-01
3.215208203016541311e-01 1.207365480173955286e-01
3.214977553825733025e-01 6.113679711247183013e-02
3.215438852207349596e-01 5.799996811747581971e-02
3.217621148397307174e-01 5.486313912247980928e-02
3.225664299666528567e-01 5.172631012748385437e-02
3.230892347991521363e-01 5.084984320241153766e-02
3.253495968690757190e-01 4.858948113248784395e-02
3.262260637941480912e-01 4.806667629998845337e-02
3.293628927891441016e-01 4.726236117306653606e-02
3.324997217841401120e-01 4.702106663498983874e-02
3.356365507791360669e-01 4.688061160536322047e-02
3.387733797741320774e-01 4.653847755883672166e-02
3.419102087691280323e-01 4.587587509713425549e-02
3.450470377641240427e-01 4.497963824142098277e-02
3.481838667591200531e-01 4.431856780853171696e-02
3.513206957541160080e-01 4.397787432641170335e-02
3.607311827391039838e-01 4.374378261036726556e-02
3.638680117340999942e-01 4.340164856384071124e-02
3.670048407290959491e-01 4.273904610213830058e-02
3.701416697240919040e-01 4.184280924642497235e-02
3.732784987190879145e-01 4.118173881353570653e-02
3.764153277140839249e-01 4.084104533141569293e-02
3.826889857040758902e-01 4.060695361537125514e-02
3.858258146990718451e-01 4.026481956884475633e-02
3.889626436940678555e-01 3.960221710714229015e-02
3.920994726890638660e-01 3.870598025142901744e-02
3.952363016840598209e-01 3.804490981853975162e-02
3.983731306790557758e-01 3.770421633641973802e-02
4.077836176640437515e-01 3.747012462037524472e-02
4.109204466590397620e-01 3.712799057384874590e-02
4.140572756540357169e-01 3.646538811214633524e-02
4.171941046490317273e-01 3.556915125643300701e-02
4.203309336440277377e-01 3.490808082354374120e-02
4.234677626390236926e-01 3.456738734142372760e-02
4.297414206290156580e-01 3.433329562537928981e-02
4.328782496240116684e-01 3.399116157885273548e-02
4.360150786190076233e-01 3.332855911715032482e-02
4.391519076140036337e-01 3.243232226143705210e-02
4.422887366089995886e-01 3.177125182854773078e-02
4.454255656039955991e-01 3.143055834642777269e-02
4.548360525889835748e-01 3.119646663038327938e-02
4.579728815839795297e-01 3.085433258385678057e-02
4.611097105789755402e-01 3.019173012215431440e-02
4.642465395739715506e-01 2.929549326644104168e-02
4.673833685689675055e-01 2.863442283355177587e-02
4.705201975639635159e-01 2.829372935143176226e-02
4.767938555539554812e-01 2.805963763538732447e-02
4.799306845489514362e-01 2.771750358886077015e-02
4.830675135439474466e-01 2.705490112715835949e-02
4.862043425389434015e-01 2.615866427144503126e-02
4.893411715339394119e-01 2.549759383855576544e-02
4.924780005289354223e-01 2.515690035643575184e-02
4.987516585189273877e-01 2.492280864039131405e-02
5.018884875139233426e-01 2.458067459386481524e-02
5.050253165089193530e-01 2.391807213216234906e-02
5.081621455039153634e-01 2.302183527644907635e-02
5.112989744989112628e-01 2.236076484355981053e-02
5.144358034939072732e-01 2.202007136143979693e-02
5.238462904788953045e-01 2.178597964539535914e-02
5.269831194738912039e-01 2.144384559886880481e-02
5.301199484688872143e-01 2.078124313716639415e-02
5.332567774638832248e-01 1.988500628145306592e-02
5.363936064588792352e-01 1.922393584856380011e-02
5.395304354538752456e-01 1.888324236644378651e-02
5.458040934438671554e-01 1.864915065039934872e-02
5.489409224388631658e-01 1.830701660387284990e-02
5.520777514338591763e-01 1.764441414217038373e-02
5.552145804288550757e-01 1.674817728645711101e-02
5.583514094238510861e-01 1.608710685356784520e-02
5.614882384188470965e-01 1.574641337144783160e-02
5.708987254038350168e-01 1.551232165540339381e-02
5.740355543988310272e-01 1.517018760887683948e-02
5.771723833938270376e-01 1.450758514717442882e-02
5.803092123888230480e-01 1.361134829146110059e-02
5.834460413838189474e-01 1.295027785857183478e-02
5.865828703788149578e-01 1.260958437645182117e-02
5.928565283688069787e-01 1.237549266040738338e-02
5.959933573638029891e-01 1.203335861388082906e-02
5.991301863587988885e-01 1.137075615217841840e-02
6.022670153537948989e-01 1.047451929646514568e-02
6.054038443487909094e-01 9.813448863575879866e-03
6.085406733437869198e-01 9.472755381455866264e-03
6.148143313337788296e-01 9.238663665411372961e-03
6.179511603287748400e-01 8.896529618884874147e-03
6.210879893237708504e-01 8.233927157182407974e-03
6.242248183187668609e-01 7.337690301469135257e-03
6.273616473137628713e-01 6.676619868579869443e-03
6.304984763087587707e-01 6.335926386459855841e-03
6.399089632937466909e-01 6.101834670415418049e-03
6.430457922887427014e-01 5.759700623888863724e-03
6.461826212837387118e-01 5.097098162186453063e-03
6.493194502787347222e-01 4.200861306473180345e-03
6.524562792737307326e-01 3.539790873583859021e-03
6.555931082687267430e-01 3.199097391463845419e-03
6.618667662587186529e-01 2.939113712887131413e-03
6.650035952537146633e-01 2.590824698054550179e-03
6.681404242487106737e-01 1.871298477506611047e-03
6.691598936720842827e-01 1.537046207548076193e-03
6.712772532437065731e-01 7.067091206374165324e-04
6.744140822387025835e-01 0.000000000000000000e+00
