3.140845070422535468e-01 2.816901408450700472e-03
3.169014084507042472e-01 2.816901408450700472e-03
3.197183098591549477e-01 5.633802816901400945e-03
3.225352112676056482e-01 5.633802816901400945e-03
3.281690140845070491e-01 1.126760563380280189e-02
3.309859154929577496e-01 1.126760563380280189e-02
3.338028169014084501e-01 1.408450704225350236e-02
3.366197183098591506e-01 1.408450704225350236e-02
3.394366197183098510e-01 1.690140845070420283e-02
3.422535211267605515e-01 1.690140845070420283e-02
3.450704225352112520e-01 1.971830985915490331e-02
3.478873239436619524e-01 1.971830985915490331e-02
3.507042253521126529e-01 2.253521126760565929e-02
3.535211267605633534e-01 2.253521126760565929e-02
3.563380281690140539e-01 2.535211267605635976e-02
3.591549295774647543e-01 2.535211267605635976e-02
3.619718309859154548e-01 2.816901408450706024e-02
3.647887323943662108e-01 2.816901408450706024e-02
3.676056338028169113e-01 3.098591549295776071e-02
3.704225352112676117e-01 3.098591549295776071e-02
3.732394366197183122e-01 3.380281690140846118e-02
3.760563380281690127e-01 3.380281690140846118e-02
3.788732394366197131e-01 3.661971830985916165e-02
3.816901408450704136e-01 3.661971830985916165e-02
3.845070422535211141e-01 3.943661971830986213e-02
3.873239436619718146e-01 3.943661971830986213e-02
3.901408450704225150e-01 4.225352112676056260e-02
3.929577464788732710e-01 4.225352112676056260e-02
3.957746478873239715e-01 4.507042253521126307e-02
3.985915492957746720e-01 4.507042253521126307e-02
4.014084507042253724e-01 4.788732394366196354e-02
4.042253521126760729e-01 4.788732394366196354e-02
4.070422535211267734e-01 5.070422535211266402e-02
4.098591549295774739e-01 5.070422535211266402e-02
4.126760563380281743e-01 5.352112676056336449e-02
4.154929577464788748e-01 5.352112676056336449e-02
4.183098591549295753e-01 5.633802816901406496e-02
4.211267605633802757e-01 5.633802816901406496e-02
4.239436619718309762e-01 5.915492957746476543e-02
4.267605633802816767e-01 5.915492957746476543e-02
4.295774647887323772e-01 6.197183098591546591e-02
4.323943661971830776e-01 6.197183098591546591e-02
4.352112676056337781e-01 6.478873239436622189e-02
4.380281690140844786e-01 6.478873239436622189e-02
4.408450704225352346e-01 6.760563380281692236e-02
4.436619718309859350e-01 6.760563380281692236e-02
4.464788732394366355e-01 7.042253521126762283e-02
4.492957746478873360e-01 7.042253521126762283e-02
4.521126760563380365e-01 7.323943661971832331e-02
4.549295774647887369e-01 7.323943661971832331e-02
4.577464788732394374e-01 7.605633802816902378e-02
4.605633802816901379e-01 7.605633802816902378e-02
4.661971830985915388e-01 8.169014084507042472e-02
4.690140845070422393e-01 8.169014084507042472e-02
4.718309859154929398e-01 8.450704225352112520e-02
4.746478873239436402e-01 8.450704225352112520e-02
4.774647887323943407e-01 8.732394366197182567e-02
4.802816901408450967e-01 8.732394366197182567e-02
4.830985915492957972e-01 9.014084507042252614e-02
4.859154929577464976e-01 9.014084507042252614e-02
4.887323943661971981e-01 9.295774647887322661e-02
4.915492957746478986e-01 9.295774647887322661e-02
4.943661971830985991e-01 9.577464788732392709e-02
4.971830985915492995e-01 9.577464788732392709e-02
5.000000000000000000e-01 9.859154929577462756e-02
5.028169014084507005e-01 9.859154929577462756e-02
5.056338028169014009e-01 1.014084507042253280e-01
5.084507042253521014e-01 1.014084507042253280e-01
5.112676056338028019e-01 1.042253521126760840e-01
5.140845070422535024e-01 1.042253521126760840e-01
5.169014084507042028e-01 1.070422535211267845e-01
5.197183098591549033e-01 1.070422535211267845e-01
5.225352112676056038e-01 1.098591549295774850e-01
5.253521126760563043e-01 1.098591549295774850e-01
5.281690140845070047e-01 1.126760563380281854e-01
5.309859154929577052e-01 1.126760563380281854e-01
5.338028169014084057e-01 1.154929577464788859e-01
5.366197183098591061e-01 1.154929577464788859e-01
5.394366197183098066e-01 1.183098591549295864e-01
5.422535211267605071e-01 1.183098591549295864e-01
5.450704225352113186e-01 1.211267605633802869e-01
5.478873239436620191e-01 1.211267605633802869e-01
5.507042253521127195e-01 1.239436619718309873e-01
5.535211267605634200e-01 1.239436619718309873e-01
5.563380281690141205e-01 1.267605633802816878e-01
5.591549295774648209e-01 1.267605633802816878e-01
5.619718309859155214e-01 1.295774647887323883e-01
5.647887323943662219e-01 1.295774647887323883e-01
5.676056338028169224e-01 1.323943661971830887e-01
5.704225352112676228e-01 1.323943661971830887e-01
5.732394366197183233e-01 1.352112676056337892e-01
5.760563380281690238e-01 1.352112676056337892e-01
5.788732394366197243e-01 1.380281690140844897e-01
5.816901408450704247e-01 1.380281690140844897e-01
5.845070422535211252e-01 1.408450704225351902e-01
5.873239436619718257e-01 1.408450704225351902e-01
5.901408450704225261e-01 1.436619718309858906e-01
5.929577464788732266e-01 1.436619718309858906e-01
5.957746478873239271e-01 1.464788732394366466e-01
5.985915492957746276e-01 1.464788732394366466e-01
6.042253521126760285e-01 1.521126760563380476e-01
6.070422535211267290e-01 1.521126760563380476e-01
6.098591549295774294e-01 1.549295774647887480e-01
6.126760563380281299e-01 1.549295774647887480e-01
6.154929577464788304e-01 1.577464788732394485e-01
6.183098591549295309e-01 1.577464788732394485e-01
6.211267605633803424e-01 1.605633802816901490e-01
6.239436619718310428e-01 1.605633802816901490e-01
6.267605633802817433e-01 1.633802816901408494e-01
6.295774647887324438e-01 1.633802816901408494e-01
6.323943661971831443e-01 1.661971830985915499e-01
6.352112676056338447e-01 1.661971830985915499e-01
6.380281690140845452e-01 1.690140845070422504e-01
6.408450704225352457e-01 1.690140845070422504e-01
6.436619718309859461e-01 1.718309859154929509e-01
6.464788732394366466e-01 1.718309859154929509e-01
6.492957746478873471e-01 1.746478873239436513e-01
6.521126760563380476e-01 1.746478873239436513e-01
6.535211267605633978e-01 1.760563380281690016e-01
6.535211267605633978e-01 1.901408450704225594e-01
6.563380281690140983e-01 1.929577464788732599e-01
6.563380281690140983e-01 2.211267605633802646e-01
6.591549295774647987e-01 2.239436619718309651e-01
6.591549295774647987e-01 2.521126760563380254e-01
6.619718309859154992e-01 2.549295774647887258e-01
6.619718309859154992e-01 2.830985915492957861e-01
6.647887323943661997e-01 2.859154929577464865e-01
6.647887323943661997e-01 3.140845070422535468e-01
6.676056338028169002e-01 3.169014084507042472e-01
6.676056338028169002e-01 3.450704225352112520e-01
6.704225352112676006e-01 3.478873239436619524e-01
6.704225352112676006e-01 3.760563380281690127e-01
6.732394366197183011e-01 3.788732394366197131e-01
6.732394366197183011e-01 4.070422535211267734e-01
6.760563380281690016e-01 4.098591549295774739e-01
6.760563380281690016e-01 4.380281690140844786e-01
6.788732394366197020e-01 4.408450704225352346e-01
6.788732394366197020e-01 4.690140845070422393e-01
6.816901408450704025e-01 4.718309859154929398e-01
6.816901408450704025e-01 5.000000000000000000e-01
6.845070422535211030e-01 5.028169014084507005e-01
6.845070422535211030e-01 5.309859154929577052e-01
6.873239436619718035e-01 5.338028169014084057e-01
6.873239436619718035e-01 5.619718309859155214e-01
6.901408450704225039e-01 5.647887323943662219e-01
6.901408450704225039e-01 5.929577464788732266e-01
6.929577464788732044e-01 5.957746478873239271e-01
6.915492957746478542e-01 5.971830985915492773e-01
6.887323943661971537e-01 5.971830985915492773e-01
6.859154929577464532e-01 5.999999999999999778e-01
6.802816901408450523e-01 5.999999999999999778e-01
6.774647887323943518e-01 6.028169014084506783e-01
6.690140845070422504e-01 6.028169014084506783e-01
6.661971830985915499e-01 6.056338028169013787e-01
6.605633802816901490e-01 6.056338028169013787e-01
6.577464788732394485e-01 6.084507042253520792e-01
6.492957746478873471e-01 6.084507042253520792e-01
6.464788732394366466e-01 6.112676056338027797e-01
6.408450704225352457e-01 6.112676056338027797e-01
6.380281690140845452e-01 6.140845070422534802e-01
6.323943661971831443e-01 6.140845070422534802e-01
6.295774647887324438e-01 6.169014084507041806e-01
6.211267605633803424e-01 6.169014084507041806e-01
6.183098591549295309e-01 6.197183098591548811e-01
6.126760563380281299e-01 6.197183098591548811e-01
6.098591549295774294e-01 6.225352112676056926e-01
6.042253521126760285e-01 6.225352112676056926e-01
6.014084507042253280e-01 6.253521126760563931e-01
5.929577464788732266e-01 6.253521126760563931e-01
5.901408450704225261e-01 6.281690140845070935e-01
5.845070422535211252e-01 6.281690140845070935e-01
5.816901408450704247e-01 6.309859154929577940e-01
5.760563380281690238e-01 6.309859154929577940e-01
5.732394366197183233e-01 6.338028169014084945e-01
5.647887323943662219e-01 6.338028169014084945e-01
5.619718309859155214e-01 6.366197183098591950e-01
5.563380281690141205e-01 6.366197183098591950e-01
5.535211267605634200e-01 6.394366197183098954e-01
5.478873239436620191e-01 6.394366197183098954e-01
5.450704225352113186e-01 6.422535211267605959e-01
5.366197183098591061e-01 6.422535211267605959e-01
5.338028169014084057e-01 6.450704225352112964e-01
5.281690140845070047e-01 6.450704225352112964e-01
5.253521126760563043e-01 6.478873239436619969e-01
5.169014084507042028e-01 6.478873239436619969e-01
5.140845070422535024e-01 6.507042253521126973e-01
5.084507042253521014e-01 6.507042253521126973e-01
5.056338028169014009e-01 6.535211267605633978e-01
5.000000000000000000e-01 6.535211267605633978e-01
4.971830985915492995e-01 6.563380281690140983e-01
4.887323943661971981e-01 6.563380281690140983e-01
4.859154929577464976e-01 6.591549295774647987e-01
4.802816901408450967e-01 6.591549295774647987e-01
4.774647887323943407e-01 6.619718309859154992e-01
4.718309859154929398e-01 6.619718309859154992e-01
4.690140845070422393e-01 6.647887323943661997e-01
4.605633802816901379e-01 6.647887323943661997e-01
4.577464788732394374e-01 6.676056338028169002e-01
4.549295774647887369e-01 6.676056338028169002e-01
4.464788732394366355e-01 6.760563380281690016e-01
4.436619718309859350e-01 6.760563380281690016e-01
4.352112676056337781e-01 6.845070422535211030e-01
4.323943661971830776e-01 6.845070422535211030e-01
4.239436619718309762e-01 6.929577464788732044e-01
4.211267605633802757e-01 6.929577464788732044e-01
4.126760563380281743e-01 7.014084507042253058e-01
4.098591549295774739e-01 7.014084507042253058e-01
3.985915492957746720e-01 7.126760563380281077e-01
3.957746478873239715e-01 7.126760563380281077e-01
3.873239436619718146e-01 7.211267605633803202e-01
3.845070422535211141e-01 7.211267605633803202e-01
3.760563380281690127e-01 7.295774647887324216e-01
3.732394366197183122e-01 7.295774647887324216e-01
3.647887323943662108e-01 7.380281690140845230e-01
3.619718309859154548e-01 7.380281690140845230e-01
3.535211267605633534e-01 7.464788732394366244e-01
3.507042253521126529e-01 7.464788732394366244e-01
3.394366197183098510e-01 7.577464788732394263e-01
3.366197183098591506e-01 7.577464788732394263e-01
3.281690140845070491e-01 7.661971830985915277e-01
3.253521126760563487e-01 7.661971830985915277e-01
3.211267605633802980e-01 7.704225352112675784e-01
3.211267605633802980e-01 7.845070422535211918e-01
3.183098591549295975e-01 7.873239436619718923e-01
3.183098591549295975e-01 8.380281690140845008e-01
3.154929577464788970e-01 8.408450704225352013e-01
3.154929577464788970e-01 8.915492957746478098e-01
3.126760563380281965e-01 8.943661971830985102e-01
3.126760563380281965e-01 9.450704225352113408e-01
3.098591549295774961e-01 9.478873239436620413e-01
3.098591549295774961e-01 9.985915492957746498e-01
3.084507042253521458e-01 1.000000000000000000e+00
3.070422535211267956e-01 9.985915492957746498e-01
3.070422535211267956e-01 1.408450704225350236e-03
3.084507042253521458e-01 0.000000000000000000e+00
3.112676056338028463e-01 0.000000000000000000e+00
