3.126760563380281965e-01 8.450704225352101417e-03
3.183098591549295975e-01 8.450704225352101417e-03
3.211267605633802980e-01 1.126760563380280189e-02
3.267605633802816989e-01 1.126760563380280189e-02
3.295774647887323994e-01 1.408450704225350236e-02
3.352112676056338003e-01 1.408450704225350236e-02
3.380281690140845008e-01 1.690140845070420283e-02
3.408450704225352013e-01 1.690140845070420283e-02
3.436619718309859017e-01 1.971830985915490331e-02
3.492957746478873027e-01 1.971830985915490331e-02
3.521126760563380031e-01 2.253521126760565929e-02
3.577464788732394041e-01 2.253521126760565929e-02
3.605633802816901046e-01 2.535211267605635976e-02
3.661971830985915610e-01 2.535211267605635976e-02
3.690140845070422615e-01 2.816901408450706024e-02
3.718309859154929620e-01 2.816901408450706024e-02
3.746478873239436624e-01 3.098591549295776071e-02
3.802816901408450634e-01 3.098591549295776071e-02
3.830985915492957639e-01 3.380281690140846118e-02
3.887323943661971648e-01 3.380281690140846118e-02
3.915492957746479208e-01 3.661971830985916165e-02
3.971830985915493217e-01 3.661971830985916165e-02
4.000000000000000222e-01 3.943661971830986213e-02
4.028169014084507227e-01 3.943661971830986213e-02
4.056338028169014231e-01 4.225352112676056260e-02
4.112676056338028241e-01 4.225352112676056260e-02
4.140845070422535246e-01 4.507042253521126307e-02
4.197183098591549255e-01 4.507042253521126307e-02
4.225352112676056260e-01 4.788732394366196354e-02
4.281690140845070269e-01 4.788732394366196354e-02
4.309859154929577274e-01 5.070422535211266402e-02
4.338028169014084279e-01 5.070422535211266402e-02
4.366197183098591283e-01 5.352112676056336449e-02
4.422535211267605848e-01 5.352112676056336449e-02
4.450704225352112853e-01 5.633802816901406496e-02
4.507042253521126862e-01 5.633802816901406496e-02
4.535211267605633867e-01 5.915492957746476543e-02
4.563380281690140872e-01 5.915492957746476543e-02
4.591549295774647876e-01 6.197183098591546591e-02
4.647887323943661886e-01 6.197183098591546591e-02
4.676056338028168891e-01 6.478873239436622189e-02
4.732394366197182900e-01 6.478873239436622189e-02
4.760563380281689905e-01 6.760563380281692236e-02
4.816901408450704469e-01 6.760563380281692236e-02
4.845070422535211474e-01 7.042253521126762283e-02
4.873239436619718479e-01 7.042253521126762283e-02
4.901408450704225483e-01 7.323943661971832331e-02
4.957746478873239493e-01 7.323943661971832331e-02
4.985915492957746498e-01 7.605633802816902378e-02
5.042253521126760507e-01 7.605633802816902378e-02
5.070422535211267512e-01 7.887323943661972425e-02
5.126760563380281521e-01 7.887323943661972425e-02
5.154929577464788526e-01 8.169014084507042472e-02
5.183098591549295531e-01 8.169014084507042472e-02
5.211267605633802535e-01 8.450704225352112520e-02
5.267605633802816545e-01 8.450704225352112520e-02
5.295774647887323550e-01 8.732394366197182567e-02
5.352112676056337559e-01 8.732394366197182567e-02
5.380281690140844564e-01 9.014084507042252614e-02
5.436619718309858573e-01 9.014084507042252614e-02
5.464788732394366688e-01 9.295774647887322661e-02
5.492957746478873693e-01 9.295774647887322661e-02
5.521126760563380698e-01 9.577464788732392709e-02
5.577464788732394707e-01 9.577464788732392709e-02
5.605633802816901712e-01 9.859154929577462756e-02
5.661971830985915721e-01 9.859154929577462756e-02
5.690140845070422726e-01 1.014084507042253280e-01
5.718309859154929731e-01 1.014084507042253280e-01
5.746478873239436735e-01 1.042253521126760840e-01
5.802816901408450745e-01 1.042253521126760840e-01
5.830985915492957750e-01 1.070422535211267845e-01
5.887323943661971759e-01 1.070422535211267845e-01
5.915492957746478764e-01 1.098591549295774850e-01
5.971830985915492773e-01 1.098591549295774850e-01
5.999999999999999778e-01 1.126760563380281854e-01
6.028169014084506783e-01 1.126760563380281854e-01
6.056338028169013787e-01 1.154929577464788859e-01
6.112676056338027797e-01 1.154929577464788859e-01
6.140845070422534802e-01 1.183098591549295864e-01
6.197183098591548811e-01 1.183098591549295864e-01
6.225352112676056926e-01 1.211267605633802869e-01
6.281690140845070935e-01 1.211267605633802869e-01
6.309859154929577940e-01 1.239436619718309873e-01
6.338028169014084945e-01 1.239436619718309873e-01
6.366197183098591950e-01 1.267605633802816878e-01
6.422535211267605959e-01 1.267605633802816878e-01
6.450704225352112964e-01 1.295774647887323883e-01
6.507042253521126973e-01 1.295774647887323883e-01
6.535211267605633978e-01 1.323943661971830887e-01
6.591549295774647987e-01 1.323943661971830887e-01
6.619718309859154992e-01 1.352112676056337892e-01
6.647887323943661997e-01 1.352112676056337892e-01
6.676056338028169002e-01 1.380281690140844897e-01
6.732394366197183011e-01 1.380281690140844897e-01
6.760563380281690016e-01 1.408450704225351902e-01
6.816901408450704025e-01 1.408450704225351902e-01
6.845070422535211030e-01 1.436619718309858906e-01
6.901408450704225039e-01 1.436619718309858906e-01
6.929577464788732044e-01 1.464788732394366466e-01
6.957746478873239049e-01 1.464788732394366466e-01
6.985915492957746054e-01 1.492957746478873471e-01
7.056338028169013565e-01 1.507042253521126973e-01
7.028169014084506561e-01 1.535211267605633978e-01
7.028169014084506561e-01 1.619718309859154992e-01
6.999999999999999556e-01 1.647887323943661997e-01
6.999999999999999556e-01 1.732394366197183011e-01
6.971830985915492551e-01 1.760563380281690016e-01
6.971830985915492551e-01 1.845070422535211030e-01
6.943661971830985546e-01 1.873239436619718035e-01
6.943661971830985546e-01 1.929577464788732599e-01
6.915492957746478542e-01 1.957746478873239604e-01
6.915492957746478542e-01 2.042253521126760618e-01
6.887323943661971537e-01 2.070422535211267623e-01
6.887323943661971537e-01 2.154929577464788637e-01
6.859154929577464532e-01 2.183098591549295642e-01
6.859154929577464532e-01 2.267605633802816656e-01
6.830985915492957528e-01 2.295774647887324216e-01
6.830985915492957528e-01 2.380281690140845230e-01
6.802816901408450523e-01 2.408450704225352235e-01
6.802816901408450523e-01 2.492957746478873249e-01
6.774647887323943518e-01 2.521126760563380254e-01
6.774647887323943518e-01 2.605633802816901268e-01
6.746478873239436513e-01 2.633802816901408272e-01
6.746478873239436513e-01 2.718309859154929287e-01
6.718309859154929509e-01 2.746478873239436291e-01
6.718309859154929509e-01 2.830985915492957861e-01
6.690140845070422504e-01 2.859154929577464865e-01
6.690140845070422504e-01 2.943661971830985880e-01
6.661971830985915499e-01 2.971830985915492884e-01
6.661971830985915499e-01 3.056338028169014454e-01
6.633802816901408494e-01 3.084507042253521458e-01
6.633802816901408494e-01 3.169014084507042472e-01
6.605633802816901490e-01 3.197183098591549477e-01
6.605633802816901490e-01 3.281690140845070491e-01
6.577464788732394485e-01 3.309859154929577496e-01
6.577464788732394485e-01 3.394366197183098510e-01
6.549295774647887480e-01 3.422535211267605515e-01
6.549295774647887480e-01 3.478873239436619524e-01
6.521126760563380476e-01 3.507042253521126529e-01
6.521126760563380476e-01 3.591549295774647543e-01
6.492957746478873471e-01 3.619718309859154548e-01
6.492957746478873471e-01 3.704225352112676117e-01
6.464788732394366466e-01 3.732394366197183122e-01
6.464788732394366466e-01 3.816901408450704136e-01
6.436619718309859461e-01 3.845070422535211141e-01
6.436619718309859461e-01 3.929577464788732710e-01
6.408450704225352457e-01 3.957746478873239715e-01
6.408450704225352457e-01 4.042253521126760729e-01
6.380281690140845452e-01 4.070422535211267734e-01
6.380281690140845452e-01 4.154929577464788748e-01
6.352112676056338447e-01 4.183098591549295753e-01
6.352112676056338447e-01 4.267605633802816767e-01
6.323943661971831443e-01 4.295774647887323772e-01
6.323943661971831443e-01 4.380281690140844786e-01
6.295774647887324438e-01 4.408450704225352346e-01
6.295774647887324438e-01 4.492957746478873360e-01
6.267605633802817433e-01 4.521126760563380365e-01
6.267605633802817433e-01 4.605633802816901379e-01
6.239436619718310428e-01 4.633802816901408383e-01
6.239436619718310428e-01 4.718309859154929398e-01
6.211267605633803424e-01 4.746478873239436402e-01
6.211267605633803424e-01 4.830985915492957972e-01
6.183098591549295309e-01 4.859154929577464976e-01
6.183098591549295309e-01 4.943661971830985991e-01
6.154929577464788304e-01 4.971830985915492995e-01
6.154929577464788304e-01 5.056338028169014009e-01
6.126760563380281299e-01 5.084507042253521014e-01
6.126760563380281299e-01 5.140845070422535024e-01
6.098591549295774294e-01 5.169014084507042028e-01
6.098591549295774294e-01 5.253521126760563043e-01
6.070422535211267290e-01 5.281690140845070047e-01
6.070422535211267290e-01 5.366197183098591061e-01
6.042253521126760285e-01 5.394366197183098066e-01
6.042253521126760285e-01 5.478873239436620191e-01
6.014084507042253280e-01 5.507042253521127195e-01
6.014084507042253280e-01 5.591549295774648209e-01
5.985915492957746276e-01 5.619718309859155214e-01
5.985915492957746276e-01 5.704225352112676228e-01
5.943661971830985769e-01 5.746478873239436735e-01
5.915492957746478764e-01 5.746478873239436735e-01
5.859154929577464754e-01 5.802816901408450745e-01
5.830985915492957750e-01 5.802816901408450745e-01
5.802816901408450745e-01 5.830985915492957750e-01
5.774647887323943740e-01 5.830985915492957750e-01
5.718309859154929731e-01 5.887323943661971759e-01
5.690140845070422726e-01 5.887323943661971759e-01
5.661971830985915721e-01 5.915492957746478764e-01
5.633802816901408717e-01 5.915492957746478764e-01
5.577464788732394707e-01 5.971830985915492773e-01
5.549295774647887702e-01 5.971830985915492773e-01
5.492957746478873693e-01 6.028169014084506783e-01
5.464788732394366688e-01 6.028169014084506783e-01
5.436619718309858573e-01 6.056338028169013787e-01
5.408450704225351569e-01 6.056338028169013787e-01
5.352112676056337559e-01 6.112676056338027797e-01
5.323943661971830554e-01 6.112676056338027797e-01
5.267605633802816545e-01 6.169014084507041806e-01
5.239436619718309540e-01 6.169014084507041806e-01
5.211267605633802535e-01 6.197183098591548811e-01
5.183098591549295531e-01 6.197183098591548811e-01
5.126760563380281521e-01 6.253521126760563931e-01
5.098591549295774517e-01 6.253521126760563931e-01
5.042253521126760507e-01 6.309859154929577940e-01
5.014084507042253502e-01 6.309859154929577940e-01
4.985915492957746498e-01 6.338028169014084945e-01
4.957746478873239493e-01 6.338028169014084945e-01
4.901408450704225483e-01 6.394366197183098954e-01
4.873239436619718479e-01 6.394366197183098954e-01
4.845070422535211474e-01 6.422535211267605959e-01
4.816901408450704469e-01 6.422535211267605959e-01
4.760563380281689905e-01 6.478873239436619969e-01
4.732394366197182900e-01 6.478873239436619969e-01
4.676056338028168891e-01 6.535211267605633978e-01
4.647887323943661886e-01 6.535211267605633978e-01
4.619718309859154881e-01 6.563380281690140983e-01
4.591549295774647876e-01 6.563380281690140983e-01
4.535211267605633867e-01 6.619718309859154992e-01
4.507042253521126862e-01 6.619718309859154992e-01
4.450704225352112853e-01 6.676056338028169002e-01
4.422535211267605848e-01 6.676056338028169002e-01
4.338028169014084279e-01 6.760563380281690016e-01
4.309859154929577274e-01 6.760563380281690016e-01
4.225352112676056260e-01 6.845070422535211030e-01
4.197183098591549255e-01 6.845070422535211030e-01
4.112676056338028241e-01 6.929577464788732044e-01
4.084507042253521236e-01 6.929577464788732044e-01
4.000000000000000222e-01 7.014084507042253058e-01
3.971830985915493217e-01 7.014084507042253058e-01
3.859154929577464643e-01 7.126760563380281077e-01
3.830985915492957639e-01 7.126760563380281077e-01
3.746478873239436624e-01 7.211267605633803202e-01
3.718309859154929620e-01 7.211267605633803202e-01
3.633802816901408050e-01 7.295774647887324216e-01
3.605633802816901046e-01 7.295774647887324216e-01
3.521126760563380031e-01 7.380281690140845230e-01
3.492957746478873027e-01 7.380281690140845230e-01
3.408450704225352013e-01 7.464788732394366244e-01
3.380281690140845008e-01 7.464788732394366244e-01
3.267605633802816989e-01 7.577464788732394263e-01
3.239436619718309984e-01 7.577464788732394263e-01
3.154929577464788970e-01 7.661971830985915277e-01
3.126760563380281965e-01 7.661971830985915277e-01
3.084507042253521458e-01 7.704225352112675784e-01
3.084507042253521458e-01 7.845070422535211918e-01
3.056338028169014454e-01 7.873239436619718923e-01
3.056338028169014454e-01 8.380281690140845008e-01
3.028169014084507449e-01 8.408450704225352013e-01
3.028169014084507449e-01 8.915492957746478098e-01
2.999999999999999889e-01 8.943661971830985102e-01
2.999999999999999889e-01 9.450704225352113408e-01
2.971830985915492884e-01 9.478873239436620413e-01
2.971830985915492884e-01 9.985915492957746498e-01
2.957746478873239382e-01 1.000000000000000000e+00
2.943661971830985880e-01 9.985915492957746498e-01
2.943661971830985880e-01 1.408450704225350236e-03
2.985915492957746387e-01 0.000000000000000000e+00
