5.908183502029972223e-01 1.121580729687210454e-03
5.840910650027751894e-01 6.705954712465933554e-04
5.706364946023312346e-01 7.128356398186652676e-04
5.504546390016651358e-01 1.011552240382518342e-04
5.370000686012210700e-01 0.000000000000000000e+00
4.293635053976688210e-01 0.000000000000000000e+00
4.159089349972247551e-01 1.011552240382518342e-04
4.091816497970027777e-01 3.906839541742979094e-04
4.024543645967807448e-01 1.121580729687210454e-03
4.009743618527318865e-01 1.399776734207658357e-03
3.957270793965587119e-01 3.586144424279735787e-03
3.889997941963366790e-01 7.123870281765032342e-03
3.822725089961146461e-01 1.155076958097128736e-02
3.755452237958926687e-01 1.613864703651224364e-02
3.688179385956706358e-01 2.054196098574845308e-02
3.620906533954486584e-01 2.565681471577740957e-02
3.590926241214366099e-01 2.830891753509573450e-02
3.553633681952266254e-01 3.180985166990507595e-02
3.386824467293699792e-01 4.849077313576177772e-02
3.351815125945605267e-01 5.238954069498141797e-02
3.327881515137123269e-01 5.521805833598375512e-02
3.282802458805397228e-01 6.194534353620578804e-02
3.253618462942364786e-01 6.867262873642782095e-02
3.208192926036103620e-01 8.212719913687183126e-02
3.193982665478858340e-01 8.885448433709386418e-02
3.186645213193886050e-01 9.558176953731589709e-02
3.184637068357998313e-01 1.023090547375379300e-01
3.184127649263600590e-01 1.090363399377599074e-01
3.184637068357998313e-01 1.359454807386479835e-01
3.186645213193886050e-01 1.426727659388700165e-01
3.193982665478858340e-01 1.494000511390920494e-01
3.208192926036103620e-01 1.561273363393140823e-01
3.227413740893880778e-01 1.628546215395360597e-01
3.242241920032898350e-01 1.695819067397580926e-01
3.251909920360218642e-01 1.763091919399801255e-01
3.262993938536424277e-01 1.830364771402021029e-01
3.286344225336301772e-01 1.897637623404241358e-01
3.328333092699548024e-01 1.964910475406461687e-01
3.351815125945605267e-01 1.993195651816486169e-01
3.386824467293699792e-01 2.032183327408682016e-01
3.789088663960036851e-01 2.435820439422002881e-01
3.822725089961146461e-01 2.471650545379707187e-01
3.850539826846680058e-01 2.503093291424223210e-01
3.900208999856561443e-01 2.570366143426443539e-01
3.936528331264902980e-01 2.637638995428663868e-01
3.964439212621561071e-01 2.704911847430883642e-01
3.981224006420923667e-01 2.772184699433103416e-01
3.987895002712866788e-01 2.839457551435323746e-01
3.987895002712866788e-01 2.906730403437544075e-01
3.981224006420923667e-01 2.974003255439764404e-01
3.965408638965855492e-01 3.041276107441984733e-01
3.937971205276425968e-01 3.108548959444205062e-01
3.907376762063940467e-01 3.175821811446424836e-01
3.739194632058390200e-01 3.512186071457525927e-01
3.708581808285248416e-01 3.579458923459746256e-01
3.681126586956473545e-01 3.646731775461966585e-01
3.662426497299606787e-01 3.714004627464186359e-01
3.648333158232314188e-01 3.781277479466406688e-01
3.631214470954826634e-01 3.848550331468626462e-01
3.544557186047204711e-01 4.117641739477507778e-01
3.530346925489958876e-01 4.184914591479727553e-01
3.523009473204986586e-01 4.252187443481947882e-01
3.521001328369099403e-01 4.319460295484168211e-01
3.521001328369099403e-01 4.386733147486387985e-01
3.523009473204986586e-01 4.454005999488608314e-01
3.530699755133327455e-01 4.521278851490828643e-01
3.546580882952033442e-01 4.588551703493048972e-01
3.574036104280808313e-01 4.655824555495268746e-01
3.604648928053949541e-01 4.723097407497489075e-01
3.640044500472359168e-01 4.790370259499709404e-01
3.679169628992123853e-01 4.857643111501929734e-01
3.688179385956706358e-01 4.870256771252345906e-01
3.732799134733689184e-01 4.924915963504149508e-01
3.755452237958926687e-01 4.947569066729386456e-01
3.808778279180198290e-01 4.992188815506369837e-01
3.822725089961146461e-01 5.002585528997621767e-01
3.889997941963366790e-01 5.047626628730421672e-01
3.957270793965587119e-01 5.098175289887225681e-01
4.024543645967807448e-01 5.151485851851249631e-01
4.091816497970027777e-01 5.192205420120113990e-01
4.159089349972247551e-01 5.215555706919992041e-01
4.293635053976688210e-01 5.239389851038337431e-01
4.348798792618508990e-01 5.261280223515250043e-01
4.360907905978907984e-01 5.267458342576678554e-01
4.422002638919699802e-01 5.328553075517470372e-01
4.428180757981128313e-01 5.339364783874971376e-01
4.453679338981970104e-01 5.395825927519690701e-01
4.476154021294187491e-01 5.463098779521911030e-01
4.495453609983348642e-01 5.502341276523206037e-01
4.511319848663117860e-01 5.530371631524131359e-01
4.562726461985568971e-01 5.602070329052812880e-01
4.604624466302741359e-01 5.664917335528572018e-01
4.636165992087992738e-01 5.732190187530792347e-01
4.653952526443125293e-01 5.799463039533011566e-01
4.661627595153011727e-01 5.866735891535231895e-01
4.663635739988898909e-01 5.934008743537452224e-01
4.663635739988898909e-01 6.539464411557434076e-01
4.661627595153011727e-01 6.606737263559654405e-01
4.654321037403976180e-01 6.674010115561874734e-01
4.640143632940504914e-01 6.741282967564095063e-01
4.620922818082727757e-01 6.808555819566315392e-01
4.606712557525481921e-01 6.875828671568534611e-01
4.599375105240509631e-01 6.943101523570754940e-01
4.597366960404622449e-01 7.010374375572975270e-01
4.596362887986679135e-01 8.288558563615158192e-01
4.594354743150791398e-01 8.355831415617378521e-01
4.587048185401755851e-01 8.423104267619598851e-01
4.572870780938284585e-01 8.490377119621819180e-01
4.552582143032852802e-01 8.557649971624039509e-01
4.520155360327913763e-01 8.692195675628480167e-01
4.496033548362678434e-01 8.759468527630700496e-01
4.454201389415949341e-01 8.826741379632920825e-01
4.400890827451925391e-01 8.894014231635141154e-01
4.351898149014325479e-01 8.961287083637360373e-01
4.314729083841790658e-01 9.028559935639580702e-01
4.284260968041952444e-01 9.095832787641801032e-01
4.261066451023232671e-01 9.163105639644021361e-01
4.217285706069406892e-01 9.297651343648460909e-01
4.203075445512161057e-01 9.364924195650681238e-01
4.195737993227188212e-01 9.432197047652901567e-01
4.193729848391301029e-01 9.499469899655121896e-01
4.193729848391301029e-01 9.566742751657342225e-01
4.196742065645132080e-01 9.634015603659562554e-01
4.205145379419921170e-01 9.701288455661782884e-01
4.228196916119982829e-01 9.768561307664003213e-01
4.273189383270130648e-01 9.835834159666223542e-01
4.293635053976688210e-01 9.857114347544475574e-01
4.349976067528547596e-01 9.903107011668443871e-01
4.360907905978907984e-01 9.911057439632342536e-01
4.428180757981128313e-01 9.948516186769942315e-01
4.495453609983348642e-01 9.976445448687256690e-01
4.562726461985568971e-01 9.993313790489601889e-01
4.629999313987789300e-01 9.999999999999998890e-01
4.697272165990009074e-01 9.999999999999998890e-01
4.764545017992229403e-01 9.993313790489601889e-01
4.831817869994449732e-01 9.976445448687256690e-01
4.899090721996669506e-01 9.948145615975013678e-01
4.966363573998889835e-01 9.907549558498778275e-01
4.971839271254884784e-01 9.903107011668443871e-01
5.033636426001110165e-01 9.841309856922217936e-01
5.038078972831445679e-01 9.835834159666223542e-01
5.078675030307681082e-01 9.768561307664003213e-01
5.107962077003562751e-01 9.701288455661782884e-01
5.126662166660430620e-01 9.634015603659562554e-01
5.140755505727722108e-01 9.566742751657342225e-01
5.157874193005209662e-01 9.499469899655121896e-01
5.244531477912831585e-01 9.230378491646240580e-01
5.259408194463106589e-01 9.163105639644021361e-01
5.277755335918257185e-01 9.028559935639580702e-01
5.292583515057275312e-01 8.961287083637360373e-01
5.379077181917272243e-01 8.692195675628480167e-01
5.393287442474518079e-01 8.624922823626259838e-01
5.400624894759490369e-01 8.557649971624039509e-01
5.402633039595378106e-01 8.490377119621819180e-01
5.403637112013320865e-01 7.884921451601838438e-01
5.405645256849208602e-01 7.817648599599618109e-01
5.412951814598243594e-01 7.750375747597397780e-01
5.427129219061714860e-01 7.683102895595177451e-01
5.446350033919492573e-01 7.615830043592957121e-01
5.460560294476738408e-01 7.548557191590736792e-01
5.467897746761710698e-01 7.481284339588516463e-01
5.469905891597597325e-01 7.414011487586296134e-01
5.470909964015541194e-01 6.135827299544113211e-01
5.472918108851428931e-01 6.068554447541892882e-01
5.480224666600463923e-01 6.001281595539672553e-01
5.494402071063935189e-01 5.934008743537452224e-01
5.513622885921712902e-01 5.866735891535231895e-01
5.527833146478958737e-01 5.799463039533011566e-01
5.535170598763931027e-01 5.732190187530792347e-01
5.537178743599817654e-01 5.664917335528572018e-01
5.538182816017761523e-01 5.597644483526351689e-01
5.541195033271592019e-01 5.530371631524131359e-01
5.550996692589612591e-01 5.463098779521911030e-01
5.571819242018871687e-01 5.408439587270107429e-01
5.577873798699071184e-01 5.395825927519690701e-01
5.639092094021092016e-01 5.332056869892586315e-01
5.644517324021270932e-01 5.328553075517470372e-01
5.706364946023312346e-01 5.297629264516450220e-01
5.773637798025532675e-01 5.272859976728747622e-01
5.908183502029972223e-01 5.224931182514050976e-01
5.975456354032192552e-01 5.196907063409677008e-01
6.042729206034412881e-01 5.157367693190392233e-01
6.110002058036633210e-01 5.112668377728528668e-01
6.177274910038853539e-01 5.065283356624167288e-01
6.184315092225132204e-01 5.059461667508590166e-01
6.244547762041072758e-01 4.997794886506554679e-01
6.248990308871408272e-01 4.992188815506369837e-01
6.289586366347643676e-01 4.924915963504149508e-01
6.321194699978028853e-01 4.857643111501929734e-01
6.344389216996749736e-01 4.790370259499709404e-01
6.388169961950574960e-01 4.655824555495268746e-01
6.403046678500849964e-01 4.588551703493048972e-01
6.421393819956000559e-01 4.454005999488608314e-01
6.436221999095018687e-01 4.386733147486387985e-01
6.455442813952795289e-01 4.319460295484168211e-01
6.469300244866672545e-01 4.252187443481947882e-01
6.473978309541182918e-01 4.184914591479727553e-01
6.469300244866672545e-01 4.117641739477507778e-01
6.454504163048002674e-01 4.050368887475287449e-01
6.433888289047322573e-01 3.983096035473067120e-01
6.390486449045890138e-01 3.848550331468626462e-01
6.342744425044313239e-01 3.714004627464186359e-01
6.314720305939940381e-01 3.646731775461966585e-01
6.240488193385766991e-01 3.512186071457525927e-01
6.212538905040017045e-01 3.444913219455305597e-01
6.164796881038441256e-01 3.310367515450864939e-01
6.143638484037743375e-01 3.243094663448645165e-01
6.124650179037116615e-01 3.175821811446424836e-01
6.111656308495703183e-01 3.108548959444205062e-01
6.111656308495703183e-01 3.041276107441984733e-01
6.125485492227620288e-01 2.974003255439764404e-01
6.145774130133052626e-01 2.906730403437544075e-01
6.173215341383546662e-01 2.839457551435323746e-01
6.247447453937720052e-01 2.704911847430883642e-01
6.307761045387987320e-01 2.570366143426443539e-01
6.346637265518126902e-01 2.503093291424223210e-01
6.390713322300443089e-01 2.435820439422002881e-01
6.433523319029128551e-01 2.368547587419782552e-01
6.479402093584538669e-01 2.301274735417562778e-01
6.523850227943147617e-01 2.234001883415342449e-01
6.561774055534301819e-01 2.166729031413122120e-01
6.597169627952710336e-01 2.099456179410901790e-01
6.627782451725852120e-01 2.032183327408682016e-01
6.655237673054628100e-01 1.964910475406461687e-01
6.673937762711494859e-01 1.897637623404241358e-01
6.688653699086979376e-01 1.830364771402021029e-01
6.707186473761259649e-01 1.763091919399801255e-01
6.733957760357225375e-01 1.695819067397580926e-01
6.763109329558186777e-01 1.628546215395360597e-01
6.789783377059067648e-01 1.561273363393140823e-01
6.805664504877773080e-01 1.494000511390920494e-01
6.813354786806113950e-01 1.426727659388700165e-01
6.815362931642001687e-01 1.359454807386479835e-01
6.815872350736399410e-01 1.292181955384260061e-01
6.815362931642001687e-01 1.224909103382039732e-01
6.813354786806113950e-01 1.157636251379819403e-01
6.806017334521141660e-01 1.090363399377599074e-01
6.791807073963895824e-01 1.023090547375379300e-01
6.772586259106119222e-01 9.558176953731589709e-02
6.757758079967101095e-01 8.885448433709386418e-02
6.738744482518921330e-01 7.539991393664985386e-02
6.721523311073208662e-01 6.867262873642782095e-02
6.693594049155893178e-01 6.194534353620578804e-02
6.657194631018977793e-01 5.521805833598375512e-02
6.607433050245357098e-01 4.849077313576177772e-02
6.580912022052174404e-01 4.549274386174984031e-02
6.545902680704080989e-01 4.176348793553974481e-02
6.379093466045513416e-01 2.508256646968309855e-02
6.341800906783413572e-01 2.158163233487370158e-02
6.311820614043293087e-01 1.892952951555537666e-02
6.244547762041072758e-01 1.395337143819330716e-02
6.177274910038853539e-01 1.023646492094004712e-02
6.110002058036633210e-01 7.189653340956059235e-03
6.042729206034412881e-01 4.870201639084026368e-03
5.975456354032192552e-01 2.756084234252331733e-03
5.928739095697317385e-01 1.399776734207658357e-03
