5.675828302377307066e-01 2.281983881683435911e-04
5.225208700424621711e-01 0.000000000000000000e+00
5.202677720326988053e-01 2.281983881683435911e-04
5.135084780034084861e-01 1.857361564458814840e-03
5.022429879545913245e-01 2.481296397931764819e-03
4.954836939253011163e-01 4.110459574222236068e-03
4.887243998960107971e-01 4.758496057078509534e-03
4.864713018862473759e-01 5.315710741614021462e-03
4.752058118374302698e-01 9.741148316223025017e-03
4.639403217886131636e-01 1.489654206737656139e-02
4.549279297495594232e-01 1.851683996529718268e-02
4.459155377105057383e-01 2.324446113405931325e-02
4.369031456714520534e-01 2.945594309823074131e-02
4.248645337565396529e-01 4.149455501314308625e-02
4.164375054161009171e-01 5.276004506196024790e-02
4.015848461675288750e-01 7.754412316935788141e-02
3.848753574626649909e-01 1.113405933158092553e-01
3.826289218394895442e-01 1.180998873450995190e-01
3.818900025997284398e-01 1.226060833646264170e-01
3.814942661544238334e-01 1.473901614720240505e-01
3.799596139403217387e-01 1.541494555013143142e-01
3.799855983295712392e-01 1.564025535110777354e-01
3.837473641641873101e-01 1.699211415696583183e-01
3.843712989976602601e-01 1.766804355989485820e-01
3.872035587394204725e-01 1.879459256477656881e-01
3.899448279846327026e-01 1.947052196770559518e-01
3.927741088708512351e-01 2.059707097258731134e-01
3.934429973424997673e-01 2.104769057453999559e-01
3.941948682185257291e-01 2.127300037551633771e-01
3.964857296191168778e-01 2.172361997746902196e-01
3.972098955775729689e-01 2.194892977844536408e-01
3.983973313242656356e-01 2.262485918137439045e-01
4.029001415407723607e-01 2.397671798723244874e-01
4.057165140529766512e-01 2.465264739016147510e-01
4.085457949391951837e-01 2.577919639504318572e-01
4.104292440567318123e-01 2.690574539992489633e-01
4.101799258343399313e-01 2.713105520090124401e-01
4.080447153297321883e-01 2.780698460383026482e-01
3.970271955503804628e-01 3.051070221554638140e-01
3.691036713943209868e-01 3.614344723995494002e-01
3.623477631680508404e-01 3.817123544874202468e-01
3.607225777183854509e-01 3.884716485167104549e-01
3.578415671485239979e-01 3.974840405557641954e-01
3.567245407146364400e-01 4.042433345850544590e-01
3.550810248707357286e-01 4.110026286143447227e-01
3.548528264825673295e-01 4.425460007510326754e-01
3.550810248707357286e-01 4.447990987607960967e-01
3.567245407146364400e-01 4.515583927900863603e-01
3.578415671485239979e-01 4.583176868193766240e-01
3.607225777183854509e-01 4.673300788584303644e-01
3.623477631680508404e-01 4.740893728877206281e-01
3.645974753747941444e-01 4.808486669170108918e-01
3.790538660698946627e-01 5.101389410439354233e-01
3.820556715710345941e-01 5.146451370634622657e-01
3.883731816768418721e-01 5.214044310927525849e-01
3.968362612525458410e-01 5.326699211415696356e-01
4.056167057639476492e-01 5.461885092001501629e-01
4.078156503654062348e-01 5.506947052196770054e-01
4.097891593948672084e-01 5.529478032294404821e-01
4.143721655738178411e-01 5.564401051445737600e-01
4.166252635835812068e-01 5.585805482538490629e-01
4.193672413501801088e-01 5.619601952684941670e-01
4.235205204238055021e-01 5.687194892977844862e-01
4.245111066177532089e-01 5.732256853173113287e-01
4.245111066177532089e-01 5.822380773563650136e-01
4.235229057362779881e-01 5.867442733758918560e-01
4.212320443356868394e-01 5.912504693954186985e-01
4.205055990448404724e-01 5.935035674051820642e-01
4.197760803316097911e-01 6.025159594442358602e-01
4.192292539063405821e-01 6.047690574539992259e-01
4.119125335798260457e-01 6.205407435223432300e-01
4.096628213730827417e-01 6.273000375516335492e-01
4.085457949391951837e-01 6.340593315809237573e-01
4.069022790952944724e-01 6.408186256102139655e-01
4.062574922730292082e-01 6.520841156590311272e-01
4.035314399038905098e-01 6.633496057078482888e-01
4.006504293340290568e-01 6.723619977469019737e-01
3.933836910367139450e-01 7.016522718738265052e-01
3.927597562032409950e-01 7.106646639128801901e-01
3.911305930269505238e-01 7.174239579421703983e-01
3.905066581934775183e-01 7.264363499812241942e-01
3.888774950171871025e-01 7.331956440105144024e-01
3.882535601837141526e-01 7.422080360495681983e-01
3.866243970074236813e-01 7.489673300788584065e-01
3.860004621739506758e-01 7.557266241081486147e-01
3.843601959906409737e-01 7.624859181374389339e-01
3.836913075189924416e-01 7.669921141569657763e-01
3.829671415605363505e-01 7.692452121667292531e-01
3.806762801599451462e-01 7.737514081862560955e-01
3.799498348690988347e-01 7.760045061960194612e-01
3.792203161558681535e-01 7.827638002253097804e-01
3.786734897305990000e-01 7.850168982350731461e-01
3.759402232925252996e-01 7.917761922643634653e-01
3.753830086079897876e-01 7.940292902741268311e-01
3.749600193272742410e-01 8.030416823131805160e-01
3.742343147385968072e-01 8.075478783327074694e-01
3.719951471735173931e-01 8.143071723619976776e-01
3.691787746613131027e-01 8.210664663912879968e-01
3.679900307634536016e-01 8.278257604205783160e-01
3.606545538577081711e-01 8.571160345475028475e-01
3.587245293844022465e-01 8.616222305670295789e-01
3.539766217009926996e-01 8.706346226060832638e-01
3.523236135206270214e-01 8.728877206158467406e-01
3.467792252809150932e-01 8.784321088555586687e-01
3.445261272711516165e-01 8.800851170359244025e-01
3.332606372223345659e-01 8.862185505069470892e-01
3.310075392125710891e-01 8.878862848180955059e-01
3.257282213269489524e-01 8.931656027037175871e-01
3.240604870158004802e-01 8.954187007134810639e-01
3.201801515545413257e-01 9.021779947427712720e-01
3.117678493448853838e-01 9.134434847915884337e-01
3.054503392390781613e-01 9.202027788208786419e-01
2.995647518084618710e-01 9.292151708599323268e-01
2.985455963488257702e-01 9.337213668794592802e-01
2.987535746266500869e-01 9.539992489673300158e-01
3.003827378029405581e-01 9.607585429966203350e-01
3.010307742857967761e-01 9.675178370259105431e-01
3.015879889703322880e-01 9.697709350356740199e-01
3.037860187127929823e-01 9.742771310552008623e-01
3.054799387619515083e-01 9.765302290649642281e-01
3.084765591149368769e-01 9.795268494179496521e-01
3.107296571247002426e-01 9.812241832519714713e-01
3.197420491637539830e-01 9.859893560542296598e-01
3.287544412028076679e-01 9.896169733383402001e-01
3.332606372223345659e-01 9.918308128221758890e-01
3.377668332418614083e-01 9.947803229440479456e-01
3.422730292613882508e-01 9.970146451370633933e-01
3.490323232906784590e-01 9.992610807602388956e-01
3.535385193102053569e-01 1.000000000000000000e+00
3.715633033883127823e-01 1.000000000000000000e+00
3.760694994078396247e-01 9.991904852779127655e-01
3.873349894566567309e-01 9.937842164555210633e-01
3.895880874664201521e-01 9.923669083451283068e-01
3.918411854761835733e-01 9.901798111938798774e-01
3.988342915630908037e-01 9.810364250844911815e-01
4.033319853259770271e-01 9.742771310552008623e-01
4.058065084849757920e-01 9.697709350356740199e-01
4.098033834984642354e-01 9.607585429966203350e-01
4.117350167669356353e-01 9.585054449868568582e-01
4.166252635835812068e-01 9.547723708334252546e-01
4.241576794789668203e-01 9.472399549380396966e-01
4.325847078194055007e-01 9.359744648892226460e-01
4.350967826119003234e-01 9.314682688696958035e-01
4.370345763886882562e-01 9.269620728501689610e-01
4.421199341402119454e-01 9.066841907622981145e-01
4.427438689736848954e-01 8.999248967330077953e-01
4.461186858917139397e-01 8.886594066841907447e-01
4.477438713413793847e-01 8.819001126549004255e-01
4.506248819112408377e-01 8.728877206158467406e-01
4.601558212253386571e-01 8.345850544498685242e-01
4.607543003841820806e-01 8.300788584303416817e-01
4.637655124602694801e-01 8.188133683815246311e-01
4.660928350657978503e-01 8.143071723619976776e-01
4.671119905254340066e-01 8.098009763424709462e-01
4.675279470810825844e-01 7.917761922643634653e-01
4.691682132643923420e-01 7.850168982350731461e-01
4.698371017360408741e-01 7.805107022155464147e-01
4.705612676944969097e-01 7.782576042057829380e-01
4.728521290950881140e-01 7.737514081862560955e-01
4.738712845547242702e-01 7.692452121667292531e-01
4.740621939082321767e-01 7.557266241081486147e-01
4.747878984969096106e-01 7.512204280886218832e-01
4.772064074840305370e-01 7.444611340593315640e-01
4.796114231243783776e-01 7.399549380398047216e-01
4.803378684152247446e-01 7.377018400300412448e-01
4.810465351396631117e-01 7.264363499812241942e-01
4.826868013229728693e-01 7.196770559519338750e-01
4.838614633582714042e-01 7.129177619226436668e-01
4.866005780015617010e-01 7.061584678933533477e-01
4.871577926860971575e-01 7.039053698835899819e-01
4.878058291689534309e-01 6.948929778445361860e-01
4.894460953522631885e-01 6.881336838152459778e-01
4.900445745111065565e-01 6.836274877957191354e-01
4.916991933620266098e-01 6.768681937664288162e-01
4.922976725208699778e-01 6.723619977469019737e-01
4.962053893815534522e-01 6.565903116785579696e-01
4.968038685403968202e-01 6.520841156590311272e-01
4.984584873913168734e-01 6.453248216297409190e-01
4.990569665501602969e-01 6.408186256102139655e-01
5.007004823940609528e-01 6.340593315809237573e-01
5.013244172275339583e-01 6.273000375516335492e-01
5.018250746140707763e-01 6.250469395418700724e-01
5.042786817704302260e-01 6.182876455125797532e-01
5.094490169340932795e-01 6.092752534735260683e-01
5.150169080268941491e-01 5.980097634247090177e-01
5.203970481480130195e-01 5.844911753661283793e-01
5.209542628325485314e-01 5.822380773563650136e-01
5.216231513041971191e-01 5.732256853173113287e-01
5.236286432305958805e-01 5.664663912880210095e-01
5.247739680522256478e-01 5.641844074063375736e-01
5.270270660619890135e-01 5.620291676565480898e-01
5.292801640717524903e-01 5.610698581517328254e-01
5.337863600912793327e-01 5.598385279759670041e-01
5.495580461596232258e-01 5.522165345771488099e-01
5.630766342182038642e-01 5.441231693578670869e-01
5.743421242670209148e-01 5.356961410174283511e-01
5.908869322014602687e-01 5.191513330829891082e-01
5.993139605418988936e-01 5.078858430341719465e-01
6.063322313539205588e-01 4.943672549755914192e-01
6.083451283977006074e-01 4.898610589560645767e-01
6.122129466477945758e-01 4.785955689072474706e-01
6.151044224269908156e-01 4.718362748779572069e-01
6.173541346337342306e-01 4.650769808486669432e-01
6.201257799185417863e-01 4.538114907998497816e-01
6.207242590773851543e-01 4.493052947803229391e-01
6.223677749212859212e-01 4.425460007510326754e-01
6.229917097547589266e-01 4.312805107022155693e-01
6.246208729310493979e-01 4.245212166729253056e-01
6.248490713192177415e-01 3.907247465264739317e-01
6.246208729310493979e-01 3.884716485167104549e-01
6.229917097547589266e-01 3.817123544874202468e-01
6.227666625526182553e-01 3.636875704093128214e-01
6.229917097547589266e-01 3.614344723995494002e-01
6.246208729310493979e-01 3.546751783702590810e-01
6.248490713192177415e-01 3.524220803604957153e-01
6.246208729310493979e-01 3.276380022530980263e-01
6.229917097547589266e-01 3.208787082238077626e-01
6.227837314769345545e-01 3.118663161847540222e-01
6.230698391607141229e-01 3.096132181749906565e-01
6.238114603936688596e-01 3.073601201652271797e-01
6.252318091221582552e-01 3.051070221554638140e-01
6.336957943869652166e-01 2.960946301164100736e-01
6.386680724457667324e-01 2.893353360871198099e-01
6.408085155550420353e-01 2.870822380773563887e-01
6.441881625696871394e-01 2.843402603107574311e-01
6.532005546087408243e-01 2.783036580959196149e-01
6.560873364337501679e-01 2.758167480285392825e-01
6.611747544276094235e-01 2.690574539992489633e-01
6.652391665236532248e-01 2.645512579797221209e-01
6.737122487542285265e-01 2.532857679309050147e-01
6.782099425171148610e-01 2.465264739016147510e-01
6.849692365464051802e-01 2.352609838527976449e-01
6.872035587394204059e-01 2.307547878332707469e-01
6.962125649754540291e-01 2.037176117161096922e-01
6.978377504251195296e-01 1.969583176868194285e-01
7.007154844114129588e-01 1.879459256477656881e-01
7.014544036511741743e-01 1.834397296282388456e-01
7.014544036511741743e-01 1.316184754036801019e-01
7.012262052630058307e-01 1.293653773939166807e-01
6.995826894191050638e-01 1.226060833646264170e-01
6.989842102602616958e-01 1.180998873450995190e-01
6.962125649754540291e-01 1.068343972962824129e-01
6.939628527687107251e-01 1.000751032669921492e-01
6.782099425171148610e-01 6.853173113030419650e-02
6.692060527347016841e-01 5.501314307172366913e-02
6.642447582458848032e-01 4.825384904243340545e-02
6.620101678269159073e-01 4.374765302290656299e-02
6.600366587974548782e-01 4.149455501314308625e-02
6.486943585892139819e-01 3.229440480660916712e-02
6.374288685403968202e-01 2.619397125593142528e-02
6.306695745111066120e-01 2.194794157756391195e-02
6.103916924232357655e-01 1.199774690199034710e-02
5.968731043646552381e-01 7.494936685483510885e-03
5.901138103353649189e-01 5.869751235818121415e-03
5.811014182963112340e-01 2.988740665956668430e-03
5.743421242670209148e-01 1.871714232069110473e-03
