5.366682485168166039e-01 1.560827676298504052e-04
5.280820533206781464e-01 0.000000000000000000e+00
5.223579231899192488e-01 1.168813483071684534e-03
5.080475978630220046e-01 1.587115300319574818e-03
4.865821098726761940e-01 6.179380369552733843e-03
4.779959146765378475e-01 9.038229206342118793e-03
4.593924917515714301e-01 1.747213613906833940e-02
4.422201013592947372e-01 2.764940216112543592e-02
4.250477109670180442e-01 4.158722657463720385e-02
4.187483618770406757e-01 4.787551376155252392e-02
4.101732285839642667e-01 5.789274149038059480e-02
4.005029476161522939e-01 7.220306681727783893e-02
3.932191623857774210e-01 8.651339214417508305e-02
3.891218700455413293e-01 9.653061987300315394e-02
3.851547466745774417e-01 1.122719777325901225e-01
3.833977399147824316e-01 1.165650753306592957e-01
3.826341082866064336e-01 1.294443681248668154e-01
3.814652948035346935e-01 1.351684982556257131e-01
3.812169190756198867e-01 1.695132790401790990e-01
3.801903450384747640e-01 1.738063766382482722e-01
3.806739726787784495e-01 1.924097995632146896e-01
3.800342622708449691e-01 1.967028971612838628e-01
3.800342622708449691e-01 2.124442550208708314e-01
3.813585013309459537e-01 2.195994176843194534e-01
3.812335195950568578e-01 2.496511008708036661e-01
3.801903450384747640e-01 2.539441984688728393e-01
3.797720432212269848e-01 2.682545237957700834e-01
3.769238214775507134e-01 2.868579467207365008e-01
3.751375189457493708e-01 2.940131093841851229e-01
3.710444239494981589e-01 3.040303371130131938e-01
3.607140115807475067e-01 3.212027275052898867e-01
3.532749247592978925e-01 3.312199552341179576e-01
3.346754511124250264e-01 3.598406058879124458e-01
3.248633062843924724e-01 3.798750613455686431e-01
3.215180111981960076e-01 3.913233216070864384e-01
3.186559461328165588e-01 4.070646794666734070e-01
3.184998633651868194e-01 4.113577770647425802e-01
3.200869786655062832e-01 4.228060373262603755e-01
3.218202927954553205e-01 4.299611999897089976e-01
3.262447837746731416e-01 4.399784277185370684e-01
3.300354067533396440e-01 4.457025578492959661e-01
3.363236939402550751e-01 4.526463179795063851e-01
3.502105504564584360e-01 4.643059807742623835e-01
3.521632599148305509e-01 4.685990783723315567e-01
3.763926048555674142e-01 4.892140470272109409e-01
3.939437979770855081e-01 5.015128266241951627e-01
3.948904598068108118e-01 5.043748916895746115e-01
3.924670478736252410e-01 5.129610868857130690e-01
3.890172223685335329e-01 5.172541844837821312e-01
3.881986232502576128e-01 5.244093471472308643e-01
3.821046075919814489e-01 5.358576074087486596e-01
3.794775356432509850e-01 5.444438026048870061e-01
3.733805121859543608e-01 5.587541279317842502e-01
3.722754538803698665e-01 5.630472255298533124e-01
3.677942822650842603e-01 5.730644532586814943e-01
3.665484859008549812e-01 5.787885833894403920e-01
3.611495529671848725e-01 5.916678761836479117e-01
3.576041346203393534e-01 5.959609737817170849e-01
3.577070735065941420e-01 6.016851039124759826e-01
3.523981369583129575e-01 6.145643967066835023e-01
3.489483114532212493e-01 6.188574943047526755e-01
3.479450629758885638e-01 6.274436895008910220e-01
3.418977964667804237e-01 6.403229822950984307e-01
3.409804145589257485e-01 6.460471124258574394e-01
3.388455955347492998e-01 6.503402100239266126e-01
3.376602243245596657e-01 6.560643401546855102e-01
3.345706790877102099e-01 6.603574377527546835e-01
3.334980110579101598e-01 6.646505353508238567e-01
3.275850116709613236e-01 6.789608606777211008e-01
3.264824128342986853e-01 6.832539582757902741e-01
3.220012412190130235e-01 6.932711860046183450e-01
3.209459591012696067e-01 6.989953161353772426e-01
3.162275560458450707e-01 7.090125438642053135e-01
3.136002821913351779e-01 7.175987390603436600e-01
3.104150807476064311e-01 7.247539017237922820e-01
3.066528500568254101e-01 7.376331945179998018e-01
3.021246664692164297e-01 7.476504222468278726e-01
2.988001441691532367e-01 7.519435198448969349e-01
2.981591570876760411e-01 7.590986825083456679e-01
2.946306746743505012e-01 7.676848777044840144e-01
2.937735572626178904e-01 7.719779753025531877e-01
2.890874929671494176e-01 7.819952030313812585e-01
2.835514368536069529e-01 7.991675934236579515e-01
2.790207101959122360e-01 8.091848211524860224e-01
2.766473292101053749e-01 8.163399838159346444e-01
2.743853745616603446e-01 8.206330814140038177e-01
2.707134077316681875e-01 8.306503091428318886e-01
2.647720673057688545e-01 8.383165548536697376e-01
2.576169046423202325e-01 8.437468122321798436e-01
2.455783434610679383e-01 8.492537320677983059e-01
2.445278915631495797e-01 8.506847646004880303e-01
2.433065793154229883e-01 8.545083046487683687e-01
2.418755467827332639e-01 8.554023210006261868e-01
2.375824491846640907e-01 8.560921908100778133e-01
2.361514166519743663e-01 8.568907730330710404e-01
2.330759519983868211e-01 8.607019923293161012e-01
2.302541777470997753e-01 8.678571549927647233e-01
2.298399224219771497e-01 8.707192200581441721e-01
2.302982589977762284e-01 8.735812851235236209e-01
2.332893515865949174e-01 8.790498737305878496e-01
2.375824491846640907e-01 8.821798168070127399e-01
2.418755467827332639e-01 8.840370550801114335e-01
2.424349504091483642e-01 8.850295453850414162e-01
2.423929200830133857e-01 8.893226429831105895e-01
2.404445142500435395e-01 8.934189736079349853e-01
2.390134817173538151e-01 8.939930127943434002e-01
2.347203841192846419e-01 8.931864308213728343e-01
2.318583190539051930e-01 8.936540718097338853e-01
2.284490944907326404e-01 8.964778056465592115e-01
2.247159334666413155e-01 9.022019357773181092e-01
2.228428140979599181e-01 9.122191635061461801e-01
2.234234830679551753e-01 9.150812285715256289e-01
2.246218477238264843e-01 9.165122611042153533e-01
2.337728085233144459e-01 9.208053587022845266e-01
2.349588895413995959e-01 9.222363912349742510e-01
2.352377574195647636e-01 9.265294888330434242e-01
2.332893515865949174e-01 9.307308535764530211e-01
2.318583190539051930e-01 9.314517472860019964e-01
2.232721238577668466e-01 9.318022933188770951e-01
2.189790262596976733e-01 9.345090506729328839e-01
2.150299268666019947e-01 9.394087816272509439e-01
2.140896651063411427e-01 9.422708466926303927e-01
2.140558471733546853e-01 9.494260093560790148e-01
2.156174498385680649e-01 9.537191069541481880e-01
2.189790262596976733e-01 9.565681626328668141e-01
2.267602656561980567e-01 9.594432370849070857e-01
2.279627304926942766e-01 9.623053021502865345e-01
2.242153043906759957e-01 9.780466600098735030e-01
2.245975884167335512e-01 9.823397576079426763e-01
2.261341889231462954e-01 9.847089114676179644e-01
2.604789697076996813e-01 9.996621756044530294e-01
2.662030998384585789e-01 1.000000000000000000e+00
2.690651649038380278e-01 9.989267256004825679e-01
2.722546696165278335e-01 9.952190504021501960e-01
2.805134251653558231e-01 9.778993478373907422e-01
2.819444576980455475e-01 9.767274268938002102e-01
2.833754902307352719e-01 9.773609569212929893e-01
2.849047308784135035e-01 9.809087250752529519e-01
2.861543557302607121e-01 9.823397576079426763e-01
2.933927179595633428e-01 9.856896746731027559e-01
2.991168480903222404e-01 9.851892697563686685e-01
3.031714402662765151e-01 9.823397576079426763e-01
3.064220383580045226e-01 9.766156274771837786e-01
3.069234509365624808e-01 9.737535624118043298e-01
3.067080284785748123e-01 9.680294322810454322e-01
3.049222868877112802e-01 9.651673672156659833e-01
2.991168480903222404e-01 9.621762746268472943e-01
2.905306528941838939e-01 9.613833869609575977e-01
2.889846266758316351e-01 9.594432370849070857e-01
2.891923724700944387e-01 9.580122045522173613e-01
2.962547830249427916e-01 9.432447438329331080e-01
2.976858155576325160e-01 9.417886509479197477e-01
2.991168480903222404e-01 9.416000501929320254e-01
3.005478806230119648e-01 9.426509647091261268e-01
3.038710561711470137e-01 9.494260093560790148e-01
3.091340758191503113e-01 9.523936423951814279e-01
3.119961408845297601e-01 9.525578592431950264e-01
3.134271734172194845e-01 9.519165563600870961e-01
3.196778155175529212e-01 9.451329117580098416e-01
3.210336617255933334e-01 9.422708466926303927e-01
3.210336617255933334e-01 9.322536189638023219e-01
3.195862252000704062e-01 9.293915538984228730e-01
3.177202710152886578e-01 9.277913993391424530e-01
3.134271734172194845e-01 9.260561473029997881e-01
3.105651083518400357e-01 9.261893253621582556e-01
3.062720107537708625e-01 9.280010222864696345e-01
3.048409782210811381e-01 9.275630123288749473e-01
3.042067706213664180e-01 9.265294888330434242e-01
3.060491450314667405e-01 9.208053587022845266e-01
3.119961408845297601e-01 9.084107704756009261e-01
3.134271734172194845e-01 9.074013539794241190e-01
3.148582059499092090e-01 9.078008505614665324e-01
3.190015443294411113e-01 9.136501960388359045e-01
3.234444011460475554e-01 9.164997081872618967e-01
3.277374987441167287e-01 9.170001131039958731e-01
3.334616288748756263e-01 9.150937814884789745e-01
3.353076608420454408e-01 9.136501960388359045e-01
3.367750195851803019e-01 9.107881309734564557e-01
3.383848079612186699e-01 8.993398707119386604e-01
3.368232052960052902e-01 8.950467731138694871e-01
3.334616288748756263e-01 8.921470492976297795e-01
3.273912811958853419e-01 8.893226429831105895e-01
3.270219824777719220e-01 8.878916104504208651e-01
3.280776622150020083e-01 8.850295453850414162e-01
3.281735164689206785e-01 8.821674803196619674e-01
3.217905028910537091e-01 8.692881875254544477e-01
3.172028977150085360e-01 8.535468296658674792e-01
3.170474721379793470e-01 8.406675368716599595e-01
3.175044803952798977e-01 8.378054718062805106e-01
3.246525679564331579e-01 8.192020488813140933e-01
3.350920675801533077e-01 7.948744958255887783e-01
3.375318607506406776e-01 7.877193331621401562e-01
3.765920110281553157e-01 6.961332510699977938e-01
4.133765849831960715e-01 6.074092340432348802e-01
4.180919544761573237e-01 5.973920063144068093e-01
4.319800079081624888e-01 5.630472255298533124e-01
4.408636017710159116e-01 5.430127700721971706e-01
4.422201013592947372e-01 5.417105304674495470e-01
4.493752640227433592e-01 5.393713033595493034e-01
4.579614592188817057e-01 5.335427018411622591e-01
4.622545568169508790e-01 5.295693202218332285e-01
4.651166218823303278e-01 5.279400093795226789e-01
4.694097194803995010e-01 5.280428281872633356e-01
5.023234677322631070e-01 5.389158624181258350e-01
5.266510207879884220e-01 5.449533369157689711e-01
5.352372159841267685e-01 5.465262753203683488e-01
5.595647690398521945e-01 5.465262753203683488e-01
5.710130293013699898e-01 5.445938302091205552e-01
5.810302570301979497e-01 5.404965378688845190e-01
5.867543871609568473e-01 5.374802960842092192e-01
5.923592645806583512e-01 5.329955423433692108e-01
5.982026474224746426e-01 5.271521595015528083e-01
6.084370854464431488e-01 5.129610868857130690e-01
6.142898381441284084e-01 5.015128266241951627e-01
6.212516550186657494e-01 4.843404362319185252e-01
6.255853413614820280e-01 4.700301109050212811e-01
6.316259299852203801e-01 4.428404927839165173e-01
6.320162115850447293e-01 4.385473951858473440e-01
6.351866275501034664e-01 4.270991349243295487e-01
6.410472679917109673e-01 4.127888095974323046e-01
6.453403655897801405e-01 4.042026144012939581e-01
6.537957059022335704e-01 3.898922890743967140e-01
6.620074344809578903e-01 3.784440288128789187e-01
6.777371908324555383e-01 3.598406058879124458e-01
6.840645993838582184e-01 3.534009594908087415e-01
6.926507945799965649e-01 3.461054995202336171e-01
7.232135608138698935e-01 3.154785973745309891e-01
7.418811196506656103e-01 2.954441419168748473e-01
7.576114156071906969e-01 2.768407189919084299e-01
7.672816965750026696e-01 2.625303936650111858e-01
7.770938414030350572e-01 2.424959382073550440e-01
7.815710015507572050e-01 2.281856128804577999e-01
7.847322340873007507e-01 2.153063200862502802e-01
7.856679092048286517e-01 2.059648577200812181e-01
7.859441528266453147e-01 1.938408320959044140e-01
7.849951103275192299e-01 1.866856694324557919e-01
7.847322340873007507e-01 1.752374091709379966e-01
7.829989199573517134e-01 1.652201814421099257e-01
7.772811201812781512e-01 1.480477910498332328e-01
7.639795554921786636e-01 1.194271403960387445e-01
7.586776972563118449e-01 1.051168150691415004e-01
7.544024037807950389e-01 9.653061987300315394e-02
7.475941878783626260e-01 8.651339214417508305e-02
7.312886729626191240e-01 7.020787722843169210e-02
7.026680223088246358e-01 5.052036853179164844e-02
6.869266644492376672e-01 4.179968919479365441e-02
6.668922089915814144e-01 3.193474972937770939e-02
6.468577535339252726e-01 2.339793310159360429e-02
6.039267775532335403e-01 1.017331049645792129e-02
5.996336799551644781e-01 9.777024564328384848e-03
5.838923220955773985e-01 5.880212898388748055e-03
5.781681919648185008e-01 5.483926966259156099e-03
5.681509642359905410e-01 3.018147833009299230e-03
5.624268341052316433e-01 2.599846015761408946e-03
5.581337365071623591e-01 1.587115300319574818e-03
5.409613461148856661e-01 1.168813483071684534e-03
