5.352517830948524402e-01 0.000000000000000000e+00
4.602540031458152714e-01 0.000000000000000000e+00
4.538605142421138217e-01 4.992213636939024646e-04
4.499094817735342922e-01 1.459224294076078010e-03
4.447372210873937748e-01 2.164532569458810229e-03
4.266343086859020750e-01 6.631484980216539871e-03
4.214620479997615576e-01 7.402200048658269527e-03
4.188759176566912990e-01 8.235696034065098647e-03
4.137036569705508371e-01 1.090949181249362132e-02
4.111175266274805784e-01 1.173894170088390920e-02
4.033591355982698579e-01 1.308095073117054863e-02
3.930146142259888231e-01 1.641226532952122508e-02
3.852562231967781026e-01 1.858021740634613339e-02
3.774978321675673820e-01 2.337471976194260836e-02
3.749117018244971233e-01 2.534099263991673734e-02
3.671533107952863473e-01 3.262301689967439522e-02
3.619810501091458854e-01 3.708708814917632823e-02
3.532031269254555239e-01 4.704956753895833677e-02
3.512901719944894197e-01 4.963569788202859545e-02
3.437666665721770265e-01 6.256634959737983337e-02
3.383513268938346807e-01 7.808313165580132997e-02
3.364377135239028926e-01 8.584152268501205052e-02
3.332624897671480624e-01 9.359991371422277107e-02
3.326384173704642899e-01 9.618604405729302975e-02
3.319074889226850678e-01 1.039444350865038058e-01
3.300522870273940312e-01 1.117028261157145264e-01
3.297702177018008163e-01 1.142889564587847850e-01
3.297702177018008163e-01 1.453225205756277227e-01
3.300522870273940312e-01 1.479086509186979814e-01
3.319074889226850678e-01 1.556670419479087020e-01
3.326127971980678555e-01 1.608393026340492193e-01
3.357651965507644221e-01 1.737699543494004573e-01
3.409316449397298276e-01 1.892867364078218984e-01
3.442808957119027902e-01 1.970451274370326744e-01
3.461039056258703450e-01 2.022173881231731363e-01
3.520392867411135107e-01 2.151480398385243742e-01
3.566973182875282644e-01 2.280786915538756121e-01
3.598259414899206421e-01 2.332509522400161295e-01
3.623838081133945455e-01 2.384232129261565913e-01
3.642068180273621003e-01 2.435954736122971087e-01
3.665283292957111083e-01 2.487677342984376261e-01
3.755797854964569304e-01 2.668706466999293259e-01
3.778106705155194200e-01 2.720429073860698432e-01
3.810189480962091757e-01 2.849735591014210812e-01
3.812998297614840770e-01 2.875596894444912843e-01
3.812998297614840770e-01 2.927319501306318017e-01
3.810189480962091757e-01 2.953180804737020049e-01
3.791631433733322898e-01 3.030764715029127809e-01
3.778878042034271578e-01 3.108348625321235570e-01
3.750677614141651461e-01 3.185932535613342775e-01
3.722141003459497055e-01 3.237655142474747394e-01
3.698955007280246843e-01 3.289377749336152568e-01
3.670418396598092436e-01 3.341100356197557186e-01
3.626491337811056925e-01 3.444545569920367534e-01
3.538622966550810656e-01 3.625574693935284531e-01
3.520392867411135107e-01 3.677297300796689150e-01
3.487748271277297807e-01 3.754881211088796911e-01
3.403968083996750105e-01 4.091078155687928875e-01
3.401147390740817955e-01 4.116939459118631461e-01
3.401147390740817955e-01 4.297968583133549014e-01
3.403968083996750105e-01 4.323829886564251046e-01
3.422520102949661025e-01 4.401413796856358251e-01
3.429829387427452136e-01 4.478997707148466012e-01
3.435292153597796494e-01 4.504859010579168599e-01
3.486124247066617610e-01 4.660026831163383010e-01
3.515250576013877470e-01 4.737610741455490770e-01
3.543787186696031877e-01 4.789333348316895389e-01
3.576196947000698234e-01 4.866917258609003150e-01
3.590092687500037183e-01 4.892778562039705181e-01
3.661337786408067618e-01 4.996223775762515529e-01
3.778798741500664082e-01 5.125530292916027353e-01
3.878423535398483613e-01 5.213309524752931523e-01
3.904284838829186199e-01 5.232439074062592566e-01
4.007730052551995992e-01 5.286947928495995264e-01
4.059452659413400610e-01 5.310163041179485344e-01
4.111175266274805784e-01 5.328393140319160892e-01
4.188759176566912990e-01 5.360993289474600410e-01
4.214620479997615576e-01 5.367234013441438689e-01
4.292204390289723337e-01 5.374543297919230911e-01
4.369788300581830542e-01 5.393095316872141831e-01
4.395649604012533129e-01 5.395916010128073426e-01
4.499094817735342922e-01 5.398231947748733939e-01
4.524956121166045508e-01 5.401450507211291718e-01
4.550817424596747540e-01 5.410239733412215424e-01
4.584695732090968145e-01 5.435865934084457285e-01
4.602304928699691988e-01 5.461727237515159317e-01
4.612035978811613868e-01 5.487588540945862459e-01
4.625645622228206633e-01 5.539311147807266522e-01
4.674206524863573908e-01 5.642756361530076870e-01
4.690816596053338783e-01 5.668617664960780012e-01
4.705985245180962506e-01 5.686145881730477747e-01
4.731846548611665093e-01 5.703903002692500834e-01
4.835291762334474885e-01 5.740890771869796572e-01
4.843553012041504902e-01 5.746201575252887217e-01
4.865463283003627626e-01 5.772062878683589249e-01
4.872094386447397563e-01 5.797924182114291280e-01
4.873893560837656014e-01 5.823785485544994422e-01
4.872925748670198787e-01 8.332331918323133690e-01
4.868869745014661188e-01 8.358193221753835722e-01
4.856642373306334082e-01 8.384054525184538864e-01
4.835291762334474885e-01 8.402056020709831596e-01
4.809430458903772299e-01 8.407505029142887665e-01
4.731846548611665093e-01 8.399301114520549838e-01
4.705985245180962506e-01 8.401361705172778471e-01
4.680123941750259919e-01 8.407584071748538390e-01
4.628401334888855301e-01 8.432720796185950718e-01
4.594523027394634695e-01 8.461638435476646070e-01
4.576451874488584592e-01 8.487499738907348101e-01
4.564790870805272571e-01 8.513361042338050133e-01
4.521877394567151986e-01 8.642667559491563622e-01
4.517197730136834899e-01 8.668528862922265654e-01
4.517197730136834899e-01 8.694390166352967686e-01
4.534654109952558909e-01 8.771974076645074891e-01
4.530463620970731631e-01 8.797835380075778033e-01
4.513372412337710027e-01 8.823696683506481175e-01
4.490391494465394984e-01 8.849557986937182097e-01
4.472564687491777380e-01 8.875419290367885239e-01
4.443882987395192385e-01 8.953003200659992444e-01
4.412558917794145996e-01 9.082309717813505934e-01
4.410124214141657450e-01 9.108171021244206855e-01
4.412302716070182207e-01 9.159893628105613139e-01
4.420002331409778051e-01 9.211616234967017203e-01
4.416829119753194477e-01 9.237477538397720345e-01
4.404030581976186576e-01 9.263338841828422376e-01
4.360761241837151081e-01 9.315061448689827550e-01
4.344162099909588681e-01 9.340922752120529582e-01
4.334835132663771851e-01 9.366784055551231614e-01
4.310307302691214759e-01 9.470229269274041961e-01
4.310307302691214759e-01 9.496090572704745103e-01
4.334835132663771851e-01 9.599535786427554340e-01
4.344632305426510688e-01 9.625397089858256372e-01
4.369788300581830542e-01 9.658758171283863270e-01
4.395649604012533129e-01 9.676401327179919853e-01
4.447372210873937748e-01 9.691989946192315353e-01
4.474281945524803961e-01 9.702981000150363577e-01
4.491235009829933067e-01 9.728842303581066719e-01
4.492413981015744850e-01 9.754703607011769861e-01
4.487322134830321607e-01 9.806426213873173925e-01
4.487708124433764656e-01 9.858148820734579099e-01
4.490938560499505572e-01 9.884010124165281130e-01
4.499787531220093562e-01 9.909871427595984272e-01
4.515929062421366047e-01 9.935732731026686304e-01
4.550817424596747540e-01 9.970621093202067797e-01
4.576678728027450127e-01 9.986762624403340283e-01
4.602540031458152714e-01 9.995611595123927717e-01
4.654262638319557333e-01 1.000000000000000000e+00
4.731846548611665093e-01 9.999228020793111682e-01
4.757707852042367680e-01 9.996407327537180088e-01
4.835291762334474885e-01 9.978105482032375573e-01
4.861153065765177472e-01 9.975296665379627115e-01
5.119766100072201676e-01 9.973366717362410760e-01
5.145627403502904818e-01 9.970546024106478056e-01
5.223211313795012023e-01 9.952244178601673541e-01
5.249072617225714055e-01 9.949435361948923973e-01
5.378379134379226434e-01 9.947119424328264570e-01
5.404240437809929576e-01 9.943326923303956733e-01
5.430101741240631608e-01 9.932887987649308137e-01
5.454077324629511558e-01 9.909871427595984272e-01
5.467433784096242810e-01 9.884010124165281130e-01
5.485313571580782144e-01 9.832287517303877067e-01
5.502557979300789492e-01 9.754703607011769861e-01
5.521539921227758274e-01 9.728842303581066719e-01
5.585269561824846019e-01 9.685136700783179009e-01
5.614187201115541370e-01 9.651258393288959514e-01
5.639703434368502633e-01 9.599535786427554340e-01
5.670611863146164389e-01 9.470229269274041961e-01
5.670611863146164389e-01 9.444367965843338819e-01
5.654697214881116984e-01 9.366784055551231614e-01
5.654697214881116984e-01 9.340922752120529582e-01
5.660142206434702894e-01 9.315061448689827550e-01
5.691426041229907806e-01 9.237477538397720345e-01
5.700487458452677680e-01 9.185754931536315171e-01
5.702417406469894035e-01 8.953003200659992444e-01
5.705226223122643603e-01 8.927141897229290413e-01
5.723528068627448118e-01 8.849557986937182097e-01
5.726348761883379712e-01 8.823696683506481175e-01
5.727120741090266920e-01 8.720251469783670828e-01
5.722732336214195747e-01 8.668528862922265654e-01
5.713870770702975666e-01 8.642667559491563622e-01
5.696574583453065665e-01 8.616806256060860481e-01
5.640727690292908214e-01 8.565083649199456417e-01
5.621059758536979256e-01 8.539222345768753275e-01
5.607467180602866419e-01 8.513361042338050133e-01
5.581369841466248261e-01 8.435777132045942928e-01
5.573110889316381655e-01 8.384054525184538864e-01
5.571180941299165301e-01 6.263427643866936734e-01
5.568360248043232597e-01 6.237566340436233592e-01
5.550058402538428082e-01 6.159982430144126386e-01
5.547249585885679624e-01 6.134121126713423244e-01
5.546667763321665445e-01 5.435865934084457285e-01
5.548466937711923341e-01 5.410004630653755253e-01
5.554726470704103303e-01 5.384143327223052111e-01
5.573955241573913533e-01 5.358282023792350079e-01
5.585269561824846019e-01 5.350053427246217463e-01
5.636992168686251192e-01 5.327623865693049687e-01
5.766298685839763571e-01 5.284301737748783312e-01
5.895605202993275951e-01 5.230090217993609292e-01
5.973189113285383156e-01 5.181719852188190201e-01
6.016183530238926602e-01 5.151391596346730495e-01
6.128356933869598677e-01 5.058341612434300583e-01
6.216136165706501737e-01 4.970362472331812942e-01
6.287450130867401343e-01 4.866917258609003150e-01
6.315635872880268620e-01 4.815194651747597976e-01
6.338850985563758700e-01 4.763472044886193357e-01
6.416320495086070830e-01 4.530720314009870631e-01
6.424603954512346782e-01 4.478997707148466012e-01
6.429342719182312704e-01 4.375552493425656220e-01
6.446450966067238664e-01 4.297968583133549014e-01
6.446450966067238664e-01 4.272107279702845872e-01
6.429092545734206299e-01 4.194523369410738667e-01
6.422039462980378977e-01 4.142800762549334048e-01
6.377369938872801125e-01 3.961771638534416495e-01
6.364597888224665656e-01 3.884187728242309290e-01
6.338850985563758700e-01 3.806603817950201529e-01
6.306257674404994740e-01 3.729019907658094324e-01
6.286236020136064528e-01 3.625574693935284531e-01
6.253635870980623901e-01 3.547990783643176771e-01
6.150318516941702951e-01 3.237655142474747394e-01
6.142059564791836346e-01 3.185932535613342775e-01
6.142059564791836346e-01 3.004903411598425222e-01
6.151089853820780329e-01 2.953180804737020049e-01
6.173398704011404670e-01 2.901458197875615430e-01
6.302591986644245914e-01 2.642845163568590672e-01
6.362223376100691885e-01 2.539399949845780879e-01
6.385409372279942097e-01 2.487677342984376261e-01
6.413945982962097059e-01 2.435954736122971087e-01
6.437131979141347271e-01 2.384232129261565913e-01
6.465668589823502233e-01 2.332509522400161295e-01
6.519880109578675143e-01 2.203203005246648916e-01
6.563971512149053833e-01 2.073896488093136536e-01
6.596616108282891133e-01 1.996312577801029331e-01
6.680652497287402625e-01 1.660115633201896812e-01
6.687705580041231057e-01 1.582531722909789607e-01
6.697305609345052257e-01 1.543021398223994312e-01
6.702297822981991837e-01 1.479086509186979814e-01
6.702297822981991837e-01 1.194612171449252469e-01
6.697305609345052257e-01 1.130677282412237972e-01
6.687705580041231057e-01 1.091166957726442677e-01
6.680396295563438835e-01 1.013583047434335471e-01
6.674155571596600556e-01 9.877217440036328844e-02
6.642403334029053363e-01 9.101378337115256789e-02
6.623267200329734372e-01 8.325539234194179183e-02
6.594975106977014612e-01 7.549700131273107129e-02
6.520201861743724070e-01 6.256634959737983337e-02
6.416828018501161690e-01 4.704956753895833677e-02
6.373511534758604657e-01 4.187730685281787490e-02
6.257663451023109946e-01 3.051325332605725471e-02
6.076634327008193504e-01 1.821648274911380483e-02
6.024911720146788330e-01 1.565564099726135527e-02
5.973189113285383156e-01 1.383263108329374491e-02
5.895605202993275951e-01 1.056817146991007039e-02
5.818021292701168745e-01 8.653874300310504530e-03
5.714576078978358398e-01 5.316931922155432311e-03
5.585269561824846019e-01 2.190152741855189156e-03
5.455963044671333639e-01 1.434206949265548481e-03
5.416452719985538344e-01 4.992213636939024646e-04
