2.390300230946882376e-01 1.454965357967667461e-01
2.251732101616628068e-01 1.478060046189376697e-01
2.182448036951500914e-01 1.616628175519630450e-01
1.974595842956120006e-01 1.616628175519630450e-01
1.951501154734411325e-01 1.639722863741339687e-01
1.812933025404157017e-01 1.639722863741339687e-01
1.720554272517321182e-01 1.685912240184757604e-01
1.651270207852194027e-01 1.685912240184757604e-01
1.605080831408776110e-01 1.570438799076212533e-01
1.466512702078521801e-01 1.547344110854503296e-01
1.408775981524249543e-01 1.605080831408776110e-01
1.374133949191685966e-01 1.709006928406466286e-01
1.281755196304850131e-01 1.709006928406466286e-01
1.200923787528868636e-01 1.789838337182447781e-01
1.200923787528868636e-01 1.882217090069284171e-01
9.699769053117784923e-02 1.997690531177829243e-01
9.122401847575056788e-02 2.055427251732101501e-01
7.736720554272519257e-02 2.055427251732101501e-01
7.390300230946883486e-02 2.090069284064665078e-01
7.390300230946883486e-02 2.136258660508082996e-01
6.697459584295611945e-02 2.182448036951500914e-01
6.697459584295611945e-02 2.228637413394919387e-01
5.889145496535796998e-02 2.286374133949191645e-01
4.503464203233253915e-02 2.309468822170900881e-01
3.810623556581987925e-02 2.448036951501154634e-01
3.348729792147808748e-02 2.448036951501154634e-01
3.002309468822172978e-02 2.551963048498845366e-01
2.540415704387988249e-02 2.598152424942263283e-01
2.540415704387988249e-02 2.690531177829099674e-01
2.771362586605080613e-02 2.713625866050808355e-01
1.847575057736722259e-02 2.759815242494226273e-01
1.847575057736722259e-02 2.829099307159353427e-01
1.616628175519629895e-02 2.852193995381062663e-01
1.847575057736722259e-02 2.967667436489607180e-01
1.616628175519629895e-02 2.990762124711316416e-01
1.616628175519629895e-02 3.083140877598152807e-01
2.309468822170923641e-03 3.314087759815242396e-01
2.309468822170923641e-03 3.406466512702078786e-01
4.618937644341791771e-03 3.429561200923787467e-01
4.618937644341791771e-03 3.521939953810623303e-01
2.309468822170923641e-03 3.545034642032332539e-01
2.309468822170923641e-03 3.614318706697459693e-01
0.000000000000000000e+00 3.637413394919168930e-01
0.000000000000000000e+00 3.706697459584295529e-01
2.309468822170923641e-03 3.729792147806004765e-01
2.309468822170923641e-03 4.237875288683602970e-01
4.618937644341791771e-03 4.260969976905311651e-01
4.618937644341791771e-03 4.330254041570438805e-01
6.928406466512715411e-03 4.353348729792148042e-01
6.928406466512715411e-03 4.491916859122401795e-01
1.154734411085450718e-02 4.561200923787528949e-01
1.154734411085450718e-02 4.630484988452656103e-01
1.616628175519629895e-02 4.699769053117782702e-01
1.616628175519629895e-02 4.745958429561201175e-01
2.771362586605080613e-02 4.930715935334872846e-01
2.771362586605080613e-02 4.976905311778290764e-01
3.464203233256352155e-02 5.069284064665127154e-01
3.464203233256352155e-02 5.138568129330254308e-01
4.618937644341802873e-02 5.230946882217090144e-01
6.004618937644340404e-02 5.438799076212471606e-01
9.237875288683600195e-02 5.739030023094687794e-01
9.237875288683600195e-02 5.808314087759814948e-01
1.027713625866050751e-01 5.866050808314087206e-01
1.073903002309468668e-01 5.866050808314087206e-01
1.281755196304850131e-01 6.027713625866051306e-01
1.489607390300231038e-01 6.120092378752887141e-01
1.535796766743648956e-01 6.166281755196304504e-01
1.581986143187066873e-01 6.166281755196304504e-01
1.628175519630484791e-01 6.212471131639722977e-01
1.674364896073903264e-01 6.212471131639722977e-01
1.789838337182447781e-01 6.304849884526558812e-01
1.997690531177829243e-01 6.327944572748267493e-01
2.043879907621247161e-01 6.374133949191685966e-01
2.159353348729792232e-01 6.374133949191685966e-01
2.251732101616628068e-01 6.420323325635104439e-01
2.367205542725173140e-01 6.420323325635104439e-01
2.390300230946882376e-01 6.443418013856813120e-01
2.482678983833718211e-01 6.443418013856813120e-01
2.505773672055426893e-01 6.466512702078521801e-01
2.644341801385681201e-01 6.466512702078521801e-01
2.713625866050808355e-01 6.512702078521940274e-01
2.852193995381062663e-01 6.512702078521940274e-01
2.875288683602771345e-01 6.489607390300231593e-01
3.244803695150115797e-01 6.489607390300231593e-01
3.267898383371824478e-01 6.466512702078521801e-01
3.337182448036951632e-01 6.466512702078521801e-01
3.360277136258660313e-01 6.443418013856813120e-01
3.591224018475750457e-01 6.443418013856813120e-01
3.637413394919168930e-01 6.374133949191685966e-01
3.683602771362586292e-01 6.374133949191685966e-01
3.752886836027713446e-01 6.327944572748267493e-01
3.868360277136258518e-01 6.304849884526558812e-01
4.053117782909930744e-01 6.189376443418014295e-01
4.099307159353348662e-01 6.189376443418014295e-01
4.191685912240185052e-01 6.120092378752887141e-01
4.307159353348729569e-01 6.120092378752887141e-01
4.607390300230946867e-01 6.304849884526558812e-01
4.769053117782909856e-01 6.374133949191685966e-01
4.815242494226327774e-01 6.420323325635104439e-01
4.976905311778290764e-01 6.489607390300231593e-01
5.023094688221708681e-01 6.535796766743648956e-01
5.230946882217090144e-01 6.628175519630484791e-01
5.277136258660508616e-01 6.674364896073903264e-01
5.392609699769053133e-01 6.720554272517320626e-01
5.438799076212471606e-01 6.766743648960739099e-01
5.484988452655888969e-01 6.766743648960739099e-01
5.531177829099307441e-01 6.812933025404157572e-01
5.808314087759814948e-01 6.951501154734410770e-01
5.854503464203233420e-01 6.997690531177829243e-01
5.969976905311777937e-01 7.043879907621246605e-01
6.016166281755196410e-01 7.090069284064665078e-01
6.177829099307159400e-01 7.159353348729792232e-01
6.293302540415703916e-01 7.251732101616628068e-01
6.824480369515011358e-01 7.505773672055426893e-01
7.113163972286373760e-01 7.678983833718244778e-01
7.147806004618937337e-01 7.736720554272518147e-01
7.286374133949191645e-01 7.736720554272518147e-01
7.309468822170900326e-01 7.713625866050808355e-01
7.471131639722863316e-01 7.806004618937644191e-01
7.563510392609700261e-01 7.898383371824480026e-01
7.713625866050808355e-01 7.956120092378753395e-01
7.713625866050808355e-01 8.025404157043880549e-01
7.771362586605080613e-01 8.106235565819861488e-01
7.863741339491916449e-01 8.152424942263278851e-01
8.048498845265588120e-01 8.129330254041570170e-01
8.071593533487297911e-01 8.083140877598151697e-01
8.129330254041570170e-01 8.094688221709007703e-01
8.129330254041570170e-01 8.163972286374133747e-01
8.210161662817552219e-01 8.244803695150115797e-01
8.418013856812933682e-01 8.244803695150115797e-01
8.510392609699768407e-01 8.175519630484988642e-01
8.579676674364895561e-01 8.337182448036951632e-01
8.672055427251732507e-01 8.383371824480370105e-01
8.741339491916859661e-01 8.383371824480370105e-01
8.764434180138568342e-01 8.360277136258660313e-01
8.833718244803694386e-01 8.360277136258660313e-01
8.856812933025404178e-01 8.337182448036951632e-01
8.868360277136257963e-01 8.418013856812933682e-01
8.949191685912240013e-01 8.498845265588914621e-01
9.180138568129330157e-01 8.498845265588914621e-01
9.249422632794457311e-01 8.545034642032331984e-01
9.457274826789838773e-01 8.545034642032331984e-01
9.838337182448037010e-01 8.187066974595842428e-01
9.976905311778290208e-01 8.002309468822170757e-01
1.000000000000000000e+00 7.863741339491916449e-01
9.976905311778290208e-01 7.840646651270207768e-01
9.976905311778290208e-01 7.748267898383371932e-01
9.896073903002309269e-01 7.551963048498845366e-01
9.722863741339491384e-01 7.471131639722863316e-01
9.769053117782909856e-01 7.424942263279445953e-01
9.769053117782909856e-01 7.263279445727482964e-01
9.711316397228637598e-01 7.205542725173210705e-01
9.665127020785219125e-01 7.205542725173210705e-01
9.595842956120093081e-01 7.159353348729792232e-01
9.480369515011547454e-01 7.159353348729792232e-01
9.457274826789838773e-01 7.182448036951500914e-01
9.387990762124711619e-01 7.182448036951500914e-01
9.364896073903001827e-01 7.228637413394919387e-01
9.295612009237874673e-01 7.113163972286373760e-01
9.157043879907621475e-01 7.066974595842956397e-01
9.018475750577367167e-01 7.090069284064665078e-01
8.972286374133948694e-01 7.136258660508083551e-01
8.937644341801385117e-01 7.101616628175519974e-01
8.937644341801385117e-01 7.055427251732101501e-01
8.833718244803694386e-01 6.974595842956119451e-01
8.764434180138568342e-01 6.974595842956119451e-01
8.741339491916859661e-01 6.951501154734410770e-01
8.672055427251732507e-01 6.951501154734410770e-01
8.579676674364895561e-01 7.020785219399537924e-01
8.545034642032331984e-01 7.009237875288683028e-01
8.521939953810623303e-01 6.939953810623556985e-01
8.441108545034641253e-01 6.882217090069284726e-01
8.233256351039260901e-01 6.882217090069284726e-01
8.094688221709007703e-01 7.066974595842956397e-01
8.002309468822170757e-01 7.066974595842956397e-01
7.909930715935334922e-01 7.136258660508083551e-01
7.886836027713626240e-01 7.113163972286373760e-01
7.771362586605080613e-01 7.136258660508083551e-01
7.748267898383371932e-01 7.113163972286373760e-01
7.632794457274827415e-01 7.113163972286373760e-01
7.274826789838337859e-01 6.893764434180138512e-01
7.263279445727482964e-01 6.859122401847574935e-01
7.101616628175519974e-01 6.743648960739030418e-01
6.755196304849884203e-01 6.558891454965357637e-01
6.501154734411085379e-01 6.374133949191685966e-01
6.431870669745958224e-01 6.351039260969977285e-01
6.362586605080831070e-01 6.281755196304850131e-01
6.293302540415703916e-01 6.258660508083140339e-01
6.154734411085450718e-01 6.143187066974595822e-01
6.085450346420323564e-01 6.120092378752887141e-01
5.877598152424942102e-01 5.958429561200924152e-01
5.808314087759814948e-01 5.935334872979214360e-01
5.577367205542724804e-01 5.773672055427251371e-01
5.357967667436489556e-01 5.531177829099307441e-01
5.357967667436489556e-01 5.415704387990761814e-01
5.311778290993071083e-01 5.323325635103925979e-01
5.334872979214780875e-01 5.300230946882217298e-01
5.334872979214780875e-01 5.184757505773671671e-01
5.230946882217090144e-01 5.011547344110854896e-01
5.103926096997690731e-01 4.907621247113164165e-01
5.150115473441108094e-01 4.838337182448037010e-01
5.150115473441108094e-01 4.699769053117782702e-01
5.219399538106235248e-01 4.607390300230946867e-01
5.219399538106235248e-01 4.491916859122401795e-01
5.184757505773671671e-01 4.457274826789838218e-01
5.103926096997690731e-01 4.445727482678983877e-01
5.103926096997690731e-01 4.214780600461893734e-01
5.173210161662817885e-01 4.145496535796766580e-01
5.196304849884526567e-01 3.983833718244803590e-01
5.219399538106235248e-01 3.960739030023094909e-01
5.219399538106235248e-01 3.891454965357967755e-01
5.265588914549653721e-01 3.845265588914549837e-01
5.265588914549653721e-01 3.706697459584295529e-01
5.219399538106235248e-01 3.683602771362586292e-01
5.207852193995381462e-01 3.648960739030022715e-01
5.138568129330254308e-01 3.648960739030022715e-01
5.115473441108544517e-01 3.672055427251732507e-01
5.057736720554272258e-01 3.660508083140877611e-01
5.057736720554272258e-01 3.591224018475750457e-01
5.011547344110854896e-01 3.498845265588914621e-01
5.011547344110854896e-01 3.406466512702078786e-01
4.942263279445727742e-01 3.290993071593533159e-01
4.942263279445727742e-01 3.244803695150115797e-01
4.896073903002309269e-01 3.198614318706697324e-01
4.896073903002309269e-01 3.106235565819861488e-01
4.942263279445727742e-01 3.060046189376443015e-01
4.942263279445727742e-01 2.967667436489607180e-01
4.884526558891454928e-01 2.886836027713626240e-01
4.792147806004619093e-01 2.886836027713626240e-01
4.769053117782909856e-01 2.909930715935334922e-01
4.734411085450346279e-01 2.898383371824480026e-01
4.711316397228637598e-01 2.829099307159353427e-01
4.468822170900692559e-01 2.517321016166281789e-01
4.434180138568129537e-01 2.505773672055426893e-01
4.434180138568129537e-01 2.482678983833718211e-01
4.318706697459584465e-01 2.390300230946882376e-01
4.341801385681293146e-01 2.274826789838337304e-01
4.284064665127020888e-01 2.170900692840646573e-01
4.168591224018475816e-01 2.170900692840646573e-01
4.099307159353348662e-01 2.217090069284064491e-01
3.729792147806004765e-01 1.939953810623556429e-01
3.683602771362586292e-01 1.939953810623556429e-01
3.591224018475750457e-01 1.870669745958429830e-01
3.545034642032332539e-01 1.870669745958429830e-01
3.498845265588914621e-01 1.824480369515011358e-01
3.441108545034642363e-01 1.812933025404157017e-01
3.464203233256351044e-01 1.789838337182447781e-01
3.464203233256351044e-01 1.697459584295611945e-01
3.337182448036951632e-01 1.639722863741339687e-01
3.267898383371824478e-01 1.639722863741339687e-01
3.221709006928406560e-01 1.732101616628175522e-01
2.944572748267898499e-01 1.639722863741339687e-01
2.829099307159353427e-01 1.639722863741339687e-01
2.806004618937644191e-01 1.616628175519630450e-01
2.482678983833718211e-01 1.616628175519630450e-01
2.471131639722863871e-01 1.512702078521939719e-01
