2.761627906976744096e-01 2.063953488372092804e-01
2.906976744186051675e-03 2.063953488372092804e-01
0.000000000000000000e+00 2.093023255813953321e-01
0.000000000000000000e+00 3.546511627906976383e-01
2.906976744186051675e-03 3.575581395348836899e-01
2.034883720930230622e-02 3.575581395348836899e-01
2.325581395348835789e-02 3.604651162790697416e-01
2.325581395348835789e-02 5.174418604651163101e-01
2.906976744186046124e-02 5.232558139534884134e-01
2.906976744186046124e-02 5.465116279069767158e-01
3.488372093023256459e-02 5.523255813953488191e-01
3.488372093023256459e-02 5.581395348837209225e-01
4.069767441860466795e-02 5.639534883720930258e-01
4.069767441860466795e-02 5.697674418604651292e-01
4.651162790697677130e-02 5.755813953488372325e-01
4.651162790697677130e-02 5.930232558139534316e-01
5.813953488372092249e-02 6.046511627906976383e-01
5.813953488372092249e-02 6.104651162790697416e-01
6.976744186046512919e-02 6.220930232558139483e-01
6.976744186046512919e-02 6.279069767441860517e-01
8.139534883720928038e-02 6.395348837209302584e-01
8.139534883720928038e-02 6.453488372093023617e-01
9.302325581395348708e-02 6.569767441860465684e-01
9.302325581395348708e-02 6.627906976744186718e-01
9.883720930232559043e-02 6.686046511627906641e-01
9.883720930232559043e-02 6.744186046511627675e-01
1.104651162790697416e-01 6.860465116279069742e-01
1.104651162790697416e-01 6.918604651162790775e-01
1.424418604651162545e-01 7.238372093023255349e-01
1.482558139534883579e-01 7.238372093023255349e-01
1.656976744186046679e-01 7.412790697674418450e-01
1.773255813953488191e-01 7.412790697674418450e-01
1.831395348837209225e-01 7.470930232558139483e-01
1.889534883720930258e-01 7.470930232558139483e-01
2.005813953488372325e-01 7.587209302325581550e-01
2.063953488372092804e-01 7.587209302325581550e-01
2.180232558139534871e-01 7.703488372093023617e-01
2.296511627906976938e-01 7.703488372093023617e-01
2.354651162790697416e-01 7.761627906976744651e-01
2.412790697674418450e-01 7.761627906976744651e-01
2.470930232558139483e-01 7.819767441860465684e-01
2.587209302325581550e-01 7.819767441860465684e-01
2.645348837209302584e-01 7.877906976744186718e-01
2.761627906976744096e-01 7.877906976744186718e-01
2.819767441860465129e-01 7.936046511627907751e-01
2.994186046511627675e-01 7.936046511627907751e-01
3.023255813953488191e-01 7.906976744186047235e-01
2.965116279069767158e-01 7.848837209302326201e-01
2.965116279069767158e-01 7.790697674418605168e-01
2.906976744186046124e-01 7.732558139534884134e-01
2.906976744186046124e-01 7.674418604651163101e-01
2.848837209302325646e-01 7.616279069767442067e-01
2.848837209302325646e-01 7.441860465116278966e-01
2.790697674418604612e-01 7.383720930232557933e-01
2.790697674418604612e-01 7.267441860465115866e-01
2.732558139534884134e-01 7.209302325581394832e-01
2.732558139534884134e-01 6.918604651162790775e-01
2.674418604651163101e-01 6.860465116279069742e-01
2.674418604651163101e-01 6.686046511627906641e-01
2.616279069767442067e-01 6.627906976744186718e-01
2.616279069767442067e-01 6.337209302325581550e-01
2.558139534883721034e-01 6.279069767441860517e-01
2.558139534883721034e-01 5.872093023255814392e-01
2.500000000000000000e-01 5.813953488372093359e-01
2.500000000000000000e-01 5.290697674418605168e-01
2.529069767441860517e-01 5.261627906976744651e-01
9.970930232558139483e-01 5.261627906976744651e-01
1.000000000000000000e+00 5.232558139534884134e-01
1.000000000000000000e+00 3.895348837209302584e-01
9.970930232558139483e-01 3.866279069767442067e-01
2.587209302325581550e-01 3.866279069767442067e-01
2.558139534883721034e-01 3.837209302325581550e-01
2.558139534883721034e-01 3.604651162790697416e-01
2.587209302325581550e-01 3.575581395348836899e-01
2.761627906976744096e-01 3.575581395348836899e-01
2.790697674418604612e-01 3.546511627906976383e-01
2.790697674418604612e-01 2.093023255813953321e-01
