5.828365342694470375e-01 1.735099838283293838e-03
5.777856540792961626e-01 4.290962695478461875e-04
5.727347738891453988e-01 7.427764985523666041e-05
5.676838936989946349e-01 0.000000000000000000e+00
5.070733314171852468e-01 0.000000000000000000e+00
5.020224512270344830e-01 7.427764985523666041e-05
4.969715710368836636e-01 4.290962695478461875e-04
4.919206908467328998e-01 1.735099838283293838e-03
4.906579707991952088e-01 2.488301270147819100e-03
4.868698106565820805e-01 6.276461412760947489e-03
4.861166092247175552e-01 7.539181460298638449e-03
4.848106056559821075e-01 1.259006165044940229e-02
4.844557870362894980e-01 1.764094184060022164e-02
4.843815093864342614e-01 2.269182203075098547e-02
4.843815093864342614e-01 7.752729703632177394e-01
4.843072317365791912e-01 7.803238505533685032e-01
4.839999923667237525e-01 7.853747307435192671e-01
4.829553785092152163e-01 7.904256109336700309e-01
4.818189304664313166e-01 7.926985070192378302e-01
4.800457491230805673e-01 7.954764911238207947e-01
4.767680502762805528e-01 7.984971155512639029e-01
4.737226666322190693e-01 8.005273713139715586e-01
4.717171700861297334e-01 8.017030072202997459e-01
4.666662898959789696e-01 8.043369334912887636e-01
4.616154097058282058e-01 8.069051776557721878e-01
4.565645295156773864e-01 8.093878136814395274e-01
4.542020210396391366e-01 8.106291316942731973e-01
4.515136493255266226e-01 8.120660200242297844e-01
4.464627691353758587e-01 8.150035547161001981e-01
4.454914460218853955e-01 8.156800118844239611e-01
4.414118889452250394e-01 8.187396796919190756e-01
4.391609532083101120e-01 8.207308920745747249e-01
4.363610087550742755e-01 8.233068409715516012e-01
4.336708660451026320e-01 8.257817722647255998e-01
4.313101285649235117e-01 8.278701169587301401e-01
4.273600812367286950e-01 8.308326524548763636e-01
4.262592483747726924e-01 8.315993039123098507e-01
4.212083681846219285e-01 8.345337284562799329e-01
4.186829280895465466e-01 8.358835326450271275e-01
4.161574879944711647e-01 8.371883433608160452e-01
4.111066078043203453e-01 8.394853898298068051e-01
4.075709916712148551e-01 8.409344128351778913e-01
4.060557276141695815e-01 8.415454064065670536e-01
4.010048474240187621e-01 8.427328322968224983e-01
3.959539672338679983e-01 8.433090803872635988e-01
3.909030870437172345e-01 8.434969917551808916e-01
3.858522068535664706e-01 8.436860117447375629e-01
3.808013266634156513e-01 8.442369114210457326e-01
3.757504464732648874e-01 8.453038250631654815e-01
3.733653086056936132e-01 8.459852930253286551e-01
3.706995662831140681e-01 8.467469336889228426e-01
3.656486860929633043e-01 8.478113804786908680e-01
3.605978059028125404e-01 8.483599605774143626e-01
3.555469257126617766e-01 8.485107331204040371e-01
3.504960455225109572e-01 8.485478719453316554e-01
3.403942851422093741e-01 8.485478719453316554e-01
3.353434049520586102e-01 8.485107331204040371e-01
3.302925247619078464e-01 8.483599605774143626e-01
3.252416445717570825e-01 8.478113804786908680e-01
3.201907643816062632e-01 8.467469336889228426e-01
3.175250220590267181e-01 8.459852930253286551e-01
3.151398841914554438e-01 8.452928336444208712e-01
3.100890040013046800e-01 8.440037938738078616e-01
3.050381238111539162e-01 8.429468729109410585e-01
2.999872436210031523e-01 8.415454064065670536e-01
2.984719795639578233e-01 8.409344128351778913e-01
2.949363634308523330e-01 8.394853898298068051e-01
2.898854832407015691e-01 8.371883433608160452e-01
2.872758618091235672e-01 8.358835326450271275e-01
2.848346030505507498e-01 8.346629032657406633e-01
2.797837228603999860e-01 8.323644767748400453e-01
2.760460715196884074e-01 8.308326524548763636e-01
2.747328426702492221e-01 8.302944439100241603e-01
2.696819624800984583e-01 8.288511533033555700e-01
2.646310822899476389e-01 8.276658307483532040e-01
2.595802020997968196e-01 8.259101844729497266e-01
2.593358046712411769e-01 8.257817722647255998e-01
2.545293219096460557e-01 8.231677202364895418e-01
2.506710106532809013e-01 8.207308920745747249e-01
2.494784417194952919e-01 8.199642406171412379e-01
2.444275615293445281e-01 8.172039843555900518e-01
2.414812147517566010e-01 8.156800118844239611e-01
2.393766813391937087e-01 8.145723627199171757e-01
2.343258011490429449e-01 8.122959221570229538e-01
2.301588249921685536e-01 8.106291316942731973e-01
2.292749209588921810e-01 8.102448255928487164e-01
2.242240407687413617e-01 8.105548540444180716e-01
2.241425749592227956e-01 8.106291316942731973e-01
2.227417172346753960e-01 8.156800118844239611e-01
2.238031340862288165e-01 8.207308920745747249e-01
2.242240407687413617e-01 8.217191077639520724e-01
2.258926351172733105e-01 8.257817722647255998e-01
2.281192110848745958e-01 8.308326524548763636e-01
2.292749209588921810e-01 8.331839242675327384e-01
2.330844831362093306e-01 8.409344128351778913e-01
2.343258011490429449e-01 8.432969213112161411e-01
2.357626894789995875e-01 8.459852930253286551e-01
2.386100298817601661e-01 8.510361732154794190e-01
2.419472185788240082e-01 8.560870534056301828e-01
2.452844072758879612e-01 8.611379335957809467e-01
2.481286375307480974e-01 8.661888137859317105e-01
2.494784417194952919e-01 8.686353338780361533e-01
2.509153300494519900e-01 8.712396939760825854e-01
2.537626704522125132e-01 8.762905741662333492e-01
2.570998591492763552e-01 8.813414543563841130e-01
2.595802020997968196e-01 8.849966965992563939e-01
2.605444610451892462e-01 8.863923345465349879e-01
2.638504917151061613e-01 8.914432147366857517e-01
2.646310822899476389e-01 8.925165267770927002e-01
2.676907500974428089e-01 8.964940949268365156e-01
2.696819624800984583e-01 8.987450306637515540e-01
2.723104817627278740e-01 9.015449751169872794e-01
2.772582827653246040e-01 9.065958553071380432e-01
2.797837228603999860e-01 9.092859980171096312e-01
2.818720675544046372e-01 9.116467354972888071e-01
2.848346030505507498e-01 9.154980316422788311e-01
2.857399494997288070e-01 9.166976156874395709e-01
2.893613352964405916e-01 9.217484958775903348e-01
2.898854832407015691e-01 9.223798559013591802e-01
2.943050034070834875e-01 9.267993760677412096e-01
2.949363634308523330e-01 9.273235240120021317e-01
2.999872436210031523e-01 9.308681406653627199e-01
3.014206015128026439e-01 9.318502562578919735e-01
3.050381238111539162e-01 9.342838621676918809e-01
3.089286666603240361e-01 9.369011364480427373e-01
3.100890040013046800e-01 9.376677879054764464e-01
3.151398841914554438e-01 9.405151283082368030e-01
3.178282559055679579e-01 9.419520166381936122e-01
3.201907643816062632e-01 9.431933346510272820e-01
3.252416445717570825e-01 9.456759706766945106e-01
3.278512660033350290e-01 9.470028968283443760e-01
3.302925247619078464e-01 9.482442148411780458e-01
3.353434049520586102e-01 9.507268508668453855e-01
3.379530263836365567e-01 9.520537770184951398e-01
3.403942851422093741e-01 9.532744063977816040e-01
3.454451653323601379e-01 9.556314838198519679e-01
3.488447962295770921e-01 9.571046572086459037e-01
3.504960455225109572e-01 9.578084683826832979e-01
3.555469257126617766e-01 9.595499246022902717e-01
3.605978059028125404e-01 9.612186805893332409e-01
3.635020620121491852e-01 9.621555373987966675e-01
3.656486860929633043e-01 9.628479967797044514e-01
3.706995662831140681e-01 9.641370365503174611e-01
3.757504464732648874e-01 9.651939575131842641e-01
3.808013266634156513e-01 9.665854077295026325e-01
3.823797267228377650e-01 9.672064175889474313e-01
3.858522068535664706e-01 9.685954096412390246e-01
3.909030870437172345e-01 9.707841243903043704e-01
3.945860205157021294e-01 9.722572977790981952e-01
3.959539672338679983e-01 9.727955063239503986e-01
4.010048474240187621e-01 9.741908378518903122e-01
4.060557276141695815e-01 9.752957178934857918e-01
4.111066078043203453e-01 9.766871681098042712e-01
4.126850078637424590e-01 9.773081779692489590e-01
4.161574879944711647e-01 9.786971700215405523e-01
4.212083681846219285e-01 9.808858847706058981e-01
4.248913016566068235e-01 9.823590581593997229e-01
4.262592483747726924e-01 9.828972667042519262e-01
4.313101285649235117e-01 9.842925982321919509e-01
4.363610087550742755e-01 9.853507333489506248e-01
4.414118889452250394e-01 9.866360131591243032e-01
4.440776312678045845e-01 9.874099383495505977e-01
4.464627691353758587e-01 9.880914063117137713e-01
4.515136493255266226e-01 9.891583199538335203e-01
4.565645295156773864e-01 9.897092196301415790e-01
4.616154097058282058e-01 9.898982396196984723e-01
4.666662898959789696e-01 9.900861509876155431e-01
4.717171700861297334e-01 9.906347310863392597e-01
4.767680502762805528e-01 9.916991778761072851e-01
4.794337925988600979e-01 9.924608185397013616e-01
4.818189304664313166e-01 9.931422865018645352e-01
4.868698106565820805e-01 9.942092001439842841e-01
4.919206908467328998e-01 9.947600998202923428e-01
4.969715710368836636e-01 9.949108723632820173e-01
5.020224512270344830e-01 9.949491198098492362e-01
5.424294927482407047e-01 9.949491198098492362e-01
5.474803729383914686e-01 9.949108723632820173e-01
5.525312531285422324e-01 9.947600998202923428e-01
5.575821333186931072e-01 9.942092001439842841e-01
5.626330135088438711e-01 9.931422865018645352e-01
5.650181513764150898e-01 9.924608185397013616e-01
5.676838936989946349e-01 9.916868933492750671e-01
5.727347738891453988e-01 9.904016135391013886e-01
5.777856540792961626e-01 9.893914375010712803e-01
5.828365342694470375e-01 9.881023977304583816e-01
5.849831583502611565e-01 9.874099383495505977e-01
5.878874144595978013e-01 9.864730815400870600e-01
5.929382946497485651e-01 9.848043255530443130e-01
5.979891748398993290e-01 9.830628693334372281e-01
5.996404241328332496e-01 9.823590581593997229e-01
6.030400550300500928e-01 9.808858847706058981e-01
6.080909352202008566e-01 9.787207122597149089e-01
6.118790953628140405e-01 9.773081779692489590e-01
6.131418154103517315e-01 9.768208123368660178e-01
6.181926956005024953e-01 9.762882887000838839e-01
6.204024556836934545e-01 9.773081779692489590e-01
6.232435757906532592e-01 9.796594497819053338e-01
6.246415872718557027e-01 9.823590581593997229e-01
6.259346185149139430e-01 9.874099383495505977e-01
6.274526426157789327e-01 9.924608185397013616e-01
6.282944559808040230e-01 9.938317717341709212e-01
6.320826161234170959e-01 9.975116987298522364e-01
6.333453361709547869e-01 9.982649001617167617e-01
6.383962163611056617e-01 9.995709037304520983e-01
6.434470965512564256e-01 9.999257223501447633e-01
6.484979767414071894e-01 1.000000000000000000e+00
7.545664607345736741e-01 1.000000000000000000e+00
7.596173409247244379e-01 9.999257223501447633e-01
7.646682211148752017e-01 9.995709037304520983e-01
7.697191013050259656e-01 9.982649001617167617e-01
7.709818213525636565e-01 9.975116987298522364e-01
7.747699814951767294e-01 9.937235385872390525e-01
7.755231829270412547e-01 9.924608185397013616e-01
7.768291864957767023e-01 9.874099383495505977e-01
7.771840051154693674e-01 9.823590581593997229e-01
7.772582827653246040e-01 9.773081779692489590e-01
7.772582827653246040e-01 8.055782515041223224e-01
7.771840051154693674e-01 8.005273713139715586e-01
7.768291864957767023e-01 7.954764911238207947e-01
7.755231829270412547e-01 7.904256109336700309e-01
7.747699814951767294e-01 7.891628908861323399e-01
7.709818213525636565e-01 7.853747307435192671e-01
7.697191013050259656e-01 7.846215293116546308e-01
7.646682211148752017e-01 7.833155257429194052e-01
7.596173409247244379e-01 7.829607071232265181e-01
7.545664607345736741e-01 7.828864294733713924e-01
6.484979767414071894e-01 7.828864294733713924e-01
6.434470965512564256e-01 7.829607071232265181e-01
6.383962163611056617e-01 7.833155257429194052e-01
6.333453361709547869e-01 7.846215293116546308e-01
6.320826161234170959e-01 7.853747307435192671e-01
6.282944559808040230e-01 7.890546577392005823e-01
6.274526426157789327e-01 7.904256109336700309e-01
6.259346185149139430e-01 7.954764911238207947e-01
6.246415872718557027e-01 8.005273713139715586e-01
6.232435757906532592e-01 8.032269796914659477e-01
6.204024556836934545e-01 8.055782515041223224e-01
6.181926956005024953e-01 8.065981407732873976e-01
6.131418154103517315e-01 8.060656171365053746e-01
6.118790953628140405e-01 8.055782515041223224e-01
6.080909352202008566e-01 8.041657172136564835e-01
6.030400550300500928e-01 8.017030072202997459e-01
6.010345584839608124e-01 8.005273713139715586e-01
5.979891748398993290e-01 7.984971155512639029e-01
5.947114759930992589e-01 7.954764911238207947e-01
5.929382946497485651e-01 7.926985070192378302e-01
5.918018466069646655e-01 7.904256109336700309e-01
5.907572327494561293e-01 7.853747307435192671e-01
5.904499933796006905e-01 7.803238505533685032e-01
5.903757157297455649e-01 7.752729703632177394e-01
5.903757157297455649e-01 2.269182203075098547e-02
5.903014380798903282e-01 1.764094184060022164e-02
5.899466194601977742e-01 1.259006165044940229e-02
5.886406158914623266e-01 7.539181460298638449e-03
5.878874144595978013e-01 6.276461412760947489e-03
5.840992543169847284e-01 2.488301270147819100e-03
