6.217713381760928693e-01 2.353142855123224741e-03
6.149213331393245108e-01 5.819404731462474167e-04
6.080713281025560413e-01 1.007353681878875307e-04
6.012213230657876828e-01 0.000000000000000000e+00
4.984712475142615284e-01 0.000000000000000000e+00
4.916212424774931145e-01 1.007353681878875307e-04
4.847712374407247005e-01 5.819404731462474167e-04
4.779212324039562865e-01 2.353142855123224741e-03
4.762087311447641969e-01 3.374634834290346497e-03
4.710712273671878725e-01 8.512138611866670868e-03
4.700497353880207507e-01 1.022463987105876049e-02
4.682785330060437734e-01 1.707464490782717448e-02
4.677973279010854135e-01 2.392464994459558847e-02
4.676965925328975260e-01 3.077465498136400246e-02
4.676965925328975260e-01 6.746751284375944735e-01
4.675958571647098605e-01 6.815251334743628320e-01
4.671193013844369690e-01 6.883751385111311905e-01
4.653628898365474997e-01 6.952251435478996600e-01
4.642212223304194585e-01 6.971391155434673026e-01
4.592851892892187426e-01 7.020751485846680184e-01
4.573712172936510445e-01 7.032168160907961152e-01
4.505212122568826860e-01 7.049732276386854180e-01
4.436712072201142720e-01 7.054497834189583649e-01
4.368212021833458580e-01 7.055505187871461414e-01
4.299711971465774440e-01 7.055505187871461414e-01
4.231211921098090301e-01 7.055001511030523087e-01
4.162711870730406161e-01 7.052956733407607093e-01
4.094211820362722021e-01 7.045516888671919942e-01
4.025711769995037881e-01 7.031080858521172594e-01
3.989558965634316112e-01 7.020751485846680184e-01
3.957211719627353741e-01 7.011509415558977443e-01
3.888711669259670156e-01 6.997039929950175097e-01
3.820211618891985461e-01 6.989568627097212383e-01
3.751711568524301876e-01 6.987523849474296389e-01
3.683211518156617181e-01 6.986501460662838392e-01
3.614711467788933597e-01 6.984456683039923508e-01
3.546211417421249457e-01 6.977016838304235247e-01
3.477711367053565317e-01 6.962580808153487899e-01
3.441558562692843548e-01 6.952251435478996600e-01
3.409211316685881177e-01 6.943009365191292748e-01
3.340711266318197037e-01 6.927861266029896603e-01
3.272211215950512897e-01 6.921068576729527688e-01
3.203711165582828757e-01 6.915956632672238813e-01
3.135211115215145172e-01 6.909179434111437645e-01
3.066711064847460477e-01 6.894080757785804314e-01
3.030558260486738709e-01 6.883751385111311905e-01
2.998211014479776892e-01 6.874360249173807613e-01
2.929710964112092197e-01 6.856878288428605028e-01
2.861210913744408613e-01 6.843178278355068755e-01
2.792710863376724473e-01 6.825747310203192919e-01
2.756558059016002704e-01 6.815251334743628320e-01
2.724210813009040333e-01 6.806009264455925578e-01
2.655710762641356193e-01 6.790861165294528323e-01
2.587210712273672053e-01 6.784068475994160519e-01
2.518710661905988468e-01 6.778956531936870533e-01
2.450210611538303773e-01 6.771516687201183382e-01
2.381710561170619633e-01 6.757080657050436034e-01
2.349173037245970153e-01 6.746751284375944735e-01
2.313210510802936049e-01 6.735150469394319828e-01
2.244710460435251909e-01 6.713036415835600401e-01
2.176210410067567769e-01 6.690956888511943035e-01
2.136822881106150152e-01 6.678251234008260040e-01
2.107710359699883629e-01 6.668860098070754638e-01
2.039210309332199489e-01 6.651378137325553164e-01
1.970710258964515349e-01 6.637044172458950175e-01
1.902210208596831209e-01 6.618173320980864638e-01
1.880803942856930089e-01 6.609751183640576455e-01
1.833710158229147069e-01 6.590913669789462137e-01
1.765210107861462929e-01 6.561919251918313378e-01
1.708126732555059202e-01 6.541251133272891760e-01
1.696710057493778789e-01 6.536969880124912091e-01
1.628210007126095205e-01 6.532346126725093738e-01
1.609657910151514049e-01 6.541251133272891760e-01
1.559709956758411065e-01 6.601188677344616007e-01
1.556538658130277586e-01 6.609751183640576455e-01
1.557968430054147424e-01 6.678251234008260040e-01
1.559709956758411065e-01 6.685101239045028176e-01
1.574869803970930793e-01 6.746751284375944735e-01
1.595047284329041415e-01 6.815251334743628320e-01
1.616609192144470852e-01 6.883751385111311905e-01
1.628210007126095205e-01 6.916444590968616746e-01
1.640915661629778199e-01 6.952251435478996600e-01
1.663547334696725555e-01 7.020751485846680184e-01
1.687164968508118035e-01 7.089251536214364879e-01
1.696710057493778789e-01 7.111645783449953573e-01
1.716361711287786029e-01 7.157751586582048464e-01
1.746681405712826596e-01 7.226251636949733159e-01
1.765210107861462929e-01 7.269722822759994152e-01
1.775878148492496256e-01 7.294751687317416744e-01
1.801634737818881837e-01 7.363251737685101439e-01
1.830757569851229061e-01 7.431751788052785024e-01
1.833710158229147069e-01 7.436941185807912635e-01
1.870363693952206141e-01 7.500251838420468609e-01
1.902210208596831209e-01 7.549312685305431536e-01
1.915287490939752701e-01 7.568751888788153304e-01
1.958878432082823418e-01 7.637251939155837999e-01
1.970710258964515349e-01 7.654376951747758895e-01
2.005571891740927093e-01 7.705751989523521583e-01
2.039210309332199489e-01 7.756664189121125208e-01
2.050626984393479346e-01 7.774252039891205168e-01
2.087392548150147631e-01 7.842752090258889863e-01
2.107710359699883629e-01 7.887150271052758566e-01
2.118378400330916955e-01 7.911252140626573448e-01
2.144722483688873416e-01 7.979752190994258143e-01
2.174407777163155919e-01 8.048252241361941728e-01
2.176210410067567769e-01 8.051187957806271722e-01
2.218705811684557605e-01 8.116752291729625313e-01
2.244710460435251909e-01 8.149409292486312628e-01
2.273790670497004562e-01 8.185252342097310008e-01
2.313210510802936049e-01 8.237483630502668852e-01
2.325261445589842935e-01 8.253752392464994703e-01
2.370928145834965139e-01 8.322252442832678287e-01
2.381710561170619633e-01 8.336808703535811826e-01
2.423205783989504924e-01 8.390752493200361872e-01
2.450210611538303773e-01 8.421279689559874049e-01
2.485858596933731013e-01 8.459252543568046567e-01
2.518710661905988468e-01 8.492789026560558785e-01
2.553674229281159835e-01 8.527752593935731262e-01
2.587210712273672053e-01 8.560604658907986497e-01
2.625183566281845682e-01 8.596252644303414847e-01
2.655710762641356193e-01 8.623257471852212586e-01
2.709654552305906794e-01 8.664752694671098432e-01
2.724210813009040333e-01 8.675339066091558582e-01
2.792710863376724473e-01 8.720175462695861635e-01
2.811638508873057218e-01 8.733252745038782017e-01
2.861210913744408613e-01 8.766891162630056078e-01
2.913974466054650714e-01 8.801752795406466712e-01
2.929710964112092197e-01 8.812150124480133684e-01
2.998211014479776892e-01 8.850765762479895216e-01
3.033531352950613602e-01 8.870252845774151407e-01
3.066711064847460477e-01 8.888558893717238840e-01
3.135211115215145172e-01 8.927132351883031447e-01
3.152798965985225133e-01 8.938752896141834992e-01
3.203711165582828757e-01 8.972391313733107943e-01
3.255086203358592001e-01 9.007252946509518576e-01
3.272211215950512897e-01 9.019084773391210508e-01
3.340711266318197037e-01 9.062675714534281779e-01
3.359638911814529783e-01 9.075752996877203271e-01
3.409211316685881177e-01 9.109391414468477333e-01
3.460586354461644421e-01 9.144253047244887966e-01
3.477711367053565317e-01 9.156084874126577677e-01
3.546211417421249457e-01 9.199675815269650059e-01
3.565139062917582202e-01 9.212753097612571551e-01
3.614711467788933597e-01 9.246391515203844502e-01
3.666086505564696285e-01 9.281253147980255136e-01
3.683211518156617181e-01 9.293084974861947067e-01
3.751711568524301876e-01 9.336675916005018339e-01
3.771690749881542182e-01 9.349753198347939831e-01
3.820211618891985461e-01 9.380945185568938527e-01
3.887606829737609293e-01 9.418253248715623416e-01
3.888711669259670156e-01 9.418833757617044444e-01
3.957211719627353741e-01 9.442717552418368188e-01
4.025711769995037881e-01 9.458826355471866565e-01
4.094211820362722021e-01 9.478331161743018818e-01
4.114761835473028095e-01 9.486753299083308111e-01
4.162711870730406161e-01 9.506404952877316461e-01
4.231211921098090301e-01 9.537557503106006696e-01
4.266603613788061411e-01 9.555253349450991696e-01
4.299711971465774440e-01 9.571807528289849598e-01
4.368212021833458580e-01 9.602978794379296579e-01
4.418902059105545010e-01 9.623753399818675280e-01
4.436712072201142720e-01 9.630934856712062286e-01
4.505212122568826860e-01 9.647464955715181478e-01
4.573712172936510445e-01 9.657484485227005866e-01
4.642212223304194585e-01 9.666825401186234235e-01
4.710712273671878725e-01 9.681924077511867566e-01
4.746865078032600493e-01 9.692253450186359975e-01
4.779212324039562865e-01 9.701495520474063827e-01
4.847712374407247005e-01 9.715965006082865063e-01
4.916212424774931145e-01 9.723436308935828887e-01
4.984712475142615284e-01 9.725481086558743771e-01
5.053212525510298869e-01 9.725999798529263440e-01
6.354713482496296972e-01 9.725999798529263440e-01
6.423213532863980557e-01 9.727007152211140095e-01
6.491713583231665252e-01 9.731772710013870675e-01
6.560213633599348837e-01 9.749336825492762593e-01
6.579353353555026374e-01 9.760753500554044670e-01
6.628713683967033532e-01 9.804918006712155520e-01
6.645838696558954428e-01 9.829253550921728255e-01
6.681357241194049168e-01 9.897753601289411840e-01
6.697213734334717117e-01 9.920286512594571615e-01
6.748588772110479805e-01 9.966253651657096535e-01
6.765713784702401812e-01 9.976468571448768863e-01
6.834213835070085397e-01 9.994180595268538081e-01
6.902713885437770092e-01 9.998992646318121125e-01
6.971213935805453676e-01 1.000000000000000000e+00
8.135714792056083500e-01 1.000000000000000000e+00
8.204214842423767085e-01 9.998992646318121125e-01
8.272714892791450669e-01 9.994180595268538081e-01
8.341214943159135364e-01 9.976468571448768863e-01
8.358339955751057371e-01 9.966253651657096535e-01
8.409714993526820059e-01 9.914878613881332736e-01
8.419929913318491277e-01 9.897753601289411840e-01
8.437641937138260495e-01 9.829253550921728255e-01
8.442453988187844649e-01 9.760753500554044670e-01
8.443461341869723524e-01 9.692253450186359975e-01
8.443461341869723524e-01 7.020751485846680184e-01
8.442453988187844649e-01 6.952251435478996600e-01
8.437641937138260495e-01 6.883751385111311905e-01
8.419929913318491277e-01 6.815251334743628320e-01
8.409714993526820059e-01 6.798126322151707424e-01
8.358339955751057371e-01 6.746751284375944735e-01
8.341214943159135364e-01 6.736536364584271297e-01
8.272714892791450669e-01 6.718824340764504299e-01
8.204214842423767085e-01 6.714012289714919035e-01
8.135714792056083500e-01 6.713004936033040160e-01
6.971213935805453676e-01 6.713004936033040160e-01
6.902713885437770092e-01 6.714012289714919035e-01
6.834213835070085397e-01 6.718824340764504299e-01
6.765713784702401812e-01 6.736536364584271297e-01
6.748069832334968599e-01 6.746751284375944735e-01
6.697213734334717117e-01 6.792109425835626269e-01
6.681357241194049168e-01 6.815251334743628320e-01
6.645838696558954428e-01 6.883751385111311905e-01
6.628713683967033532e-01 6.908086929320884639e-01
6.577857585966782050e-01 6.952251435478996600e-01
6.560213633599348837e-01 6.962466355270668927e-01
6.491713583231665252e-01 6.974900645681214595e-01
6.423213532863980557e-01 6.962466355270668927e-01
6.406088520272059661e-01 6.952251435478996600e-01
6.354713482496296972e-01 6.902344255925397798e-01
6.343296807435017115e-01 6.883751385111311905e-01
6.326350180390927225e-01 6.815251334743628320e-01
6.321485846123913177e-01 6.746751284375944735e-01
6.319959780471516853e-01 6.678251234008260040e-01
6.319959780471516853e-01 3.077465498136400246e-02
6.318952426789637977e-01 2.392464994459558847e-02
6.314140375740053823e-01 1.707464490782717448e-02
6.296428351920284605e-01 1.022463987105876049e-02
6.286213432128613388e-01 8.512138611866670868e-03
6.234838394352849589e-01 3.374634834290346497e-03
