1.337483067793330815e-01 3.315088142643993763e-01
1.293620589563310719e-01 3.304089838676481650e-01
1.249758111333290622e-01 3.299075708702425835e-01
1.205895633103270526e-01 3.297766380994067159e-01
1.162033154873250429e-01 3.297434235362166621e-01
5.040959814229506453e-02 3.297434235362166621e-01
4.602335031929305487e-02 3.297766380994067159e-01
4.163710249629104521e-02 3.299075708702425835e-01
3.725085467328909106e-02 3.304089838676481650e-01
3.286460685028708140e-02 3.315088142643993763e-01
3.189963232922665703e-02 3.319042956254897314e-01
2.847835902728507174e-02 3.333298261679653596e-01
2.409211120428306208e-02 3.357030995436253162e-01
2.324860200755191064e-02 3.362905434484917411e-01
1.970586338128105242e-02 3.389996965156401032e-01
1.780515599131354820e-02 3.406767912714937507e-01
1.531961555827909827e-02 3.430069854274635510e-01
1.326356189124688889e-02 3.450630390944957604e-01
1.093336773527708861e-02 3.475485795275301548e-01
9.256272979423385561e-03 3.494492869174977701e-01
6.547119912275078946e-03 3.529920255437686283e-01
5.959676007408765130e-03 3.538355347404997797e-01
3.586402631748752956e-03 3.582217825635017339e-01
2.160872089273069285e-03 3.616430558654433192e-01
1.765390728182714142e-03 3.626080303865037435e-01
6.655603314314473273e-04 3.669942782095057532e-01
1.641473340258658986e-04 3.713805260325077073e-01
3.321456319005378077e-05 3.757667738555097170e-01
0.000000000000000000e+00 3.801530216785117267e-01
0.000000000000000000e+00 4.020842607935217194e-01
3.321456319005378077e-05 4.064705086165237291e-01
1.641473340258658986e-04 4.108567564395257388e-01
6.655603314314473273e-04 4.152430042625277484e-01
1.765390728182714142e-03 4.196292520855297026e-01
2.160872089273069285e-03 4.205942266065901824e-01
3.586402631748752956e-03 4.240154999085317122e-01
5.959676007408765130e-03 4.284017477315337219e-01
6.547119912275078946e-03 4.292452569282648178e-01
9.204173881978194860e-03 4.327879955545357316e-01
1.093336773527708861e-02 4.347427364321778676e-01
1.317035412500811020e-02 4.371742433775377412e-01
1.531961555827909827e-02 4.396165859153456923e-01
1.693342371957223813e-02 4.415604912005397509e-01
1.966670045428997593e-02 4.459467390235417605e-01
1.970586338128105242e-02 4.460464264740645612e-01
2.115669919965867951e-02 4.503329868465437147e-01
2.170258813652825580e-02 4.547192346695457243e-01
2.189898729278205725e-02 4.591054824925477340e-01
2.193123911500999279e-02 4.634917303155497437e-01
2.193123911500999279e-02 5.029679607225677751e-01
2.196445367820004657e-02 5.073542085455696737e-01
2.209538644903585869e-02 5.117404563685716834e-01
2.257379465016701170e-02 5.161267041915736931e-01
2.350031586308437559e-02 5.205129520145757027e-01
2.409211120428306208e-02 5.225842357087711054e-01
2.475352952679921170e-02 5.248991998375777124e-01
2.567790849413764676e-02 5.292854476605797220e-01
2.615430234494814377e-02 5.336716954835817317e-01
2.628523511578406691e-02 5.380579433065837414e-01
2.635070150120200072e-02 5.424441911295857510e-01
2.648163427203786835e-02 5.468304389525877607e-01
2.696004247316902136e-02 5.512166867755896593e-01
2.788656368608638525e-02 5.556029345985916690e-01
2.847835902728507174e-02 5.574670899233675758e-01
2.929193725251932889e-02 5.599891824215936786e-01
3.070575049990326155e-02 5.643754302445956883e-01
3.212177455768189249e-02 5.687616780675976980e-01
3.286460685028708140e-02 5.708551145285758466e-01
3.367818507552133855e-02 5.731479258905997076e-01
3.523459559336067359e-02 5.775341737136017173e-01
3.713741722959074121e-02 5.819204215366037269e-01
3.725085467328909106e-02 5.821084035861610051e-01
4.007661048233845946e-02 5.863066693596057366e-01
4.163710249629104521e-02 5.881508871942769945e-01
4.391974166948597880e-02 5.906929171826077463e-01
4.602335031929305487e-02 5.928403510126191156e-01
4.826216431228369519e-02 5.950791650056097559e-01
5.040959814229506453e-02 5.972265988356211253e-01
5.264841213528570485e-02 5.994654128286116546e-01
5.479584596529707419e-02 6.016128466586231349e-01
5.703465995828771451e-02 6.038516606516136642e-01
5.918209378829908385e-02 6.059990944816251446e-01
6.142090778128966866e-02 6.082379084746156739e-01
6.356834161130103800e-02 6.103853423046271542e-01
6.580715560429167832e-02 6.126241562976176835e-01
6.795458943430304766e-02 6.147715901276291639e-01
7.019340342729368798e-02 6.170104041206196932e-01
7.234083725730505732e-02 6.191578379506311736e-01
7.457965125029569764e-02 6.213966519436217029e-01
7.672708508030706698e-02 6.235440857736331832e-01
7.896589907329770730e-02 6.257828997666237125e-01
8.111333290330907664e-02 6.279303335966350819e-01
8.335214689629966145e-02 6.301691475896257222e-01
8.549958072631108630e-02 6.323165814196372025e-01
8.773839471930161560e-02 6.345553954126277318e-01
8.988582854931304045e-02 6.367028292426391012e-01
9.212464254230362526e-02 6.389416432356297415e-01
9.427207637231505011e-02 6.410452518854368176e-01
9.675761680534950004e-02 6.433278910586317512e-01
9.865832419531705977e-02 6.449416992199249465e-01
1.028565899687618468e-01 6.477141388816336498e-01
1.030445720183190694e-01 6.478295664559231559e-01
1.074308198413210791e-01 6.498707107279431128e-01
1.118170676643230332e-01 6.519080074141532233e-01
1.121303710802517561e-01 6.521003867046356595e-01
1.162033154873250429e-01 6.547402580795905758e-01
1.184486566348141867e-01 6.564866345276376691e-01
1.205895633103270526e-01 6.581517841641476574e-01
1.247878290837718396e-01 6.608728823506396788e-01
1.249758111333290622e-01 6.609863197943380841e-01
1.293620589563310719e-01 6.628891414305680962e-01
1.337483067793330815e-01 6.643748060157784741e-01
1.363591685787390317e-01 6.652591301736416884e-01
1.381345546023350357e-01 6.658509255148403749e-01
1.425208024253370453e-01 6.667774467277577388e-01
1.469070502483390550e-01 6.672558549288888363e-01
1.512932980713410647e-01 6.673867876997247039e-01
1.556795458943430743e-01 6.674522540851426378e-01
1.600657937173450285e-01 6.675831868559786164e-01
1.644520415403470381e-01 6.680171496381051011e-01
1.688382893633490478e-01 6.689143366928100853e-01
1.719086628394504435e-01 6.696453779966436981e-01
1.732245371863510575e-01 6.699637346934744775e-01
1.776107850093530671e-01 6.702565764637833379e-01
1.796820687035484698e-01 6.696453779966436981e-01
1.819970328323550213e-01 6.687587959898666501e-01
1.854966986485800384e-01 6.652591301736416884e-01
1.863832806553570309e-01 6.628079916843170327e-01
1.869225734204802425e-01 6.608728823506396788e-01
1.864929368509321006e-01 6.564866345276376691e-01
1.863832806553570309e-01 6.561733311117089462e-01
1.849335885782631417e-01 6.521003867046356595e-01
1.826511224199956485e-01 6.477141388816336498e-01
1.819970328323550213e-01 6.467064873547277992e-01
1.797647459938629400e-01 6.433278910586317512e-01
1.776107850093530671e-01 6.401536327656696113e-01
1.767734104249617522e-01 6.389416432356297415e-01
1.739821618103241097e-01 6.345553954126277318e-01
1.732245371863510575e-01 6.334588334568771462e-01
1.709922503478589761e-01 6.301691475896257222e-01
1.688382893633490478e-01 6.269948892966636933e-01
1.680009147789577884e-01 6.257828997666237125e-01
1.652096661643201458e-01 6.213966519436217029e-01
1.644520415403470381e-01 6.202704531782563535e-01
1.623358693450390744e-01 6.170104041206196932e-01
1.600657937173450285e-01 6.130893644000572351e-01
1.598011063487156380e-01 6.126241562976176835e-01
1.579787887047876538e-01 6.082379084746156739e-01
1.564223781869482632e-01 6.038516606516136642e-01
1.556795458943430743e-01 6.017582241906355156e-01
1.548659676691088172e-01 5.994654128286116546e-01
1.533095571512694266e-01 5.950791650056097559e-01
1.514823604775049626e-01 5.906929171826077463e-01
1.512932980713410647e-01 5.903391875194623495e-01
1.491001741598400598e-01 5.863066693596057366e-01
1.469070502483390550e-01 5.821397339277538663e-01
1.467955354731779738e-01 5.819204215366037269e-01
1.453887336942230046e-01 5.775341737136017173e-01
1.447139263368380502e-01 5.731479258905997076e-01
1.440825724835271826e-01 5.687616780675976980e-01
1.431125977665357318e-01 5.643754302445956883e-01
1.425208024253370453e-01 5.625112749198197815e-01
1.417072242001027882e-01 5.599891824215936786e-01
1.403973014951535037e-01 5.556029345985916690e-01
1.394869810144273581e-01 5.512166867755896593e-01
1.394942914274656665e-01 5.468304389525877607e-01
1.423429815676477417e-01 5.424441911295857510e-01
1.425208024253370453e-01 5.423176647500760339e-01
1.469070502483390550e-01 5.408263128342162274e-01
1.512932980713410647e-01 5.403507546686074914e-01
1.556795458943430743e-01 5.402510672180846907e-01
1.600657937173450285e-01 5.402188153958568106e-01
9.671353931497128631e-01 5.402188153958568106e-01
9.715216409727149838e-01 5.401856008326667569e-01
9.759078887957168824e-01 5.399892016764129554e-01
9.802941366187190031e-01 5.394412983892227231e-01
9.843813220901526106e-01 5.380579433065837414e-01
9.846803844417209017e-01 5.379404545256104564e-01
9.890666322647229114e-01 5.352027442519881051e-01
9.908306667152779745e-01 5.336716954835817317e-01
9.934528800877249211e-01 5.310494821111347852e-01
9.949839288561312944e-01 5.292854476605797220e-01
9.977216391297536457e-01 5.248991998375777124e-01
9.978391279107269307e-01 5.246001374860094213e-01
9.992224829933660235e-01 5.205129520145757027e-01
9.997703862805562558e-01 5.161267041915736931e-01
9.999667854368099462e-01 5.117404563685716834e-01
1.000000000000000000e+00 5.073542085455696737e-01
1.000000000000000000e+00 4.985817128995657099e-01
9.999667854368099462e-01 4.941954650765637003e-01
9.997703862805562558e-01 4.898092172535617461e-01
9.992224829933660235e-01 4.854229694305597365e-01
9.978391279107269307e-01 4.813357839591260179e-01
9.977195029700995921e-01 4.810367216075577268e-01
9.947248919563954628e-01 4.766504737845557171e-01
9.934528800877249211e-01 4.753784619158851754e-01
9.890666322647229114e-01 4.723838509021810461e-01
9.887675699131546203e-01 4.722642259615537075e-01
9.846803844417209017e-01 4.708808708789146702e-01
9.802941366187190031e-01 4.703329675917244379e-01
9.759078887957168824e-01 4.701365684354706920e-01
9.715216409727149838e-01 4.701033538722806382e-01
1.556795458943430743e-01 4.701033538722806382e-01
1.512932980713410647e-01 4.700056356646347688e-01
1.469070502483390550e-01 4.697336983713603087e-01
1.425208024253370453e-01 4.686090194423853661e-01
1.412952331806747175e-01 4.678779781385516978e-01
1.381345546023350357e-01 4.646215214214744482e-01
1.374804650146944640e-01 4.634917303155497437e-01
1.365239792298265087e-01 4.591054824925477340e-01
1.367769064666439771e-01 4.547192346695457243e-01
1.381345546023350357e-01 4.504426430421187844e-01
1.381737175293261122e-01 4.503329868465437147e-01
1.409069942640438500e-01 4.459467390235417605e-01
1.425208024253370453e-01 4.440028337383477020e-01
1.447139263368380502e-01 4.415604912005397509e-01
1.469070502483390550e-01 4.393216772075491661e-01
1.490106588981461311e-01 4.371742433775377412e-01
1.512932980713410647e-01 4.347427364321778676e-01
1.530224919246399584e-01 4.327879955545357316e-01
1.556795458943430743e-01 4.292452569282648178e-01
1.562669897992093881e-01 4.284017477315337219e-01
1.586904448236918785e-01 4.240154999085317122e-01
1.600657937173450285e-01 4.210101078816599895e-01
1.606769921844846682e-01 4.196292520855297026e-01
1.621892946475285702e-01 4.152430042625277484e-01
1.636384633151127810e-01 4.108567564395257388e-01
1.644520415403470381e-01 4.083346639412996359e-01
1.650438368815457246e-01 4.064705086165237291e-01
1.659703580944630885e-01 4.020842607935217194e-01
1.664487662955942415e-01 3.976980129705197653e-01
1.665796990664301092e-01 3.933117651475177556e-01
1.665796990664301092e-01 3.889255173245157460e-01
1.664487662955942415e-01 3.845392695015137363e-01
1.659703580944630885e-01 3.801530216785117267e-01
1.650438368815457246e-01 3.757667738555097170e-01
1.644520415403470381e-01 3.736954901613143143e-01
1.637799551803709175e-01 3.713805260325077073e-01
1.626638020432769616e-01 3.669942782095057532e-01
1.617449042120879810e-01 3.626080303865037435e-01
1.605256422794339444e-01 3.582217825635017339e-01
1.600657937173450285e-01 3.571252206077512037e-01
1.586402631748694003e-01 3.538355347404997797e-01
1.562669897992093881e-01 3.494492869174977701e-01
1.556795458943430743e-01 3.486057777207666186e-01
1.529703928271947122e-01 3.450630390944957604e-01
1.512932980713410647e-01 3.432036514303971053e-01
1.487664379124376546e-01 3.406767912714937507e-01
1.469070502483390550e-01 3.389996965156401032e-01
1.433643116220681968e-01 3.362905434484917411e-01
1.425208024253370453e-01 3.357030995436253162e-01
1.381345546023350357e-01 3.333298261679653596e-01
1.347132813003935059e-01 3.319042956254897314e-01
