5.879629629629630205e-01 0.000000000000000000e+00
4.814814814814815103e-01 0.000000000000000000e+00
4.791666666666666852e-01 2.314814814814825095e-03
4.791666666666666852e-01 7.986111111111111605e-01
4.768518518518518601e-01 8.009259259259259300e-01
4.351851851851851749e-01 8.009259259259259300e-01
4.305555555555555802e-01 7.962962962962962798e-01
3.981481481481481399e-01 7.962962962962962798e-01
3.935185185185184897e-01 7.916666666666667407e-01
3.703703703703703498e-01 7.916666666666667407e-01
3.657407407407406996e-01 7.870370370370369795e-01
3.518518518518518601e-01 7.870370370370369795e-01
3.472222222222222099e-01 7.824074074074074403e-01
3.240740740740740700e-01 7.824074074074074403e-01
3.194444444444444198e-01 7.777777777777777901e-01
3.101851851851851749e-01 7.777777777777777901e-01
3.055555555555555802e-01 7.731481481481481399e-01
2.916666666666666297e-01 7.731481481481481399e-01
2.870370370370370350e-01 7.685185185185186008e-01
2.824074074074074403e-01 7.685185185185186008e-01
2.777777777777777901e-01 7.638888888888888395e-01
2.731481481481481399e-01 7.638888888888888395e-01
2.685185185185184897e-01 7.592592592592593004e-01
2.662037037037037202e-01 7.615740740740740700e-01
2.662037037037037202e-01 7.754629629629630205e-01
2.708333333333333703e-01 7.800925925925925597e-01
2.708333333333333703e-01 7.893518518518518601e-01
2.754629629629629650e-01 7.939814814814813992e-01
2.754629629629629650e-01 8.032407407407406996e-01
2.800925925925925597e-01 8.078703703703703498e-01
2.800925925925925597e-01 8.125000000000000000e-01
2.847222222222222099e-01 8.171296296296296502e-01
2.847222222222222099e-01 8.263888888888888395e-01
2.939814814814815103e-01 8.356481481481481399e-01
2.939814814814815103e-01 8.402777777777777901e-01
3.032407407407406996e-01 8.495370370370369795e-01
3.032407407407406996e-01 8.541666666666667407e-01
3.078703703703703498e-01 8.587962962962962798e-01
3.078703703703703498e-01 8.680555555555555802e-01
3.217592592592593004e-01 8.819444444444444198e-01
3.217592592592593004e-01 8.865740740740740700e-01
3.472222222222222099e-01 9.120370370370369795e-01
3.518518518518518601e-01 9.120370370370369795e-01
3.611111111111111049e-01 9.212962962962962798e-01
3.657407407407406996e-01 9.212962962962962798e-01
3.703703703703703498e-01 9.259259259259259300e-01
3.750000000000000000e-01 9.259259259259259300e-01
3.842592592592592449e-01 9.351851851851851194e-01
3.888888888888888951e-01 9.351851851851851194e-01
3.981481481481481399e-01 9.444444444444444198e-01
4.027777777777777901e-01 9.444444444444444198e-01
4.120370370370370350e-01 9.537037037037037202e-01
4.166666666666666852e-01 9.537037037037037202e-01
4.259259259259259300e-01 9.629629629629630205e-01
4.398148148148148251e-01 9.629629629629630205e-01
4.444444444444444198e-01 9.675925925925925597e-01
4.490740740740740700e-01 9.675925925925925597e-01
4.537037037037037202e-01 9.722222222222222099e-01
4.583333333333333148e-01 9.722222222222222099e-01
4.629629629629629650e-01 9.768518518518518601e-01
4.814814814814815103e-01 9.768518518518518601e-01
4.861111111111111049e-01 9.814814814814813992e-01
6.111111111111111605e-01 9.814814814814813992e-01
6.134259259259259300e-01 9.837962962962962798e-01
6.134259259259259300e-01 9.976851851851851194e-01
6.157407407407406996e-01 1.000000000000000000e+00
7.314814814814815103e-01 1.000000000000000000e+00
7.337962962962962798e-01 9.976851851851851194e-01
7.337962962962962798e-01 7.800925925925925597e-01
7.314814814814815103e-01 7.777777777777777901e-01
6.157407407407406996e-01 7.777777777777777901e-01
6.134259259259259300e-01 7.800925925925925597e-01
6.134259259259259300e-01 7.939814814814813992e-01
6.111111111111111605e-01 7.962962962962962798e-01
5.925925925925925597e-01 7.962962962962962798e-01
5.902777777777777901e-01 7.939814814814813992e-01
5.902777777777777901e-01 2.314814814814825095e-03
