1.023744292063966665e-01 2.051090147160701260e-01
6.215697534050057538e-02 2.051296860269138933e-01
5.813522995391096071e-02 2.053282982162369374e-01
5.420924040985919401e-02 2.058853643001902767e-01
5.009173918073173137e-02 2.080757791982435490e-01
3.802650302096294288e-02 2.153547466195239179e-01
3.445720399036461545e-02 2.179506004599590652e-01
2.488568379268757402e-02 2.259940912331382945e-01
2.069278040476169034e-02 2.300158366197279092e-01
1.781194068310459899e-02 2.340375820063175238e-01
1.413872223337464540e-02 2.420810727794967532e-01
9.840202726813684908e-03 2.501245635526759825e-01
8.437947676767920679e-03 2.541463089392655972e-01
4.386519078369843783e-04 2.863202720319824590e-01
-1.110223024625156540e-16 2.903420174185720737e-01
-1.110223024625156540e-16 3.104507443515201470e-01
4.386519078369843783e-04 3.144724897381097062e-01
3.323715177587449610e-03 3.265377258978785502e-01
4.460397294426599046e-03 3.345812166710577795e-01
5.430905331264834768e-03 3.386029620576473942e-01
8.902363513076494428e-03 3.466464528308266235e-01
1.906189331006186150e-02 3.667551797637746969e-01
2.140089486032908939e-02 3.707769251503643115e-01
2.437577108378852220e-02 3.747986705369539262e-01
2.805421599094987117e-02 3.788204159235435409e-01
5.009173918073173137e-02 4.008579391133254011e-01
5.411348456732134604e-02 4.045363840204867500e-01
5.813522995391096071e-02 4.075941760985073437e-01
9.433093843321749272e-02 4.317135494453872013e-01
1.023744292063966665e-01 4.361132463884344612e-01
1.184614107527551252e-01 4.441402639107364103e-01
1.265049015259343546e-01 4.477504946395998719e-01
1.586788646186512164e-01 4.586289862590635646e-01
1.747658461650096751e-01 4.659460455257529721e-01
1.765805361565196407e-01 4.672988144285149525e-01
1.787875915515992897e-01 4.700409135557351847e-01
1.795156661474474058e-01 4.713205598151045672e-01
1.804890992151564344e-01 4.753423052016941819e-01
1.807688925876397290e-01 4.793640505882837966e-01
1.806784121438019253e-01 4.874075413614630259e-01
1.802416071913662821e-01 4.914292867480526406e-01
1.783010900935441678e-01 4.994727775212318699e-01
1.775810679356223942e-01 5.034945229078214846e-01
1.775810679356223942e-01 5.075162682944110992e-01
1.783010900935441678e-01 5.115380136810007139e-01
1.802416071913662821e-01 5.195815044541799432e-01
1.806183860932557561e-01 5.236032498407695579e-01
1.806183860932557561e-01 5.276249952273591726e-01
1.802416071913662821e-01 5.316467406139486762e-01
1.783010900935441678e-01 5.396902313871279055e-01
1.775810679356223942e-01 5.437119767737175202e-01
1.775810679356223942e-01 5.477337221603071349e-01
1.783010900935441678e-01 5.517554675468967496e-01
1.802416071913662821e-01 5.597989583200759789e-01
1.806784121438019253e-01 5.638207037066655936e-01
1.809785423965324380e-01 5.718641944798448229e-01
1.814171943043693669e-01 5.758859398664344376e-01
1.843022575741198876e-01 5.879511760262032816e-01
1.853990972250079694e-01 5.959946667993825109e-01
1.883240029607095023e-01 6.080599029591513549e-01
1.894606850775485962e-01 6.161033937323305842e-01
1.904311931143869430e-01 6.201251391189201989e-01
1.953690499897515753e-01 6.321903752786890429e-01
1.984677718449927020e-01 6.442556114384578869e-01
2.035444012674090808e-01 6.563208475982267309e-01
2.064370910844028906e-01 6.643643383714058492e-01
2.084838722186493354e-01 6.683860837579954639e-01
2.109615546443162071e-01 6.719437815999785846e-01
2.190050454174953809e-01 6.817081153510735625e-01
2.264269937218380546e-01 6.925165560775331519e-01
2.294847857998587592e-01 6.965383014641227666e-01
2.331632307070201082e-01 7.005600468507123813e-01
2.511790085102122982e-01 7.185758246539046823e-01
2.552007538968018574e-01 7.222542695610659758e-01
2.632442446699810867e-01 7.280047352758656221e-01
2.753094808297499307e-01 7.373772977988555244e-01
2.954182077626980041e-01 7.506907503098688705e-01
2.994399531492876187e-01 7.530160879706269128e-01
3.074834439224668481e-01 7.566217907310175406e-01
3.155269346956460774e-01 7.614966711457353821e-01
3.235704254688253068e-01 7.658798948379053062e-01
3.316139162420045361e-01 7.694901255667687678e-01
3.517226431749525539e-01 7.763468717996427904e-01
3.637878793347213979e-01 7.814165891794857544e-01
3.678096247213110126e-01 7.823870972163240456e-01
3.758531154944902419e-01 7.835237793331631950e-01
3.879183516542590304e-01 7.864486850688647834e-01
3.999835878140278744e-01 7.875455247197528097e-01
4.120488239737967184e-01 7.904305879895032749e-01
4.160705693603863331e-01 7.908692398973402593e-01
4.321575509067447918e-01 7.911693701500708276e-01
4.361792962933344064e-01 7.916061751025064153e-01
4.482445324531031949e-01 7.944523333760928896e-01
4.522662778396928096e-01 7.948909852839298740e-01
5.568316578910227355e-01 7.948909852839298740e-01
5.608534032776123501e-01 7.944523333760928896e-01
5.729186394373811941e-01 7.916061751025064153e-01
5.769403848239708088e-01 7.911693701500708276e-01
6.131360933032772298e-01 7.908692398973402593e-01
6.171578386898668445e-01 7.904305879895032749e-01
6.292230748496356885e-01 7.875844297159168006e-01
6.332448202362253031e-01 7.871476247634812129e-01
6.412883110094045325e-01 7.868474945107506446e-01
6.453100563959941471e-01 7.864088426029136603e-01
6.573752925557629911e-01 7.835237793331631950e-01
6.654187833289422205e-01 7.824269396822751688e-01
6.774840194887110645e-01 7.793553199248950403e-01
6.815057648753006792e-01 7.785509708475770729e-01
6.935710010350695232e-01 7.753335745383054256e-01
7.016144918082487525e-01 7.735028321284546093e-01
7.177014733546071001e-01 7.683134832425324579e-01
7.257449641277863295e-01 7.664857346878082289e-01
7.418319456741447881e-01 7.623001225120293878e-01
7.458536910607344028e-01 7.608503192086049083e-01
7.498754364473240175e-01 7.583441810372781866e-01
7.579189272205032468e-01 7.522322933801985911e-01
7.659624179936824762e-01 7.477820405982520402e-01
7.780276541534513202e-01 7.423112171775960721e-01
7.820493995400409348e-01 7.399494943134871106e-01
7.858373225204334789e-01 7.367557553300189133e-01
7.941146356998096678e-01 7.278632294196707431e-01
8.021581264729888971e-01 7.200746523060960191e-01
8.085061755635862824e-01 7.126252830104812253e-01
8.201739042761811982e-01 7.005600468507123813e-01
8.237465521802482815e-01 6.965383014641227666e-01
8.263944341974368557e-01 6.925165560775331519e-01
8.300676526471668648e-01 6.844730653043539226e-01
8.349425330618847063e-01 6.764295745311746932e-01
8.393257567540546304e-01 6.683860837579954639e-01
8.429359874829180921e-01 6.603425929848162346e-01
8.461546341935253235e-01 6.522991022116371163e-01
8.504531537000863395e-01 6.442556114384578869e-01
8.517493407399361338e-01 6.402338660518682723e-01
8.529478958627229046e-01 6.321903752786890429e-01
8.538343628292475174e-01 6.281686298920994282e-01
8.590051783262913077e-01 6.120816483457409696e-01
8.598547045190629845e-01 6.080599029591513549e-01
8.609913866359021339e-01 5.959946667993825109e-01
8.638764499056525992e-01 5.839294306396136669e-01
8.643151018134895835e-01 5.799076852530240522e-01
8.646152320662201518e-01 5.356684860005382909e-01
8.650520370186557395e-01 5.316467406139486762e-01
8.678981952922422138e-01 5.195815044541799432e-01
8.683368472000791982e-01 5.155597590675903286e-01
8.683368472000791982e-01 5.034945229078214846e-01
8.674800691192374735e-01 4.914292867480526406e-01
8.683368472000791982e-01 4.793640505882837966e-01
8.686406713636125598e-01 4.351248513357980907e-01
8.691537017045942726e-01 4.311031059492084760e-01
8.707512283442673251e-01 4.270813605626188614e-01
8.745495434316019612e-01 4.249884114328630336e-01
8.785712888181915758e-01 4.256554690164643384e-01
8.866147795913708052e-01 4.289645587991964826e-01
8.946582703645500345e-01 4.316457223902562257e-01
8.986800157511396492e-01 4.324952485830279025e-01
9.027017611377292639e-01 4.329339004908649424e-01
9.308539788438565665e-01 4.329339004908649424e-01
9.348757242304461812e-01 4.324741555128185366e-01
9.388974696170357959e-01 4.314657223365239158e-01
9.429192150036254105e-01 4.297960386985668069e-01
9.469409603902150252e-01 4.276810945237769501e-01
9.549844511633942545e-01 4.223773547979470244e-01
9.670496873231629875e-01 4.155547510171254122e-01
9.710714327097526022e-01 4.125321051934858207e-01
9.750931780963422169e-01 4.088578267796346699e-01
9.807004192603373527e-01 4.029508882430811734e-01
9.837582113383580573e-01 3.989291428564915587e-01
9.890281730761921741e-01 3.908856520833123849e-01
9.913535107369502164e-01 3.868639066967227702e-01
9.930288651833104607e-01 3.828421613101331555e-01
9.992236504158799049e-01 3.644426761664856240e-01
1.000000000000000000e+00 3.546899436040058529e-01
1.000000000000000000e+00 3.144724897381097062e-01
9.992236504158799049e-01 3.048011496417871724e-01
9.970506105699000754e-01 2.983855081917513030e-01
9.953059156858400369e-01 2.943637628051616884e-01
9.927069333542762886e-01 2.903420174185720737e-01
9.864508849751369990e-01 2.822985266453928999e-01
9.831366688695214462e-01 2.774430047762175278e-01
9.804691846845385861e-01 2.742550358722136705e-01
9.759269545789279743e-01 2.702332904856240559e-01
9.670496873231629875e-01 2.638526367472847634e-01
9.590061965499838692e-01 2.565825585484496907e-01
9.549844511633942545e-01 2.536076823249901468e-01
9.348757242304461812e-01 2.427633331575789200e-01
9.268322334572669519e-01 2.374488838967283022e-01
9.187887426840877225e-01 2.330656602045583226e-01
9.107452519109084932e-01 2.294554294756949164e-01
8.866147795913708052e-01 2.214297294055009302e-01
8.825930342047811905e-01 2.205802032127292533e-01
8.705277980450123465e-01 2.194435210958901039e-01
8.584625618852435025e-01 2.165584578261396387e-01
8.544408164986538878e-01 2.161198059183026543e-01
7.780276541534513202e-01 2.161198059183026543e-01
7.740059087668617055e-01 2.165584578261396387e-01
7.699841633802720908e-01 2.174079840189113155e-01
7.538971818339136322e-01 2.225787995159550503e-01
7.498754364473240175e-01 2.234652664824797186e-01
7.418319456741447881e-01 2.245621061333678004e-01
7.297667095143759441e-01 2.274870118690693332e-01
7.177014733546071001e-01 2.286236939859084827e-01
7.136797279680175965e-01 2.294732201786801040e-01
6.855275102618902938e-01 2.386657810623135090e-01
6.815057648753006792e-01 2.395133430326741308e-01
6.694405287155318351e-01 2.406889301456772712e-01
6.654187833289422205e-01 2.415384563384489480e-01
6.493318017825837618e-01 2.467190533462896296e-01
6.292230748496356885e-01 2.516174841886069657e-01
6.211795840764564591e-01 2.527143238394951030e-01
6.091143479166876151e-01 2.557859435968752315e-01
6.050926025300980005e-01 2.565902926741930878e-01
5.930273663703291565e-01 2.598076889834648462e-01
5.890056209837395418e-01 2.606120380607827025e-01
5.769403848239708088e-01 2.636827203483758097e-01
5.648751486642019648e-01 2.647795599992639470e-01
5.367229309580746621e-01 2.716873061253910482e-01
5.327011855714850475e-01 2.721241110778265804e-01
5.206359494117162034e-01 2.724242413305572041e-01
5.166142040251265888e-01 2.728628932383941885e-01
5.045489678653577448e-01 2.757479565081446538e-01
4.924837317055889563e-01 2.768447961590327910e-01
4.804184955458201123e-01 2.797307968985702775e-01
4.763967501592304976e-01 2.801676018510058097e-01
4.643315139994616536e-01 2.804677321037364335e-01
4.603097686128720389e-01 2.809063840115734179e-01
4.482445324531031949e-01 2.837525422851598922e-01
4.442227870665136358e-01 2.841893472375953689e-01
4.281358055201551771e-01 2.844894774903260481e-01
4.241140601335655624e-01 2.849281293981630325e-01
4.120488239737967184e-01 2.877742876717495069e-01
4.080270785872071038e-01 2.882110926241850946e-01
3.517226431749525539e-01 2.883311447252772663e-01
3.477008977883629393e-01 2.881510665736389809e-01
3.436791524017733246e-01 2.876505416598544307e-01
3.396574070151837654e-01 2.864225197960483249e-01
3.316139162420045361e-01 2.822644440573708335e-01
3.275921708554149214e-01 2.809682570175209282e-01
3.195486800822356921e-01 2.797697018947342684e-01
3.155269346956460774e-01 2.788832349282096001e-01
2.672659900565707014e-01 2.628161371087169851e-01
2.552007538968018574e-01 2.577464197288740766e-01
2.511790085102122982e-01 2.567759116920357298e-01
2.431355177370330689e-01 2.556003245790325895e-01
2.391137723504434542e-01 2.546328103973207746e-01
2.310702815772642249e-01 2.511635144442115886e-01
2.230267908040849956e-01 2.471593783947667045e-01
2.149833000309057662e-01 2.427633331575789200e-01
2.069398092577265924e-01 2.378859762986575421e-01
1.868310823247785191e-01 2.294554294756949164e-01
1.787875915515992897e-01 2.266204286294105086e-01
1.707441007784200604e-01 2.230112967380843414e-01
1.586788646186512164e-01 2.169786786581999194e-01
1.506353738454720426e-01 2.135072204763883708e-01
1.305266469125239692e-01 2.084751245870093417e-01
1.184614107527551252e-01 2.073782849361212599e-01
1.123170775232432139e-01 2.058853643001902767e-01
