3.345822738004228247e-01 1.662565561457452490e-01
3.297650368079164673e-01 1.660492320220172124e-01
2.526892449278147490e-01 1.660492320220172124e-01
2.478720079353083916e-01 1.662565561457452490e-01
2.407799645852296000e-01 1.669791416946212470e-01
2.334202969577893194e-01 1.687207581457581540e-01
2.286030599652829620e-01 1.692439620716951199e-01
2.045168750027511750e-01 1.696034573696434400e-01
1.996996380102448176e-01 1.701288735743369807e-01
1.948824010177384602e-01 1.711464340135355200e-01
1.852479270327257455e-01 1.737603291533033056e-01
1.804306900402193881e-01 1.747237765518045438e-01
1.659789790627003159e-01 1.785775661458096630e-01
1.563445050776876011e-01 1.807704250199419493e-01
1.370755571076621715e-01 1.869862146876920539e-01
1.226238461301430993e-01 1.905520145186073155e-01
1.081721351526240271e-01 1.966327890829185909e-01
9.853766116761131233e-02 2.000285463071443948e-01
8.408595019009224014e-02 2.062672630679313057e-01
7.445147620507952535e-02 2.101266351016393696e-01
6.963423921257316795e-02 2.129119189828178604e-01
5.999976522756045316e-02 2.192242665315310979e-01
4.554805425004138097e-02 2.304506994755152194e-01
4.073081725753502358e-02 2.336621908038528095e-01
3.591358026502866618e-02 2.373385935370939115e-01
3.109634327252230879e-02 2.417446260375005207e-01
2.396879874279350675e-02 2.488721705672293227e-01
1.956276624238689754e-02 2.536894075597356801e-01
1.590015021434315612e-02 2.585066445522420375e-01
9.587802665629918675e-03 2.681411185372547523e-01
6.802518784451483391e-03 2.729583555297611097e-01
4.795783240854556428e-03 2.777755925222674671e-01
1.542976643892080002e-03 2.874100665072801819e-01
5.254162046935406671e-04 2.922273034997865393e-01
-1.110223024625156540e-16 2.970445404922928967e-01
-1.110223024625156540e-16 3.259479624473310411e-01
5.506814336752041683e-04 3.307651994398373985e-01
1.758580277176235995e-03 3.355824364323437559e-01
3.758523340048780526e-03 3.403996734248501133e-01
6.364992641351319147e-03 3.452169104173564707e-01
9.873233126291514061e-03 3.500341474098628280e-01
2.146186928750959400e-02 3.636829855552974888e-01
2.627910628001595139e-02 3.673675983739705941e-01
3.109634327252230879e-02 3.699052500039515801e-01
4.073081725753502358e-02 3.733701069391354155e-01
5.518252823505409577e-02 3.794426022754057160e-01
5.999976522756045316e-02 3.805798092487099882e-01
6.481700222006681056e-02 3.811304906823852479e-01
1.033548981601176697e-01 3.813816087213931505e-01
1.081721351526240271e-01 3.817167445528854564e-01
1.129893721451303845e-01 3.829519335253229184e-01
1.143353648342130824e-01 3.837548063574073298e-01
1.178066091376367419e-01 3.872260506608310449e-01
1.186094819697211533e-01 3.885720433499136872e-01
1.198446709421586709e-01 3.933892803424200446e-01
1.201798067736509767e-01 3.982065173349264020e-01
1.204309248126588794e-01 4.174754653049518316e-01
1.209563410173524756e-01 4.222927022974581890e-01
1.219739014565510149e-01 4.271099392899645464e-01
1.233502548829813472e-01 4.319271762824709038e-01
1.243654625812800063e-01 4.367444132749772612e-01
1.248886665072169722e-01 4.415616502674836186e-01
1.252481618051652368e-01 6.005304710201934126e-01
1.257735780098588330e-01 6.053477080126997700e-01
1.267911384490573723e-01 6.101649450052061274e-01
1.281674918754877046e-01 6.149821819977124848e-01
1.291826995737863637e-01 6.197994189902188422e-01
1.297059034997233296e-01 6.246166559827251996e-01
1.300653987976715942e-01 6.968752108703205606e-01
1.305908150023651904e-01 7.016924478628269179e-01
1.340465368775256572e-01 7.161441588403459901e-01
1.354080519948715478e-01 7.305958698178650623e-01
1.365705241971574835e-01 7.354131068103714197e-01
1.407286284936461462e-01 7.450475807953841345e-01
1.459788433348837011e-01 7.546820547803968493e-01
1.528024190537858873e-01 7.643165287654095641e-01
1.563445050776876011e-01 7.684221284749319647e-01
1.611617420701939585e-01 7.726758517818177463e-01
1.707962160552066733e-01 7.796003079507252131e-01
1.804306900402193881e-01 7.858250693723020097e-01
1.852479270327257455e-01 7.886103532534805005e-01
1.900651640252321029e-01 7.906170887970773720e-01
1.996996380102448176e-01 7.940357731143399267e-01
2.286030599652829620e-01 8.035043693790525632e-01
2.334202969577893194e-01 8.045696530285497694e-01
2.430547709428020342e-01 8.058834449355969376e-01
2.575064819203211064e-01 8.095615008257962542e-01
2.623237189128274638e-01 8.105249482242975478e-01
2.767754298903465360e-01 8.142041270135624842e-01
2.912271408678656082e-01 8.155179189206096524e-01
3.056788518453846804e-01 8.190213640060688416e-01
3.201305628229037525e-01 8.203351559131160098e-01
3.345822738004228247e-01 8.237908777882765321e-01
3.393995107929291821e-01 8.243162939929701283e-01
3.634856957554609691e-01 8.246757892909183374e-01
3.683029327479673265e-01 8.251989932168553032e-01
3.731201697404736839e-01 8.262142009151540734e-01
3.779374067329800413e-01 8.275905543415843502e-01
3.827546437254863987e-01 8.286081147807828895e-01
3.875718807179927561e-01 8.291335309854764857e-01
4.453787246280690448e-01 8.294930262834246948e-01
4.501959616205754022e-01 8.300162302093616606e-01
4.550131986130817596e-01 8.310314379076604308e-01
4.598304356055881170e-01 8.324077913340907076e-01
4.646476725980944744e-01 8.334253517732892469e-01
4.694649095906008318e-01 8.339507679779828431e-01
6.428854413208296981e-01 8.339507679779828431e-01
6.477026783133360555e-01 8.334253517732892469e-01
6.525199153058424129e-01 8.324077913340907076e-01
6.573371522983487703e-01 8.310314379076604308e-01
6.621543892908551276e-01 8.300162302093616606e-01
6.669716262833614850e-01 8.294930262834246948e-01
7.006922852309059868e-01 8.291335309854764857e-01
7.055095222234123442e-01 8.286081147807828895e-01
7.103267592159187016e-01 8.275905543415843502e-01
7.151439962084250590e-01 8.262142009151540734e-01
7.199612332009314164e-01 8.251989932168553032e-01
7.247784701934377738e-01 8.246757892909183374e-01
7.344129441784504886e-01 8.243162939929701283e-01
7.392301811709568460e-01 8.237908777882765321e-01
7.440474181634632034e-01 8.227733173490779928e-01
7.874025510960205310e-01 8.083429160329882457e-01
7.922197880885268884e-01 8.061611721325199209e-01
7.970370250810332458e-01 8.034995903740996814e-01
8.018542620735396032e-01 7.999913498891595420e-01
8.114887360585523179e-01 7.920156414723211746e-01
8.163059730510586753e-01 7.876910764449573943e-01
8.277692129313746205e-01 7.739510027504222789e-01
8.308822677439011706e-01 7.691337657579159215e-01
8.329720590977136574e-01 7.643165287654095641e-01
8.362248656946761338e-01 7.546820547803968493e-01
8.384282075474147611e-01 7.450475807953841345e-01
8.410421026871824912e-01 7.354131068103714197e-01
8.420596631263810306e-01 7.305958698178650623e-01
8.425850793310745157e-01 7.257786328253587049e-01
8.429445746290229469e-01 7.065096848553332753e-01
8.434677785549598017e-01 7.016924478628269179e-01
8.444829862532585718e-01 6.968752108703205606e-01
8.458593396796888486e-01 6.920579738778142032e-01
8.468769001188873879e-01 6.872407368853078458e-01
8.474023163235808731e-01 6.824234998928014884e-01
8.477618116215293043e-01 6.583373149302697014e-01
8.482850155474661591e-01 6.535200779377633440e-01
8.493002232457649292e-01 6.487028409452569866e-01
8.506765766721952060e-01 6.438856039527506292e-01
8.516941371113937453e-01 6.390683669602442718e-01
8.522195533160872305e-01 6.342511299677379144e-01
8.525790486140356617e-01 5.908959970351806978e-01
8.531022525399725165e-01 5.860787600426743404e-01
8.541174602382712866e-01 5.812615230501679831e-01
8.554938136647015634e-01 5.764442860576616257e-01
8.565113741039001027e-01 5.716270490651552683e-01
8.570367903085935879e-01 5.668098120726489109e-01
8.573962856065420191e-01 5.379063901176107665e-01
8.579194895324788739e-01 5.330891531251044091e-01
8.589346972307776440e-01 5.282719161325980517e-01
8.603110506572079208e-01 5.234546791400916943e-01
8.613286110964064601e-01 5.186374421475853369e-01
8.618540273010999453e-01 5.138202051550789795e-01
8.622135225990483764e-01 4.752823092150281203e-01
8.627367265249852313e-01 4.704650722225217629e-01
8.637519342232840014e-01 4.656478352300154055e-01
8.651282876497142782e-01 4.608305982375090482e-01
8.661458480889128175e-01 4.560133612450026908e-01
8.666712642936063027e-01 4.511961242524963334e-01
8.669223823326143163e-01 4.367444132749772612e-01
8.672575181641065667e-01 4.319271762824709038e-01
8.684927071365442508e-01 4.271099392899645464e-01
8.692955799686286067e-01 4.257639466008819040e-01
8.727668242720522107e-01 4.222927022974581890e-01
8.741128169611349641e-01 4.214898294653737776e-01
8.789300539536413215e-01 4.202546404929363155e-01
8.933817649311603937e-01 4.191429704177424553e-01
8.981990019236667511e-01 4.181254099785439715e-01
9.030162389161731085e-01 4.167490565521135837e-01
9.078334759086794659e-01 4.157338488538149246e-01
9.126507129011858233e-01 4.152106449278779587e-01
9.222851868861985380e-01 4.148511496299297496e-01
9.271024238787048954e-01 4.143257334252360979e-01
9.319196608712112528e-01 4.133081729860376141e-01
9.608230828262493972e-01 4.036950086624541689e-01
9.704575568112621120e-01 3.993706829414487292e-01
9.752747938037684694e-01 3.967530406561529666e-01
9.804934672123170047e-01 3.933892803424200446e-01
9.849092677887811842e-01 3.889734797659558652e-01
9.882730281025139396e-01 3.837548063574073298e-01
9.908906703878098687e-01 3.789375693649009724e-01
9.950487746842984205e-01 3.693030953798882576e-01
9.993609787663002564e-01 3.520413294900738288e-01
1.000000000000000000e+00 3.452169104173564707e-01
1.000000000000000000e+00 3.403996734248501133e-01
9.993609787663002564e-01 3.334571848180027387e-01
9.975727620039303023e-01 3.259479624473310411e-01
9.962112468865844672e-01 3.163134884623183263e-01
9.950487746842984205e-01 3.114962514698119689e-01
9.889762793480282310e-01 2.970445404922928967e-01
9.855114224128443956e-01 2.874100665072801819e-01
9.830597928720152812e-01 2.825928295147738245e-01
9.800920307962748268e-01 2.783314275598643417e-01
9.658912175787821575e-01 2.633238815447483949e-01
9.608230828262493972e-01 2.575967220092131305e-01
9.569157683767719469e-01 2.536894075597356801e-01
9.458294326870733126e-01 2.440549335747229653e-01
9.415541348562239676e-01 2.409456260613779821e-01
9.319196608712112528e-01 2.352376694366533072e-01
9.222851868861985380e-01 2.288848626948125631e-01
9.174679498936921807e-01 2.262964751701444510e-01
9.030162389161731085e-01 2.202594439479459432e-01
8.933817649311603937e-01 2.144331517172936019e-01
8.885645279386540363e-01 2.118447641926254343e-01
8.837472909461476789e-01 2.096630202921571096e-01
8.403921580135904623e-01 1.952221359974610215e-01
8.259404470360713901e-01 1.916576098939365980e-01
8.114887360585523179e-01 1.857430567541420441e-01
8.066714990660459605e-01 1.846058497808376608e-01
8.018542620735396032e-01 1.840551683471625122e-01
7.825853141035141736e-01 1.836956730492141920e-01
7.777680771110078162e-01 1.831724691232772262e-01
7.633163661334887440e-01 1.797156243490509731e-01
7.488646551559695608e-01 1.784018324420037493e-01
7.344129441784504886e-01 1.749461105668433381e-01
7.295957071859441312e-01 1.744206943621497974e-01
6.958750482383996294e-01 1.740611990642014772e-01
6.910578112458932720e-01 1.735379951382645114e-01
6.862405742533869146e-01 1.725227874399658523e-01
6.814233372608805572e-01 1.711464340135355200e-01
6.766061002683741998e-01 1.701288735743369807e-01
6.717888632758678424e-01 1.696034573696434400e-01
6.187992563582979111e-01 1.696034573696434400e-01
6.139820193657915537e-01 1.701288735743369807e-01
6.091647823732851963e-01 1.711464340135355200e-01
6.043475453807788389e-01 1.725227874399658523e-01
5.995303083882724815e-01 1.735379951382645114e-01
5.947130713957661241e-01 1.740611990642014772e-01
5.369062274856898354e-01 1.744206943621497974e-01
5.320889904931834780e-01 1.749461105668433381e-01
5.272717535006771206e-01 1.759636710060418774e-01
5.224545165081707632e-01 1.773400244324722097e-01
5.176372795156644058e-01 1.783552321307708688e-01
5.128200425231580484e-01 1.788784360567078346e-01
4.983683315456390317e-01 1.792379313546561548e-01
4.935510945531326743e-01 1.797633475593496954e-01
4.887338575606263169e-01 1.807809079985482348e-01
4.790993835756135466e-01 1.833948031383160204e-01
4.646476725980944744e-01 1.862086041155278093e-01
4.598304356055881170e-01 1.862086041155278093e-01
4.453787246280690448e-01 1.833948031383160204e-01
4.309270136505499726e-01 1.795410135443109012e-01
4.261097766580436152e-01 1.785775661458096630e-01
4.116580656805245431e-01 1.748983873565446157e-01
3.972063547030054709e-01 1.735845954494973920e-01
3.827546437254863987e-01 1.701288735743369807e-01
3.779374067329800413e-01 1.696034573696434400e-01
3.538512217704482543e-01 1.692439620716951199e-01
3.490339847779418969e-01 1.687207581457581540e-01
3.416743171505016718e-01 1.669791416946212470e-01
