5.909090909090909394e-01 2.450592885375493801e-01
3.774703557312252822e-01 2.450592885375493801e-01
3.735177865612648307e-01 2.490118577075098871e-01
3.063241106719367668e-01 2.490118577075098871e-01
3.023715415019763153e-01 2.529644268774703386e-01
2.509881422924901129e-01 2.529644268774703386e-01
2.470355731225296614e-01 2.569169960474307901e-01
2.114624505928853759e-01 2.569169960474307901e-01
2.075098814229249244e-01 2.608695652173912971e-01
1.956521739130434590e-01 2.608695652173912971e-01
1.916996047430830075e-01 2.648221343873518041e-01
1.640316205533596805e-01 2.648221343873518041e-01
1.600790513833992290e-01 2.687747035573122556e-01
1.403162055335968605e-01 2.687747035573122556e-01
1.363636363636363535e-01 2.727272727272727071e-01
1.284584980237153951e-01 2.727272727272727071e-01
1.245059288537549436e-01 2.766798418972332141e-01
1.086956521739130266e-01 2.766798418972332141e-01
1.047430830039525751e-01 2.806324110671936656e-01
9.683794466403161660e-02 2.806324110671936656e-01
9.288537549407116511e-02 2.845849802371541726e-01
8.498023715415020662e-02 2.845849802371541726e-01
8.102766798418969962e-02 2.885375494071146241e-01
6.916996047430828964e-02 2.885375494071146241e-01
6.126482213438733115e-02 2.964426877470355826e-01
5.335968379446642817e-02 2.964426877470355826e-01
4.940711462450592117e-02 3.003952569169960340e-01
4.545454545454546968e-02 3.003952569169960340e-01
4.150197628458496268e-02 3.043478260869565410e-01
3.754940711462451119e-02 3.043478260869565410e-01
3.359683794466400419e-02 3.083003952569169925e-01
2.964426877470355270e-02 3.083003952569169925e-01
1.778656126482214272e-02 3.201581027667984580e-01
1.383399209486163572e-02 3.201581027667984580e-01
1.185770750988140998e-02 3.221343873517786838e-01
1.185770750988140998e-02 3.260869565217391353e-01
7.905138339920958490e-03 3.300395256916995868e-01
7.905138339920958490e-03 3.339920948616600382e-01
0.000000000000000000e+00 3.418972332015810522e-01
0.000000000000000000e+00 3.735177865612648307e-01
3.952569169960451489e-03 3.774703557312252822e-01
3.952569169960451489e-03 3.893280632411066922e-01
2.569169960474310122e-02 4.110671936758893419e-01
2.964426877470355270e-02 4.110671936758893419e-01
3.754940711462451119e-02 4.189723320158103004e-01
4.545454545454546968e-02 4.189723320158103004e-01
4.940711462450592117e-02 4.229249011857707519e-01
5.335968379446642817e-02 4.229249011857707519e-01
5.731225296442687966e-02 4.268774703557312034e-01
6.521739130434783815e-02 4.268774703557312034e-01
6.916996047430828964e-02 4.308300395256917104e-01
8.102766798418969962e-02 4.308300395256917104e-01
8.498023715415020662e-02 4.347826086956521618e-01
8.893280632411065811e-02 4.347826086956521618e-01
9.288537549407116511e-02 4.387351778656126688e-01
1.086956521739130266e-01 4.387351778656126688e-01
1.126482213438735336e-01 4.426877470355731203e-01
1.284584980237153951e-01 4.426877470355731203e-01
1.324110671936759021e-01 4.466403162055335718e-01
1.640316205533596805e-01 4.466403162055335718e-01
1.699604743083004132e-01 4.525691699604743046e-01
1.699604743083004132e-01 4.762845849802371800e-01
1.739130434782608647e-01 4.802371541501976315e-01
1.739130434782608647e-01 5.553359683794466539e-01
1.778656126482213162e-01 5.592885375494071054e-01
1.778656126482213162e-01 5.988142292490118423e-01
1.818181818181818232e-01 6.027667984189722938e-01
1.818181818181818232e-01 6.185770750988142108e-01
1.857707509881422747e-01 6.225296442687746623e-01
1.857707509881422747e-01 6.343873517786561278e-01
1.897233201581027817e-01 6.383399209486165793e-01
1.897233201581027817e-01 6.422924901185771418e-01
1.936758893280632332e-01 6.462450592885375933e-01
1.936758893280632332e-01 6.501976284584980448e-01
1.976284584980237402e-01 6.541501976284584963e-01
1.976284584980237402e-01 6.581027667984189478e-01
2.015810276679841917e-01 6.620553359683793992e-01
2.015810276679841917e-01 6.660079051383399618e-01
2.035573122529644174e-01 6.679841897233201875e-01
2.075098814229249244e-01 6.679841897233201875e-01
2.094861660079051502e-01 6.699604743083004132e-01
2.094861660079051502e-01 6.739130434782608647e-01
2.114624505928853759e-01 6.758893280632410905e-01
2.154150197628458274e-01 6.758893280632410905e-01
2.173913043478261087e-01 6.778656126482213162e-01
2.173913043478261087e-01 6.818181818181818787e-01
2.351778656126481959e-01 6.996047430830039104e-01
2.391304347826087029e-01 6.996047430830039104e-01
2.470355731225296614e-01 7.075098814229249244e-01
2.509881422924901129e-01 7.075098814229249244e-01
2.588932806324110714e-01 7.154150197628458274e-01
2.628458498023715784e-01 7.154150197628458274e-01
2.667984189723320299e-01 7.193675889328063899e-01
2.707509881422924813e-01 7.193675889328063899e-01
2.747035573122529328e-01 7.233201581027668414e-01
2.826086956521739468e-01 7.233201581027668414e-01
2.865612648221343983e-01 7.272727272727272929e-01
2.905138339920948498e-01 7.272727272727272929e-01
2.944664031620553013e-01 7.312252964426877444e-01
3.023715415019763153e-01 7.312252964426877444e-01
3.063241106719367668e-01 7.351778656126481959e-01
3.102766798418972183e-01 7.351778656126481959e-01
3.142292490118576698e-01 7.391304347826086474e-01
3.300395256916995868e-01 7.391304347826086474e-01
3.339920948616600382e-01 7.430830039525692099e-01
3.418972332015810522e-01 7.430830039525692099e-01
3.458498023715415037e-01 7.470355731225296614e-01
3.656126482213438722e-01 7.470355731225296614e-01
3.695652173913043237e-01 7.509881422924901129e-01
4.130434782608695676e-01 7.509881422924901129e-01
4.169960474308300191e-01 7.549407114624506754e-01
5.395256916996047369e-01 7.549407114624506754e-01
5.434782608695651884e-01 7.509881422924901129e-01
5.948616600790513909e-01 7.509881422924901129e-01
5.988142292490118423e-01 7.470355731225296614e-01
6.225296442687746623e-01 7.470355731225296614e-01
6.264822134387351138e-01 7.430830039525692099e-01
6.541501976284584963e-01 7.430830039525692099e-01
6.581027667984189478e-01 7.391304347826086474e-01
6.739130434782608647e-01 7.391304347826086474e-01
6.778656126482213162e-01 7.351778656126481959e-01
6.857707509881423302e-01 7.351778656126481959e-01
6.897233201581027817e-01 7.312252964426877444e-01
7.015810276679841362e-01 7.312252964426877444e-01
7.055335968379446987e-01 7.272727272727272929e-01
7.094861660079051502e-01 7.272727272727272929e-01
7.134387351778656017e-01 7.233201581027668414e-01
7.173913043478260532e-01 7.233201581027668414e-01
7.213438735177866157e-01 7.193675889328063899e-01
7.292490118577075187e-01 7.193675889328063899e-01
7.371541501976284216e-01 7.114624505928853759e-01
7.411067193675888731e-01 7.114624505928853759e-01
7.450592885375494356e-01 7.075098814229249244e-01
7.490118577075098871e-01 7.075098814229249244e-01
7.569169960474309011e-01 6.996047430830039104e-01
7.608695652173913526e-01 6.996047430830039104e-01
7.766798418972331586e-01 6.837944664031621045e-01
7.806324110671936101e-01 6.837944664031621045e-01
7.905138339920948498e-01 6.739130434782608647e-01
7.905138339920948498e-01 6.699604743083004132e-01
7.984189723320158638e-01 6.620553359683793992e-01
7.984189723320158638e-01 6.581027667984189478e-01
8.023715415019763153e-01 6.541501976284584963e-01
8.023715415019763153e-01 6.501976284584980448e-01
8.063241106719367668e-01 6.462450592885375933e-01
8.063241106719367668e-01 6.383399209486165793e-01
8.102766798418972183e-01 6.343873517786561278e-01
8.102766798418972183e-01 6.304347826086956763e-01
8.142292490118576698e-01 6.264822134387351138e-01
8.142292490118576698e-01 6.106719367588933078e-01
8.181818181818181213e-01 6.067193675889328563e-01
8.181818181818181213e-01 5.474308300395256399e-01
8.221343873517786838e-01 5.434782608695651884e-01
8.221343873517786838e-01 5.316205533596838340e-01
8.181818181818181213e-01 5.276679841897232714e-01
8.221343873517786838e-01 5.237154150197628200e-01
8.221343873517786838e-01 4.446640316205533461e-01
8.241106719367589095e-01 4.426877470355731203e-01
8.438735177865612780e-01 4.426877470355731203e-01
8.478260869565217295e-01 4.387351778656126688e-01
8.596837944664030839e-01 4.387351778656126688e-01
8.636363636363636465e-01 4.347826086956521618e-01
8.833992094861660149e-01 4.347826086956521618e-01
8.873517786561264664e-01 4.308300395256917104e-01
8.992094861660079319e-01 4.308300395256917104e-01
9.031620553359683834e-01 4.268774703557312034e-01
9.110671936758893974e-01 4.268774703557312034e-01
9.150197628458498489e-01 4.229249011857707519e-01
9.229249011857707519e-01 4.229249011857707519e-01
9.268774703557312034e-01 4.189723320158103004e-01
9.387351778656126688e-01 4.189723320158103004e-01
9.426877470355731203e-01 4.150197628458497934e-01
9.466403162055335718e-01 4.150197628458497934e-01
9.505928853754941343e-01 4.110671936758893419e-01
9.584980237154150373e-01 4.110671936758893419e-01
9.624505928853754888e-01 4.071146245059288349e-01
9.664031620553359403e-01 4.071146245059288349e-01
9.683794466403161660e-01 4.051383399209486091e-01
9.683794466403161660e-01 4.011857707509881577e-01
9.703557312252963918e-01 3.992094861660079319e-01
9.743083003952568433e-01 3.992094861660079319e-01
9.782608695652174058e-01 3.952569169960474249e-01
9.822134387351778573e-01 3.952569169960474249e-01
9.841897233201580830e-01 3.932806324110671992e-01
9.841897233201580830e-01 3.893280632411066922e-01
9.960474308300395485e-01 3.774703557312252822e-01
9.960474308300395485e-01 3.695652173913043237e-01
1.000000000000000000e+00 3.656126482213438722e-01
1.000000000000000000e+00 3.260869565217391353e-01
9.960474308300395485e-01 3.221343873517786838e-01
9.960474308300395485e-01 3.142292490118576698e-01
9.782608695652174058e-01 2.964426877470355826e-01
9.743083003952568433e-01 2.964426877470355826e-01
9.703557312252963918e-01 2.924901185770750756e-01
9.664031620553359403e-01 2.924901185770750756e-01
9.624505928853754888e-01 2.885375494071146241e-01
9.505928853754941343e-01 2.885375494071146241e-01
9.466403162055335718e-01 2.845849802371541726e-01
9.347826086956521063e-01 2.845849802371541726e-01
9.308300395256916548e-01 2.806324110671936656e-01
9.229249011857707519e-01 2.806324110671936656e-01
9.189723320158103004e-01 2.766798418972332141e-01
9.071146245059288349e-01 2.766798418972332141e-01
9.031620553359683834e-01 2.727272727272727071e-01
8.873517786561264664e-01 2.727272727272727071e-01
8.833992094861660149e-01 2.687747035573122556e-01
8.517786561264821810e-01 2.687747035573122556e-01
8.478260869565217295e-01 2.648221343873518041e-01
8.280632411067193610e-01 2.648221343873518041e-01
8.241106719367589095e-01 2.608695652173912971e-01
8.003952569169960896e-01 2.608695652173912971e-01
7.964426877470356381e-01 2.569169960474307901e-01
7.727272727272727071e-01 2.569169960474307901e-01
7.687747035573122556e-01 2.529644268774703386e-01
7.292490118577075187e-01 2.529644268774703386e-01
7.252964426877470672e-01 2.490118577075098871e-01
5.948616600790513909e-01 2.490118577075098871e-01
