5.526315789473683626e-01 0.000000000000000000e+00
4.868421052631579093e-01 0.000000000000000000e+00
4.736842105263158187e-01 1.315789473684209065e-02
3.815789473684210731e-01 1.315789473684209065e-02
3.684210526315789824e-01 2.631578947368423682e-02
3.421052631578947456e-01 2.631578947368423682e-02
3.157894736842105088e-01 5.263157894736841813e-02
2.894736842105263275e-01 5.263157894736841813e-02
2.368421052631579093e-01 1.052631578947368363e-01
2.236842105263157632e-01 1.052631578947368363e-01
2.171052631578947456e-01 1.118421052631579093e-01
2.171052631578947456e-01 1.250000000000000000e-01
1.381578947368420907e-01 2.039473684210526550e-01
1.381578947368420907e-01 2.171052631578947456e-01
1.118421052631579093e-01 2.434210526315789269e-01
1.118421052631579093e-01 2.697368421052631637e-01
9.868421052631576318e-02 2.828947368421052544e-01
9.868421052631576318e-02 2.960526315789473450e-01
8.552631578947367252e-02 3.092105263157894912e-01
8.552631578947367252e-02 3.355263157894736725e-01
7.236842105263158187e-02 3.486842105263158187e-01
7.236842105263158187e-02 5.065789473684210176e-01
7.894736842105265495e-02 5.131578947368421462e-01
9.210526315789474561e-02 5.131578947368421462e-01
1.052631578947368363e-01 5.263157894736841813e-01
1.184210526315789269e-01 5.263157894736841813e-01
1.315789473684210731e-01 5.394736842105263275e-01
1.842105263157894912e-01 5.394736842105263275e-01
1.973684210526315819e-01 5.263157894736841813e-01
2.039473684210526550e-01 5.328947368421053099e-01
2.039473684210526550e-01 5.460526315789473450e-01
1.907894736842105088e-01 5.592105263157894912e-01
1.907894736842105088e-01 6.776315789473683626e-01
1.776315789473684181e-01 6.907894736842105088e-01
1.776315789473684181e-01 7.960526315789473450e-01
1.644736842105263275e-01 8.092105263157894912e-01
1.644736842105263275e-01 9.013157894736842923e-01
2.105263157894736725e-01 9.473684210526316374e-01
2.236842105263157632e-01 9.473684210526316374e-01
2.368421052631579093e-01 9.605263157894736725e-01
2.631578947368421462e-01 9.605263157894736725e-01
2.763157894736841813e-01 9.736842105263157077e-01
3.157894736842105088e-01 9.736842105263157077e-01
3.289473684210526550e-01 9.868421052631579649e-01
3.815789473684210731e-01 9.868421052631579649e-01
3.947368421052631637e-01 1.000000000000000000e+00
6.578947368421053099e-01 1.000000000000000000e+00
6.710526315789473450e-01 9.868421052631579649e-01
6.973684210526316374e-01 9.868421052631579649e-01
7.105263157894736725e-01 9.736842105263157077e-01
7.368421052631578538e-01 9.736842105263157077e-01
7.500000000000000000e-01 9.605263157894736725e-01
7.631578947368420351e-01 9.605263157894736725e-01
7.763157894736842923e-01 9.473684210526316374e-01
7.894736842105263275e-01 9.473684210526316374e-01
8.223684210526316374e-01 9.144736842105263275e-01
8.223684210526316374e-01 9.013157894736842923e-01
8.355263157894736725e-01 8.881578947368420351e-01
8.355263157894736725e-01 8.223684210526316374e-01
8.223684210526316374e-01 8.092105263157894912e-01
8.223684210526316374e-01 7.828947368421053099e-01
8.092105263157894912e-01 7.697368421052631637e-01
8.092105263157894912e-01 5.592105263157894912e-01
8.157894736842105088e-01 5.526315789473683626e-01
8.289473684210526550e-01 5.526315789473683626e-01
8.421052631578946901e-01 5.394736842105263275e-01
8.684210526315789824e-01 5.394736842105263275e-01
8.815789473684210176e-01 5.263157894736841813e-01
8.947368421052631637e-01 5.263157894736841813e-01
9.144736842105263275e-01 5.065789473684210176e-01
9.144736842105263275e-01 4.802631578947368363e-01
9.276315789473683626e-01 4.671052631578947456e-01
9.276315789473683626e-01 3.092105263157894912e-01
9.144736842105263275e-01 2.960526315789473450e-01
9.144736842105263275e-01 2.828947368421052544e-01
9.013157894736842923e-01 2.697368421052631637e-01
9.013157894736842923e-01 2.434210526315789269e-01
8.750000000000000000e-01 2.171052631578947456e-01
8.750000000000000000e-01 2.039473684210526550e-01
8.486842105263157077e-01 1.776315789473684181e-01
8.486842105263157077e-01 1.644736842105263275e-01
7.763157894736842923e-01 9.210526315789474561e-02
7.631578947368420351e-01 9.210526315789474561e-02
7.565789473684210176e-01 8.552631578947367252e-02
7.565789473684210176e-01 7.236842105263158187e-02
7.500000000000000000e-01 6.578947368421050879e-02
7.368421052631578538e-01 6.578947368421050879e-02
7.236842105263158187e-01 5.263157894736841813e-02
7.105263157894736725e-01 5.263157894736841813e-02
6.973684210526316374e-01 3.947368421052632748e-02
6.710526315789473450e-01 3.947368421052632748e-02
6.578947368421053099e-01 2.631578947368423682e-02
6.447368421052631637e-01 2.631578947368423682e-02
6.315789473684210176e-01 1.315789473684209065e-02
5.657894736842105088e-01 1.315789473684209065e-02
