5.500000000000000444e-01 0.000000000000000000e+00
4.366666666666666474e-01 0.000000000000000000e+00
4.299999999999999933e-01 6.666666666666654084e-03
4.100000000000000311e-01 6.666666666666654084e-03
4.033333333333333215e-01 1.333333333333330817e-02
3.900000000000000133e-01 1.333333333333330817e-02
3.833333333333333037e-01 2.000000000000001776e-02
3.633333333333333415e-01 2.000000000000001776e-02
3.566666666666666874e-01 2.666666666666667185e-02
3.433333333333333237e-01 2.666666666666667185e-02
3.366666666666666696e-01 3.333333333333332593e-02
3.299999999999999600e-01 3.333333333333332593e-02
3.233333333333333615e-01 3.999999999999998002e-02
3.099999999999999978e-01 3.999999999999998002e-02
3.033333333333333437e-01 4.666666666666668961e-02
2.900000000000000355e-01 4.666666666666668961e-02
2.833333333333333259e-01 5.333333333333334370e-02
2.766666666666666718e-01 5.333333333333334370e-02
2.700000000000000178e-01 5.999999999999999778e-02
2.633333333333333082e-01 5.999999999999999778e-02
2.566666666666666541e-01 6.666666666666665186e-02
2.500000000000000000e-01 6.666666666666665186e-02
2.433333333333333459e-01 7.333333333333330595e-02
2.366666666666666918e-01 7.333333333333330595e-02
2.299999999999999822e-01 8.000000000000001554e-02
2.233333333333333282e-01 8.000000000000001554e-02
2.100000000000000200e-01 9.333333333333332371e-02
1.966666666666666563e-01 9.333333333333332371e-02
1.900000000000000022e-01 9.999999999999997780e-02
1.833333333333333481e-01 9.999999999999997780e-02
1.699999999999999845e-01 1.133333333333333415e-01
1.633333333333333304e-01 1.133333333333333415e-01
1.566666666666666763e-01 1.199999999999999956e-01
1.500000000000000222e-01 1.199999999999999956e-01
1.366666666666666585e-01 1.333333333333333592e-01
1.300000000000000044e-01 1.333333333333333592e-01
1.166666666666666408e-01 1.466666666666666674e-01
1.099999999999999867e-01 1.466666666666666674e-01
9.000000000000002442e-02 1.666666666666666852e-01
8.333333333333331483e-02 1.666666666666666852e-01
8.000000000000001554e-02 1.699999999999999845e-01
8.000000000000001554e-02 1.766666666666666941e-01
7.666666666666666075e-02 1.799999999999999933e-01
7.000000000000000666e-02 1.799999999999999933e-01
2.666666666666667185e-02 2.233333333333333282e-01
2.666666666666667185e-02 2.366666666666666918e-01
2.000000000000001776e-02 2.433333333333333459e-01
2.000000000000001776e-02 2.566666666666666541e-01
1.333333333333330817e-02 2.633333333333333082e-01
1.333333333333330817e-02 3.099999999999999978e-01
2.000000000000001776e-02 3.166666666666666519e-01
2.000000000000001776e-02 3.299999999999999600e-01
2.333333333333331705e-02 3.333333333333333703e-01
3.000000000000002665e-02 3.333333333333333703e-01
3.333333333333332593e-02 3.366666666666666696e-01
3.333333333333332593e-02 3.433333333333333237e-01
4.333333333333333481e-02 3.533333333333333326e-01
4.999999999999998890e-02 3.533333333333333326e-01
5.666666666666664298e-02 3.599999999999999867e-01
6.333333333333335258e-02 3.599999999999999867e-01
7.666666666666666075e-02 3.733333333333332948e-01
8.333333333333331483e-02 3.733333333333332948e-01
9.000000000000002442e-02 3.800000000000000044e-01
1.166666666666666408e-01 3.800000000000000044e-01
1.233333333333333504e-01 3.866666666666666585e-01
1.500000000000000222e-01 3.866666666666666585e-01
1.599999999999999756e-01 3.966666666666666674e-01
1.599999999999999756e-01 5.433333333333333348e-01
1.533333333333333215e-01 5.500000000000000444e-01
1.533333333333333215e-01 6.166666666666666963e-01
1.466666666666666674e-01 6.233333333333332948e-01
1.466666666666666674e-01 6.700000000000000400e-01
1.400000000000000133e-01 6.766666666666666385e-01
1.400000000000000133e-01 6.966666666666666563e-01
1.333333333333333592e-01 7.033333333333333659e-01
1.333333333333333592e-01 7.366666666666666918e-01
1.266666666666666496e-01 7.433333333333334014e-01
1.266666666666666496e-01 7.633333333333333082e-01
1.199999999999999956e-01 7.700000000000000178e-01
1.199999999999999956e-01 7.966666666666666341e-01
1.133333333333333415e-01 8.033333333333333437e-01
1.133333333333333415e-01 8.166666666666666519e-01
1.066666666666666874e-01 8.233333333333332504e-01
1.066666666666666874e-01 8.499999999999999778e-01
9.999999999999997780e-02 8.566666666666666874e-01
9.999999999999997780e-02 8.699999999999999956e-01
8.666666666666666963e-02 8.833333333333333037e-01
8.666666666666666963e-02 9.166666666666667407e-01
9.333333333333332371e-02 9.233333333333333393e-01
9.333333333333332371e-02 9.299999999999999378e-01
1.033333333333333326e-01 9.399999999999999467e-01
1.099999999999999867e-01 9.399999999999999467e-01
1.166666666666666408e-01 9.466666666666666563e-01
1.366666666666666585e-01 9.466666666666666563e-01
1.433333333333333126e-01 9.533333333333333659e-01
1.566666666666666763e-01 9.533333333333333659e-01
1.633333333333333304e-01 9.599999999999999645e-01
1.900000000000000022e-01 9.599999999999999645e-01
1.966666666666666563e-01 9.666666666666666741e-01
2.166666666666666741e-01 9.666666666666666741e-01
2.233333333333333282e-01 9.733333333333333837e-01
2.566666666666666541e-01 9.733333333333333837e-01
2.633333333333333082e-01 9.799999999999999822e-01
3.033333333333333437e-01 9.799999999999999822e-01
3.099999999999999978e-01 9.866666666666666918e-01
3.699999999999999956e-01 9.866666666666666918e-01
3.766666666666666496e-01 9.933333333333334014e-01
4.633333333333333193e-01 9.933333333333334014e-01
4.699999999999999734e-01 1.000000000000000000e+00
6.633333333333333304e-01 1.000000000000000000e+00
6.700000000000000400e-01 9.933333333333334014e-01
7.233333333333333837e-01 9.933333333333334014e-01
7.299999999999999822e-01 9.866666666666666918e-01
7.500000000000000000e-01 9.866666666666666918e-01
7.566666666666665986e-01 9.799999999999999822e-01
7.966666666666666341e-01 9.799999999999999822e-01
8.033333333333333437e-01 9.733333333333333837e-01
8.166666666666666519e-01 9.733333333333333837e-01
8.233333333333332504e-01 9.666666666666666741e-01
8.366666666666666696e-01 9.666666666666666741e-01
8.499999999999999778e-01 9.533333333333333659e-01
8.566666666666666874e-01 9.533333333333333659e-01
8.599999999999999867e-01 9.499999999999999556e-01
8.599999999999999867e-01 9.033333333333333215e-01
8.533333333333332771e-01 8.966666666666667229e-01
8.533333333333332771e-01 8.766666666666667052e-01
8.466666666666666785e-01 8.699999999999999956e-01
8.466666666666666785e-01 8.433333333333332682e-01
8.400000000000000799e-01 8.366666666666666696e-01
8.400000000000000799e-01 8.233333333333332504e-01
8.333333333333332593e-01 8.166666666666666519e-01
8.333333333333332593e-01 7.700000000000000178e-01
8.266666666666666607e-01 7.633333333333333082e-01
8.266666666666666607e-01 7.233333333333333837e-01
8.200000000000000622e-01 7.166666666666666741e-01
8.200000000000000622e-01 6.033333333333332771e-01
8.133333333333333526e-01 5.966666666666666785e-01
8.200000000000000622e-01 5.899999999999999689e-01
8.200000000000000622e-01 5.500000000000000444e-01
8.133333333333333526e-01 5.433333333333333348e-01
8.133333333333333526e-01 5.366666666666666252e-01
8.200000000000000622e-01 5.300000000000000266e-01
8.200000000000000622e-01 4.433333333333333570e-01
8.233333333333332504e-01 4.400000000000000022e-01
8.300000000000000711e-01 4.400000000000000022e-01
8.366666666666666696e-01 4.333333333333333481e-01
8.633333333333332860e-01 4.333333333333333481e-01
8.699999999999999956e-01 4.266666666666666385e-01
8.833333333333333037e-01 4.266666666666666385e-01
8.900000000000000133e-01 4.199999999999999845e-01
9.033333333333333215e-01 4.199999999999999845e-01
9.099999999999999201e-01 4.133333333333333304e-01
9.166666666666667407e-01 4.133333333333333304e-01
9.233333333333333393e-01 4.066666666666666763e-01
9.299999999999999378e-01 4.066666666666666763e-01
9.433333333333333570e-01 3.933333333333333126e-01
9.499999999999999556e-01 3.933333333333333126e-01
9.533333333333333659e-01 3.900000000000000133e-01
9.533333333333333659e-01 3.833333333333333037e-01
9.566666666666666652e-01 3.800000000000000044e-01
9.633333333333333748e-01 3.800000000000000044e-01
9.666666666666666741e-01 3.766666666666666496e-01
9.666666666666666741e-01 3.699999999999999956e-01
9.799999999999999822e-01 3.566666666666666874e-01
9.799999999999999822e-01 3.499999999999999778e-01
9.866666666666666918e-01 3.433333333333333237e-01
9.866666666666666918e-01 2.966666666666666341e-01
9.799999999999999822e-01 2.900000000000000355e-01
9.799999999999999822e-01 2.766666666666666718e-01
9.733333333333333837e-01 2.700000000000000178e-01
9.733333333333333837e-01 2.633333333333333082e-01
9.533333333333333659e-01 2.433333333333333459e-01
9.533333333333333659e-01 2.366666666666666918e-01
9.499999999999999556e-01 2.333333333333333370e-01
9.433333333333333570e-01 2.333333333333333370e-01
9.399999999999999467e-01 2.299999999999999822e-01
9.399999999999999467e-01 2.233333333333333282e-01
9.233333333333333393e-01 2.066666666666666652e-01
9.166666666666667407e-01 2.066666666666666652e-01
9.133333333333333304e-01 2.033333333333333104e-01
9.133333333333333304e-01 1.966666666666666563e-01
9.099999999999999201e-01 1.933333333333333570e-01
9.033333333333333215e-01 1.933333333333333570e-01
8.566666666666666874e-01 1.466666666666666674e-01
8.499999999999999778e-01 1.466666666666666674e-01
8.300000000000000711e-01 1.266666666666666496e-01
8.233333333333332504e-01 1.266666666666666496e-01
8.100000000000000533e-01 1.133333333333333415e-01
8.033333333333333437e-01 1.133333333333333415e-01
7.900000000000000355e-01 9.999999999999997780e-02
7.833333333333333259e-01 9.999999999999997780e-02
7.700000000000000178e-01 8.666666666666666963e-02
7.633333333333333082e-01 8.666666666666666963e-02
7.500000000000000000e-01 7.333333333333330595e-02
7.366666666666666918e-01 7.333333333333330595e-02
7.233333333333333837e-01 5.999999999999999778e-02
7.099999999999999645e-01 5.999999999999999778e-02
7.033333333333333659e-01 5.333333333333334370e-02
6.966666666666666563e-01 5.333333333333334370e-02
6.899999999999999467e-01 4.666666666666668961e-02
6.833333333333333481e-01 4.666666666666668961e-02
6.766666666666666385e-01 3.999999999999998002e-02
6.700000000000000400e-01 3.999999999999998002e-02
6.633333333333333304e-01 3.333333333333332593e-02
6.500000000000000222e-01 3.333333333333332593e-02
6.433333333333333126e-01 2.666666666666667185e-02
6.300000000000000044e-01 2.666666666666667185e-02
6.233333333333332948e-01 2.000000000000001776e-02
6.099999999999999867e-01 2.000000000000001776e-02
6.033333333333332771e-01 1.333333333333330817e-02
5.899999999999999689e-01 1.333333333333330817e-02
5.833333333333333703e-01 6.666666666666654084e-03
5.566666666666666430e-01 6.666666666666654084e-03
