2.507552870090634656e-01 0.000000000000000000e+00
2.265861027190332333e-01 0.000000000000000000e+00
2.250755287009063577e-01 1.510574018126875639e-03
2.250755287009063577e-01 3.172205438066466598e-02
2.220543806646525509e-01 3.474320241691841726e-02
2.220543806646525509e-01 2.160120845921449928e-01
2.190332326283987996e-01 2.190332326283987996e-01
2.190332326283987996e-01 2.371601208459214738e-01
2.296072507552869846e-01 2.447129909365559075e-01
2.356495468277945426e-01 2.447129909365559075e-01
2.507552870090634656e-01 2.537764350453172169e-01
2.567975830815709681e-01 2.537764350453172169e-01
2.658610271903323330e-01 2.598187311178247749e-01
2.719033232628398911e-01 2.598187311178247749e-01
2.870090634441087585e-01 2.688821752265860843e-01
2.930513595166163165e-01 2.688821752265860843e-01
3.081570996978851840e-01 2.779456193353474491e-01
3.141993957703927420e-01 2.779456193353474491e-01
3.232628398791540514e-01 2.839879154078549517e-01
3.293051359516616650e-01 2.839879154078549517e-01
3.368580060422960987e-01 2.885196374622356341e-01
3.096676737160121151e-01 3.459214501510574080e-01
3.036253776435045015e-01 3.519637462235649661e-01
2.673716012084592086e-01 4.274924471299093587e-01
2.613293051359516506e-01 4.335347432024169168e-01
2.250755287009063577e-01 5.090634441087613649e-01
2.160120845921449928e-01 5.211480362537764810e-01
2.160120845921449928e-01 5.815709969788519507e-01
2.129909365558912415e-01 5.845921450151057019e-01
2.129909365558912415e-01 7.628398791540784707e-01
2.099697885196374347e-01 7.658610271903323330e-01
2.099697885196374347e-01 9.471299093655589640e-01
2.069486404833836835e-01 9.501510574018127153e-01
2.069486404833836835e-01 9.954682779456193176e-01
2.114803625377643659e-01 1.000000000000000000e+00
2.416918429003021007e-01 1.000000000000000000e+00
2.447129909365559075e-01 9.969788519637462487e-01
2.809667673716012004e-01 9.969788519637462487e-01
2.839879154078549517e-01 9.939577039274924974e-01
3.081570996978851840e-01 9.939577039274924974e-01
3.111782477341389352e-01 9.909365558912386351e-01
3.262839879154078582e-01 9.909365558912386351e-01
3.293051359516616650e-01 9.879154078549848839e-01
3.444108761329305324e-01 9.879154078549848839e-01
3.474320241691842837e-01 9.848942598187311326e-01
3.595166163141993998e-01 9.848942598187311326e-01
3.625377643504531511e-01 9.818731117824772703e-01
3.716012084592145159e-01 9.818731117824772703e-01
3.746223564954682672e-01 9.788519637462236300e-01
3.836858006042296321e-01 9.788519637462236300e-01
3.867069486404833834e-01 9.758308157099697677e-01
3.957703927492446927e-01 9.758308157099697677e-01
3.987915407854984995e-01 9.728096676737160164e-01
4.078549848942598088e-01 9.728096676737160164e-01
4.108761329305136156e-01 9.697885196374622652e-01
4.169184290030211182e-01 9.697885196374622652e-01
4.199395770392749250e-01 9.667673716012084029e-01
4.259818731117824830e-01 9.667673716012084029e-01
4.290030211480362343e-01 9.637462235649547626e-01
4.350453172205437924e-01 9.637462235649547626e-01
4.380664652567975992e-01 9.607250755287009003e-01
4.441087613293051573e-01 9.607250755287009003e-01
4.471299093655589085e-01 9.577039274924471490e-01
4.531722054380664666e-01 9.577039274924471490e-01
4.561933534743202179e-01 9.546827794561933977e-01
4.622356495468277759e-01 9.546827794561933977e-01
4.773413897280966989e-01 9.456193353474320329e-01
4.833836858006042014e-01 9.456193353474320329e-01
5.438066465256797821e-01 9.154078549848942981e-01
5.498489425981872847e-01 9.093655589123866845e-01
5.528700906344410360e-01 9.093655589123866845e-01
5.589123867069486495e-01 9.033232628398790709e-01
5.679758308157100144e-01 9.003021148036254306e-01
5.740181268882175170e-01 8.942598187311178171e-01
5.770392749244712682e-01 8.942598187311178171e-01
5.830815709969788818e-01 8.882175226586102035e-01
5.861027190332326331e-01 8.882175226586102035e-01
5.951661631419939980e-01 8.791540785498489496e-01
5.981873111782477492e-01 8.791540785498489496e-01
6.072507552870090031e-01 8.700906344410876958e-01
6.102719033232628654e-01 8.700906344410876958e-01
6.193353474320242302e-01 8.610271903323263309e-01
6.223564954682779815e-01 8.610271903323263309e-01
6.525679758308157163e-01 8.308157099697885961e-01
6.570996978851963988e-01 8.293051359516616650e-01
6.570996978851963988e-01 8.262839879154078027e-01
6.903323262839878849e-01 7.930513595166163165e-01
6.903323262839878849e-01 7.900302114803625653e-01
6.993957703927492497e-01 7.809667673716012004e-01
6.993957703927492497e-01 7.779456193353474491e-01
7.114803625377643659e-01 7.658610271903323330e-01
7.114803625377643659e-01 7.628398791540784707e-01
7.175226586102718684e-01 7.567975830815709681e-01
7.235649546827794820e-01 7.416918429003021007e-01
7.296072507552869846e-01 7.356495468277945982e-01
7.296072507552869846e-01 7.326283987915407359e-01
7.356495468277945982e-01 7.265861027190332333e-01
7.416918429003021007e-01 7.114803625377643659e-01
7.477341389728096033e-01 7.054380664652568633e-01
7.477341389728096033e-01 6.993957703927492497e-01
7.507552870090634656e-01 6.963746223564954985e-01
7.507552870090634656e-01 6.933534743202416362e-01
7.537764350453172169e-01 6.903323262839878849e-01
7.537764350453172169e-01 6.873111782477341336e-01
7.567975830815709681e-01 6.842900302114803823e-01
7.567975830815709681e-01 6.812688821752266310e-01
7.598187311178248304e-01 6.782477341389727687e-01
7.598187311178248304e-01 6.752265861027190175e-01
7.628398791540784707e-01 6.722054380664652662e-01
7.628398791540784707e-01 6.661631419939577636e-01
7.658610271903323330e-01 6.631419939577039013e-01
7.658610271903323330e-01 6.570996978851963988e-01
7.688821752265860843e-01 6.540785498489425365e-01
7.688821752265860843e-01 6.480362537764350339e-01
7.719033232628398356e-01 6.450151057401812826e-01
7.719033232628398356e-01 6.389728096676736691e-01
7.749244712990936979e-01 6.359516616314199178e-01
7.749244712990936979e-01 6.299093655589124152e-01
7.779456193353474491e-01 6.268882175226586639e-01
7.779456193353474491e-01 6.178247734138972991e-01
7.809667673716012004e-01 6.148036253776435478e-01
7.809667673716012004e-01 6.057401812688821829e-01
7.839879154078550627e-01 6.027190332326284317e-01
7.839879154078550627e-01 5.906344410876133155e-01
7.870090634441087030e-01 5.876132930513595642e-01
7.870090634441087030e-01 5.725075528700906968e-01
7.900302114803625653e-01 5.694864048338368345e-01
7.900302114803625653e-01 5.422960725075528510e-01
7.930513595166163165e-01 5.392749244712990997e-01
7.930513595166163165e-01 4.939577039274924419e-01
7.900302114803625653e-01 4.909365558912386907e-01
7.900302114803625653e-01 4.546827794561933422e-01
7.870090634441087030e-01 4.516616314199395910e-01
7.870090634441087030e-01 4.305135951661631655e-01
7.839879154078550627e-01 4.274924471299093587e-01
7.839879154078550627e-01 4.123867069486404913e-01
7.809667673716012004e-01 4.093655589123866845e-01
7.809667673716012004e-01 3.972809667673715683e-01
7.779456193353474491e-01 3.942598187311178171e-01
7.779456193353474491e-01 3.821752265861027009e-01
7.749244712990936979e-01 3.791540785498489496e-01
7.749244712990936979e-01 3.700906344410875848e-01
7.719033232628398356e-01 3.670694864048338335e-01
7.719033232628398356e-01 3.610271903323262754e-01
7.688821752265860843e-01 3.580060422960724686e-01
7.688821752265860843e-01 3.519637462235649661e-01
7.658610271903323330e-01 3.489425981873112148e-01
7.658610271903323330e-01 3.398791540785498499e-01
7.628398791540784707e-01 3.368580060422960987e-01
7.628398791540784707e-01 3.308157099697884851e-01
7.598187311178248304e-01 3.277945619335347338e-01
7.598187311178248304e-01 3.247734138972809825e-01
7.567975830815709681e-01 3.217522658610272313e-01
7.567975830815709681e-01 3.157099697885196177e-01
7.537764350453172169e-01 3.126888217522658664e-01
7.537764350453172169e-01 3.066465256797583083e-01
7.507552870090634656e-01 3.036253776435045015e-01
7.507552870090634656e-01 3.006042296072507503e-01
7.477341389728096033e-01 2.975830815709969990e-01
7.477341389728096033e-01 2.945619335347431922e-01
7.447129909365558520e-01 2.915407854984893854e-01
7.447129909365558520e-01 2.885196374622356341e-01
7.416918429003021007e-01 2.854984894259818828e-01
7.416918429003021007e-01 2.824773413897281316e-01
7.386706948640483494e-01 2.794561933534743248e-01
7.386706948640483494e-01 2.764350453172205180e-01
7.356495468277945982e-01 2.734138972809667667e-01
7.356495468277945982e-01 2.673716012084592086e-01
7.296072507552869846e-01 2.613293051359516506e-01
7.296072507552869846e-01 2.583081570996978993e-01
7.265861027190332333e-01 2.552870090634441480e-01
7.265861027190332333e-01 2.522658610271903412e-01
7.235649546827794820e-01 2.492447129909365344e-01
7.235649546827794820e-01 2.462235649546827831e-01
7.175226586102718684e-01 2.401812688821752251e-01
7.175226586102718684e-01 2.371601208459214738e-01
7.114803625377643659e-01 2.311178247734139157e-01
7.114803625377643659e-01 2.280966767371601089e-01
7.054380664652568633e-01 2.220543806646525509e-01
7.054380664652568633e-01 2.190332326283987996e-01
6.993957703927492497e-01 2.129909365558912415e-01
6.993957703927492497e-01 2.099697885196374347e-01
6.903323262839878849e-01 2.009063444108761254e-01
6.903323262839878849e-01 1.978851963746223741e-01
6.782477341389727687e-01 1.858006042296072580e-01
6.767371601208459486e-01 1.812688821752265755e-01
6.722054380664652662e-01 1.797583081570996999e-01
6.722054380664652662e-01 1.767371601208459486e-01
6.314199395770392353e-01 1.359516616314199178e-01
6.283987915407854841e-01 1.359516616314199178e-01
6.132930513595166166e-01 1.208459214501510504e-01
6.102719033232628654e-01 1.208459214501510504e-01
5.981873111782477492e-01 1.087613293051359342e-01
5.951661631419939980e-01 1.087613293051359342e-01
5.891238670694863844e-01 1.027190332326283762e-01
5.861027190332326331e-01 1.027190332326283762e-01
5.800604229607251305e-01 9.667673716012087359e-02
5.770392749244712682e-01 9.667673716012087359e-02
5.709969788519637657e-01 9.063444108761331552e-02
5.679758308157100144e-01 9.063444108761331552e-02
5.649546827794561521e-01 8.761329305135950873e-02
5.619335347432024008e-01 8.761329305135950873e-02
5.589123867069486495e-01 8.459214501510575746e-02
5.558912386706948983e-01 8.459214501510575746e-02
5.498489425981872847e-01 7.854984894259819939e-02
5.468277945619335334e-01 7.854984894259819939e-02
5.438066465256797821e-01 7.552870090634439260e-02
5.407854984894260308e-01 7.552870090634439260e-02
5.377643504531721685e-01 7.250755287009064132e-02
5.347432024169184173e-01 7.250755287009064132e-02
5.317220543806646660e-01 6.948640483383683453e-02
5.287009063444109147e-01 6.948640483383683453e-02
5.256797583081570524e-01 6.646525679758308325e-02
5.226586102719033011e-01 6.646525679758308325e-02
5.196374622356495498e-01 6.344410876132933197e-02
5.166163141993957986e-01 6.344410876132933197e-02
5.135951661631420473e-01 6.042296072507552518e-02
5.105740181268881850e-01 6.042296072507552518e-02
5.075528700906344337e-01 5.740181268882177390e-02
5.045317220543806824e-01 5.740181268882177390e-02
5.015105740181269312e-01 5.438066465256796711e-02
4.954682779456193176e-01 5.438066465256796711e-02
4.924471299093655663e-01 5.135951661631421583e-02
4.894259818731117595e-01 5.135951661631421583e-02
4.864048338368580082e-01 4.833836858006040904e-02
4.803625377643504502e-01 4.833836858006040904e-02
4.773413897280966989e-01 4.531722054380665776e-02
4.743202416918428921e-01 4.531722054380665776e-02
4.712990936555891408e-01 4.229607250755285097e-02
4.652567975830815827e-01 4.229607250755285097e-02
4.622356495468277759e-01 3.927492447129909969e-02
4.561933534743202179e-01 3.927492447129909969e-02
4.531722054380664666e-01 3.625377643504529290e-02
4.471299093655589085e-01 3.625377643504529290e-02
4.441087613293051573e-01 3.323262839879154162e-02
4.380664652567975992e-01 3.323262839879154162e-02
4.350453172205437924e-01 3.021148036253779035e-02
4.259818731117824830e-01 3.021148036253779035e-02
4.229607250755287318e-01 2.719033232628398356e-02
4.169184290030211182e-01 2.719033232628398356e-02
4.138972809667673669e-01 2.416918429003023228e-02
4.048338368580060576e-01 2.416918429003023228e-02
4.018126888217522508e-01 2.114803625377642549e-02
3.927492447129909414e-01 2.114803625377642549e-02
3.897280966767371346e-01 1.812688821752267421e-02
3.776435045317220740e-01 1.812688821752267421e-02
3.746223564954682672e-01 1.510574018126886742e-02
3.625377643504531511e-01 1.510574018126886742e-02
3.595166163141993998e-01 1.208459214501511614e-02
3.444108761329305324e-01 1.208459214501511614e-02
3.413897280966767256e-01 9.063444108761309348e-03
3.232628398791540514e-01 9.063444108761309348e-03
3.202416918429003001e-01 6.042296072507558069e-03
2.960725075528700678e-01 6.042296072507558069e-03
2.930513595166163165e-01 3.021148036253751279e-03
2.537764350453172169e-01 3.021148036253751279e-03
