4.634716916341160009e-01 7.899663542021428952e-04
4.602953169936043198e-01 2.263264485869997955e-04
4.571189423530926943e-01 0.000000000000000000e+00
4.221788213074644802e-01 0.000000000000000000e+00
4.190024466669528547e-01 2.263264485869997955e-04
4.158260720264411736e-01 7.899663542021428952e-04
4.126496973859295481e-01 1.788158568001629867e-03
4.094733227454178670e-01 2.457563040470900351e-03
4.062969481049062415e-01 2.802551606478131951e-03
3.935914495428596283e-01 3.039594490098385116e-03
3.904150749023479472e-01 3.386041781543391860e-03
3.808859509808130150e-01 5.664664848250788864e-03
3.713568270592780274e-01 6.530948841117545367e-03
3.618277031377430397e-01 8.810312321494206955e-03
3.586513284972314142e-01 9.155300887501438556e-03
3.522985792162081076e-01 9.392343771121691720e-03
3.491222045756964265e-01 9.738791062566698464e-03
3.395930806541614944e-01 1.198668696200583250e-02
3.364167060136498133e-01 1.233167552801306410e-02
3.300639567326265622e-01 1.256871841163331727e-02
3.268875820921148811e-01 1.291516570307832401e-02
3.173584581705799490e-01 1.516306160251751356e-02
3.141820835300682679e-01 1.550805016852474516e-02
3.046529596085333358e-01 1.574509305214499832e-02
3.014765849680216547e-01 1.609154034359000507e-02
2.951238356869983481e-01 1.767003177055986862e-02
2.919474610464867226e-01 1.833943624302913911e-02
2.887710864059750415e-01 1.868442480903637071e-02
2.506545907198352019e-01 1.884930905014281510e-02
2.474782160793235763e-01 1.907244577545491593e-02
2.443018414388118953e-01 1.989375938020793155e-02
2.435077477786840028e-01 2.036742928274032360e-02
2.411254667983002697e-01 2.261736131976938013e-02
2.405298965532043365e-01 2.354380392325200466e-02
2.393860235427819338e-01 2.672017856376363021e-02
2.375205336745449536e-01 3.307292784478693681e-02
2.368495778591499512e-01 3.624930248529861787e-02
2.365031305677049445e-01 3.942567712581024342e-02
2.362660876840846358e-01 6.483667424990346984e-02
2.359210991180772932e-01 6.801304889041515089e-02
2.336732032186383257e-01 7.754217281195008304e-02
2.333267559271932634e-01 8.071854745246176410e-02
2.330897130435730102e-01 1.029531699360433095e-01
2.327447244775656676e-01 1.061295445765549905e-01
2.304968285781266446e-01 1.156586684980899227e-01
2.301503812866816379e-01 1.188350431386016037e-01
2.299133384030613292e-01 1.442460402626948301e-01
2.295683498370539866e-01 1.474224149032064557e-01
2.273204539376150191e-01 1.569515388247414434e-01
2.269740066461699568e-01 1.601279134652530689e-01
2.267369637625497036e-01 1.855389105893462953e-01
2.263919751965423610e-01 1.887152852298579764e-01
2.241440792971033380e-01 1.982444091513929085e-01
2.237976320056583313e-01 2.014207837919045896e-01
2.235605891220380226e-01 2.236554062754861349e-01
2.232156005560306800e-01 2.268317809159978160e-01
2.209677046565917125e-01 2.363609048375327482e-01
2.206212573651466502e-01 2.395372794780444292e-01
2.203842144815263970e-01 2.649482766021376556e-01
2.200392259155190544e-01 2.681246512426492812e-01
2.177913300160800314e-01 2.776537751641842688e-01
2.174448827246350247e-01 2.808301498046958944e-01
2.172078398410147160e-01 3.062411469287891208e-01
2.168628512750073734e-01 3.094175215693008019e-01
2.146149553755684058e-01 3.189466454908357340e-01
2.142685080841233436e-01 3.221230201313474151e-01
2.140314652005030904e-01 3.443576426149289604e-01
2.136864766344957478e-01 3.475340172554406415e-01
2.114385807350567248e-01 3.570631411769755736e-01
2.110921334436117180e-01 3.602395158174872547e-01
2.108550905599914649e-01 3.856505129415804811e-01
2.105101019939840667e-01 3.888268875820921622e-01
2.082622060945450992e-01 3.983560115036270943e-01
2.079157588031000370e-01 4.015323861441387754e-01
2.076787159194797838e-01 4.237670086277203207e-01
2.073337273534724412e-01 4.269433832682320018e-01
2.050858314540334182e-01 4.364725071897669340e-01
2.047393841625884114e-01 4.396488818302786150e-01
2.045023412789681583e-01 4.650598789543718414e-01
2.041573527129607601e-01 4.682362535948834670e-01
2.019094568135217926e-01 4.777653775164184546e-01
2.015630095220767304e-01 4.809417521569300802e-01
2.013259666384564772e-01 5.539983688886981339e-01
2.009809780724491346e-01 5.571747435292098150e-01
1.987330821730101116e-01 5.667038674507447471e-01
1.983866348815651048e-01 5.698802420912563171e-01
1.981495919979448517e-01 7.445808473193973320e-01
1.978046034319374535e-01 7.477572219599089021e-01
1.955567075324984860e-01 7.572863458814439452e-01
1.952102602410534238e-01 7.604627205219556263e-01
1.949732173574331706e-01 9.383397003906082112e-01
1.946282287914258280e-01 9.415160750311197813e-01
1.939588243189565575e-01 9.446924496716314623e-01
1.929606321051572371e-01 9.478688243121431434e-01
1.923969921995419274e-01 9.510451989526547134e-01
1.921706657509550942e-01 9.542215735931665055e-01
1.921962437400077106e-01 9.891616946387946641e-01
1.925320579833760259e-01 9.923380692793062341e-01
1.938438067848507473e-01 9.955144439198179152e-01
1.966562218311371235e-01 9.983268589661042913e-01
1.998325964716487491e-01 9.996386077675790682e-01
2.030089711121604301e-01 9.999744220109472170e-01
2.220672189552303499e-01 9.999999999999998890e-01
2.252435935957419755e-01 9.997736735514131112e-01
2.284199682362536565e-01 9.992100336457978571e-01
2.315963428767652821e-01 9.982118414319984812e-01
2.347727175172769631e-01 9.975424369595291552e-01
2.379490921577885887e-01 9.971974483935218680e-01
2.633600892818818151e-01 9.969604055099015039e-01
2.665364639223934962e-01 9.966139582184565526e-01
2.760655878439284283e-01 9.943660623190175851e-01
2.792419624844401094e-01 9.940210737530101870e-01
2.919474610464867226e-01 9.937840308693899338e-01
2.951238356869983481e-01 9.934375835779448716e-01
3.046529596085333358e-01 9.911589605112375301e-01
3.141820835300682679e-01 9.902926765183707181e-01
3.237112074516032001e-01 9.879825858707258490e-01
3.332403313731381878e-01 9.871163018778590370e-01
3.427694552946731754e-01 9.848062112302142790e-01
3.491222045756964265e-01 9.839399272373474670e-01
3.586513284972314142e-01 9.815139618504857832e-01
3.618277031377430397e-01 9.808786869223834470e-01
3.713568270592780274e-01 9.783375872099741022e-01
3.745332016997896529e-01 9.777023122818717660e-01
3.840623256213246406e-01 9.751612125694624211e-01
3.872387002618363216e-01 9.745259376413601959e-01
3.967678241833712538e-01 9.719848379289508511e-01
4.031205734643945604e-01 9.705389175125689327e-01
4.602953169936043198e-01 9.514878085337097335e-01
4.761771901961626141e-01 9.441977683751583417e-01
4.825299394771859207e-01 9.419586846121746904e-01
4.888826887582092273e-01 9.391073242620651129e-01
5.397046830063956246e-01 9.137093377120644178e-01
5.460574322874189868e-01 9.102344569196523238e-01
5.619393054899772810e-01 8.996843554350957284e-01
5.714684294115122132e-01 8.943525837170941406e-01
5.905266772545820775e-01 8.816558511240228935e-01
6.000558011761171207e-01 8.742534009306555109e-01
6.032321758166286907e-01 8.721358178369810199e-01
6.127612997381637339e-01 8.647242770091204678e-01
6.159376743786753039e-01 8.626066939154459767e-01
6.191140490191869850e-01 8.601825589957108331e-01
6.254667983002103471e-01 8.544406509917089609e-01
6.286431729407220281e-01 8.520187784470738546e-01
6.318195475812335982e-01 8.499011953533994745e-01
6.349959222217452792e-01 8.474770604336642199e-01
6.381722968622569603e-01 8.445718245232590737e-01
6.572305447053268246e-01 8.255784006524444774e-01
6.604069193458385056e-01 8.226769045865924834e-01
6.671567154569257863e-01 8.176374640511653302e-01
6.699360432673734378e-01 8.148581362407176787e-01
6.749754838028005910e-01 8.081083401296303981e-01
6.778769798686525849e-01 8.049319654891187170e-01
6.873412798179322492e-01 7.954028415675837849e-01
6.902465157283373953e-01 7.922264669270721038e-01
6.926706506480726500e-01 7.890500922865604227e-01
6.947882337417470300e-01 7.858737176460488527e-01
6.972101062863821364e-01 7.826973430055371717e-01
7.061283889308956896e-01 7.731682190840021285e-01
7.085525238506309442e-01 7.699918444434905584e-01
7.106701069443053242e-01 7.668154698029788774e-01
7.130919794889404306e-01 7.636390951624671963e-01
7.188338874929423028e-01 7.572863458814439452e-01
7.212489317781844989e-01 7.541099712409322642e-01
7.275929150902322728e-01 7.445808473193973320e-01
7.329246868082339716e-01 7.350517233978623999e-01
7.434747882927905671e-01 7.191698501953041056e-01
7.469496690852026610e-01 7.128171009142807435e-01
7.548636872573248890e-01 6.969352277117224492e-01
7.583356839323271981e-01 6.905824784306991981e-01
7.621878205422334407e-01 6.842297291496759470e-01
7.647326011862498607e-01 6.778769798686525849e-01
7.675830936744358901e-01 6.715242305876292228e-01
7.723476556352033562e-01 6.619951066660942907e-01
7.751990159853129336e-01 6.556423573850710396e-01
7.910737503236605628e-01 6.079967377773962678e-01
7.925196707400423701e-01 6.016439884963729057e-01
7.950607704524517150e-01 5.921148645748379735e-01
7.956960453805540512e-01 5.889384899343262925e-01
7.981220107674156239e-01 5.794093660127913603e-01
7.989882947602824359e-01 5.730566167317679982e-01
8.012983854079273049e-01 5.635274928102330660e-01
8.021646694007942280e-01 5.539983688886981339e-01
8.044432924675015695e-01 5.444692449671630907e-01
8.047897397589465207e-01 5.412928703266515207e-01
8.050267826425667739e-01 5.254109971240932264e-01
8.053717712085741720e-01 5.222346224835815454e-01
8.060411756810434980e-01 5.190582478430698643e-01
8.070393678948428740e-01 5.158818732025582943e-01
8.076030078004581281e-01 5.127054985620466132e-01
8.078293342490449058e-01 5.095291239215349322e-01
8.078293342490449058e-01 4.745890028759067736e-01
8.076030078004581281e-01 4.714126282353950925e-01
8.070393678948428740e-01 4.682362535948834670e-01
8.060411756810434980e-01 4.650598789543718414e-01
8.053717712085741720e-01 4.618835043138601604e-01
8.050267826425667739e-01 4.587071296733484793e-01
8.047897397589465207e-01 4.332961325492552529e-01
8.044432924675015695e-01 4.301197579087436274e-01
8.021953965680626020e-01 4.205906339872086397e-01
8.018504080020552038e-01 4.174142593466970141e-01
8.016133651184348397e-01 4.110615100656737075e-01
8.012669178269898884e-01 4.078851354251620265e-01
7.990190219275508099e-01 3.983560115036270943e-01
7.986740333615435228e-01 3.951796368631154133e-01
7.984369904779231586e-01 3.888268875820921622e-01
7.980905431864782074e-01 3.856505129415804811e-01
7.958119201197708659e-01 3.761213890200455490e-01
7.949456361269040539e-01 3.697686397390221869e-01
7.926355454792591848e-01 3.602395158174872547e-01
7.917692614863923728e-01 3.538867665364639481e-01
7.910668380900598429e-01 3.507103918959523225e-01
7.869752024004197377e-01 3.380048933339057093e-01
7.847210010426373117e-01 3.284757694123707217e-01
7.806224531193963756e-01 3.157702708503241085e-01
7.783682517616139496e-01 3.062411469287891208e-01
7.751990159853129336e-01 2.967120230072541887e-01
7.710853504672732228e-01 2.871828990857192565e-01
7.688462667042896825e-01 2.808301498046958944e-01
7.647326011862498607e-01 2.713010258831609622e-01
7.624935174232663204e-01 2.649482766021376556e-01
7.596421570731567430e-01 2.585955273211143490e-01
7.374205451636677289e-01 2.141262823539512028e-01
7.339456643712556350e-01 2.077735330729278962e-01
7.085434332161377746e-01 1.696570373867880566e-01
7.061283889308956896e-01 1.664806627462763755e-01
7.003864809268938174e-01 1.601279134652530689e-01
6.979646083822587110e-01 1.569515388247414434e-01
6.958470252885843310e-01 1.537751641842297623e-01
6.934228903688490764e-01 1.505987895437181368e-01
6.876809823648472042e-01 1.442460402626948301e-01
6.852591098202120978e-01 1.410696656221831491e-01
6.831415267265377178e-01 1.378932909816715235e-01
6.807173918068024632e-01 1.347169163411598425e-01
6.778121558963972060e-01 1.315405417006482169e-01
6.477014207837918924e-01 1.014298065880428479e-01
6.445250461432802114e-01 9.852457067763764620e-02
6.413486715027685303e-01 9.610043575790250259e-02
6.381722968622569603e-01 9.398285266422801154e-02
6.349959222217452792e-01 9.156098011959290517e-02
6.254667983002103471e-01 8.264269747507940744e-02
6.222904236596986660e-01 8.021856255534426383e-02
6.191140490191869850e-01 7.810097946166977279e-02
6.095849250976520528e-01 7.068943863380927617e-02
6.064085504571403717e-01 6.857185554013478512e-02
5.968794265356054396e-01 6.116940534676740260e-02
5.682920547710005321e-01 4.211992347267279335e-02
5.587629308494656000e-01 3.678815175467103904e-02
5.524101815684422379e-01 3.259079955113786120e-02
5.460574322874189868e-01 2.911591875872582280e-02
5.206464351633257603e-01 1.642343077077168534e-02
5.142936858823023982e-01 1.357207042066216340e-02
4.952354380392325339e-01 7.226460003849410896e-03
4.793535648366742397e-01 3.354574200605919820e-03
4.698244409151393075e-01 2.488290207739163318e-03
4.666480662746276264e-01 1.788158568001629867e-03
