2.679558011049724131e-01 0.000000000000000000e+00
2.444751381215469754e-01 1.381215469613283897e-03
2.444751381215469754e-01 9.806629834254143585e-02
2.417127071823204632e-01 1.008287292817679481e-01
2.417127071823204632e-01 2.638121546961326169e-01
2.389502762430938954e-01 2.665745856353591292e-01
2.389502762430938954e-01 4.323204419889502548e-01
2.361878453038673831e-01 4.350828729281768226e-01
2.361878453038673831e-01 4.820441988950276424e-01
2.389502762430938954e-01 4.848066298342541547e-01
2.389502762430938954e-01 4.958563535911602038e-01
2.417127071823204632e-01 4.986187845303867161e-01
2.417127071823204632e-01 5.096685082872928207e-01
2.444751381215469754e-01 5.124309392265193885e-01
2.444751381215469754e-01 5.207182320441988699e-01
2.472375690607734877e-01 5.234806629834254377e-01
2.472375690607734877e-01 5.345303867403314868e-01
2.500000000000000000e-01 5.372928176795580546e-01
2.500000000000000000e-01 5.483425414364641037e-01
2.527624309392265123e-01 5.511049723756905605e-01
2.527624309392265123e-01 5.621546961325967207e-01
2.555248618784530246e-01 5.649171270718231774e-01
2.555248618784530246e-01 5.759668508287292266e-01
2.582872928176795924e-01 5.787292817679557944e-01
2.582872928176795924e-01 5.870165745856353867e-01
2.610497237569060491e-01 5.897790055248618435e-01
2.610497237569060491e-01 6.008287292817680036e-01
2.638121546961326169e-01 6.035911602209944604e-01
2.638121546961326169e-01 6.146408839779005095e-01
2.665745856353591292e-01 6.174033149171270773e-01
2.665745856353591292e-01 6.284530386740331265e-01
2.693370165745856415e-01 6.312154696132596943e-01
2.693370165745856415e-01 6.422651933701657434e-01
2.720994475138121538e-01 6.450276243093922002e-01
2.720994475138121538e-01 6.533149171270717925e-01
2.748618784530386661e-01 6.560773480662983603e-01
2.748618784530386661e-01 6.671270718232044095e-01
2.776243093922652339e-01 6.698895027624309773e-01
2.776243093922652339e-01 6.809392265193370264e-01
2.803867403314916906e-01 6.837016574585634832e-01
2.803867403314916906e-01 6.947513812154696433e-01
2.831491712707182584e-01 6.975138121546961001e-01
2.831491712707182584e-01 7.085635359116022602e-01
2.859116022099447152e-01 7.113259668508287170e-01
2.859116022099447152e-01 7.196132596685083094e-01
2.886740331491712830e-01 7.223756906077347661e-01
2.886740331491712830e-01 7.334254143646408153e-01
2.914364640883977953e-01 7.361878453038673831e-01
2.914364640883977953e-01 7.472375690607735432e-01
2.941988950276243076e-01 7.500000000000000000e-01
2.941988950276243076e-01 7.610497237569060491e-01
2.969613259668508198e-01 7.638121546961326169e-01
2.969613259668508198e-01 7.748618784530386661e-01
2.997237569060773321e-01 7.776243093922652339e-01
2.997237569060773321e-01 7.859116022099448262e-01
3.024861878453038999e-01 7.886740331491712830e-01
3.024861878453038999e-01 7.997237569060773321e-01
3.052486187845303567e-01 8.024861878453037889e-01
3.052486187845303567e-01 8.135359116022099490e-01
3.080110497237569245e-01 8.162983425414365168e-01
3.080110497237569245e-01 8.273480662983425660e-01
3.107734806629834368e-01 8.301104972375690227e-01
3.107734806629834368e-01 8.411602209944750719e-01
3.135359116022099490e-01 8.439226519337016397e-01
3.135359116022099490e-01 8.522099447513812320e-01
3.162983425414364613e-01 8.549723756906077998e-01
3.162983425414364613e-01 8.660220994475138490e-01
3.190607734806629736e-01 8.687845303867403057e-01
3.190607734806629736e-01 8.798342541436463549e-01
3.218232044198895414e-01 8.825966850828729227e-01
3.218232044198895414e-01 8.936464088397790828e-01
3.245856353591159982e-01 8.964088397790055396e-01
3.245856353591159982e-01 9.074585635359115887e-01
3.273480662983425660e-01 9.102209944751380455e-01
3.273480662983425660e-01 9.185082872928176378e-01
3.301104972375690227e-01 9.212707182320442056e-01
3.301104972375690227e-01 9.323204419889502548e-01
3.328729281767955905e-01 9.350828729281768226e-01
3.328729281767955905e-01 9.461325966850828717e-01
3.356353591160221028e-01 9.488950276243093285e-01
3.356353591160221028e-01 9.599447513812154886e-01
3.383977900552486151e-01 9.627071823204420564e-01
3.383977900552486151e-01 9.737569060773481056e-01
3.411602209944751274e-01 9.765193370165745623e-01
3.411602209944751274e-01 9.848066298342541547e-01
3.439226519337016397e-01 9.875690607734806115e-01
3.439226519337016397e-01 9.958563535911602038e-01
3.480662983425414359e-01 1.000000000000000000e+00
3.618784530386740528e-01 1.000000000000000000e+00
3.646408839779005651e-01 9.972375690607735432e-01
3.812154696132596943e-01 9.972375690607735432e-01
3.839779005524862066e-01 9.944751381215469754e-01
3.950276243093922557e-01 9.944751381215469754e-01
3.977900552486187680e-01 9.917127071823204076e-01
4.033149171270717925e-01 9.917127071823204076e-01
4.060773480662983603e-01 9.889502762430939509e-01
4.116022099447513849e-01 9.889502762430939509e-01
4.447513812154696433e-01 9.723756906077347661e-01
4.585635359116022047e-01 9.585635359116022602e-01
4.613259668508287170e-01 9.585635359116022602e-01
4.820441988950276424e-01 9.378453038674032793e-01
4.820441988950276424e-01 9.350828729281768226e-01
4.958563535911602038e-01 9.212707182320442056e-01
5.013812154696132284e-01 9.129834254143646133e-01
5.013812154696132284e-01 9.102209944751380455e-01
5.096685082872928207e-01 9.019337016574585641e-01
5.096685082872928207e-01 8.991712707182319964e-01
5.151933701657458453e-01 8.936464088397790828e-01
5.151933701657458453e-01 8.908839779005524040e-01
5.207182320441988699e-01 8.853591160220994905e-01
5.207182320441988699e-01 8.825966850828729227e-01
5.262430939226518944e-01 8.770718232044198981e-01
5.262430939226518944e-01 8.743093922651934413e-01
5.345303867403314868e-01 8.660220994475138490e-01
5.372928176795580546e-01 8.577348066298342566e-01
5.483425414364641037e-01 8.466850828729282075e-01
5.483425414364641037e-01 8.439226519337016397e-01
5.566298342541436961e-01 8.356353591160221583e-01
5.566298342541436961e-01 8.328729281767955905e-01
5.883977900552486151e-01 8.011049723756906715e-01
5.925414364640884113e-01 7.997237569060773321e-01
5.939226519337016397e-01 7.955801104972375359e-01
5.966850828729282075e-01 7.955801104972375359e-01
6.049723756906076888e-01 7.872928176795579436e-01
6.077348066298342566e-01 7.872928176795579436e-01
6.270718232044198981e-01 7.679558011049723021e-01
6.312154696132596943e-01 7.665745856353591847e-01
6.312154696132596943e-01 7.638121546961326169e-01
6.381215469613259472e-01 7.569060773480662530e-01
6.408839779005525150e-01 7.569060773480662530e-01
6.464088397790055396e-01 7.486187845303867716e-01
6.505524861878453358e-01 7.472375690607735432e-01
6.519337016574585641e-01 7.430939226519337470e-01
6.560773480662983603e-01 7.417127071823204076e-01
6.560773480662983603e-01 7.389502762430939509e-01
6.671270718232044095e-01 7.279005524861879017e-01
6.671270718232044095e-01 7.251381215469613339e-01
6.809392265193370264e-01 7.113259668508287170e-01
6.809392265193370264e-01 7.085635359116022602e-01
6.864640883977900510e-01 7.030386740331491247e-01
6.864640883977900510e-01 7.002762430939226679e-01
6.919889502762430755e-01 6.947513812154696433e-01
6.919889502762430755e-01 6.919889502762430755e-01
7.002762430939226679e-01 6.837016574585634832e-01
7.030386740331491247e-01 6.754143646408840018e-01
7.085635359116022602e-01 6.698895027624309773e-01
7.113259668508287170e-01 6.616022099447513849e-01
7.168508287292817416e-01 6.560773480662983603e-01
7.223756906077347661e-01 6.450276243093922002e-01
7.223756906077347661e-01 6.395027624309392866e-01
7.279005524861879017e-01 6.339779005524861510e-01
7.279005524861879017e-01 6.284530386740331265e-01
7.361878453038673831e-01 6.146408839779005095e-01
7.361878453038673831e-01 6.091160220994474850e-01
7.417127071823204076e-01 6.008287292817680036e-01
7.417127071823204076e-01 5.953038674033148681e-01
7.444751381215469754e-01 5.925414364640884113e-01
7.444751381215469754e-01 5.870165745856353867e-01
7.472375690607735432e-01 5.842541436464088189e-01
7.472375690607735432e-01 5.759668508287292266e-01
7.500000000000000000e-01 5.732044198895027698e-01
7.500000000000000000e-01 5.649171270718231774e-01
7.527624309392264568e-01 5.621546961325967207e-01
7.527624309392264568e-01 5.538674033149171283e-01
7.555248618784530246e-01 5.511049723756905605e-01
7.555248618784530246e-01 5.400552486187845114e-01
7.582872928176795924e-01 5.372928176795580546e-01
7.582872928176795924e-01 5.234806629834254377e-01
7.610497237569060491e-01 5.207182320441988699e-01
7.610497237569060491e-01 4.958563535911602038e-01
7.638121546961326169e-01 4.930939226519336915e-01
7.638121546961326169e-01 4.488950276243093840e-01
7.610497237569060491e-01 4.461325966850828717e-01
7.610497237569060491e-01 4.157458563535911811e-01
7.582872928176795924e-01 4.129834254143646133e-01
7.582872928176795924e-01 3.936464088397789718e-01
7.555248618784530246e-01 3.908839779005525150e-01
7.555248618784530246e-01 3.770718232044198981e-01
7.527624309392264568e-01 3.743093922651933303e-01
7.527624309392264568e-01 3.632596685082872812e-01
7.500000000000000000e-01 3.604972375690607689e-01
7.500000000000000000e-01 3.494475138121546642e-01
7.472375690607735432e-01 3.466850828729282075e-01
7.472375690607735432e-01 3.383977900552486151e-01
7.444751381215469754e-01 3.356353591160221028e-01
7.444751381215469754e-01 3.301104972375690227e-01
7.417127071823204076e-01 3.273480662983425660e-01
7.417127071823204076e-01 3.218232044198895414e-01
7.389502762430939509e-01 3.190607734806629736e-01
7.389502762430939509e-01 3.135359116022099490e-01
7.361878453038673831e-01 3.107734806629834368e-01
7.361878453038673831e-01 3.024861878453038999e-01
7.306629834254143585e-01 2.941988950276243076e-01
7.306629834254143585e-01 2.886740331491712830e-01
7.279005524861879017e-01 2.859116022099447152e-01
7.279005524861879017e-01 2.803867403314916906e-01
7.113259668508287170e-01 2.500000000000000000e-01
7.113259668508287170e-01 2.444751381215469754e-01
7.058011049723756924e-01 2.389502762430938954e-01
7.002762430939226679e-01 2.251381215469613339e-01
6.947513812154696433e-01 2.196132596685083094e-01
6.947513812154696433e-01 2.168508287292817416e-01
6.892265193370166187e-01 2.113259668508287170e-01
6.892265193370166187e-01 2.085635359116022047e-01
6.837016574585634832e-01 2.030386740331491802e-01
6.837016574585634832e-01 2.002762430939226679e-01
6.781767955801104586e-01 1.947513812154695878e-01
6.781767955801104586e-01 1.919889502762430755e-01
6.698895027624309773e-01 1.837016574585635387e-01
6.698895027624309773e-01 1.809392265193370264e-01
6.560773480662983603e-01 1.671270718232044095e-01
6.560773480662983603e-01 1.643646408839778972e-01
6.104972375690607134e-01 1.187845303867403057e-01
6.077348066298342566e-01 1.187845303867403057e-01
5.966850828729282075e-01 1.077348066298342566e-01
5.939226519337016397e-01 1.077348066298342566e-01
5.856353591160221583e-01 9.944751381215471975e-02
5.828729281767955905e-01 9.944751381215471975e-02
5.745856353591159982e-01 9.116022099447512739e-02
5.607734806629833813e-01 8.563535911602210282e-02
5.552486187845303567e-01 8.011049723756907825e-02
5.524861878453038999e-01 8.011049723756907825e-02
5.469613259668508753e-01 7.458563535911599818e-02
5.331491712707182584e-01 6.906077348066297361e-02
5.276243093922652339e-01 6.353591160220994905e-02
5.220994475138120983e-01 6.353591160220994905e-02
4.917127071823204632e-01 4.696132596685081984e-02
4.861878453038673831e-01 4.696132596685081984e-02
4.779005524861878462e-01 4.143646408839779527e-02
4.723756906077348217e-01 4.143646408839779527e-02
4.696132596685083094e-01 3.867403314917128299e-02
4.640883977900552293e-01 3.867403314917128299e-02
4.558011049723756924e-01 3.314917127071825842e-02
4.475138121546961556e-01 3.314917127071825842e-02
4.447513812154696433e-01 3.038674033149169063e-02
4.392265193370165632e-01 3.038674033149169063e-02
4.364640883977900510e-01 2.762430939226517834e-02
4.309392265193370264e-01 2.762430939226517834e-02
4.281767955801105141e-01 2.486187845303866606e-02
4.198895027624309217e-01 2.486187845303866606e-02
4.171270718232044095e-01 2.209944751381215378e-02
4.088397790055248726e-01 2.209944751381215378e-02
4.060773480662983603e-01 1.933701657458564149e-02
3.977900552486187680e-01 1.933701657458564149e-02
3.950276243093922557e-01 1.657458563535912921e-02
3.839779005524862066e-01 1.657458563535912921e-02
3.812154696132596943e-01 1.381215469613261693e-02
3.701657458563535896e-01 1.381215469613261693e-02
3.674033149171270773e-01 1.104972375690610464e-02
3.535911602209944604e-01 1.104972375690610464e-02
3.508287292817679481e-01 8.287292817679536849e-03
3.342541436464088189e-01 8.287292817679536849e-03
3.314917127071823066e-01 5.524861878453024566e-03
3.121546961325967207e-01 5.524861878453024566e-03
3.093922651933701529e-01 2.762430939226512283e-03
2.707182320441988699e-01 2.762430939226512283e-03
