4.887989337719236271e-01 7.201440260275332461e-02
4.865587205263083304e-01 7.148055061585961711e-02
4.843185072806930336e-01 7.205588803322771074e-02
4.820782940350777923e-01 7.360246488131172438e-02
4.720430530674746272e-01 8.352660955938745468e-02
4.661167746600688999e-01 9.024724929623328951e-02
4.596761615789249911e-01 9.589350104793709084e-02
4.081512569297735538e-01 1.471788224516292765e-01
4.014306171929277189e-01 1.520900591824012049e-01
3.902295509648513461e-01 1.628603151709362429e-01
3.835089112280055113e-01 1.677715519017081713e-01
3.745480582455443797e-01 1.763015946446279125e-01
3.678274185086985448e-01 1.812128313753998410e-01
3.611067787718527100e-01 1.875026608727042854e-01
3.543861390350068752e-01 1.924138976034762138e-01
3.499057125437763371e-01 1.964635138551654170e-01
3.431850728069304468e-01 2.013747505859373454e-01
3.387046463156999088e-01 2.054243668376265486e-01
3.230231535963929979e-01 2.170562433052443119e-01
3.163025138595471075e-01 2.233460728025487563e-01
3.095818741227013282e-01 2.282573095333206847e-01
3.028612343858554379e-01 2.345471390306251291e-01
2.782188886840873954e-01 2.528996552350887272e-01
2.737384621928568018e-01 2.569492714867779304e-01
2.580569694735498354e-01 2.685811479543956937e-01
2.535765429823193529e-01 2.726307642060848968e-01
2.378950502630123864e-01 2.842626406737026601e-01
2.334146237717817929e-01 2.883122569253918632e-01
2.266939840349359581e-01 2.932234936561637362e-01
2.222135575437054200e-01 2.972731099078529393e-01
2.154929178068595852e-01 3.021843466386249233e-01
2.087722780700137504e-01 3.084741761359293677e-01
2.020516383331679156e-01 3.133854128667012962e-01
1.953309985963220807e-01 3.196752423640057406e-01
1.886103588594762459e-01 3.245864790947776690e-01
1.841299323682456524e-01 3.286360953464668722e-01
1.774092926313998175e-01 3.335473320772388006e-01
1.684484396489387414e-01 3.420773748201585418e-01
1.617277999120929066e-01 3.469886115509304703e-01
1.475045592111581261e-01 3.613130520156820347e-01
1.453397783999380022e-01 3.657934785069125727e-01
1.450265086257520597e-01 3.769945447349889456e-01
1.457440561993298966e-01 3.814749712262195391e-01
1.479743595763072794e-01 3.881956109630653740e-01
1.591475542988395331e-01 4.105977434192181752e-01
1.708238381766170044e-01 4.307596626297556797e-01
1.728323052244099545e-01 4.352400891209862177e-01
1.779978232298242147e-01 4.442009421034473493e-01
1.866411391516369922e-01 4.621226480683695570e-01
1.894202821098140421e-01 4.733237142964459854e-01
1.896635934451013084e-01 4.890052070157528963e-01
1.888490701069597821e-01 4.934856335069834898e-01
1.867101779814990259e-01 4.979660599982140279e-01
1.850561743832597195e-01 5.002062732438292691e-01
1.696142649094119492e-01 5.158877659631362356e-01
1.639680131577081479e-01 5.223283790442801999e-01
1.572473734208623131e-01 5.282546574516858717e-01
1.496435726929565835e-01 5.360496851736737955e-01
1.447323359621846550e-01 5.427703249105195749e-01
1.250012269911885410e-01 5.629322441210571348e-01
1.200899902604166125e-01 5.696528838579029141e-01
1.093197342718815745e-01 5.808539500859793980e-01
1.044084975411096461e-01 5.875745898228251773e-01
9.587845479818990491e-02 5.965354428052862534e-01
9.096721806741797645e-02 6.032560825421321438e-01
8.691760181572877331e-02 6.077365090333627373e-01
8.200636508495684485e-02 6.144571487702085166e-01
7.795674883326769722e-02 6.189375752614391102e-01
6.285838854533998266e-02 6.390994944719765591e-01
5.905802678938548711e-02 6.458201342088224495e-01
4.941710907164831301e-02 6.592614136825141191e-01
3.889610757884798264e-02 6.771831196474363823e-01
3.145539929876867147e-02 6.883841858755127552e-01
2.700284431308219713e-02 6.973450388579738313e-01
2.542367759895997059e-02 7.018254653492044248e-01
1.356156483939052748e-02 7.264678110509724673e-01
4.610621725567309870e-03 7.555905832439711034e-01
1.897201042233565005e-03 7.690318627176627730e-01
1.242369478130611604e-03 7.779927157001238491e-01
4.324462277928153853e-04 7.814152637142584013e-01
0.000000000000000000e+00 8.026350614018920027e-01
4.324462277928153853e-04 8.081733663702186377e-01
1.264040538665134328e-03 8.115959143843530788e-01
1.875007787469351594e-03 8.183165541211989691e-01
4.678011652950786470e-03 8.317578335948905277e-01
1.153695154010991875e-02 8.496795395598129019e-01
2.029433687864967695e-02 8.653610322791197573e-01
2.867205742973155669e-02 8.765620985071962412e-01
4.523671114009836236e-02 8.933179792116452411e-01
4.971713763132895592e-02 8.970702324920560855e-01
6.315841710502062556e-02 9.060249030678328985e-01
7.659969657871229520e-02 9.129468953047310542e-01
9.228118929801926162e-02 9.194383110359803934e-01
9.900182903486509645e-02 9.216734894289813074e-01
1.214039614910178422e-01 9.266222483419068734e-01
1.393256674559401054e-01 9.285194493841404384e-01
1.774092926313998175e-01 9.285194493841404384e-01
1.829475975997265080e-01 9.280870031563475120e-01
1.863701456138609491e-01 9.272770799060097158e-01
1.975712118419373220e-01 9.266222483419068734e-01
2.087722780700137504e-01 9.244042283510558455e-01
2.289341972805512548e-01 9.194332761833658996e-01
2.513363297367040561e-01 9.127176712991345031e-01
2.580569694735498354e-01 9.098164115220261916e-01
2.692580357016262638e-01 9.059970315622887238e-01
2.961405946490096586e-01 8.925836235941411179e-01
3.297437933332387772e-01 8.701876735446727462e-01
3.342242198244693707e-01 8.658254667324790654e-01
3.410038125414629473e-01 8.564001792966586812e-01
3.456639973000293353e-01 8.451991130685823084e-01
3.484409577293355320e-01 8.339980468405059355e-01
3.490957892934384854e-01 8.250371938580447484e-01
3.509255111108101066e-01 8.160763408755835613e-01
3.510926912037665160e-01 7.219873845597419848e-01
3.529213842205660701e-01 7.130265315772807977e-01
3.535762157846690235e-01 7.040656785948197216e-01
3.562885423467595514e-01 6.906243991211280520e-01
3.585176798568383005e-01 6.839037593842821616e-01
3.652071690874877929e-01 6.704624799105904920e-01
3.786415388125322634e-01 6.503005607000530430e-01
4.040170452128653555e-01 6.166973620158238134e-01
4.117054414059900802e-01 6.054962957877474405e-01
4.157550576576792833e-01 6.010158692965168470e-01
4.206662943884512118e-01 5.942952295596710677e-01
4.247159106401404149e-01 5.898148030684404741e-01
4.363477871077581782e-01 5.741333103491335077e-01
4.403974033594473259e-01 5.696528838579029141e-01
4.453086400902192543e-01 5.629322441210571348e-01
4.493582563419084575e-01 5.584518176298265413e-01
4.587499195639109795e-01 5.450105381561348716e-01
4.627995358156001271e-01 5.405301116649043891e-01
4.721911990376026491e-01 5.270888321912126084e-01
4.778978961035278417e-01 5.203681924543668291e-01
4.817382616674397156e-01 5.136475527175209388e-01
4.865587205263083304e-01 5.079197347599818668e-01
4.887989337719236271e-01 5.063787756971734888e-01
4.910391470175388684e-01 5.064642602451676634e-01
4.932793602631541652e-01 5.085759588420308841e-01
4.996599676323619232e-01 5.203681924543668291e-01
5.131012471060536484e-01 5.427703249105195749e-01
5.220559176818304614e-01 5.562116043842112445e-01
5.272695048716260491e-01 5.629322441210571348e-01
5.451843010879010576e-01 5.898148030684404741e-01
5.489846628438554976e-01 5.965354428052862534e-01
5.541520638190093884e-01 6.032560825421321438e-01
5.735808223309819542e-01 6.323788547351307798e-01
5.787944095207774309e-01 6.390994944719765591e-01
5.877483527545912523e-01 6.525407739456683398e-01
5.915487145105458033e-01 6.592614136825141191e-01
5.967161154856996941e-01 6.659820534193598984e-01
6.056700587195135155e-01 6.794233328930516791e-01
6.123906984563592948e-01 6.906243991211280520e-01
6.168399744413936014e-01 6.995852521035891280e-01
6.235549869900232078e-01 7.175069580685113912e-01
6.285237493109432361e-01 7.376688772790489512e-01
6.291347165597473978e-01 7.443895170158947305e-01
6.307422914960241211e-01 7.511101567527405098e-01
6.313971230601268525e-01 7.623112229808168827e-01
6.329825047416393069e-01 7.690318627176627730e-01
6.336373363057421493e-01 7.824731421913544427e-01
6.352227179872546037e-01 7.891937819282002220e-01
6.358775495513574461e-01 8.093557011387377820e-01
6.374629312328699005e-01 8.160763408755835613e-01
6.381177627969727428e-01 8.272774071036600452e-01
6.397031444784851972e-01 8.339980468405059355e-01
6.403579760425880396e-01 8.429588998229670116e-01
6.430665217098983089e-01 8.541599660510433845e-01
6.475419133485145196e-01 8.676012455247350541e-01
6.497942588965430755e-01 8.720816720159656477e-01
6.587751137829829240e-01 8.832827382440420205e-01
6.657757801755306293e-01 8.881031971029106353e-01
6.881779126316833750e-01 8.992763918254429445e-01
7.016191921053751557e-01 9.037469084480356241e-01
7.150604715790667143e-01 9.064603291313693134e-01
7.285017510527584950e-01 9.071151606954722668e-01
7.352223907896042743e-01 9.087005423769846102e-01
7.419430305264501646e-01 9.087005423769846102e-01
7.486636702632959439e-01 9.071151606954722668e-01
7.643451629826029103e-01 9.064603291313693134e-01
7.710658027194488007e-01 9.048532763893224473e-01
7.777864424562945800e-01 9.042423091405182856e-01
7.979483616668321400e-01 8.992713569728284506e-01
8.248309206142154792e-01 8.903155388429817574e-01
8.449928398247529282e-01 8.806936393290276666e-01
8.494732663159835218e-01 8.791144726149053845e-01
8.584341192984445978e-01 8.746619176292189657e-01
8.875568914914432339e-01 8.567463940709809656e-01
9.077188107019806829e-01 8.416018475684116096e-01
9.121992371932112764e-01 8.375522313167224064e-01
9.189198769300571668e-01 8.326409945859505335e-01
9.256405166669030571e-01 8.263511650886460336e-01
9.304009698138354656e-01 8.227969806124295626e-01
9.511660233597309944e-01 8.003948481562767059e-01
9.595837477187703080e-01 7.869535686825850362e-01
9.754665929381294287e-01 7.555905832439711034e-01
9.818845590547685687e-01 7.399090905246641370e-01
9.836106249981113603e-01 7.331884507878183577e-01
9.863649855459990512e-01 7.264678110509724673e-01
9.909138267992255722e-01 7.107863183316655009e-01
9.958847789669154071e-01 6.883841858755127552e-01
9.964957462157195689e-01 6.816635461386668648e-01
9.981027989577664350e-01 6.749429064018210855e-01
9.985143191865821777e-01 6.615016269281294159e-01
1.000000000000000000e+00 6.503005607000530430e-01
1.000000000000000000e+00 6.166973620158238134e-01
9.985143191865821777e-01 6.054962957877474405e-01
9.981027989577664350e-01 5.920550163140557709e-01
9.965174172762540916e-01 5.853343765772098806e-01
9.958625857121512492e-01 5.763735235947488045e-01
9.886687385375869663e-01 5.427703249105195749e-01
9.841931870623796819e-01 5.270888321912126084e-01
9.774775821781482854e-01 5.069269129806751595e-01
9.665057399556684636e-01 4.800443540332918202e-01
9.483826814906938241e-01 4.442009421034473493e-01
9.416620417538479337e-01 4.329998758753709209e-01
9.237465181956100446e-01 4.061173169279875816e-01
9.153226114298864680e-01 3.949162506999112088e-01
9.090327819325820791e-01 3.881956109630653740e-01
9.041215452018100951e-01 3.814749712262195391e-01
8.888460708120332621e-01 3.635532652612972759e-01
8.839596259912725351e-01 3.568326255244514966e-01
8.626345191339732654e-01 3.344304930682986399e-01
8.593172802895044926e-01 3.299500665770681573e-01
8.405124133335224457e-01 3.111451996210859994e-01
8.337917735966765553e-01 3.062339628903140709e-01
8.203504941229848857e-01 2.932234936561637362e-01
8.136298543861391064e-01 2.883122569253918632e-01
8.069092146492932160e-01 2.820224274280873633e-01
8.001885749124473257e-01 2.771111906973154904e-01
7.957081484212168432e-01 2.730615744456262872e-01
7.845070821931403593e-01 2.646376676799027106e-01
7.755462292106792832e-01 2.586501886416218698e-01
7.688255894738333929e-01 2.534366014518263377e-01
7.531440967545265375e-01 2.429686959223149034e-01
7.464234570176806471e-01 2.377551087325193713e-01
7.329821775439889775e-01 2.294805028920186007e-01
7.262615378071431982e-01 2.243600154734694541e-01
7.195408980702973079e-01 2.205596537175148475e-01
7.083398318422209350e-01 2.131189454374355363e-01
6.971387656141445621e-01 2.071183742438231778e-01
6.859376993860681893e-01 1.996776659637438667e-01
6.747366331579918164e-01 1.936770947701315082e-01
6.478540742106084771e-01 1.772755335075911209e-01
6.366530079825319932e-01 1.712749623139787070e-01
6.321725814913015107e-01 1.683146805251299893e-01
6.209715152632250268e-01 1.623141093315175754e-01
6.097704490351486539e-01 1.548734010514383197e-01
6.030498092983028746e-01 1.511130431034412025e-01
5.918487430702263907e-01 1.436723348233618913e-01
5.851281033333806114e-01 1.399119768753648296e-01
5.672063973684583482e-01 1.279908421040549804e-01
5.537651178947666786e-01 1.197569674134745799e-01
5.380836251754597122e-01 1.078227404868332129e-01
5.224021324561527457e-01 9.735483495732177861e-02
5.022402132456152968e-01 8.221263832878616951e-02
4.977597867543847032e-01 7.816302207709702188e-02
