5.075530970429557032e-01 8.771568396052159544e-02
5.053950693163968833e-01 8.720141711925100125e-02
5.032370415898381744e-01 8.775564743693936576e-02
5.010790138632793544e-01 8.936991679819705769e-02
4.921133895811216075e-01 1.009635763930074037e-01
4.791711788177676068e-01 1.203858259320362833e-01
4.733907474073423827e-01 1.311759645648301054e-01
4.705390679115325492e-01 1.354920200179476342e-01
4.640918337302106789e-01 1.484401863773002206e-01
4.554597228239756213e-01 1.700204636428878646e-01
4.517804624377115275e-01 1.808106022756817421e-01
4.489856396442993280e-01 1.872846854553580354e-01
4.360423234265849990e-01 2.261291845334157946e-01
4.345108198787045461e-01 2.326032677130920878e-01
4.215680742658888258e-01 2.714477667911499026e-01
4.109993398438389067e-01 2.973440995098550754e-01
4.000178047043443375e-01 3.189243767754427195e-01
3.897538335460892789e-01 3.340305708613540703e-01
3.815367279718847038e-01 3.426626817675891279e-01
3.780714334494297280e-01 3.472975367712209938e-01
3.762322052733853561e-01 3.491367649472654211e-01
3.672812948166359615e-01 3.559384059068658179e-01
3.564911561838420839e-01 3.624510252959449730e-01
3.478590452776070263e-01 3.667370730450192906e-01
3.370689066448132043e-01 3.710531284981368194e-01
3.241207402854606179e-01 3.753637632047175376e-01
3.046984907464317383e-01 3.801502391690985694e-01
3.003824352933142094e-01 3.807387921854328283e-01
2.939083521136379162e-01 3.823082668956573338e-01
2.895922966605203874e-01 3.828968199119915927e-01
2.831182134808440942e-01 3.844662946222161537e-01
2.788021580277265654e-01 3.850548476385503571e-01
2.723280748480502167e-01 3.866034463229818252e-01
2.636959639418151591e-01 3.872342544276682341e-01
2.572218807621389214e-01 3.887823500753336825e-01
2.507477975824625727e-01 3.893709030916678859e-01
2.442737144027862795e-01 3.909403778018923914e-01
2.377996312231099862e-01 3.915289308182266503e-01
2.313255480434336930e-01 3.930984055284512113e-01
2.248514648637573998e-01 3.936869585447854147e-01
2.183773816840811066e-01 3.952564332550099202e-01
2.140613262309635778e-01 3.958449862713441791e-01
2.075872430512872846e-01 3.974144609815687401e-01
2.032711875981697558e-01 3.980030139979029435e-01
1.967971044184934626e-01 3.995724887081274490e-01
1.924810489653759338e-01 4.001610417244617079e-01
1.816909103325821118e-01 4.027915994713031633e-01
1.730587994263470542e-01 4.055761513765402393e-01
1.665847162466707609e-01 4.071076549244206921e-01
1.536365498873181745e-01 4.114188602358999636e-01
1.385303558014068237e-01 4.176721288298941848e-01
1.212661339889366530e-01 4.264982053234568360e-01
1.104759953561428309e-01 4.330108247125359910e-01
9.968585672334900893e-02 4.410811962586297375e-01
9.105374581711395132e-02 4.492983018328342570e-01
8.646793689817661166e-02 4.527220958220861680e-01
8.457966263743765811e-02 4.546103700828250660e-01
8.115586864818580271e-02 4.591961790017624612e-01
6.646467989430493439e-02 4.743023730876738120e-01
5.187573336313344718e-02 4.937246226267026916e-01
4.324957805289703083e-02 5.066727889860552780e-01
3.746914664247175120e-02 5.174629276188491556e-01
3.461746714666197322e-02 5.217789830719666844e-01
2.579139065309926648e-02 5.390432048844367996e-01
1.953812205910504529e-02 5.541493989703480949e-01
1.306888902106700945e-02 5.735716485093770300e-01
1.153738547318655661e-02 5.800457316890532677e-01
8.757529736837244005e-03 5.886778425952883254e-01
7.691750531332586238e-03 5.951519257749646741e-01
6.122275821108025262e-03 6.016260089546410228e-01
5.533722804773821835e-03 6.059420644077584406e-01
3.964248094549260859e-03 6.124161475874347893e-01
3.375695078215057432e-03 6.188902307671111380e-01
1.827599430549664561e-03 6.253643139467873757e-01
1.431176426818947522e-03 6.383124803061399621e-01
4.165813016457908802e-04 6.437674948371634454e-01
0.000000000000000000e+00 6.491026189389338397e-01
0.000000000000000000e+00 6.793150071107565413e-01
4.165813016457908802e-04 6.846501312125268246e-01
1.431176426818947522e-03 6.901051457435503078e-01
1.827599430549664561e-03 7.030533121029030053e-01
3.354819052421964543e-03 7.095273952825792430e-01
3.985627157108428964e-03 7.181595061888143006e-01
5.533722804773821835e-03 7.246335893684905383e-01
6.122275821108025262e-03 7.289496448216081781e-01
7.691750531332586238e-03 7.354237280012844158e-01
8.280303547666789665e-03 7.397397834544019446e-01
1.306888902106700945e-02 7.591620329934307687e-01
2.169614978566380969e-02 7.850583657121359415e-01
2.794941837965803089e-02 8.001645597980473479e-01
4.324957805289703083e-02 8.303769479698701605e-01
5.041731300182433761e-02 8.411670866026639271e-01
5.403971668569085285e-02 8.476411697823402758e-01
5.834981654280974039e-02 8.541152529620165135e-01
6.646467989430493439e-02 8.649053915948103910e-01
7.810557945776136490e-02 8.765462911582667660e-01
8.457966263743765811e-02 8.812773519434147218e-01
8.889571809055518692e-02 8.851216324671957736e-01
9.105374581711395132e-02 8.865424590637285274e-01
9.536980127023148013e-02 8.885134707758712835e-01
1.061599399030253021e-01 8.954395909188391789e-01
1.104759953561428309e-01 8.975765162747615378e-01
1.212661339889366530e-01 9.018925717278789556e-01
1.342143003482892949e-01 9.062037770393582825e-01
1.536365498873181745e-01 9.109709834501993342e-01
1.622686607935532321e-01 9.116017915548857431e-01
1.655656475980180065e-01 9.123820015791030968e-01
1.709007716997882897e-01 9.127985828807489987e-01
2.097452707778460490e-01 9.127985828807489987e-01
2.150803948796163323e-01 9.123820015791030968e-01
2.183773816840811066e-01 9.116017915548857431e-01
2.270094925903161642e-01 9.109709834501993342e-01
2.334835757699924574e-01 9.094228878025338858e-01
2.377996312231099862e-01 9.088343347861997934e-01
2.442737144027862795e-01 9.072648600759751769e-01
2.507477975824625727e-01 9.061990808704705191e-01
2.593799084886976303e-01 9.034192251341212065e-01
2.658539916683739790e-01 9.018877215862407537e-01
2.852762412074028586e-01 8.954184885482027179e-01
2.960663798401966806e-01 8.911024330950851891e-01
3.176466571057843247e-01 8.805419484270793351e-01
3.262787680120193823e-01 8.755653044165188081e-01
3.305948234651369111e-01 8.735942927043758299e-01
3.457010175510482619e-01 8.623746136245733496e-01
3.521751007307245551e-01 8.580652144258070768e-01
3.586491839104009038e-01 8.544042745325377552e-01
3.759134057228710191e-01 8.413953395352806730e-01
3.853162408171627584e-01 8.325349756964288694e-01
3.953356552618998987e-01 8.215650014197550810e-01
4.086173349971751745e-01 8.044806152511649877e-01
4.143851545572503903e-01 7.958485043449299301e-01
4.194074736299689965e-01 7.893744211652535814e-01
4.301916566667642328e-01 7.721101993527834662e-01
4.381301158037482213e-01 7.570040052668720598e-01
4.409817952995580548e-01 7.526879498137545310e-01
4.627560381524733479e-01 7.095273952825792430e-01
4.664203444272536636e-01 7.008952843763441853e-01
4.688016164013875109e-01 6.965792289232266565e-01
4.724671629219877600e-01 6.879471180169915989e-01
5.010790138632793544e-01 6.310450045799347318e-01
5.032370415898381744e-01 6.285487207140265653e-01
5.053950693163968833e-01 6.280750073106355913e-01
5.075530970429557032e-01 6.298730504469191027e-01
5.143632665079157507e-01 6.447865634858163109e-01
5.178217123084978279e-01 6.534186743920513685e-01
5.568601769738831253e-01 7.311076725481668870e-01
5.597118564696929033e-01 7.354237280012844158e-01
5.676503156066770028e-01 7.505299220871957111e-01
5.791341060087218384e-01 7.677941438996658263e-01
5.827565096925884092e-01 7.742682270793421750e-01
5.956987204559424098e-01 7.936904766183709992e-01
6.167617501667901347e-01 8.217448370636351029e-01
6.329884586491838494e-01 8.390090588761052182e-01
6.370347606364815674e-01 8.440517971351046977e-01
6.435088438161579161e-01 8.489069360450333113e-01
6.542989824489517936e-01 8.592820693457966508e-01
6.564570101755105025e-01 8.608783577122141040e-01
6.629310933551868512e-01 8.645392976054833145e-01
6.737212319879806177e-01 8.717070325544107323e-01
6.996175647066857906e-01 8.846283499154088403e-01
7.125657310660383770e-01 8.889348590580004039e-01
7.255138974253909634e-01 8.915487339111705101e-01
7.384620637847435498e-01 8.921795420158569190e-01
7.449361469644198985e-01 8.937067616377292190e-01
7.514102301440961362e-01 8.937067616377292190e-01
7.578843133237724849e-01 8.921795420158569190e-01
7.751485351362426002e-01 8.915487339111705101e-01
7.816226183159189489e-01 8.900006382635050617e-01
7.859386737690363667e-01 8.894120852471708583e-01
8.053609233080653018e-01 8.846234997737706385e-01
8.247831728470942370e-01 8.781542667357326026e-01
8.355733114798880035e-01 8.738382112826150738e-01
8.463634501126817700e-01 8.688853607626441100e-01
8.506795055657994098e-01 8.673641281029387251e-01
8.593116164720344674e-01 8.630749216481756747e-01
8.636276719251518852e-01 8.602232421523658967e-01
8.787338660110632915e-01 8.522847830153819082e-01
8.981561155500922267e-01 8.393425722520277965e-01
9.089462541828861042e-01 8.312277089005326580e-01
9.132623096360035220e-01 8.273266587794456672e-01
9.197363928156798707e-01 8.225955979942976004e-01
9.283685037219149283e-01 8.143784924200930808e-01
9.329543126408523790e-01 8.109546984308412254e-01
9.529575696447238897e-01 7.893744211652535814e-01
9.610664774002204425e-01 7.764262548059008839e-01
9.666460633124869251e-01 7.656361161731071174e-01
9.716220766895797833e-01 7.570040052668720598e-01
9.783038502143361903e-01 7.418978111809606535e-01
9.825491506600255720e-01 7.311076725481668870e-01
9.842118933345871401e-01 7.246335893684905383e-01
9.868652061131431008e-01 7.181595061888143006e-01
9.884626145268134989e-01 7.116854230091380629e-01
9.912471664320505749e-01 7.030533121029030053e-01
9.938777241788920858e-01 6.922631734701091277e-01
9.944662771952261782e-01 6.879471180169915989e-01
9.960357519054507947e-01 6.814730348373152502e-01
9.966243049217848871e-01 6.749989516576390125e-01
9.981724005694504465e-01 6.685248684779626638e-01
9.985688235731811080e-01 6.555767021186100774e-01
9.995834186983542091e-01 6.501216875875865941e-01
1.000000000000000000e+00 6.447865634858163109e-01
1.000000000000000000e+00 6.124161475874347893e-01
9.995834186983542091e-01 6.070810234856645060e-01
9.985688235731811080e-01 6.016260089546410228e-01
9.981724005694504465e-01 5.886778425952883254e-01
9.966451809475780355e-01 5.822037594156120877e-01
9.960143728428916265e-01 5.735716485093770300e-01
9.944662771952261782e-01 5.670975653297006813e-01
9.938777241788920858e-01 5.627815098765831525e-01
9.901502217421086494e-01 5.476753157906718572e-01
9.890844425366041026e-01 5.412012326109955085e-01
9.863045868002546790e-01 5.325691217047604509e-01
9.847730832523742261e-01 5.260950385250842132e-01
9.783038502143361903e-01 5.066727889860552780e-01
9.677345261672244403e-01 4.807764562673501052e-01
9.502763387674266760e-01 4.462480126424098748e-01
9.438022555877503272e-01 4.354578740096159972e-01
9.205871537463424792e-01 4.009294303846757668e-01
9.123700481721379596e-01 3.922973194784407092e-01
9.076389873869898928e-01 3.858232362987644160e-01
9.015799095393440821e-01 3.793491531190881227e-01
8.968488487541961263e-01 3.728750699394118295e-01
8.929477986331090245e-01 3.685590144862943007e-01
8.882167378479609576e-01 3.620849313066180075e-01
8.735080537712591742e-01 3.469787372207066567e-01
8.657856996517107051e-01 3.379389988550105528e-01
8.528375332923581187e-01 3.264774738183983671e-01
8.269412005736529458e-01 3.008093940323099957e-01
8.204671173939765971e-01 2.960783332471619289e-01
8.032028955815064819e-01 2.813624790820377086e-01
7.751485351362426002e-01 2.603241147824333357e-01
7.686744519565662515e-01 2.560140149253143926e-01
7.622003687768900138e-01 2.523530750320450711e-01
7.557262855972137761e-01 2.473759484230808048e-01
7.363040360581848409e-01 2.344337376597267486e-01
7.298299528785084922e-01 2.308113339758601779e-01
7.190398142457147257e-01 2.236435990269329266e-01
7.082496756129208482e-01 2.171695158472566334e-01
6.974595369801270817e-01 2.113890844368312982e-01
6.866693983473332041e-01 2.042213494879040470e-01
6.758792597145393266e-01 1.977472663082276982e-01
6.650891210817455601e-01 1.919668348978024186e-01
6.499829269958341538e-01 1.826410722223163474e-01
6.391927883630403873e-01 1.768606408118910678e-01
6.284026497302465097e-01 1.703865576322147746e-01
6.176125110974527432e-01 1.632188226832874678e-01
6.111384279177763945e-01 1.595964189994209526e-01
5.938742061053062793e-01 1.481126285973761170e-01
5.874001229256300416e-01 1.444902249135096017e-01
5.809260397459536929e-01 1.401808257147435510e-01
5.744519565662773442e-01 1.352029984474263924e-01
5.679778733866011065e-01 1.315420585541570153e-01
5.550297070272485200e-01 1.229166039022734358e-01
5.312914020351020561e-01 1.049461184702022432e-01
5.205012634023082896e-01 9.753978240375554831e-02
5.161852079491907608e-01 9.363873228266850202e-02
