6.529051987767584553e-01 1.223241590214067531e-01
6.223241590214066976e-01 1.223241590214067531e-01
6.085626911314985232e-01 1.299694189602446648e-01
6.085626911314985232e-01 1.422018348623853012e-01
6.345565749235473341e-01 1.743119266055045968e-01
6.437308868501528947e-01 1.773700305810397282e-01
6.666666666666666297e-01 2.003058103975535187e-01
6.697247706422018165e-01 2.155963302752293420e-01
6.788990825688073771e-01 2.308868501529052208e-01
6.850152905198776399e-01 2.522935779816513624e-01
6.972477064220183873e-01 2.737003058103975595e-01
6.972477064220183873e-01 2.981651376146788879e-01
6.941896024464832005e-01 3.012232415902140747e-01
6.911314984709480136e-01 3.470948012232416002e-01
6.727828746177370034e-01 3.868501529051987520e-01
6.697247706422018165e-01 4.235474006116207724e-01
6.544342507645259932e-01 4.633027522935779796e-01
6.437308868501528947e-01 4.801223241590213964e-01
5.856269113149846772e-01 4.556574923547400680e-01
5.764525993883792276e-01 4.556574923547400680e-01
5.642201834862385912e-01 4.495412844036696942e-01
5.428134556574923941e-01 4.495412844036696942e-01
5.397553516819572073e-01 4.464831804281345629e-01
5.214067278287461971e-01 4.464831804281345629e-01
5.183486238532110102e-01 4.495412844036696942e-01
5.061162079510703737e-01 4.464831804281345629e-01
5.030581039755351869e-01 4.495412844036696942e-01
4.541284403669724745e-01 4.495412844036696942e-01
4.510703363914372876e-01 4.525993883792048811e-01
4.311926605504586840e-01 4.480122324159021563e-01
4.373088685015290578e-01 3.807339449541284337e-01
4.403669724770642446e-01 3.776758409785933024e-01
4.403669724770642446e-01 3.532110091743119185e-01
4.464831804281345629e-01 3.226299694189602718e-01
4.434250764525993760e-01 3.103975535168195798e-01
4.587155963302752548e-01 2.339449541284403522e-01
4.648318042813455730e-01 2.247706422018348471e-01
4.617737003058103862e-01 1.880733944954128267e-01
4.525993883792048811e-01 1.819571865443425085e-01
4.495412844036696942e-01 1.727828746177370034e-01
4.556574923547400680e-01 1.666666666666666852e-01
4.525993883792048811e-01 1.483180428134556750e-01
4.296636085626911461e-01 1.345565749235473896e-01
4.082568807339449490e-01 1.345565749235473896e-01
3.944954128440366636e-01 1.422018348623853012e-01
3.944954128440366636e-01 1.513761467889908063e-01
4.097859327217125425e-01 1.788990825688073216e-01
4.189602446483180476e-01 1.850152905198776954e-01
4.250764525993883658e-01 2.003058103975535187e-01
4.220183486238532344e-01 2.217125382262997157e-01
4.250764525993883658e-01 2.247706422018348471e-01
4.189602446483180476e-01 2.370030581039755391e-01
4.067278287461773556e-01 2.981651376146788879e-01
3.914373088685015323e-01 3.256880733944954032e-01
3.853211009174312141e-01 3.654434250764526104e-01
3.792048929663608403e-01 3.746177370030581155e-01
3.792048929663608403e-01 3.868501529051987520e-01
3.608562691131498301e-01 4.418960244648317826e-01
3.562691131498471053e-01 4.434250764525993760e-01
3.409785932721712820e-01 4.281345565749235527e-01
3.073394495412843930e-01 4.128440366972476738e-01
2.706422018348623726e-01 3.853211009174312141e-01
2.614678899082568675e-01 3.822629969418960272e-01
2.522935779816513624e-01 3.730886850152905221e-01
2.431192660550458573e-01 3.700305810397553907e-01
2.262996941896024405e-01 3.470948012232416002e-01
2.232415902140672537e-01 3.134556574923547112e-01
2.293577981651376274e-01 2.767584097859326908e-01
2.461773700305810442e-01 2.507645259938837690e-01
2.645259938837920544e-01 2.507645259938837690e-01
2.813455657492354711e-01 2.370030581039755391e-01
2.874617737003057893e-01 2.155963302752293420e-01
2.874617737003057893e-01 1.972477064220183318e-01
2.828746177370030646e-01 1.926605504587156070e-01
2.584097859327216806e-01 1.926605504587156070e-01
2.370030581039755391e-01 2.048929663608562435e-01
2.308868501529052208e-01 2.140672782874617486e-01
2.247706422018348471e-01 2.140672782874617486e-01
2.217125382262997157e-01 2.201834862385321223e-01
2.018348623853211121e-01 2.308868501529052208e-01
1.865443425076452333e-01 3.195718654434250849e-01
1.743119266055045968e-01 3.470948012232416002e-01
1.773700305810397282e-01 3.715596330275229286e-01
1.880733944954128267e-01 3.914373088685015323e-01
2.232415902140672537e-01 4.174311926605504541e-01
2.538226299694189558e-01 4.541284403669724745e-01
2.538226299694189558e-01 4.602446483180427927e-01
2.660550458715595923e-01 4.755351681957186716e-01
2.507645259938837690e-01 5.183486238532110102e-01
2.507645259938837690e-01 5.275229357798165708e-01
2.446483180428134507e-01 5.397553516819572073e-01
2.415902140672782639e-01 5.856269113149846772e-01
2.247706422018348471e-01 6.146788990825687859e-01
1.926605504587156070e-01 6.559633027522935311e-01
1.865443425076452333e-01 6.712538226299693545e-01
1.636085626911314983e-01 7.003058103975534632e-01
1.422018348623853012e-01 7.186544342507645844e-01
1.269113149847094779e-01 7.033639143730886500e-01
1.146788990825687859e-01 6.972477064220183873e-01
7.033639143730885390e-02 6.498470948012232684e-01
7.033639143730885390e-02 6.345565749235473341e-01
5.963302752293575537e-02 6.269113149847094224e-01
2.293577981651373499e-02 6.269113149847094224e-01
1.376146788990822989e-02 6.391437308868501699e-01
3.058103975535186869e-03 6.406727828746177078e-01
0.000000000000000000e+00 6.559633027522935311e-01
3.058103975535186869e-03 6.834862385321101019e-01
2.446483180428132842e-02 7.262996941896024961e-01
9.174311926605505096e-03 7.262996941896024961e-01
9.174311926605505096e-03 7.354740061162079456e-01
1.529051987767582332e-02 7.477064220183486931e-01
1.529051987767582332e-02 7.660550458715595923e-01
3.669724770642202039e-02 8.058103975535167995e-01
3.669724770642202039e-02 8.119266055045871733e-01
5.198776758409784371e-02 8.333333333333332593e-01
4.587155963302752548e-02 8.486238532110091937e-01
4.587155963302752548e-02 8.639143730886850170e-01
5.198776758409784371e-02 8.669724770642202039e-01
5.351681957186543714e-02 8.776758409785931914e-01
6.269113149847094224e-02 8.776758409785931914e-01
8.715596330275227066e-02 8.532110091743119185e-01
1.024464831804281495e-01 8.532110091743119185e-01
1.085626911314984677e-01 8.470948012232415447e-01
1.544342507645259932e-01 8.440366972477064689e-01
2.003058103975535187e-01 8.226299694189602718e-01
2.278287461773700340e-01 8.226299694189602718e-01
2.645259938837920544e-01 8.103975535168195243e-01
2.828746177370030646e-01 7.889908256880733273e-01
2.889908256880733828e-01 7.889908256880733273e-01
2.951070336391437010e-01 7.767584097859328018e-01
3.134556574923547112e-01 7.645259938837920544e-01
3.195718654434250849e-01 7.645259938837920544e-01
3.256880733944954032e-01 7.584097859327216806e-01
3.623853211009174236e-01 7.431192660550458573e-01
4.143730886850153228e-01 7.339449541284404077e-01
5.030581039755351869e-01 7.003058103975534632e-01
5.305810397553516466e-01 6.972477064220183873e-01
5.336391437308868335e-01 7.003058103975534632e-01
5.611620795107034043e-01 7.003058103975534632e-01
5.795107033639144145e-01 7.064220183486238369e-01
6.009174311926606116e-01 7.064220183486238369e-01
6.437308868501528947e-01 7.186544342507645844e-01
6.804281345565749151e-01 7.217125382262996602e-01
6.834862385321101019e-01 7.186544342507645844e-01
7.048929663608562990e-01 7.186544342507645844e-01
7.079510703363913748e-01 7.155963302752293975e-01
7.446483180428133952e-01 7.155963302752293975e-01
8.027522935779816127e-01 7.033639143730886500e-01
8.119266055045871733e-01 6.972477064220183873e-01
8.669724770642202039e-01 7.064220183486238369e-01
8.700305810397552797e-01 7.033639143730886500e-01
9.036697247706422242e-01 7.033639143730886500e-01
9.220183486238532344e-01 6.972477064220183873e-01
9.250764525993884213e-01 6.911314984709480136e-01
9.449541284403669694e-01 6.804281345565749151e-01
9.694189602446483534e-01 6.284403669724770714e-01
9.724770642201834292e-01 5.917431192660550510e-01
9.694189602446483534e-01 5.886850152905198641e-01
9.724770642201834292e-01 5.856269113149846772e-01
9.724770642201834292e-01 5.519877675840978437e-01
9.694189602446483534e-01 5.489296636085626568e-01
9.694189602446483534e-01 5.061162079510703737e-01
9.755351681957187271e-01 4.908256880733944949e-01
9.755351681957187271e-01 4.785932721712538029e-01
1.000000000000000000e+00 3.990825688073394439e-01
1.000000000000000000e+00 3.654434250764526104e-01
9.938837920489296263e-01 3.532110091743119185e-01
9.938837920489296263e-01 3.256880733944954032e-01
9.847094801223241767e-01 3.226299694189602718e-01
9.877675840978592525e-01 3.103975535168195798e-01
9.831804281345566388e-01 3.027522935779816127e-01
9.678899082568808154e-01 3.027522935779816127e-01
9.525993883792048811e-01 3.088685015290519864e-01
9.388379204892967067e-01 3.318042813455657214e-01
9.296636085626911461e-01 3.715596330275229286e-01
9.082568807339449490e-01 4.051987767584097622e-01
8.960244648318043126e-01 4.418960244648317826e-01
8.960244648318043126e-01 4.633027522935779796e-01
8.990825688073393884e-01 4.663608562691131665e-01
8.944954128440367747e-01 4.770642201834862650e-01
8.868501529051987520e-01 4.816513761467889898e-01
8.868501529051987520e-01 4.938837920489296818e-01
8.807339449541284893e-01 5.061162079510703737e-01
8.807339449541284893e-01 5.275229357798165708e-01
8.746177370030581155e-01 5.428134556574923941e-01
8.746177370030581155e-01 5.703363914373088539e-01
8.776758409785931914e-01 5.733944954128440408e-01
8.776758409785931914e-01 6.009174311926606116e-01
8.807339449541284893e-01 6.039755351681956874e-01
8.807339449541284893e-01 6.253822629969418845e-01
8.746177370030581155e-01 6.376146788990826320e-01
8.746177370030581155e-01 6.498470948012232684e-01
8.669724770642202039e-01 6.513761467889908063e-01
8.486238532110091937e-01 6.697247706422018165e-01
8.394495412844036331e-01 6.666666666666666297e-01
8.379204892966360951e-01 6.590214067278287180e-01
8.440366972477064689e-01 6.498470948012232684e-01
8.440366972477064689e-01 6.406727828746177078e-01
8.501529051987767316e-01 6.284403669724770714e-01
8.532110091743119185e-01 5.948012232415902378e-01
8.440366972477064689e-01 5.642201834862385912e-01
8.470948012232415447e-01 5.611620795107034043e-01
8.440366972477064689e-01 5.336391437308868335e-01
8.470948012232415447e-01 5.214067278287461971e-01
8.440366972477064689e-01 5.183486238532110102e-01
8.440366972477064689e-01 4.969418960244648131e-01
8.409785932721711710e-01 4.938837920489296818e-01
8.440366972477064689e-01 4.908256880733944949e-01
8.409785932721711710e-01 4.755351681957186716e-01
8.470948012232415447e-01 4.510703363914372876e-01
8.746177370030581155e-01 4.113149847094801359e-01
9.113149847094801359e-01 3.807339449541284337e-01
9.204892966360855855e-01 3.685015290519877418e-01
9.204892966360855855e-01 3.440366972477064134e-01
9.235474006116207724e-01 3.409785932721712820e-01
9.235474006116207724e-01 3.073394495412843930e-01
9.449541284403669694e-01 2.339449541284403522e-01
9.480122324159021563e-01 2.155963302752293420e-01
9.480122324159021563e-01 1.941896024464832005e-01
9.357798165137614088e-01 1.850152905198776954e-01
9.480122324159021563e-01 1.727828746177370034e-01
9.480122324159021563e-01 1.605504587155963114e-01
9.373088685015290578e-01 1.406727828746177633e-01
9.189602446483180476e-01 1.345565749235473896e-01
8.899082568807339388e-01 1.391437308868501699e-01
8.899082568807339388e-01 1.513761467889908063e-01
9.051987767584097622e-01 1.850152905198776954e-01
9.051987767584097622e-01 2.370030581039755391e-01
8.990825688073393884e-01 2.492354740061162310e-01
8.990825688073393884e-01 2.584097859327216806e-01
8.929663608562691257e-01 2.675840978593272412e-01
8.929663608562691257e-01 2.828746177370030646e-01
8.868501529051987520e-01 3.012232415902140747e-01
8.654434250764526659e-01 3.226299694189602718e-01
8.532110091743119185e-01 3.470948012232416002e-01
8.012232415902140747e-01 3.960244648318043126e-01
7.844036697247707135e-01 4.250764525993883658e-01
7.629969418960245164e-01 4.434250764525993760e-01
7.492354740061162310e-01 4.204892966360856410e-01
7.522935779816513069e-01 3.623853211009174236e-01
7.645259938837920544e-01 3.287461773700305900e-01
7.645259938837920544e-01 3.103975535168195798e-01
7.553516819571866048e-01 3.012232415902140747e-01
7.553516819571866048e-01 2.951070336391437010e-01
7.492354740061162310e-01 2.889908256880733828e-01
7.492354740061162310e-01 2.828746177370030646e-01
7.400611620795106704e-01 2.737003058103975595e-01
7.217125382262996602e-01 2.400611620795107259e-01
7.217125382262996602e-01 2.339449541284403522e-01
7.125382262996942107e-01 2.217125382262997157e-01
7.125382262996942107e-01 2.125382262996942107e-01
7.003058103975534632e-01 1.911314984709480136e-01
7.003058103975534632e-01 1.727828746177370034e-01
6.865443425076452888e-01 1.590214067278287735e-01
6.697247706422018165e-01 1.544342507645259932e-01
6.697247706422018165e-01 1.360856269113149830e-01
