4.972826086956521618e-01 0.000000000000000000e+00
4.850543478260869734e-01 6.793478260869567631e-03
4.721467391304348116e-01 2.377717391304345895e-02
4.769021739130434590e-01 2.853260869565216185e-02
4.972826086956521618e-01 3.396739130434783815e-02
5.000000000000000000e-01 3.804347826086956763e-02
5.122282608695651884e-01 3.940217391304345895e-02
5.366847826086956763e-01 5.570652173913043237e-02
5.638586956521739468e-01 9.103260869565216185e-02
5.686141304347825942e-01 9.307065217391302658e-02
5.835597826086956763e-01 1.216032608695652439e-01
5.849184782608696231e-01 1.392663043478261087e-01
5.876358695652174058e-01 1.406250000000000000e-01
5.930706521739130821e-01 1.705163043478261087e-01
5.883152173913043237e-01 1.861413043478261087e-01
5.760869565217391353e-01 1.739130434782608647e-01
5.625000000000000000e-01 1.711956521739130266e-01
5.529891304347825942e-01 1.630434782608695676e-01
5.407608695652174058e-01 1.589673913043478382e-01
5.339673913043477826e-01 1.603260869565217295e-01
4.769021739130434590e-01 1.209239130434782705e-01
4.775815217391304324e-01 1.175271739130434590e-01
4.578804347826087029e-01 9.918478260869567631e-02
4.470108695652174058e-01 1.073369565217391353e-01
4.327445652173912971e-01 1.025815217391304324e-01
4.279891304347825942e-01 9.239130434782610868e-02
4.103260869565217295e-01 8.967391304347827052e-02
3.851902173913043237e-01 1.134510869565217295e-01
3.899456521739130266e-01 1.209239130434782705e-01
4.076086956521739468e-01 1.263586956521738913e-01
4.144021739130434590e-01 1.250000000000000000e-01
4.266304347826087029e-01 1.290760869565217295e-01
4.293478260869565410e-01 1.263586956521738913e-01
4.307065217391304324e-01 1.290760869565217295e-01
4.361413043478260532e-01 1.277173913043478382e-01
4.782608695652174058e-01 1.480978260869565410e-01
4.864130434782608647e-01 1.576086956521738913e-01
5.149456521739130821e-01 1.752717391304347561e-01
5.264945652173913526e-01 1.868206521739130266e-01
5.332880434782608647e-01 2.031250000000000000e-01
5.400815217391303769e-01 2.085597826086956763e-01
5.441576086956522174e-01 2.180706521739130266e-01
5.495923913043477826e-01 2.207880434782608647e-01
5.591032608695651884e-01 2.547554347826087029e-01
5.822010869565217295e-01 2.968750000000000000e-01
5.794836956521739468e-01 3.226902173913043237e-01
5.835597826086956763e-01 3.308423913043478382e-01
5.822010869565217295e-01 3.376358695652174058e-01
5.849184782608696231e-01 3.389945652173912971e-01
5.849184782608696231e-01 3.498641304347825942e-01
5.529891304347825942e-01 3.695652173913043237e-01
5.081521739130434590e-01 3.831521739130434590e-01
4.721467391304348116e-01 4.042119565217391353e-01
4.436141304347825942e-01 4.286684782608695676e-01
4.089673913043478382e-01 4.673913043478261087e-01
3.777173913043478382e-01 4.918478260869565410e-01
3.546195652173912971e-01 5.000000000000000000e-01
3.240489130434782705e-01 4.707880434782608647e-01
3.186141304347825942e-01 4.585597826086956763e-01
3.118206521739130821e-01 4.531250000000000000e-01
2.927989130434782705e-01 4.164402173913043237e-01
2.819293478260869179e-01 4.028532608695651884e-01
2.730978260869565410e-01 3.980978260869565410e-01
2.384510869565217295e-01 3.525815217391304324e-01
2.187500000000000000e-01 3.070652173913043237e-01
2.119565217391304324e-01 3.029891304347825942e-01
2.105978260869565410e-01 3.057065217391304324e-01
1.915760869565217295e-01 3.043478260869565410e-01
1.895380434782608647e-01 2.941576086956521618e-01
1.807065217391304324e-01 2.866847826086956763e-01
1.644021739130434590e-01 2.880434782608695676e-01
1.392663043478261087e-01 3.104619565217391353e-01
1.535326086956521618e-01 3.192934782608695676e-01
1.779891304347825942e-01 3.220108695652174058e-01
1.963315217391304324e-01 3.322010869565217295e-01
2.194293478260869734e-01 3.580163043478260532e-01
2.425271739130434590e-01 3.960597826086956763e-01
2.438858695652174058e-01 4.123641304347825942e-01
2.547554347826087029e-01 4.408967391304348116e-01
2.669836956521739468e-01 4.544836956521738913e-01
2.744565217391304324e-01 4.728260869565217295e-01
2.411684782608695676e-01 4.381793478260869734e-01
2.425271739130434590e-01 4.354619565217391353e-01
1.902173913043478382e-01 3.872282608695651884e-01
1.664402173913043237e-01 3.552989130434782705e-01
1.677989130434782705e-01 3.512228260869565410e-01
1.535326086956521618e-01 3.301630434782608647e-01
1.399456521739130266e-01 3.342391304347825942e-01
1.365489130434782705e-01 3.322010869565217295e-01
1.365489130434782705e-01 3.240489130434782705e-01
1.290760869565217295e-01 3.152173913043478382e-01
1.127717391304347561e-01 3.138586956521739468e-01
9.850543478260870289e-02 3.186141304347825942e-01
8.899456521739129711e-02 3.335597826086956763e-01
9.103260869565216185e-02 3.410326086956521618e-01
1.222826086956521618e-01 3.491847826086956763e-01
1.453804347826087029e-01 3.654891304347825942e-01
1.841032608695652439e-01 4.150815217391304324e-01
1.854619565217391353e-01 4.273097826086956763e-01
2.072010869565217295e-01 4.544836956521738913e-01
2.058423913043478382e-01 4.572010869565217295e-01
2.330163043478261087e-01 4.925271739130434590e-01
2.330163043478261087e-01 4.979619565217391353e-01
2.384510869565217295e-01 5.020380434782608647e-01
2.533967391304348116e-01 5.414402173913043237e-01
2.629076086956521618e-01 5.509510869565217295e-01
2.588315217391304324e-01 5.754076086956522174e-01
2.615489130434782705e-01 5.767663043478260532e-01
2.601902173913043237e-01 5.876358695652174058e-01
2.629076086956521618e-01 5.889945652173913526e-01
2.669836956521739468e-01 6.134510869565217295e-01
2.764945652173912971e-01 6.256793478260869179e-01
2.751358695652174058e-01 6.283967391304348116e-01
2.846467391304348116e-01 6.460597826086956763e-01
3.267663043478260532e-01 6.936141304347825942e-01
3.376358695652174058e-01 7.235054347826086474e-01
3.308423913043478382e-01 7.330163043478260532e-01
3.335597826086956763e-01 7.343750000000000000e-01
3.294836956521739468e-01 7.425271739130434590e-01
3.593750000000000000e-01 7.900815217391303769e-01
3.566576086956521618e-01 7.927989130434782705e-01
3.593750000000000000e-01 8.036684782608696231e-01
3.634510869565217295e-01 8.063858695652174058e-01
3.634510869565217295e-01 8.118206521739130821e-01
3.756793478260869734e-01 8.308423913043478937e-01
3.770380434782608647e-01 8.539402173913043237e-01
3.559782608695651884e-01 8.573369565217391353e-01
3.342391304347825942e-01 8.668478260869565410e-01
3.029891304347825942e-01 8.654891304347825942e-01
2.921195652173912971e-01 8.695652173913043237e-01
2.826086956521739468e-01 8.627717391304348116e-01
2.730978260869565410e-01 8.614130434782608647e-01
2.479619565217391353e-01 8.824728260869565410e-01
2.466032608695652439e-01 8.974184782608696231e-01
2.506793478260869179e-01 9.028532608695651884e-01
2.493206521739130266e-01 9.123641304347825942e-01
2.581521739130434590e-01 9.184782608695651884e-01
2.649456521739130821e-01 9.171195652173913526e-01
3.206521739130434590e-01 9.375000000000000000e-01
3.233695652173912971e-01 9.415760869565217295e-01
3.315217391304348116e-01 9.429347826086956763e-01
3.532608695652174058e-01 9.687500000000000000e-01
3.641304347826087029e-01 9.714673913043478937e-01
3.736413043478260532e-01 9.687500000000000000e-01
3.797554347826087029e-01 9.762228260869565410e-01
3.811141304347825942e-01 9.843750000000000000e-01
3.940217391304348116e-01 1.000000000000000000e+00
4.014945652173912971e-01 9.952445652173913526e-01
3.987771739130434590e-01 9.938858695652174058e-01
4.014945652173912971e-01 9.802989130434782705e-01
3.987771739130434590e-01 9.789402173913043237e-01
4.035326086956521618e-01 9.701086956521738358e-01
4.096467391304348116e-01 9.816576086956521063e-01
4.082880434782608647e-01 9.870923913043478937e-01
4.130434782608695676e-01 9.945652173913043237e-01
4.191576086956521618e-01 9.911684782608696231e-01
4.245923913043478382e-01 9.762228260869565410e-01
4.245923913043478382e-01 9.517663043478261642e-01
4.504076086956521618e-01 9.205163043478261642e-01
4.721467391304348116e-01 8.756793478260869179e-01
4.802989130434782705e-01 8.457880434782608647e-01
4.830163043478261087e-01 8.104619565217391353e-01
4.857336956521738913e-01 8.091032608695651884e-01
4.857336956521738913e-01 7.887228260869565410e-01
4.884510869565217295e-01 7.860054347826086474e-01
4.870923913043478382e-01 7.669836956521738358e-01
4.898097826086956763e-01 7.642663043478261642e-01
4.870923913043478382e-01 7.629076086956521063e-01
4.911684782608695676e-01 7.493206521739130821e-01
4.884510869565217295e-01 7.479619565217391353e-01
4.925271739130434590e-01 7.452445652173913526e-01
4.911684782608695676e-01 7.398097826086956763e-01
5.061141304347825942e-01 7.099184782608696231e-01
5.360054347826086474e-01 6.718750000000000000e-01
5.550271739130434590e-01 6.134510869565217295e-01
5.869565217391303769e-01 5.720108695652174058e-01
6.535326086956521063e-01 5.230978260869565410e-01
6.576086956521739468e-01 5.244565217391304879e-01
6.861413043478260532e-01 5.149456521739130821e-01
7.153532608695651884e-01 4.993206521739130266e-01
7.370923913043478937e-01 4.762228260869565410e-01
7.724184782608696231e-01 4.245923913043478382e-01
7.860054347826086474e-01 3.933423913043478382e-01
7.948369565217391353e-01 3.858695652173912971e-01
8.179347826086956763e-01 3.804347826086956763e-01
8.383152173913043237e-01 3.831521739130434590e-01
8.410326086956521063e-01 3.804347826086956763e-01
8.423913043478261642e-01 3.831521739130434590e-01
8.451086956521738358e-01 3.804347826086956763e-01
8.464673913043478937e-01 3.831521739130434590e-01
8.885869565217391353e-01 3.736413043478260532e-01
9.035326086956521063e-01 3.627717391304348116e-01
9.096467391304348116e-01 3.539402173913043237e-01
9.110054347826086474e-01 3.322010869565217295e-01
9.028532608695651884e-01 3.118206521739130821e-01
8.675271739130434590e-01 2.778532608695651884e-01
8.451086956521738358e-01 2.500000000000000000e-01
8.125000000000000000e-01 2.187500000000000000e-01
8.023097826086956763e-01 2.330163043478261087e-01
8.063858695652174058e-01 2.370923913043478382e-01
7.982336956521738358e-01 2.479619565217391353e-01
8.009510869565217295e-01 2.520380434782608647e-01
7.982336956521738358e-01 2.533967391304348116e-01
7.982336956521738358e-01 2.629076086956521618e-01
8.023097826086956763e-01 2.683423913043478382e-01
7.955163043478261642e-01 2.697010869565217295e-01
7.982336956521738358e-01 2.792119565217391353e-01
7.941576086956521063e-01 2.819293478260869179e-01
7.968750000000000000e-01 2.860054347826087029e-01
7.941576086956521063e-01 2.914402173913043237e-01
7.968750000000000000e-01 2.941576086956521618e-01
7.927989130434782705e-01 2.982336956521739468e-01
7.955163043478261642e-01 3.009510869565217295e-01
7.914402173913043237e-01 3.036684782608695676e-01
7.955163043478261642e-01 3.118206521739130821e-01
7.927989130434782705e-01 3.131793478260869179e-01
7.914402173913043237e-01 3.322010869565217295e-01
7.887228260869565410e-01 3.335597826086956763e-01
7.927989130434782705e-01 3.389945652173912971e-01
7.873641304347825942e-01 3.444293478260869179e-01
7.900815217391303769e-01 3.471467391304348116e-01
7.853260869565217295e-01 3.559782608695651884e-01
7.764945652173913526e-01 3.240489130434782705e-01
7.588315217391303769e-01 2.982336956521739468e-01
7.350543478260869179e-01 2.785326086956521618e-01
7.228260869565217295e-01 2.744565217391304324e-01
7.214673913043478937e-01 2.703804347826087029e-01
6.970108695652174058e-01 2.595108695652174058e-01
6.942934782608696231e-01 2.540760869565217295e-01
6.861413043478260532e-01 2.527173913043478382e-01
6.779891304347825942e-01 2.445652173913043237e-01
6.752717391304348116e-01 2.459239130434782705e-01
6.671195652173913526e-01 2.377717391304347561e-01
6.548913043478260532e-01 2.336956521739130266e-01
6.460597826086956763e-01 2.262228260869565410e-01
6.419836956521739468e-01 2.139945652173912971e-01
6.447010869565217295e-01 2.112771739130434590e-01
6.392663043478260532e-01 1.976902173913043237e-01
6.406250000000000000e-01 1.759510869565217295e-01
6.433423913043478937e-01 1.745923913043478382e-01
6.433423913043478937e-01 1.637228260869565410e-01
6.460597826086956763e-01 1.623641304347825942e-01
6.460597826086956763e-01 1.447010869565217295e-01
6.433423913043478937e-01 1.433423913043478382e-01
6.447010869565217295e-01 1.365489130434782705e-01
6.372282608695651884e-01 1.263586956521738913e-01
6.100543478260869179e-01 1.073369565217391353e-01
5.889945652173913526e-01 8.355978260869567631e-02
5.869565217391303769e-01 7.608695652173913526e-02
5.822010869565217295e-01 7.540760869565216185e-02
5.672554347826086474e-01 5.230978260869567631e-02
5.645380434782608647e-01 4.008152173913043237e-02
5.502717391304348116e-01 2.038043478260870289e-02
5.421195652173913526e-01 1.630434782608697342e-02
5.312500000000000000e-01 2.173913043478259421e-02
5.176630434782608647e-01 2.717391304347838155e-03
