5.748129675810473849e-01 0.000000000000000000e+00
5.735660847880299507e-01 2.493765586034923931e-03
5.660847880299252344e-01 0.000000000000000000e+00
5.579800498753116900e-01 4.364089775561075246e-03
5.592269326683292352e-01 1.184538653366584704e-02
5.567331670822942558e-01 1.433915211970077097e-02
5.654613466334164062e-01 2.182044887780548725e-02
5.667082294264339515e-01 3.428927680798005140e-02
5.729426433915212336e-01 3.927680798004989926e-02
6.003740648379052303e-01 8.291770573566087377e-02
6.745635910224438980e-01 1.720698254364089741e-01
6.801745635910224630e-01 1.739401496259351809e-01
6.820448877805486143e-01 1.795511221945136904e-01
6.845386533665835938e-01 1.770573566084788220e-01
7.711970074812968257e-01 2.624688279301745641e-01
7.793017456359101480e-01 2.755610972568578454e-01
7.861596009975062582e-01 2.786783042394014864e-01
7.911471321695759951e-01 2.886533665835411266e-01
8.298004987531172327e-01 3.310473815461346669e-01
8.285536159600996875e-01 3.360349127182045148e-01
8.310473815461346669e-01 3.372817955112219490e-01
8.291770573566084046e-01 3.428927680798005140e-01
8.086034912718205181e-01 3.073566084788029729e-01
7.605985037406484128e-01 2.680798004987531291e-01
6.982543640897755921e-01 2.381546134663341530e-01
6.957605985037406127e-01 2.344139650872817948e-01
6.882793017456358964e-01 2.331670822942643606e-01
6.695760598503740502e-01 2.206982543640897965e-01
6.589775561097257484e-01 2.063591022443890255e-01
6.490024937655860526e-01 1.789276807980049733e-01
6.502493765586034868e-01 1.714463840399002570e-01
6.458852867830423561e-01 1.620947630922693339e-01
6.172069825436409252e-01 1.446384039900249219e-01
6.084788029925186637e-01 1.346633416458852817e-01
6.034912718204488158e-01 1.346633416458852817e-01
5.760598503740648191e-01 1.072319201995012294e-01
5.716957605985037993e-01 1.066084788029925123e-01
5.361596009975062582e-01 6.608478802992517886e-02
5.174563591022444120e-01 6.733167082294266859e-02
5.093516209476309786e-01 5.922693266832917969e-02
5.049875311720698479e-01 4.613466334164589844e-02
4.975062344139650761e-01 4.488778054862840872e-02
4.950124688279301521e-01 4.114713216957605058e-02
4.632169576059850247e-01 7.169576059850374383e-02
4.837905236907730777e-01 8.354114713216959087e-02
5.000000000000000000e-01 8.354114713216959087e-02
5.504987531172069737e-01 1.178304239401496423e-01
5.741895261845386678e-01 1.427680798004987706e-01
5.829177057356608183e-01 1.564837905236907689e-01
5.841645885286783635e-01 1.652119700748129749e-01
6.003740648379052303e-01 2.001246882793017434e-01
5.991271820448877961e-01 2.026184538653366674e-01
6.103491271820449260e-01 2.225685785536159478e-01
6.091022443890274918e-01 2.263092269326683059e-01
6.115960099750623602e-01 2.275561097256857956e-01
6.115960099750623602e-01 2.362842892768080016e-01
6.153366583541146628e-01 2.412718204488777940e-01
6.140897755610972286e-01 2.475062344139650761e-01
6.221945137157107730e-01 2.718204488778054873e-01
5.928927680798005140e-01 2.475062344139650761e-01
5.829177057356608183e-01 2.300498753117207196e-01
5.841645885286783635e-01 2.275561097256857956e-01
5.766832917705735362e-01 2.175810473815461554e-01
5.754364089775561020e-01 2.100997506234413836e-01
5.685785536159601028e-01 2.032418952618453845e-01
5.498753117206982566e-01 1.982543640897755366e-01
5.162094763092269778e-01 1.807980049875311801e-01
4.688279301745635896e-01 1.483790523690772800e-01
4.675810473815461554e-01 1.446384039900249219e-01
4.638403990024937418e-01 1.446384039900249219e-01
4.625935162094763076e-01 1.408977556109725637e-01
4.501246882793017434e-01 1.371571072319202056e-01
4.495012468827930263e-01 1.427680798004987706e-01
4.438902743142144613e-01 1.471321695760598458e-01
4.351620947630922553e-01 1.446384039900249219e-01
4.289276807980049733e-01 1.371571072319202056e-01
4.214463840399002570e-01 1.346633416458852817e-01
4.008728179551122039e-01 1.477556109725685629e-01
3.859102244389027714e-01 1.639650872817954852e-01
3.890274314214463569e-01 1.683291770573566160e-01
4.152119700748129749e-01 1.708229426433915399e-01
4.301745635910224630e-01 1.683291770573566160e-01
4.351620947630922553e-01 1.720698254364089741e-01
4.588528678304239494e-01 1.745635910224438980e-01
5.000000000000000000e-01 1.995012468827930263e-01
5.218204488778055428e-01 2.175810473815461554e-01
5.467581047381546711e-01 2.587281795511222060e-01
5.542394014962593873e-01 2.774314214463840522e-01
5.604738154613466694e-01 2.824189526184538446e-01
5.592269326683292352e-01 2.849127182044887685e-01
5.866583541147132319e-01 3.335411471321695354e-01
5.897755610972568174e-01 3.503740648379052303e-01
6.016209476309226645e-01 3.647132169576059457e-01
5.960099750623440995e-01 3.653366583541147183e-01
5.835411471321695354e-01 3.827930174563590748e-01
5.349127182044888240e-01 4.077306733167082031e-01
4.644638403990025144e-01 4.594763092269326665e-01
4.482543640897755921e-01 4.806733167082294367e-01
4.089775561097256928e-01 5.087281795511221505e-01
3.865336658354114885e-01 5.174563591022444120e-01
3.447630922693266653e-01 4.582294264339152323e-01
3.322942643391521012e-01 4.457605985037406682e-01
3.279301745635910259e-01 4.364089775561097451e-01
2.836658354114713343e-01 3.871571072319202056e-01
2.568578553615959992e-01 3.366583541147132319e-01
2.456359102244389248e-01 3.403990024937655900e-01
2.387780548628428701e-01 3.298004987531172327e-01
2.400249376558603598e-01 3.248129675810473849e-01
2.294264339152119470e-01 3.167082294264339515e-01
1.951371571072318956e-01 3.385286783042393832e-01
1.938902743142144613e-01 3.422693266832917969e-01
2.132169576059850247e-01 3.528678304239401542e-01
2.294264339152119470e-01 3.541147132169576439e-01
2.562344139650872821e-01 3.821695760598503577e-01
2.761845386533665625e-01 4.195760598503740502e-01
2.805486284289276933e-01 4.413965087281795374e-01
2.693266832917705633e-01 4.301745635910224630e-01
2.568578553615959992e-01 4.251870324189526151e-01
2.443890274314214350e-01 4.152119700748129749e-01
2.188279301745635896e-01 3.846633416458852817e-01
2.175810473815461554e-01 3.784289276807979996e-01
2.044887780548628187e-01 3.653366583541147183e-01
1.970074812967581024e-01 3.703241895261845107e-01
1.895261845386533861e-01 3.690773067331670765e-01
1.795511221945136904e-01 3.503740648379052303e-01
1.745635910224438980e-01 3.491271820448877961e-01
1.652119700748129749e-01 3.534912718204488713e-01
1.427680798004987706e-01 3.796758104738154893e-01
1.458852867830424116e-01 3.840399002493765646e-01
1.521197007481296937e-01 3.827930174563590748e-01
1.658354114713216920e-01 3.902743142144638466e-01
1.820448877805486143e-01 3.890274314214463569e-01
2.082294264339152323e-01 4.077306733167082031e-01
2.412718204488777940e-01 4.482543640897755921e-01
2.412718204488777940e-01 4.532418952618453845e-01
2.462593516209476419e-01 4.569825436408977426e-01
2.475062344139650761e-01 4.632169576059850247e-01
2.662094763092269223e-01 4.806733167082294367e-01
2.724438902743142044e-01 4.956359102244389248e-01
2.836658354114713343e-01 5.081047381546134334e-01
2.911471321695760506e-01 5.243142144638404112e-01
2.948877805486284087e-01 5.255610972568578454e-01
3.073566084788029729e-01 5.442643391521196916e-01
3.086034912718204626e-01 5.542394014962593873e-01
3.198254364089775370e-01 5.766832917705735362e-01
3.210723192019949712e-01 5.916458852867830798e-01
3.185785536159601028e-01 5.928927680798005140e-01
3.210723192019949712e-01 5.978802992518703618e-01
3.185785536159601028e-01 6.003740648379052303e-01
3.210723192019949712e-01 6.016209476309226645e-01
3.198254364089775370e-01 6.066084788029925123e-01
3.223192019950124609e-01 6.078553615960099465e-01
3.210723192019949712e-01 6.140897755610972286e-01
3.248129675810473849e-01 6.190773067331670765e-01
3.322942643391521012e-01 6.502493765586034868e-01
3.615960099750623602e-01 6.870324189526184622e-01
3.740648379052369243e-01 6.932668329177057442e-01
3.871571072319202056e-01 7.076059850374064597e-01
3.983790523690773355e-01 7.387780548628428701e-01
3.983790523690773355e-01 7.475062344139651316e-01
4.145885286783042578e-01 7.899002493765585609e-01
4.133416458852867681e-01 7.948877805486284087e-01
4.195760598503740502e-01 8.073566084788029729e-01
4.208229426433915399e-01 8.260598503740648191e-01
4.233167082294264638e-01 8.273067331670822533e-01
4.208229426433915399e-01 8.472568578553616447e-01
4.089775561097256928e-01 8.566084788029925123e-01
4.014962593516209211e-01 8.566084788029925123e-01
3.977556109725685629e-01 8.615960099750623602e-01
3.865336658354114885e-01 8.628428927680797944e-01
3.790523690773067167e-01 8.690773067331670765e-01
3.516209476309226645e-01 8.566084788029925123e-01
3.391521197007481003e-01 8.665835411471320970e-01
3.316708229426433840e-01 8.665835411471320970e-01
3.173316708229426686e-01 8.834164588528679030e-01
3.173316708229426686e-01 8.983790523690773355e-01
3.322942643391521012e-01 9.220698254364090296e-01
3.478802992518703618e-01 9.301745635910224630e-01
3.728179551122194901e-01 9.314214463840398972e-01
3.977556109725685629e-01 9.426433915211970271e-01
4.096009975062344100e-01 9.544887780548627632e-01
4.027431421446384108e-01 9.551122194513715913e-01
3.983790523690773355e-01 9.594763092269327220e-01
4.064837905236907689e-01 9.725685785536160033e-01
4.189526184538653331e-01 9.725685785536160033e-01
4.214463840399002570e-01 9.763092269326683059e-01
4.239401496259351809e-01 9.738154613466334375e-01
4.364089775561097451e-01 9.800498753117207196e-01
4.551122194513715913e-01 9.825436408977555880e-01
4.675810473815461554e-01 9.763092269326683059e-01
4.831670822942643606e-01 9.943890274314214350e-01
4.962593516209476419e-01 1.000000000000000000e+00
5.006234413965087171e-01 9.956359102244389803e-01
4.894014962593516427e-01 9.794264339152118914e-01
4.881546134663341530e-01 9.632169576059850247e-01
5.018703241895261513e-01 9.719451371571072862e-01
5.018703241895261513e-01 9.769326683291770230e-01
5.124688279301745641e-01 9.850374064837905674e-01
5.155860349127181497e-01 9.819201995012468709e-01
5.143391521197007155e-01 9.607231920199501563e-01
5.006234413965087171e-01 9.420199501246881990e-01
5.230673316708229770e-01 8.908977556109725082e-01
5.268079800498752796e-01 8.884039900249376398e-01
5.529925187032418421e-01 8.173316708229426686e-01
5.504987531172069737e-01 8.160847880299251234e-01
5.542394014962593873e-01 8.023690773067331250e-01
5.542394014962593873e-01 7.849127182044888240e-01
5.567331670822942558e-01 7.824189526184538446e-01
5.592269326683292352e-01 7.238154613466334375e-01
5.679551122194513857e-01 7.063591022443890255e-01
5.741895261845386678e-01 7.013715710723191776e-01
5.928927680798005140e-01 6.627182044887780510e-01
5.903990024937655345e-01 6.614713216957606168e-01
5.953865336658353824e-01 6.564837905236907689e-01
5.941396508728179482e-01 6.539900249376559005e-01
6.066084788029925123e-01 6.290523690773067722e-01
6.078553615960099465e-01 6.203241895261845107e-01
6.228179551122194901e-01 6.016209476309226645e-01
7.169576059850374383e-01 5.336658354114712788e-01
7.381546134663341530e-01 5.236907730673316941e-01
7.817955112219451275e-01 4.900249376558603598e-01
8.173316708229426686e-01 4.432668329177057442e-01
8.360349127182045148e-01 4.058603491271820518e-01
8.385286783042393832e-01 3.908977556109725637e-01
8.447630922693266653e-01 3.821695760598503577e-01
8.435162094763092311e-01 3.697007481296757936e-01
8.559850374064837952e-01 3.509975062344139474e-01
8.572319201995012294e-01 3.335411471321695354e-01
8.534912718204488158e-01 3.061097256857855387e-01
8.472568578553616447e-01 2.874064837905236924e-01
8.435162094763092311e-01 2.849127182044887685e-01
8.447630922693266653e-01 2.824189526184538446e-01
8.298004987531172327e-01 2.599750623441396402e-01
8.273067331670822533e-01 2.512468827930174342e-01
8.067331670822942558e-01 2.231920199501246649e-01
7.973815461346633882e-01 2.163341645885286657e-01
7.780548628428927138e-01 1.832917705735661040e-01
7.755610972568578454e-01 1.857855361596009725e-01
7.749376558603491283e-01 1.801745635910224630e-01
7.655860349127181497e-01 1.720698254364089741e-01
7.637157107231919984e-01 1.664588528678304091e-01
7.406483790523690214e-01 1.433915211970074877e-01
7.381546134663341530e-01 1.446384039900249219e-01
7.206982543640897410e-01 1.246882793017456414e-01
7.144638403990024589e-01 1.246882793017456414e-01
7.001246882793017434e-01 1.091022443890274363e-01
7.013715710723191776e-01 1.053615960099750781e-01
6.876558603491271793e-01 9.912718204488779605e-02
6.889027431421446135e-01 9.538653366583543791e-02
6.733167082294264638e-01 7.855361596009974301e-02
6.720698254364090296e-01 8.104738154613466694e-02
6.658354114713216365e-01 7.231920199501246094e-02
6.483790523690773355e-01 6.109725685785538651e-02
6.209476309226932278e-01 3.491271820448876850e-02
6.097256857855362089e-01 2.867830423940148643e-02
5.985037406483790789e-01 1.620947630922692229e-02
