4.136490250696378546e-01 1.197771587743732824e-01
3.690807799442896719e-01 1.197771587743732824e-01
3.621169916434540115e-01 1.239554317548746676e-01
3.621169916434540115e-01 1.350974930362117132e-01
3.830083565459609929e-01 1.559888579387186391e-01
3.885793871866295435e-01 1.559888579387186391e-01
4.011142061281336990e-01 1.657381615598885749e-01
4.094707520891365249e-01 1.796657381615598958e-01
4.066852367688021941e-01 1.963788300835654366e-01
4.011142061281336990e-01 2.019498607242339872e-01
4.011142061281336990e-01 2.130919220055710328e-01
3.844011142061281028e-01 2.548746518105849956e-01
3.732590529247911126e-01 2.715877437325905364e-01
3.649025069637883423e-01 3.050139275766016733e-01
3.593314763231197917e-01 3.133704735376044437e-01
3.593314763231197917e-01 3.217270194986072696e-01
3.426183844011141955e-01 3.635097493036211769e-01
3.370473537604457004e-01 3.690807799442896719e-01
3.370473537604457004e-01 3.746518105849582225e-01
3.314763231197771498e-01 3.802228412256267731e-01
3.314763231197771498e-01 3.857938718662952682e-01
3.245125348189414893e-01 3.955431754874652039e-01
3.077994428969359486e-01 4.011142061281336990e-01
2.938718662952646277e-01 3.871866295264623781e-01
2.771587743732590869e-01 3.788300835654596077e-01
2.506963788300835549e-01 3.551532033426183510e-01
2.395543175487465093e-01 3.384401114206128103e-01
2.284122562674094636e-01 3.300835654596100399e-01
2.116991643454039229e-01 3.050139275766016733e-01
1.727019498607242354e-01 2.688022284122562611e-01
1.601671309192200798e-01 2.506963788300835549e-01
1.559888579387186391e-01 2.493036211699164451e-01
1.309192200557103281e-01 2.075208913649024822e-01
1.309192200557103281e-01 2.019498607242339872e-01
1.211699164345403923e-01 1.949860724233983267e-01
1.100278551532033466e-01 1.949860724233983267e-01
1.030640668523676862e-01 1.880222841225626662e-01
1.058495821727019615e-01 1.852367688022283909e-01
1.030640668523676862e-01 1.685236768802228502e-01
9.331476323119775040e-02 1.615598885793871897e-01
5.988857938718661345e-02 1.615598885793871897e-01
5.571030640668522826e-02 1.713091922005571255e-01
5.571030640668522826e-02 1.880222841225626662e-01
6.545961002785516403e-02 2.033426183844010970e-01
7.938718662952648497e-02 2.061281337047353723e-01
9.470752089136491580e-02 2.186629526462395279e-01
9.470752089136491580e-02 2.242339832869080785e-01
1.197771587743732824e-01 2.493036211699164451e-01
1.448467966573815935e-01 2.855153203342618573e-01
1.532033426183844194e-01 3.105849582172701684e-01
1.615598885793871897e-01 3.189415041782729943e-01
1.615598885793871897e-01 3.245125348189414893e-01
1.727019498607242354e-01 3.356545961002785905e-01
1.963788300835654366e-01 3.760445682451253324e-01
2.005571030640668773e-01 3.774373259052924978e-01
2.256267409470751883e-01 4.192200557103064051e-01
2.367688022284122340e-01 4.442896935933147717e-01
2.284122562674094636e-01 4.554317548746518174e-01
2.284122562674094636e-01 4.721448467966573581e-01
2.172701949860724180e-01 5.083565459610027704e-01
2.172701949860724180e-01 5.362116991643454122e-01
2.200557103064066933e-01 5.389972144846796320e-01
2.200557103064066933e-01 5.529247910863509530e-01
2.284122562674094636e-01 5.752089136490250443e-01
2.284122562674094636e-01 5.863509749303621454e-01
2.144846796657381427e-01 6.114206128133704565e-01
2.144846796657381427e-01 6.197771587743732269e-01
2.005571030640668773e-01 6.532033426183844194e-01
2.005571030640668773e-01 6.615598885793871897e-01
1.949860724233983267e-01 6.699164345403899601e-01
1.922005571030640514e-01 6.949860724233982712e-01
1.601671309192200798e-01 7.520891364902506648e-01
1.128133704735376219e-01 7.493036211699164451e-01
9.888579387186630099e-02 7.576601671309192154e-01
5.153203342618384308e-02 7.632311977715877660e-01
4.596100278551534801e-02 7.576601671309192154e-01
3.203342618384402707e-02 7.576601671309192154e-01
1.392757660167132094e-02 7.701949860724233154e-01
1.671309192200559623e-02 7.813370473537604166e-01
2.785515320334275291e-03 7.869080779944289672e-01
0.000000000000000000e+00 8.064066852367688387e-01
9.749303621169935763e-03 8.300835654596100399e-01
3.203342618384402707e-02 8.356545961002785905e-01
5.153203342618384308e-02 8.356545961002785905e-01
5.431754874651811837e-02 8.384401114206128103e-01
7.660167130919220968e-02 8.384401114206128103e-01
1.295264623955431627e-01 8.551532033426183510e-01
1.406685236768802083e-01 8.551532033426183510e-01
1.545961002785515293e-01 8.635097493036212324e-01
1.713091922005571255e-01 8.635097493036212324e-01
1.852367688022283909e-01 8.802228412256267731e-01
1.935933147632312168e-01 8.802228412256267731e-01
1.963788300835654366e-01 8.718662952646238917e-01
2.047353760445682624e-01 8.774373259052925533e-01
2.144846796657381427e-01 8.760445682451253324e-01
2.144846796657381427e-01 8.565459610027854609e-01
2.061281337047353723e-01 8.454038997214484707e-01
2.437325905292478945e-01 8.328690807799443707e-01
2.493036211699164451e-01 8.272980501392757091e-01
2.548746518105849956e-01 8.272980501392757091e-01
2.688022284122562611e-01 8.105849582172701684e-01
2.938718662952646277e-01 7.994428969359330672e-01
3.022284122562673980e-01 7.883008356545960771e-01
3.454038997214484707e-01 7.646239554317548759e-01
3.454038997214484707e-01 7.562674094707521055e-01
3.551532033426183510e-01 7.437325905292478945e-01
3.662952646239554522e-01 7.409470752089136747e-01
3.690807799442896719e-01 7.353760445682451241e-01
3.857938718662952682e-01 7.353760445682451241e-01
3.871866295264623781e-01 7.256267409470752439e-01
3.704735376044568373e-01 7.200557103064066933e-01
3.788300835654596077e-01 7.172701949860724735e-01
3.802228412256267731e-01 7.103064066852367020e-01
3.885793871866295435e-01 7.103064066852367020e-01
3.969359331476323138e-01 6.935933147632311613e-01
4.052924791086350842e-01 6.935933147632311613e-01
4.108635097493036348e-01 6.824512534818941711e-01
4.192200557103064051e-01 6.824512534818941711e-01
4.220055710306406804e-01 6.768802228412256206e-01
4.317548746518106162e-01 6.754874651810585107e-01
4.303621169916434508e-01 6.601671309192200798e-01
4.387186629526462212e-01 6.573816155988858601e-01
4.470752089136490470e-01 6.490250696378829787e-01
4.526462395543175421e-01 6.490250696378829787e-01
4.832869080779944038e-01 6.323119777158774379e-01
4.972144846796657247e-01 6.323119777158774379e-01
5.000000000000000000e-01 6.295264623955432182e-01
5.250696378830083111e-01 6.295264623955432182e-01
5.278551532033426419e-01 6.267409470752088874e-01
5.724233983286908245e-01 6.267409470752088874e-01
5.752089136490250443e-01 6.295264623955432182e-01
5.919220055710305850e-01 6.295264623955432182e-01
5.947075208913649158e-01 6.323119777158774379e-01
6.253481894150417775e-01 6.350974930362116577e-01
6.281337047353761083e-01 6.378830083565459885e-01
6.420612813370473182e-01 6.378830083565459885e-01
6.448467966573816490e-01 6.406685236768802083e-01
6.615598885793871897e-01 6.406685236768802083e-01
6.643454038997214095e-01 6.378830083565459885e-01
6.894150417827298316e-01 6.378830083565459885e-01
7.061281337047353723e-01 6.323119777158774379e-01
7.256267409470752439e-01 6.323119777158774379e-01
7.618384401114206561e-01 6.211699164345403368e-01
7.785515320334261968e-01 6.211699164345403368e-01
8.342618384401114806e-01 6.406685236768802083e-01
8.788300835654596632e-01 6.406685236768802083e-01
8.816155988857938830e-01 6.378830083565459885e-01
9.150417827298049644e-01 6.350974930362116577e-01
9.178272980501392952e-01 6.323119777158774379e-01
9.373259052924791668e-01 6.323119777158774379e-01
9.401114206128133866e-01 6.295264623955432182e-01
9.596100278551531471e-01 6.295264623955432182e-01
9.651810584958218087e-01 6.211699164345403368e-01
9.707520891364902482e-01 6.211699164345403368e-01
9.735376044568244680e-01 6.155988857938718972e-01
9.805013927576602395e-01 6.142061281337047873e-01
9.777158774373259087e-01 6.030640668523676862e-01
9.805013927576602395e-01 6.002785515320334664e-01
9.791086350974930186e-01 5.905292479108634751e-01
9.707520891364902482e-01 5.905292479108634751e-01
9.693593314763231383e-01 5.863509749303621454e-01
9.777158774373259087e-01 5.835654596100278146e-01
9.735376044568244680e-01 5.682451253481893838e-01
9.651810584958218087e-01 5.682451253481893838e-01
9.623955431754874779e-01 5.626740947075208332e-01
9.540389972144847075e-01 5.626740947075208332e-01
9.512534818941504877e-01 5.571030640668523937e-01
9.401114206128133866e-01 5.598885793871866134e-01
9.261838440111420656e-01 5.571030640668523937e-01
9.122562674094707447e-01 5.598885793871866134e-01
9.094707520891365249e-01 5.515320334261838431e-01
9.011142061281336435e-01 5.515320334261838431e-01
8.398328690807799202e-01 5.738161559888579344e-01
8.342618384401114806e-01 5.793871866295264850e-01
8.286908077994428190e-01 5.793871866295264850e-01
7.980501392757659573e-01 5.988857938718663565e-01
7.938718662952646277e-01 5.974930362116991356e-01
8.161559888579387190e-01 5.640668523676880541e-01
8.217270194986072696e-01 5.362116991643454122e-01
8.217270194986072696e-01 5.167130919220055407e-01
8.245125348189414893e-01 5.139275766016713209e-01
8.245125348189414893e-01 4.526462395543175421e-01
8.217270194986072696e-01 4.387186629526462212e-01
8.398328690807799202e-01 4.401114206128133866e-01
8.509749303621170213e-01 4.456824512534818816e-01
8.593314763231197917e-01 4.456824512534818816e-01
8.718662952646238917e-01 4.359331476323119459e-01
8.704735376044567818e-01 4.150417827298050200e-01
9.094707520891365249e-01 4.178272980501392952e-01
9.220055710306407359e-01 4.052924791086350842e-01
9.220055710306407359e-01 3.830083565459609929e-01
9.247910863509749557e-01 3.802228412256267731e-01
9.247910863509749557e-01 3.635097493036211769e-01
9.331476323119777261e-01 3.245125348189414893e-01
9.415041782729804964e-01 3.050139275766016733e-01
9.415041782729804964e-01 2.938718662952646277e-01
9.623955431754874779e-01 2.729805013927576463e-01
9.763231197771587988e-01 2.729805013927576463e-01
9.888579387186628988e-01 2.604456824512534907e-01
1.000000000000000000e+00 2.353760445682451241e-01
1.000000000000000000e+00 2.214484679665738032e-01
9.846796657381615692e-01 2.172701949860724180e-01
9.818941504178273494e-01 2.228412256267409686e-01
9.623955431754874779e-01 2.256267409470751883e-01
9.261838440111420656e-01 2.506963788300835549e-01
9.192200557103064051e-01 2.604456824512534907e-01
9.192200557103064051e-01 2.688022284122562611e-01
9.136490250696378546e-01 2.799442896935933067e-01
9.136490250696378546e-01 2.883008356545960771e-01
9.052924791086350842e-01 3.022284122562673980e-01
8.969359331476323138e-01 3.356545961002785905e-01
8.788300835654596632e-01 3.593314763231197917e-01
8.509749303621170213e-01 3.621169916434540115e-01
8.356545961002785905e-01 3.189415041782729943e-01
8.356545961002785905e-01 2.966573816155988474e-01
8.481894150417828016e-01 2.952646239554317376e-01
8.607242339832869016e-01 2.827298050139275820e-01
8.607242339832869016e-01 2.437325905292478945e-01
8.565459610027854609e-01 2.367688022284122340e-01
8.454038997214484707e-01 2.367688022284122340e-01
8.259052924791085992e-01 2.534818941504178302e-01
7.994428969359330672e-01 2.855153203342618573e-01
7.966573816155988474e-01 3.022284122562673980e-01
8.077994428969359486e-01 3.300835654596100399e-01
8.077994428969359486e-01 3.412256267409470856e-01
8.133704735376043882e-01 3.523676880222841312e-01
8.119777158774372783e-01 3.621169916434540115e-01
7.980501392757659573e-01 3.621169916434540115e-01
7.952646239554317376e-01 3.649025069637883423e-01
7.590529247910863253e-01 3.676880222841225621e-01
7.562674094707521055e-01 3.649025069637883423e-01
7.423398328690807846e-01 3.649025069637883423e-01
7.284122562674094636e-01 3.704735376044568373e-01
6.671309192200557403e-01 4.289693593314763409e-01
6.490250696378829787e-01 4.164345403899721298e-01
6.476323119777158688e-01 4.122562674094707447e-01
6.364902506963787676e-01 4.122562674094707447e-01
6.281337047353761083e-01 4.178272980501392952e-01
6.197771587743732269e-01 4.178272980501392952e-01
5.668523676880222739e-01 3.983286908077994237e-01
5.362116991643454122e-01 3.927576601671309287e-01
4.665738161559888630e-01 3.927576601671309287e-01
4.637883008356545878e-01 3.955431754874652039e-01
4.025069637883008644e-01 3.955431754874652039e-01
3.983286908077994237e-01 3.857938718662952682e-01
4.011142061281336990e-01 3.830083565459609929e-01
4.011142061281336990e-01 3.579387186629526818e-01
4.206128133704735150e-01 2.855153203342618573e-01
4.178272980501392952e-01 2.688022284122562611e-01
4.345403899721448360e-01 2.103064066852367575e-01
4.428969359331476063e-01 1.991643454038997119e-01
4.428969359331476063e-01 1.657381615598885749e-01
4.387186629526462212e-01 1.532033426183844194e-01
4.303621169916434508e-01 1.532033426183844194e-01
4.206128133704735150e-01 1.434540389972144836e-01
4.206128133704735150e-01 1.267409470752088874e-01
