2.727654199219594622e-01 0.000000000000000000e+00
2.632973124187077962e-01 0.000000000000000000e+00
2.502786646017367556e-01 1.255973444308888798e-03
2.254248824057010214e-01 9.540567509654096501e-03
2.159567749024493555e-01 1.435915793541608920e-02
2.075811413418805484e-01 2.019218845081227620e-02
1.970205598959459681e-01 2.997589953750562364e-02
1.875524523926943021e-01 4.019356555143144272e-02
1.814412193678682228e-01 4.859651096056732955e-02
1.759179135115799264e-01 5.806461846381899550e-02
1.663281114062384325e-01 7.700083347032238290e-02
1.578288034275680540e-01 9.593704847682577030e-02
1.511545637121611274e-01 1.148732634833291577e-01
1.388925884210647221e-01 1.432775859930842111e-01
1.227502412024060741e-01 1.906181235093426518e-01
1.107986956655146460e-01 2.190224460190977052e-01
1.081830824630922172e-01 2.284905535223494266e-01
1.061995594609086435e-01 2.379586610256010926e-01
9.862507345830723304e-02 2.663629835353561459e-01
9.432213576793374576e-02 2.852991985418595333e-01
8.225793427185490447e-02 3.231716285548662526e-01
8.012584802887706692e-02 3.326397360581179741e-01
7.917131271532079628e-02 3.421078435613696955e-01
7.845403184386234852e-02 3.610440585678730274e-01
7.755967225726256853e-02 3.705121660711246934e-01
7.540970368614763331e-02 3.799802735743764148e-01
7.265771927783848394e-02 3.894483810776281363e-01
7.065774052562534546e-02 3.989164885808798022e-01
6.962505371413407751e-02 4.083845960841314682e-01
6.891847852732424506e-02 4.462570260971382430e-01
6.789013987082870294e-02 4.557251336003899089e-01
6.589478534694442891e-02 4.651932411036416304e-01
6.318961177458681799e-02 4.746613486068932963e-01
6.118963302237367952e-02 4.841294561101449623e-01
6.015694621088235605e-02 4.935975636133966837e-01
5.987431613615840087e-02 6.072148536524168971e-01
6.015694621088235605e-02 6.166829611556685631e-01
6.118963302237367952e-02 6.261510686589203400e-01
6.318961177458681799e-02 6.356191761621720060e-01
6.591781325817869241e-02 6.450872836654236719e-01
6.803580306318646187e-02 6.545553911686753379e-01
7.056394225781920104e-02 6.734916061751787808e-01
7.265771927783848394e-02 6.829597136784304467e-01
8.208394340155455993e-02 7.113640361881854446e-01
8.616480121204078690e-02 7.208321436914372216e-01
9.973575530003486733e-02 7.492364662011922194e-01
1.113994842846440236e-01 7.776407887109473283e-01
1.228818966785198419e-01 7.965770037174506601e-01
1.389438647643932434e-01 8.249813262272057690e-01
1.458391863170477309e-01 8.344494337304574350e-01
1.536995019801246087e-01 8.439175412337092119e-01
1.608138154622149596e-01 8.533856487369608779e-01
1.671258871310494776e-01 8.628537562402125438e-01
1.743517255852760073e-01 8.723218637434642098e-01
1.875524523926943021e-01 8.862281466388650664e-01
1.970205598959459681e-01 8.949906980541342261e-01
2.064886673991976340e-01 9.021894392309945943e-01
2.632973124187077962e-01 9.400357397265410864e-01
2.917016349284628496e-01 9.558994308858042022e-01
3.106378499349662370e-01 9.674110468580178201e-01
3.201059574382179029e-01 9.713552139992500667e-01
3.390421724447212903e-01 9.780745160983319586e-01
3.674464949544763437e-01 9.870844893675552179e-01
3.769146024577280651e-01 9.892165756105331109e-01
3.958508174642314525e-01 9.917827513821475538e-01
4.053189249674831185e-01 9.939327199532626000e-01
4.147870324707347844e-01 9.966847043615716384e-01
4.242551399739865059e-01 9.986846831137847769e-01
4.337232474772381718e-01 9.997173699252761558e-01
5.378724300130067748e-01 1.000000000000000000e+00
5.473405375162584408e-01 9.996392184273410475e-01
5.568086450195101067e-01 9.986846831137847769e-01
5.662767525227617726e-01 9.966847043615716384e-01
5.757448600260135496e-01 9.939327199532626000e-01
5.852129675292652156e-01 9.918385130729721055e-01
6.136172900390202134e-01 9.892165756105331109e-01
6.230853975422719904e-01 9.870844893675552179e-01
6.609578275552787652e-01 9.749965049467591571e-01
6.893621500650337630e-01 9.679955629497090097e-01
7.082983650715370949e-01 9.598229572526819631e-01
7.272345800780405378e-01 9.493347738815203218e-01
7.367026875812922038e-01 9.424394523288658343e-01
7.461707950845438697e-01 9.345791366657889565e-01
7.556389025877956467e-01 9.274648231836986056e-01
7.651070100910473126e-01 9.211527515148640877e-01
7.745751175942989786e-01 9.140351298191107254e-01
8.015807424047101115e-01 8.912580787499675417e-01
8.100805207314927259e-01 8.817899712467158757e-01
8.408518701170608622e-01 8.444811190612836471e-01
8.503199776203125282e-01 8.336604247718532035e-01
8.728505667715689142e-01 8.060451112207023261e-01
8.789734608538373184e-01 7.965770037174506601e-01
8.876210563184678826e-01 7.776407887109473283e-01
8.980686232186075868e-01 7.587045737044439964e-01
9.020127903598398333e-01 7.492364662011922194e-01
9.087320924589217253e-01 7.303002511946888875e-01
9.178947771394878608e-01 7.018959286849337786e-01
9.222047630488465764e-01 6.829597136784304467e-01
9.273422807221615161e-01 6.640234986719271149e-01
9.293422594743745435e-01 6.545553911686753379e-01
9.303749462858659225e-01 6.450872836654236719e-01
9.310815214726757549e-01 6.261510686589203400e-01
9.321098601291712971e-01 6.166829611556685631e-01
9.341052146530556266e-01 6.072148536524168971e-01
9.368103882254131820e-01 5.977467461491652312e-01
9.388103669776262095e-01 5.882786386459135652e-01
9.398430537891175884e-01 5.788105311426618993e-01
9.401256838638414326e-01 5.125337786199000156e-01
9.398430537891175884e-01 5.030656711166483497e-01
9.378260024355213886e-01 4.746613486068932963e-01
9.388103669776262095e-01 4.557251336003899089e-01
9.385190405929109136e-01 4.462570260971382430e-01
9.366782807346485384e-01 4.367889185938865770e-01
9.339549272323690587e-01 4.273208110906348556e-01
9.273628846427395267e-01 3.989164885808798022e-01
9.151689996465521837e-01 3.610440585678730274e-01
9.131736451226679652e-01 3.515759510646213615e-01
9.104060444678712116e-01 3.231716285548662526e-01
9.081212468135506644e-01 3.137035210516145867e-01
8.961859738040971468e-01 2.852991985418595333e-01
8.772735417223112009e-01 2.284905535223494266e-01
8.702650893279820776e-01 2.000862310125943178e-01
8.583135437910904830e-01 1.716819085028392644e-01
8.516393040756835564e-01 1.527456934963358770e-01
8.431399960970131779e-01 1.338094784898325451e-01
8.289378348421356790e-01 1.054051559800774363e-01
8.204411137780837082e-01 8.646894097357404885e-02
8.137668740626768926e-01 6.753272596707071695e-02
8.052675660840065142e-01 4.859651096056732955e-02
8.001226835297970963e-01 3.912840345731560809e-02
7.935113326008023105e-01 2.910982458759581171e-02
7.840432250975506445e-01 2.065631136763829145e-02
7.745751175942989786e-01 1.599262463888617702e-02
7.556389025877956467e-01 9.446637871725060975e-03
7.461707950845438697e-01 7.446659119511978009e-03
7.367026875812922038e-01 6.413972308020599034e-03
7.177664725747888719e-01 6.413972308020599034e-03
7.082983650715370949e-01 7.446659119511978009e-03
6.988302575682854290e-01 9.446637871725060975e-03
6.893621500650337630e-01 1.215181144408261638e-02
6.798940425617820971e-01 1.423875721770706537e-02
6.609578275552787652e-01 1.633211385333277477e-02
6.514897200520269882e-01 1.878027768278345278e-02
6.491226931762140717e-01 2.019218845081227620e-02
6.420216125487753223e-01 2.729326907825102566e-02
6.406097017807466099e-01 2.966029595406394215e-02
6.383971026451867870e-01 3.912840345731560809e-02
6.383971026451867870e-01 4.859651096056732955e-02
6.406097017807466099e-01 5.806461846381899550e-02
6.420216125487753223e-01 6.050337342677769570e-02
6.486492878010514662e-01 6.753272596707071695e-02
6.514897200520269882e-01 6.948204221774012534e-02
6.609578275552787652e-01 7.270511802903223408e-02
6.885731411064295315e-01 7.700083347032238290e-02
6.948852127752638275e-01 8.646894097357404885e-02
6.893621500650337630e-01 8.734100350676826663e-02
6.798940425617820971e-01 9.066196001072834854e-02
6.715018563657180195e-01 9.593704847682577030e-02
6.609578275552787652e-01 1.015973301363783388e-01
6.566856327062504661e-01 1.054051559800774363e-01
6.504100235823579990e-01 1.148732634833291577e-01
6.490099776106992291e-01 1.243413709865808237e-01
6.504970958782990698e-01 1.338094784898325451e-01
6.596385010999075149e-01 1.622138009995875985e-01
6.716094484964368894e-01 1.906181235093426518e-01
6.743463233215956087e-01 2.000862310125943178e-01
6.785959955653685372e-01 2.190224460190977052e-01
6.813685838942558082e-01 2.284905535223494266e-01
6.834627907745461917e-01 2.379586610256010926e-01
6.859909299691789863e-01 2.568948760321044800e-01
6.880847069891982137e-01 2.663629835353561459e-01
6.908129084727900882e-01 2.758310910386078119e-01
6.929308982777978576e-01 2.852991985418595333e-01
6.955528357402368522e-01 3.042354135483629207e-01
6.975528144924498797e-01 3.137035210516145867e-01
7.003047989007591401e-01 3.231716285548662526e-01
7.024547674718739643e-01 3.326397360581179741e-01
7.049271449756823182e-01 3.515759510646213615e-01
7.070209219957016566e-01 3.610440585678730274e-01
7.097491234792934200e-01 3.705121660711246934e-01
7.118671132843013005e-01 3.799802735743764148e-01
7.128172345617255212e-01 3.894483810776281363e-01
7.131737338605249610e-01 3.989164885808798022e-01
7.132476030846004456e-01 5.030656711166483497e-01
7.128867556308051689e-01 5.125337786199000156e-01
7.119228749751256302e-01 5.220018861231517926e-01
7.050209432434885182e-01 5.504062086329067904e-01
7.024547674718739643e-01 5.693424236394102333e-01
7.003293745896336242e-01 5.788105311426618993e-01
6.908866758494556226e-01 6.072148536524168971e-01
6.823814267363651487e-01 6.261510686589203400e-01
6.718891880363057068e-01 6.450872836654236719e-01
6.649773071557157911e-01 6.545553911686753379e-01
6.571169914926389133e-01 6.640234986719271149e-01
6.499993697968855511e-01 6.734916061751787808e-01
6.436872981280510331e-01 6.829597136784304467e-01
6.359349720109706006e-01 6.924278211816821127e-01
6.325535050455236563e-01 6.958092881471291680e-01
6.230853975422719904e-01 7.033330521452487716e-01
6.136172900390202134e-01 7.088337660795579476e-01
5.852129675292652156e-01 7.232780714631105168e-01
5.662767525227617726e-01 7.314643627729575659e-01
5.568086450195101067e-01 7.340146625998107410e-01
5.284043225097551089e-01 7.396907512593893230e-01
5.189362150065033319e-01 7.396907512593893230e-01
5.000000000000000000e-01 7.362536824277940983e-01
4.810637849934966126e-01 7.338149274648353426e-01
4.715956774902449467e-01 7.317279816912110046e-01
4.526594624837415592e-01 7.265858397895670340e-01
4.431913549804898933e-01 7.246045927747640780e-01
4.337232474772381718e-01 7.219774792765079052e-01
4.147870324707347844e-01 7.138099639598588508e-01
3.958508174642314525e-01 7.033330521452487716e-01
3.863827099609797311e-01 6.964473007821192496e-01
3.585419652787992240e-01 6.734916061751787808e-01
3.485102799479730118e-01 6.639182974774464618e-01
3.390421724447212903e-01 6.537269317621408060e-01
3.327587920107452080e-01 6.450872836654236719e-01
3.100664986201148166e-01 6.072148536524168971e-01
3.061328633003544963e-01 5.977467461491652312e-01
2.994135612012727155e-01 5.788105311426618993e-01
2.808057969286890665e-01 5.220018861231517926e-01
2.788104424048047925e-01 5.125337786199000156e-01
2.777821037483092503e-01 5.030656711166483497e-01
2.774994736735852952e-01 3.799802735743764148e-01
2.777821037483092503e-01 3.705121660711246934e-01
2.788104424048047925e-01 3.610440585678730274e-01
2.808057969286890665e-01 3.515759510646213615e-01
2.835109705010467329e-01 3.421078435613696955e-01
2.856047475210659048e-01 3.326397360581179741e-01
2.881869586583163945e-01 3.042354135483629207e-01
2.902739044319407880e-01 2.947673060451112548e-01
2.929790780042984544e-01 2.852991985418595333e-01
2.950728550243176262e-01 2.758310910386078119e-01
2.976550661615681159e-01 2.568948760321044800e-01
2.997420119351924539e-01 2.474267685288527585e-01
3.048841538368363691e-01 2.284905535223494266e-01
3.067777753374867356e-01 2.190224460190977052e-01
3.143522613400880905e-01 1.906181235093426518e-01
3.186551990304616333e-01 1.716819085028392644e-01
3.280995236089959688e-01 1.432775859930842111e-01
3.403614989000924851e-01 1.148732634833291577e-01
3.534734008166129371e-01 7.700083347032238290e-02
3.574070361363732573e-01 6.753272596707071695e-02
3.673648733380689979e-01 4.859651096056732955e-02
3.703313089593733842e-01 3.912840345731560809e-02
3.707751264985882922e-01 2.966029595406394215e-02
3.686922985733252500e-01 2.019218845081227620e-02
3.674464949544763437e-01 1.804034583643682188e-02
3.603454143270375942e-01 1.072408094756055474e-02
3.579783874512246777e-01 9.312170179531786829e-03
3.485102799479730118e-01 6.864006350081108820e-03
3.390421724447212903e-01 6.272657270658621442e-03
3.106378499349662370e-01 5.707397121210877611e-03
3.011697424317145710e-01 4.679058464715224464e-03
2.864106336766457650e-01 1.255973444308888798e-03
