8.122341869514071444e-01 1.028796558612932177e-03
8.061713872047778784e-01 2.714686453713643921e-04
7.940457877115193464e-01 2.714686453713643921e-04
7.879829879648900803e-01 1.028796558612932177e-03
7.819201882182608143e-01 2.889530665987627422e-03
7.697945887250022823e-01 9.157849048095967337e-03
7.637317889783730163e-01 1.126523061189604880e-02
7.516061894851144842e-01 1.443089371564687529e-02
7.455433897384852182e-01 1.703691973577042829e-02
7.394805899918559522e-01 2.031732745582159883e-02
7.334177902452266862e-01 2.487397999648688351e-02
7.250368611837098021e-01 3.325490905800376762e-02
7.204802086430445174e-01 3.931770880463303364e-02
7.171998009229934024e-01 4.538050855126229965e-02
7.146827451265445053e-01 5.144330829789156567e-02
7.131625274553516913e-01 5.750610804452083169e-02
7.124694597773957305e-01 6.356890779115009771e-02
7.124694597773957305e-01 7.569450728440862974e-02
7.131625274553516913e-01 8.175730703103789576e-02
7.145937749028696828e-01 8.782010677766716178e-02
7.198270141465327177e-01 9.994570627092569381e-02
7.258649803913749254e-01 1.120713057641842259e-01
7.395328555069131671e-01 1.363225047507012899e-01
7.415173117817392967e-01 1.423853044973305559e-01
7.433846655862763608e-01 1.545109039905890880e-01
7.599195739861743792e-01 2.212017012035110142e-01
7.615730648261641589e-01 2.333273006967695462e-01
7.719865240180143751e-01 2.757668989231744083e-01
7.726450095014025798e-01 2.818296986698036743e-01
7.730974572436883907e-01 3.060808976563207384e-01
7.737587270208752255e-01 3.121436974029500044e-01
7.781079732260620663e-01 3.303320966428377470e-01
7.797614640660519569e-01 3.424576961360962790e-01
7.841707729726914433e-01 3.606460953759840771e-01
7.858242638126812230e-01 3.727716948692426091e-01
7.901749232579021731e-01 3.909600941091304072e-01
7.907429191928332379e-01 3.970228938557596732e-01
7.907429191928332379e-01 4.030856936023889392e-01
7.901749232579021731e-01 4.091484933490182052e-01
7.858843265141337575e-01 4.273368925889060033e-01
7.852230567369469227e-01 4.333996923355352693e-01
7.847706089946611119e-01 5.182788887883449380e-01
7.840789123704696717e-01 5.243416885349742040e-01
7.826535914134176153e-01 5.304044882816034701e-01
7.691589726225331880e-01 5.607184870147498001e-01
7.644651921735298172e-01 5.789068862546375982e-01
7.507613731269775492e-01 6.092208849877839283e-01
7.464875962564029299e-01 6.213464844810424603e-01
7.437451016780444180e-01 6.274092842276717263e-01
7.404008363819694072e-01 6.334720839743009924e-01
7.359245247558523495e-01 6.395348837209302584e-01
7.212921907519681541e-01 6.546918830875034789e-01
7.152293910053388881e-01 6.602300174714436087e-01
7.091665912587096221e-01 6.648332935727742088e-01
6.849153922721925580e-01 6.810375038046742047e-01
6.727897927789340260e-01 6.903823268789813783e-01
6.667269930323047600e-01 6.941523469556507564e-01
6.606641932856754940e-01 6.963262657225590679e-01
6.485385937924169619e-01 6.995168451486476480e-01
6.182245950592706318e-01 7.130218838756381405e-01
5.636593973396072377e-01 7.266646649281705006e-01
5.515337978463487056e-01 7.283181557681602802e-01
5.333453986064609076e-01 7.326688152133813414e-01
5.272825988598316416e-01 7.333273006967695462e-01
4.666546013935390369e-01 7.333273006967695462e-01
4.605918016469097709e-01 7.326688152133813414e-01
4.424034024070219728e-01 7.283782184696129258e-01
4.363406026603927068e-01 7.277169486924260910e-01
3.999638041806171107e-01 7.272645009501402802e-01
3.939010044339878447e-01 7.265728043259489510e-01
3.878382046873586342e-01 7.251474833688966726e-01
3.757126051941001021e-01 7.199175036949899686e-01
3.272102072210659740e-01 6.956928508655555454e-01
3.150846077278074420e-01 6.889575280840777305e-01
3.090218079811781760e-01 6.844114896886273058e-01
3.005220004932567246e-01 6.759116822007058545e-01
2.959759620978062444e-01 6.698488824540765885e-01
2.892406393163284295e-01 6.577232829608180564e-01
2.528903869936355298e-01 5.849696860012668642e-01
2.476604073197287703e-01 5.728440865080083322e-01
2.370994013094713249e-01 5.304044882816034701e-01
2.310502276331345972e-01 5.122160890417156720e-01
2.234092083332117062e-01 4.940276898018279295e-01
2.219838873761595388e-01 4.879648900551986634e-01
2.212921907519680986e-01 4.819020903085693974e-01
2.208397430096823988e-01 4.576508913220523334e-01
2.201784732324954530e-01 4.515880915754230673e-01
2.158878764887270929e-01 4.333996923355352693e-01
2.152293910053388326e-01 4.273368925889060033e-01
2.152293910053388326e-01 3.848972943625011411e-01
2.158878764887270929e-01 3.788344946158718751e-01
2.263013356805773646e-01 3.363948963894670130e-01
2.280134759819856249e-01 3.242692968962084810e-01
2.294720080798409723e-01 3.182064971495792705e-01
2.431758271263931293e-01 2.878924984164329404e-01
2.474496039969678596e-01 2.757668989231744083e-01
2.550922263639839871e-01 2.575784996832866103e-01
2.565552717122710491e-01 2.515156999366573443e-01
2.583274747151319550e-01 2.333273006967695462e-01
2.596051783003189839e-01 2.272645009501402802e-01
2.656380032368556021e-01 2.090761017102524821e-01
2.683804978152141696e-01 2.030133019636232161e-01
2.717247631112891804e-01 1.969505022169939501e-01
2.855825911035846376e-01 1.787621029771061520e-01
2.888629988236358637e-01 1.726993032304768860e-01
2.914690248437595277e-01 1.666365034838476200e-01
2.989948699386759112e-01 1.363225047507012899e-01
2.996561397158628015e-01 1.302597050040720239e-01
3.001085874581485569e-01 1.060085060175549598e-01
3.007670729415368172e-01 9.994570627092569381e-02
3.050576696853051772e-01 8.175730703103789576e-02
3.057189394624920675e-01 7.569450728440862974e-02
3.057189394624920675e-01 6.356890779115009771e-02
3.050258717845361622e-01 5.750610804452083169e-02
3.035056541133432928e-01 5.144330829789156567e-02
3.009885983168943957e-01 4.538050855126229965e-02
2.977081905968431697e-01 3.931770880463303364e-02
2.932235509490961345e-01 3.325490905800376762e-02
2.876782782609016431e-01 2.719210931137450160e-02
2.726450095014025798e-01 1.215884055187538282e-02
2.665822097547733138e-01 6.887449782568944023e-03
2.605194100081440478e-01 3.103306746642220393e-03
2.544566102615147818e-01 1.028796558612932177e-03
2.423310107682562498e-01 0.000000000000000000e+00
2.180798117817391857e-01 1.809790969143354467e-04
2.120170120351099197e-01 8.740467748701852280e-04
2.059542122884806536e-01 2.493654605843775851e-03
1.998914125418513876e-01 5.376856651628181272e-03
1.938286127952221216e-01 1.001417669592485904e-02
1.848446458979441931e-01 2.112930956474523558e-02
1.565315679253331815e-01 6.356890779115009771e-02
1.463547254934911557e-01 8.175730703103789576e-02
1.390020875002729861e-01 9.388290652429642780e-02
1.335664739343295215e-01 1.060085060175549598e-01
1.268764880070145096e-01 1.181341055108134919e-01
1.214408744410709895e-01 1.302597050040720239e-01
1.147508885137559775e-01 1.423853044973305559e-01
1.020418002376463074e-01 1.726993032304768860e-01
9.170522362044231102e-02 2.030133019636232161e-01
8.570868398033359981e-02 2.151389014568817482e-01
8.187954729825192013e-02 2.212017012035110142e-01
7.868860006318389999e-02 2.272645009501402802e-01
7.669342706542392474e-02 2.333273006967695462e-01
7.348684957046186517e-02 2.515156999366573443e-01
6.567862782816319411e-02 2.757668989231744083e-01
6.137599574991020601e-02 2.939552981630622064e-01
4.750342208490787588e-02 3.363948963894670130e-01
4.616269472391082429e-02 3.424576961360962790e-01
4.450920388392110016e-02 3.545832956293548111e-01
3.409715793210499335e-02 3.970228938557596732e-01
3.343588815491804755e-02 4.030856936023889392e-01
3.298344041263223669e-02 4.212740928422767372e-01
3.232495492924408742e-02 4.273368925889060033e-01
2.197155843884646131e-02 4.697764908153108654e-01
2.131028866165951552e-02 4.758392905619401314e-01
2.131028866165951552e-02 5.728440865080083322e-01
2.197155843884646131e-02 5.789068862546375982e-01
2.626215518261482140e-02 5.970952854945253963e-01
2.692064066600297068e-02 6.031580852411546623e-01
2.737308840828878154e-02 6.152836847344131943e-01
2.803435818547572733e-02 6.213464844810424603e-01
3.536462909501686402e-02 6.516604832141887904e-01
5.960220201124144523e-02 7.244140801737399826e-01
6.504464151057209875e-02 7.365396796669985147e-01
8.320820724867283857e-02 7.729164781467741108e-01
8.984077071241119983e-02 7.850420776400326428e-01
1.019496384531222710e-01 8.032304768799204409e-01
1.160594269543685497e-01 8.214188761198082389e-01
1.287426743387609096e-01 8.396072753596960370e-01
1.332006153289294614e-01 8.447744342346641400e-01
1.453262148221879935e-01 8.568792048704421127e-01
1.513890145688172595e-01 8.646339487324098405e-01
1.563315143622650560e-01 8.699212740928423671e-01
1.700826471209241908e-01 8.820468735861008991e-01
1.877658130485928556e-01 8.966319107124259835e-01
1.998914125418513876e-01 9.052314689134887127e-01
2.180798117817391857e-01 9.192356541748000209e-01
2.362682110216269837e-01 9.295207608878317540e-01
2.483938105148855158e-01 9.375323176958776372e-01
2.605194100081440478e-01 9.441648811596159430e-01
2.847706089946611119e-01 9.562656471510875278e-01
2.968962084879196439e-01 9.617080866504181813e-01
3.696498054474708361e-01 9.859324660700101717e-01
3.757126051941001021e-01 9.872731934310072788e-01
3.878382046873586342e-01 9.889266842709970584e-01
4.060266039272463767e-01 9.932759304761838992e-01
4.120894036738756427e-01 9.939372002533708450e-01
4.242150031671341748e-01 9.943896479956565448e-01
4.302778029137634408e-01 9.950481334790448606e-01
4.484662021536512388e-01 9.993387302228131652e-01
4.545290019002805049e-01 1.000000000000000000e+00
5.272825988598316416e-01 1.000000000000000000e+00
5.333453986064609076e-01 9.993387302228131652e-01
5.515337978463487056e-01 9.949894840176263244e-01
5.697221970862365037e-01 9.933359931776365448e-01
6.242873948058998979e-01 9.796977055707443149e-01
6.424757940457876959e-01 9.720446632676220666e-01
6.606641932856754940e-01 9.659970926583786310e-01
6.788525925255632920e-01 9.614988863947504516e-01
6.909781920188218240e-01 9.562656471510875278e-01
7.152293910053388881e-01 9.435951174425067922e-01
7.273549904985974202e-01 9.355835606344610200e-01
7.455433897384852182e-01 9.254067182026191052e-01
7.738111935571441169e-01 9.062980725726179632e-01
8.001085874581486124e-01 8.844838813273929734e-01
8.243597864446656764e-01 8.629628334745519380e-01
8.339294997702275669e-01 8.517328748529544580e-01
8.570639273856177631e-01 8.274816758664375049e-01
8.657327810119412881e-01 8.153560763731789729e-01
8.798793137540763531e-01 7.971676771332911748e-01
8.839211802518290861e-01 7.911048773866619088e-01
8.979253655131405054e-01 7.729164781467741108e-01
9.155631102193904081e-01 7.426024794136277807e-01
9.209987237853337616e-01 7.304768799203692486e-01
9.283314838539657998e-01 7.183512804271107166e-01
9.343349982421292887e-01 7.062256809338521846e-01
9.585593776617213901e-01 6.334720839743009924e-01
9.599001050227182752e-01 6.274092842276717263e-01
9.615535958627081659e-01 6.152836847344131943e-01
9.659629047693476522e-01 5.970952854945253963e-01
9.676163956093374319e-01 5.789068862546375982e-01
9.719656418145242727e-01 5.607184870147498001e-01
9.726269115917111074e-01 5.546556872681205341e-01
9.730793593339970293e-01 5.425300877748620021e-01
9.737378448173852341e-01 5.364672880282327361e-01
9.780284415611535387e-01 5.182788887883449380e-01
9.786897113383403735e-01 5.122160890417156720e-01
9.786897113383403735e-01 4.152112930956474712e-01
9.780284415611535387e-01 4.091484933490182052e-01
9.737378448173852341e-01 3.909600941091304072e-01
9.730793593339970293e-01 3.848972943625011411e-01
9.726269115917111074e-01 3.667088951226133431e-01
9.719656418145242727e-01 3.606460953759840771e-01
9.676750450707558571e-01 3.424576961360962790e-01
9.670165595873677633e-01 3.363948963894670130e-01
9.665641118450818414e-01 3.182064971495792705e-01
9.658710441671261027e-01 3.121436974029500044e-01
9.644397967196078891e-01 3.060808976563207384e-01
9.567971743525918171e-01 2.878924984164329404e-01
9.507496037433482705e-01 2.697040991765451423e-01
9.464469716650951714e-01 2.515156999366573443e-01
9.386240042500897385e-01 2.272645009501402802e-01
9.341362179225676243e-01 2.090761017102524821e-01
9.264831756194454870e-01 1.908877024703646841e-01
9.222093987488707567e-01 1.787621029771061520e-01
9.082947763795576890e-01 1.484481042439598220e-01
9.040209995089829587e-01 1.363225047507012899e-01
8.901063771396698909e-01 1.060085060175549598e-01
8.858326002690952716e-01 9.388290652429642780e-02
8.803901607697645071e-01 8.175730703103789576e-02
8.737824308078132596e-01 6.963170753777936373e-02
8.495479635738436563e-01 3.325490905800376762e-02
8.449383278923592311e-01 2.719210931137450160e-02
8.304225861912949425e-01 1.215884055187538282e-02
8.243597864446656764e-01 6.887449782568944023e-03
8.182969866980364104e-01 3.103306746642220393e-03
