7.429207558695634095e-01 3.485756869360256971e-04
7.366111258469774103e-01 3.485756869360256971e-04
7.289133772194223981e-01 1.185567424625999511e-03
7.239918658018053010e-01 3.306908552909160193e-03
7.173237340733904510e-01 7.495197447212054165e-03
7.119186314316646724e-01 1.380482746979810882e-02
7.094501403591264577e-01 2.011445749238416347e-02
7.085944850750467428e-01 2.642408751497027364e-02
7.085944850750467428e-01 3.273371753755632829e-02
7.091885030565072690e-01 3.904334756014238295e-02
7.137148169013810550e-01 5.797223762790054691e-02
7.154356250893589841e-01 7.059149767307271173e-02
7.233195281764477347e-01 1.021396477860030405e-01
7.310647575206719040e-01 1.210685378537612045e-01
7.325826697556339084e-01 1.273781678763472591e-01
7.343645151571172036e-01 1.399974279215194239e-01
7.483653559696982205e-01 1.967840981247939713e-01
7.565068140633577354e-01 2.220226182151382455e-01
7.641918570820696033e-01 2.535707683280685742e-01
7.659126652700476434e-01 2.661900283732406836e-01
7.704404498911503474e-01 2.851189184409989030e-01
7.711257438063474634e-01 2.914285484635849022e-01
7.715966117184808182e-01 3.166670685539292318e-01
7.722848032823679265e-01 3.229766985765152310e-01
7.768111171272416016e-01 3.419055886442734504e-01
7.785319253152197527e-01 3.608344787120316699e-01
7.830597099363224567e-01 3.797633687797898339e-01
7.837450038515194617e-01 3.860729988023758885e-01
7.842158717636529275e-01 4.176211489153062173e-01
7.849040633275400358e-01 4.239307789378922720e-01
7.893693399589085669e-01 4.428596690056504914e-01
7.900546338741055719e-01 4.491692990282365461e-01
7.900546338741055719e-01 5.185752292766832028e-01
7.893693399589085669e-01 5.248848592992693129e-01
7.848415553378058629e-01 5.438137493670275324e-01
7.831207471498277117e-01 5.564330094121996417e-01
7.691260741085297337e-01 6.132196796154741891e-01
7.628322932359211661e-01 6.321485696832324086e-01
7.571700036705703019e-01 6.447678297284045179e-01
7.382687405139279901e-01 6.826256098639209569e-01
7.313718794889372266e-01 6.952448699090930662e-01
7.230341541019484897e-01 7.078641299542651755e-01
7.155206032714813702e-01 7.204833899994372848e-01
7.113726057566331917e-01 7.258165296613849904e-01
6.924437156888749723e-01 7.426958630381331750e-01
6.672051955985307536e-01 7.672595894938012417e-01
6.545859355533585333e-01 7.762768776991566533e-01
6.356570454856003138e-01 7.908470319477407529e-01
6.293474154630143147e-01 7.945127560402962530e-01
6.104185253952560952e-01 8.041385680488908339e-01
5.977992653500839859e-01 8.098008576142416981e-01
5.851800053049118766e-01 8.142486295973760946e-01
5.662511152371536571e-01 8.222007320570948741e-01
5.599414852145676580e-01 8.237186442920569895e-01
5.473222251693954377e-01 8.255004896935401737e-01
5.283933351016373292e-01 8.300893115281482437e-01
5.094644450338791097e-01 8.318101197161262839e-01
4.905355549661208903e-01 8.363379043372290989e-01
4.842259249435348356e-01 8.370231982524261038e-01
4.716066648983627263e-01 8.370231982524261038e-01
4.652970348757766716e-01 8.363379043372290989e-01
4.337488847628463429e-01 8.287138985320223750e-01
4.148199946950881234e-01 8.224201176594136964e-01
3.895814746047439048e-01 8.106585190722297440e-01
3.706525845369856853e-01 8.027853184519415652e-01
3.643429545143996306e-01 7.987111177794625760e-01
3.517236944692274658e-01 7.888961377443288736e-01
3.391044344240553565e-01 7.798788495389734621e-01
3.327948044014693019e-01 7.741152451914188326e-01
3.107110993224180828e-01 7.520315401123676136e-01
3.049474949748635089e-01 7.457219100897816144e-01
2.959302067695080973e-01 7.331026500446093941e-01
2.813600525209239978e-01 7.141737599768511746e-01
2.706562158754655112e-01 6.952448699090930662e-01
2.540351243826976524e-01 6.700063498187487365e-01
2.503888605720047678e-01 6.636967197961627374e-01
2.426196753286768426e-01 6.447678297284045179e-01
2.310774623438117126e-01 6.195293096380602993e-01
2.262034316428637171e-01 6.006004195703020798e-01
2.184456898118152801e-01 5.816715295025438603e-01
2.043210300185053785e-01 5.248848592992693129e-01
2.036357361033083180e-01 5.185752292766832028e-01
2.031648681911750187e-01 5.059559692315110935e-01
2.024766766272879104e-01 4.996463392089250388e-01
1.980113999959193238e-01 4.807174491411668749e-01
1.973261060807222633e-01 4.744078191185808202e-01
1.973261060807222633e-01 3.545248486894455597e-01
1.980113999959193238e-01 3.482152186668595051e-01
2.024766766272879104e-01 3.292863285991013411e-01
2.031648681911750187e-01 3.229766985765152310e-01
2.036357361033083180e-01 3.040478085087570670e-01
2.043210300185053785e-01 2.977381784861710123e-01
2.119450358237119914e-01 2.661900283732406836e-01
2.371677067640788894e-01 1.904744681022079167e-01
2.516488248487026569e-01 1.589263179892775879e-01
2.560965968318370534e-01 1.463070579441054786e-01
2.642680848938747662e-01 1.273781678763472591e-01
2.750254868995952728e-01 9.583001776341693034e-02
2.831969749616329857e-01 7.690112769565876638e-02
2.894786935321284616e-01 5.797223762790054691e-02
2.908114969434928421e-01 5.166260760531449225e-02
2.914996885073799504e-01 4.535297758272843760e-02
2.914996885073799504e-01 2.642408751497027364e-02
2.907784044783393584e-01 2.011445749238416347e-02
2.890928587532297644e-01 1.380482746979810882e-02
2.857759268293135202e-01 7.495197447212054165e-03
2.823177642207808091e-01 3.585970150609796292e-03
2.786371467076055319e-01 1.185567424625999511e-03
2.696985041756086998e-01 6.611693674773988505e-05
1.939829439045758774e-01 0.000000000000000000e+00
1.876733138819898228e-01 3.485756869360256971e-04
1.813636838594037681e-01 1.731593099657424695e-03
1.750540538368177135e-01 7.004448445455335737e-03
1.614770820917887373e-01 2.642408751497027364e-02
1.508859174110192547e-01 4.535297758272843760e-02
1.425481920240305733e-01 5.797223762790054691e-02
1.256473973206750916e-01 8.952038774083087569e-02
1.179954168222248079e-01 1.021396477860030405e-01
1.072781113442057288e-01 1.273781678763472591e-01
9.150403628774050890e-02 1.589263179892775879e-01
8.584002277976066075e-02 1.715455780344496972e-01
8.139225079662626428e-02 1.841648380796218620e-01
7.322076273458849593e-02 2.030937281473800260e-01
6.877299075145409946e-02 2.157129881925521908e-01
6.060150268941638663e-02 2.346418782603103548e-01
4.801015409633480058e-02 2.724996583958267382e-01
4.661484269523619162e-02 2.788092884184127929e-01
4.489403450725826250e-02 2.914285484635849022e-01
4.350327550877330918e-02 2.977381784861710123e-01
3.539089405116269127e-02 3.229766985765152310e-01
3.405809063979836626e-02 3.292863285991013411e-01
3.336989907591120241e-02 3.355959586216873958e-01
3.289903116377790315e-02 3.482152186668595051e-01
3.221373724858084264e-02 3.545248486894455597e-01
2.774846061721231161e-02 3.734537387572037792e-01
2.706026905332514776e-02 3.797633687797898339e-01
2.706026905332514776e-02 5.375041193444414223e-01
2.774846061721231161e-02 5.438137493670275324e-01
3.227477446208609768e-02 5.627426394347856409e-01
3.399558265006408231e-02 5.816715295025438603e-01
4.489403450725826250e-02 6.258389396606462984e-01
4.661484269523619162e-02 6.384581997058185188e-01
6.081921996015871024e-02 6.952448699090930662e-01
7.508262077404020962e-02 7.267930200220233949e-01
7.953039275717460610e-02 7.394122800671955043e-01
8.577832378040256556e-02 7.520315401123676136e-01
9.340961707904460454e-02 7.646508001575397229e-01
1.013169368779517354e-01 7.835796902252979423e-01
1.123385071468027685e-01 8.025085802930560508e-01
1.179954168222248079e-01 8.151278403382282711e-01
1.299115190388610563e-01 8.340567304059864906e-01
1.445957489096068027e-01 8.529856204737447101e-01
1.577953599515087846e-01 8.719145105415028185e-01
1.624347937916455487e-01 8.772920361289341384e-01
1.822957882945585029e-01 8.971530306318471482e-01
2.066022039497480423e-01 9.186181445322134653e-01
2.262409273950471422e-01 9.350108107673634761e-01
2.318407240400922609e-01 9.390833901455780675e-01
2.444599840852644257e-01 9.465596871479897700e-01
2.570792441304365350e-01 9.548974125349785069e-01
2.760081341981946990e-01 9.654885772157479895e-01
2.886273942433668638e-01 9.738095006430900202e-01
2.949370242659529184e-01 9.771275911681254200e-01
3.012466542885389731e-01 9.797471219930761199e-01
3.075562843111250277e-01 9.813623236255919480e-01
3.201755443562971370e-01 9.831456398033040500e-01
3.264851743788832472e-01 9.845363988017890033e-01
3.517236944692274658e-01 9.926487802593996213e-01
3.580333244918135760e-01 9.939815836707640573e-01
3.643429545143996306e-01 9.946697752346511656e-01
3.895814746047439048e-01 9.946697752346511656e-01
3.958911046273299594e-01 9.939815836707640573e-01
4.148199946950881234e-01 9.895163070393954152e-01
4.211296247176742336e-01 9.888310131241982992e-01
4.400585147854323975e-01 9.883601452120650555e-01
4.463681448080184522e-01 9.876719536481779471e-01
4.652970348757766716e-01 9.832066770168093051e-01
4.716066648983627263e-01 9.826155566840388822e-01
4.842259249435348356e-01 9.832066770168093051e-01
5.031548150112929996e-01 9.874476602732491504e-01
5.094644450338791097e-01 9.874778111859445762e-01
5.220837050790512190e-01 9.855395692269256491e-01
5.283933351016373292e-01 9.855395692269256491e-01
5.473222251693954377e-01 9.892250933460453588e-01
5.662511152371536571e-01 9.940440916604982302e-01
5.788703752823257664e-01 9.957648998484762703e-01
5.977992653500839859e-01 9.999999999999998890e-01
6.041088953726700961e-01 9.999999999999998890e-01
6.104185253952560952e-01 9.988703726895047375e-01
6.356570454856003138e-01 9.924698185959955898e-01
6.545859355533585333e-01 9.845052036494524872e-01
6.672051955985307536e-01 9.800574316663180907e-01
6.798244556437028630e-01 9.743934181583381315e-01
7.050629757340470816e-01 9.618000026429195382e-01
7.176822357792191909e-01 9.548974125349785069e-01
7.303014958243913002e-01 9.472493172766898173e-01
7.429207558695634095e-01 9.415924076012678334e-01
7.618496459373216290e-01 9.296763053846316405e-01
7.681592759599077391e-01 9.248790010195570011e-01
7.933977960502519577e-01 9.008538713181715174e-01
8.060170560954240671e-01 8.918185252491153125e-01
8.145801254117909229e-01 8.845337705866749278e-01
8.464344031268951074e-01 8.466759904511585999e-01
8.553840687721392388e-01 8.340567304059864906e-01
8.700884809611388881e-01 8.151278403382282711e-01
9.079288481566579749e-01 7.583411701349536127e-01
9.148055937348456013e-01 7.457219100897816144e-01
9.255192729887135039e-01 7.204833899994372848e-01
9.322631279880148059e-01 7.078641299542651755e-01
9.342966880161545085e-01 7.015544999316790653e-01
9.363351838696055696e-01 6.889352398865069560e-01
9.383588722471232213e-01 6.826256098639209569e-01
9.448823880331869152e-01 6.700063498187487365e-01
9.469159480613267288e-01 6.636967197961627374e-01
9.487963354701556273e-01 6.510774597509906281e-01
9.533851573047636974e-01 6.321485696832324086e-01
9.551059654927417375e-01 6.195293096380602993e-01
9.596947873273498075e-01 6.006004195703020798e-01
9.614155955153278477e-01 5.879811595251299705e-01
9.659419093602016337e-01 5.690522694573717510e-01
9.666301009240887421e-01 5.627426394347856409e-01
9.671009688362220968e-01 5.248848592992693129e-01
9.677862627514191018e-01 5.185752292766832028e-01
9.722515393827877439e-01 4.996463392089250388e-01
9.729397309466747412e-01 4.933367091863389842e-01
9.729397309466747412e-01 4.365500389830644368e-01
9.722515393827877439e-01 4.302404089604783266e-01
9.677862627514191018e-01 4.113115188927201626e-01
9.671009688362220968e-01 4.050018888701341080e-01
9.666301009240887421e-01 3.860729988023758885e-01
9.659419093602016337e-01 3.797633687797898339e-01
9.581205142628470561e-01 3.482152186668595051e-01
9.503752849186229978e-01 3.292863285991013411e-01
9.488573726836608824e-01 3.229766985765152310e-01
9.470130192924434143e-01 3.040478085087570670e-01
9.456802158810790893e-01 2.977381784861710123e-01
9.393984973105835579e-01 2.788092884184127929e-01
9.312270092485459561e-01 2.598803983506546289e-01
9.267792372654115596e-01 2.472611383054824641e-01
9.211152237574316004e-01 2.346418782603103548e-01
8.990315186783803814e-01 1.904744681022079167e-01
8.883142132003614133e-01 1.652359480118636426e-01
8.806622327019110186e-01 1.526166879666915333e-01
8.737653716769202550e-01 1.399974279215194239e-01
8.517351380387384596e-01 9.583001776341693034e-02
8.448325479307974284e-01 8.321075771824482104e-02
8.364948225438084695e-01 7.059149767307271173e-02
8.195940278404530988e-01 3.904334756014238295e-02
8.119392526955707678e-01 2.642408751497027364e-02
8.055569789062773101e-01 1.380482746979810882e-02
7.997074260728380679e-01 8.189256749696616211e-03
7.933977960502519577e-01 5.642369583436834812e-03
7.870881660276658476e-01 4.717076765625549672e-03
7.681592759599077391e-01 4.152035271065668276e-03
7.618496459373216290e-01 3.466741355868607766e-03
7.520140461962315781e-01 1.185567424625999511e-03
