4.095128179943031133e-01 1.763975882677384921e-01
4.062223750122777588e-01 1.760386995383557140e-01
3.601561732639230184e-01 1.760386995383557140e-01
3.568657302818976640e-01 1.763975882677384921e-01
3.469944013358216561e-01 1.787580400806017544e-01
3.371230723897455928e-01 1.796554336211540481e-01
3.272517434436695849e-01 1.820484830626271089e-01
3.206708574796189315e-01 1.829458766031794026e-01
3.042186425694922147e-01 1.869568075890891690e-01
2.844759846773401435e-01 1.935302983216889428e-01
2.746046557312641356e-01 1.977916916918528445e-01
2.680237697672134267e-01 2.001111842857395962e-01
2.614428838031627733e-01 2.030649412303964785e-01
2.482811118750614110e-01 2.099415753434268339e-01
2.417002259110107576e-01 2.142896607125316932e-01
2.318288969649346942e-01 2.198129042895028418e-01
2.087957960907573240e-01 2.354673675700588720e-01
2.022149101267066706e-01 2.414154760375662456e-01
1.923435811806306073e-01 2.486291394981602343e-01
1.647228434565140565e-01 2.762498772222767851e-01
1.600180255886964886e-01 2.828307631863274940e-01
1.561487083783518748e-01 2.875563993839170274e-01
1.528582653963265203e-01 2.904974953344464650e-01
1.495678224143011659e-01 2.920508586255442518e-01
1.462773794322758669e-01 2.915383988826627526e-01
1.429869364502505125e-01 2.876121881445830586e-01
1.303246067604922898e-01 2.630881052941754783e-01
1.212510294439869685e-01 2.499263333660740605e-01
1.133729496120224334e-01 2.420873368500725542e-01
1.100825066299970789e-01 2.396143200920483052e-01
1.035016206659464255e-01 2.359693710506499120e-01
9.692073470189571660e-02 2.331291526594446717e-01
9.363029171987041765e-02 2.323523765302570321e-01
8.704940575581970874e-02 2.320253413220705885e-01
8.046851979176905534e-02 2.331291526594446717e-01
7.388763382771834642e-02 2.359693710506499120e-01
6.730674786366763751e-02 2.396143200920483052e-01
6.401630488164233856e-02 2.420873368500725542e-01
5.613822504967780347e-02 2.499263333660740605e-01
4.706464773317248218e-02 2.630881052941754783e-01
3.689757063811677229e-02 2.828307631863274940e-01
3.394381369345988997e-02 2.894116491503782029e-01
3.162432109957319382e-02 2.959925351144288563e-01
2.736292772940923657e-02 3.058638640605049197e-01
2.407987997883481723e-02 3.157351930065809276e-01
1.348806302887434194e-02 3.585109517729103690e-01
1.259066948832204824e-02 3.650918377369610224e-01
1.019762004684898749e-02 3.749631666830370302e-01
9.300226506296693785e-03 3.848344956291130936e-01
6.939774693433542474e-03 3.947058245751891015e-01
5.977952898687632910e-03 4.078675965032904638e-01
3.649331711408188017e-03 4.177389254493664716e-01
3.290442982025354457e-03 4.210293684313918261e-01
3.044887535605556028e-03 4.440624693055691963e-01
2.687509916662278453e-03 4.473529122875945507e-01
3.588887293828890712e-04 4.572242412336705586e-01
0.000000000000000000e+00 4.605146842156959130e-01
0.000000000000000000e+00 5.460662017483547404e-01
3.588887293828890712e-04 5.493566447303801503e-01
2.687509916662278453e-03 5.592279736764561582e-01
3.044887535605556028e-03 5.625184166584814571e-01
3.290442982025354457e-03 5.855515175326588828e-01
3.649331711408188017e-03 5.888419605146841818e-01
5.977952898687632910e-03 5.987132894607601896e-01
6.939774693433542474e-03 6.118750613888616074e-01
9.300226506296693785e-03 6.217463903349376153e-01
1.019762004684898749e-02 6.316177192810136232e-01
1.259066948832204824e-02 6.414890482270896310e-01
1.348806302887434194e-02 6.480699341911403399e-01
2.407987997883481723e-02 6.908456929574697813e-01
2.736292772940923657e-02 7.007170219035457892e-01
3.162432109957319382e-02 7.105883508496217971e-01
3.394381369345988997e-02 7.171692368136725060e-01
3.689757063811677229e-02 7.237501227777232149e-01
4.706464773317248218e-02 7.434927806698752306e-01
5.613822504967780347e-02 7.566545525979766484e-01
6.401630488164233856e-02 7.644935491139781547e-01
6.730674786366763751e-02 7.669665658720024037e-01
7.388763382771834642e-02 7.706115149134007414e-01
8.046851979176905534e-02 7.734517333046059262e-01
8.375896277379435428e-02 7.742285094337937323e-01
9.033984873784506320e-02 7.745555446419801759e-01
9.692073470189571660e-02 7.734517333046059262e-01
1.035016206659464255e-01 7.706115149134007414e-01
1.100825066299970789e-01 7.669665658720024037e-01
1.133729496120224334e-01 7.644935491139781547e-01
1.212510294439869685e-01 7.566545525979766484e-01
1.303246067604922898e-01 7.434927806698752306e-01
1.404916838555479996e-01 7.237501227777232149e-01
1.450509415935209434e-01 7.138787938316470960e-01
1.462773794322758669e-01 7.119515343707465416e-01
1.495678224143011659e-01 7.097973789789426835e-01
1.528582653963265203e-01 7.103036009761773961e-01
1.561487083783518748e-01 7.126536288915312767e-01
1.600180255886964886e-01 7.171692368136725060e-01
1.647228434565140565e-01 7.237501227777232149e-01
1.923435811806306073e-01 7.513708605018397657e-01
2.022149101267066706e-01 7.585845239624338099e-01
2.087957960907573240e-01 7.645326324299410725e-01
2.318288969649346942e-01 7.801870957104971582e-01
2.417002259110107576e-01 7.857103392874682513e-01
2.482811118750614110e-01 7.900584246565731661e-01
2.614428838031627733e-01 7.969350587696035770e-01
2.680237697672134267e-01 7.998888157142604038e-01
2.746046557312641356e-01 8.022083083081470445e-01
2.844759846773401435e-01 8.064697016783111128e-01
3.042186425694922147e-01 8.130431924109108310e-01
3.206708574796189315e-01 8.170541233968204864e-01
3.272517434436695849e-01 8.179515169373728911e-01
3.371230723897455928e-01 8.203445663788457853e-01
3.469944013358216561e-01 8.212419599193983011e-01
3.568657302818976640e-01 8.236024117322613414e-01
3.601561732639230184e-01 8.239613004616441749e-01
4.062223750122777588e-01 8.239613004616441749e-01
4.095128179943031133e-01 8.236024117322613414e-01
4.193841469403791766e-01 8.212419599193983011e-01
4.292554758864551845e-01 8.203445663788457853e-01
4.391268048325311923e-01 8.179515169373728911e-01
4.457076907965819013e-01 8.170541233968204864e-01
4.621599057067085625e-01 8.130431924109108310e-01
4.819025635988606338e-01 8.064697016783111128e-01
4.917738925449366416e-01 8.022083083081470445e-01
4.983547785089873505e-01 7.998888157142604038e-01
5.148069934191140673e-01 7.924513879427522722e-01
5.213878793831646652e-01 7.913024260878105398e-01
5.444209802573420909e-01 7.910568706413907414e-01
5.477114232393673898e-01 7.906979819120079078e-01
5.575827521854435087e-01 7.883693607247285184e-01
5.608731951674688077e-01 7.880119831057852409e-01
5.839062960416462333e-01 7.877664276593654424e-01
5.871967390236715323e-01 7.874075389299826089e-01
5.970680679697475401e-01 7.850789177427032195e-01
6.135202828798742569e-01 7.841170959479573099e-01
6.233916118259502648e-01 7.817566441350941586e-01
6.332629407720262726e-01 7.808592505945417539e-01
6.431342697181023915e-01 7.784662011530687487e-01
6.497151556821529894e-01 7.775688076125164550e-01
6.595864846282289973e-01 7.751757581710434497e-01
6.661673705922797062e-01 7.742783646304911560e-01
7.089431293586091476e-01 7.636865476805307917e-01
7.221049012867104544e-01 7.594408148004980763e-01
7.319762302327865733e-01 7.571056617164799718e-01
7.517188881249385890e-01 7.505321709838802535e-01
7.615902170710145969e-01 7.462707776137162963e-01
7.681711030350653058e-01 7.439512850198295446e-01
7.780424319811413136e-01 7.396898916496655874e-01
7.846233179451920225e-01 7.373703990557789467e-01
8.076564188193693372e-01 7.265281197215642806e-01
8.142373047834200461e-01 7.242086271276775289e-01
8.208181907474707550e-01 7.209503598895086185e-01
8.273990767115213529e-01 7.166110366649360852e-01
8.438512916216480697e-01 7.077973501059395822e-01
8.504321775856988896e-01 7.034492647368346674e-01
8.603035065317747865e-01 6.979260211598636854e-01
8.701748354778509054e-01 6.913542159637827700e-01
8.997888223160789289e-01 6.691097859512062929e-01
9.063697082801296379e-01 6.629440795078467286e-01
9.096601512621549368e-01 6.603774564989082219e-01
9.129505942441802357e-01 6.591904127877999953e-01
9.162410372262056457e-01 6.599635145532527503e-01
9.195314802082309447e-01 6.633215820672848650e-01
9.248151723043678274e-01 6.711030350653177656e-01
9.326932521363323625e-01 6.792619906227888027e-01
9.359836951183576614e-01 6.821229148636100970e-01
9.392741381003830714e-01 6.841766701278291229e-01
9.425645810824083703e-01 6.852673638395049283e-01
9.458550240644336693e-01 6.855859697058990232e-01
9.491454670464589682e-01 6.852673638395049283e-01
9.524359100284843782e-01 6.841766701278291229e-01
9.557263530105097882e-01 6.821229148636100970e-01
9.590167959925350871e-01 6.792619906227888027e-01
9.668948758244996222e-01 6.711030350653177656e-01
9.693288092665608424e-01 6.678125920832923557e-01
9.762642012899845900e-01 6.546508201551910489e-01
9.792179582346414168e-01 6.480699341911403399e-01
9.857914489672412461e-01 6.283272762989883242e-01
9.898023799531510125e-01 6.118750613888616074e-01
9.906997734937033062e-01 6.052941754248108985e-01
9.930928229351763115e-01 5.954228464787348907e-01
9.939902164757286052e-01 5.855515175326588828e-01
9.963506682885918675e-01 5.756801885865828750e-01
9.967095570179747011e-01 5.723897456045574650e-01
9.969551124643944995e-01 5.559375306944307482e-01
9.973124900833376660e-01 5.526470877124054493e-01
9.996411112706171664e-01 5.427757587663294414e-01
1.000000000000000000e+00 5.394853157843041425e-01
1.000000000000000000e+00 4.670955701797465665e-01
9.996411112706171664e-01 4.638051271977212675e-01
9.973124900833376660e-01 4.539337982516452041e-01
9.969551124643944995e-01 4.506433552696199052e-01
9.967095570179747011e-01 4.341911403594931884e-01
9.963506682885918675e-01 4.309006973774678340e-01
9.939902164757286052e-01 4.210293684313918261e-01
9.930928229351763115e-01 4.111580394853158182e-01
9.906997734937033062e-01 4.012867105392397549e-01
9.898023799531510125e-01 3.947058245751891015e-01
9.857914489672412461e-01 3.782536096650623847e-01
9.792179582346414168e-01 3.585109517729103690e-01
9.762642012899845900e-01 3.519300658088596601e-01
9.693288092665608424e-01 3.387682938807582977e-01
9.668948758244996222e-01 3.354778508987329433e-01
9.590167959925350871e-01 3.273188953412619062e-01
9.557263530105097882e-01 3.244579711004405009e-01
9.524359100284843782e-01 3.224042158362215860e-01
9.491454670464589682e-01 3.213135221245457807e-01
9.458550240644336693e-01 3.209949162581517967e-01
9.425645810824083703e-01 3.213135221245457807e-01
9.392741381003830714e-01 3.224042158362215860e-01
9.359836951183576614e-01 3.244579711004405009e-01
9.326932521363323625e-01 3.273188953412619062e-01
9.247897371304871772e-01 3.354778508987329433e-01
9.195314802082309447e-01 3.415103296991126580e-01
9.162410372262056457e-01 3.430032158668834263e-01
9.129505942441802357e-01 3.424001979269559737e-01
9.096601512621549368e-01 3.401831843630291896e-01
8.997888223160789289e-01 3.308902140487937626e-01
8.701748354778509054e-01 3.086457840362173410e-01
8.603035065317747865e-01 3.020739788401363701e-01
8.504321775856988896e-01 2.965507352631652216e-01
8.438512916216480697e-01 2.922026498940603623e-01
8.273990767115213529e-01 2.833889633350638593e-01
8.208181907474707550e-01 2.790496401104913815e-01
8.142373047834200461e-01 2.757913728723224711e-01
8.076564188193693372e-01 2.734718802784356639e-01
7.846233179451920225e-01 2.626296009442211088e-01
7.780424319811413136e-01 2.603101083503343016e-01
7.681711030350653058e-01 2.560487149801704554e-01
7.615902170710145969e-01 2.537292223862835927e-01
7.517188881249385890e-01 2.494678290161197465e-01
7.319762302327865733e-01 2.428943382835199727e-01
7.221049012867104544e-01 2.405591851995018682e-01
7.089431293586091476e-01 2.363134523194692638e-01
6.661673705922797062e-01 2.257216353695088440e-01
6.595864846282289973e-01 2.248242418289565503e-01
6.497151556821529894e-01 2.224311923874834895e-01
6.431342697181023915e-01 2.215337988469311958e-01
6.332629407720262726e-01 2.191407494054581351e-01
6.233916118259502648e-01 2.182433558649058414e-01
6.135202828798742569e-01 2.158829040520425790e-01
5.970680679697475401e-01 2.149210822572968915e-01
5.871967390236715323e-01 2.125924610700172801e-01
5.839062960416462333e-01 2.122335723406345021e-01
5.608731951674688077e-01 2.119880168942147036e-01
5.575827521854435087e-01 2.116306392752715371e-01
5.477114232393673898e-01 2.093020180879919256e-01
5.444209802573420909e-01 2.089431293586091476e-01
5.213878793831646652e-01 2.086975739121894047e-01
5.148069934191140673e-01 2.075486120572477278e-01
4.983547785089873505e-01 2.001111842857395962e-01
4.917738925449366416e-01 1.977916916918528445e-01
4.819025635988606338e-01 1.935302983216889428e-01
4.621599057067085625e-01 1.869568075890891690e-01
4.457076907965819013e-01 1.829458766031794026e-01
4.391268048325311923e-01 1.820484830626271089e-01
4.292554758864551845e-01 1.796554336211540481e-01
4.193841469403791766e-01 1.787580400806017544e-01
