5.815850815850815980e-01 9.906759906759904366e-02
5.116550116550117044e-01 9.906759906759904366e-02
5.093240093240093413e-01 1.013986013986014068e-01
4.883449883449883511e-01 1.013986013986014068e-01
4.860139860139859880e-01 1.037296037296037143e-01
4.720279720279720315e-01 1.037296037296037143e-01
4.696969696969697239e-01 1.060606060606060774e-01
4.580419580419580194e-01 1.060606060606060774e-01
4.557109557109557119e-01 1.083916083916083850e-01
4.463869463869463705e-01 1.083916083916083850e-01
4.440559440559440629e-01 1.107226107226107481e-01
4.370629370629370847e-01 1.107226107226107481e-01
4.347319347319347216e-01 1.130536130536130557e-01
4.277389277389277433e-01 1.130536130536130557e-01
4.067599067599067530e-01 1.200466200466200339e-01
3.764568764568764769e-01 1.363636363636363535e-01
3.636363636363636465e-01 1.491841491841491840e-01
3.589743589743589758e-01 1.631701631701631960e-01
3.554778554778554867e-01 1.666666666666666852e-01
3.508158508158508160e-01 1.666666666666666852e-01
3.438228438228437822e-01 1.713286713286713558e-01
3.391608391608391671e-01 1.713286713286713558e-01
2.925407925407925713e-01 1.946386946386946537e-01
2.878787878787878451e-01 1.993006993006993244e-01
2.808857808857808669e-01 2.016317016317016320e-01
2.435897435897436125e-01 2.272727272727272929e-01
2.319347319347319081e-01 2.389277389277389418e-01
2.296037296037296005e-01 2.389277389277389418e-01
1.911421911421911646e-01 2.773892773892773778e-01
1.678321678321678112e-01 3.076923076923077094e-01
1.643356643356643221e-01 3.158508158508158692e-01
1.410256410256410242e-01 3.158508158508158692e-01
1.386946386946387166e-01 3.181818181818181768e-01
1.270396270396270122e-01 3.181818181818181768e-01
1.247086247086247046e-01 3.205128205128204844e-01
1.177156177156177264e-01 3.205128205128204844e-01
9.673659673659673608e-02 3.298368298368298257e-01
9.207459207459206540e-02 3.298368298368298257e-01
6.177156177156178929e-02 3.484848484848485084e-01
3.263403263403263921e-02 3.776223776223776030e-01
1.398601398601401202e-02 4.079254079254079346e-01
1.398601398601401202e-02 4.125874125874126053e-01
4.662004662004670674e-03 4.335664335664335400e-01
4.662004662004670674e-03 4.405594405594405738e-01
2.331002331002307582e-03 4.428904428904428814e-01
2.331002331002307582e-03 4.545454545454545303e-01
0.000000000000000000e+00 4.568764568764568934e-01
0.000000000000000000e+00 4.941724941724941478e-01
2.331002331002307582e-03 4.965034965034965109e-01
2.331002331002307582e-03 5.081585081585081598e-01
4.662004662004670674e-03 5.104895104895105229e-01
4.662004662004670674e-03 5.174825174825175012e-01
1.398601398601401202e-02 5.384615384615384359e-01
1.398601398601401202e-02 5.431235431235431621e-01
3.263403263403263921e-02 5.734265734265734382e-01
6.177156177156178929e-02 6.025641025641025328e-01
9.207459207459206540e-02 6.212121212121212155e-01
9.673659673659673608e-02 6.212121212121212155e-01
1.177156177156177264e-01 6.305361305361305568e-01
1.247086247086247046e-01 6.305361305361305568e-01
1.270396270396270122e-01 6.328671328671329199e-01
1.386946386946387166e-01 6.328671328671329199e-01
1.410256410256410242e-01 6.351981351981351720e-01
1.783216783216783341e-01 6.351981351981351720e-01
1.853146853146853124e-01 6.328671328671329199e-01
2.307692307692307820e-01 6.806526806526806972e-01
2.214452214452214407e-01 6.993006993006992689e-01
2.214452214452214407e-01 7.179487179487179516e-01
2.307692307692307820e-01 7.389277389277388863e-01
2.482517482517482277e-01 7.587412587412587506e-01
2.680652680652680919e-01 7.715617715617715255e-01
2.599067599067599321e-01 7.750582750582750702e-01
2.470862470862471016e-01 7.855477855477854821e-01
2.354312354312354527e-01 8.041958041958041647e-01
2.354312354312354527e-01 8.181818181818181213e-01
2.482517482517482277e-01 8.379953379953379855e-01
2.599067599067599321e-01 8.473193473193473269e-01
2.668997668997669104e-01 8.496503496503495789e-01
2.715617715617715255e-01 8.543123543123543051e-01
2.855477855477855376e-01 8.613053613053612834e-01
2.902097902097902082e-01 8.613053613053612834e-01
2.972027972027971865e-01 8.659673659673658985e-01
3.018648018648018572e-01 8.659673659673658985e-01
3.088578088578088909e-01 8.706293706293706247e-01
3.158508158508158692e-01 8.706293706293706247e-01
3.321678321678321888e-01 8.776223776223776030e-01
3.391608391608391671e-01 8.776223776223776030e-01
3.414918414918415301e-01 8.799533799533799661e-01
3.484848484848485084e-01 8.799533799533799661e-01
3.508158508158508160e-01 8.822843822843822181e-01
3.601398601398601018e-01 8.822843822843822181e-01
3.624708624708624649e-01 8.846153846153845812e-01
3.694638694638694432e-01 8.846153846153845812e-01
3.717948717948718063e-01 8.869463869463869443e-01
3.834498834498834552e-01 8.869463869463869443e-01
3.857808857808857628e-01 8.892773892773893074e-01
3.974358974358974672e-01 8.892773892773893074e-01
3.997668997668997748e-01 8.916083916083916705e-01
4.137529137529137868e-01 8.916083916083916705e-01
4.160839160839160944e-01 8.939393939393939226e-01
4.324009324009324140e-01 8.939393939393939226e-01
4.347319347319347216e-01 8.962703962703962857e-01
4.557109557109557119e-01 8.962703962703962857e-01
4.580419580419580194e-01 8.986013986013985377e-01
4.906759906759906587e-01 8.986013986013985377e-01
4.930069930069930217e-01 9.009324009324009008e-01
5.909090909090909394e-01 9.009324009324009008e-01
5.932400932400931914e-01 8.986013986013985377e-01
6.258741258741258306e-01 8.986013986013985377e-01
6.282051282051281937e-01 8.962703962703962857e-01
6.491841491841492395e-01 8.962703962703962857e-01
6.515151515151514916e-01 8.939393939393939226e-01
6.678321678321678112e-01 8.939393939393939226e-01
6.701631701631701743e-01 8.916083916083916705e-01
6.841491841491841308e-01 8.916083916083916705e-01
6.864801864801864939e-01 8.892773892773893074e-01
6.981351981351981983e-01 8.892773892773893074e-01
7.004662004662004504e-01 8.869463869463869443e-01
7.121212121212121549e-01 8.869463869463869443e-01
7.144522144522145179e-01 8.846153846153845812e-01
7.214452214452213852e-01 8.846153846153845812e-01
7.237762237762237483e-01 8.822843822843822181e-01
7.331002331002330896e-01 8.822843822843822181e-01
7.354312354312354527e-01 8.799533799533799661e-01
7.424242424242424310e-01 8.799533799533799661e-01
7.447552447552447941e-01 8.776223776223776030e-01
7.517482517482517723e-01 8.776223776223776030e-01
7.680652680652680919e-01 8.706293706293706247e-01
7.750582750582750702e-01 8.706293706293706247e-01
7.820512820512820484e-01 8.659673659673658985e-01
7.867132867132866636e-01 8.659673659673658985e-01
7.937062937062937529e-01 8.613053613053612834e-01
7.983682983682983680e-01 8.613053613053612834e-01
8.123543123543124356e-01 8.543123543123543051e-01
8.170163170163169397e-01 8.496503496503495789e-01
8.240093240093240290e-01 8.473193473193473269e-01
8.368298368298368040e-01 8.368298368298368040e-01
8.484848484848485084e-01 8.181818181818181213e-01
8.484848484848485084e-01 8.041958041958041647e-01
8.356643356643356224e-01 7.843822843822843005e-01
8.240093240093240290e-01 7.750582750582750702e-01
8.158508158508158692e-01 7.715617715617715255e-01
8.356643356643356224e-01 7.587412587412587506e-01
8.531468531468531236e-01 7.389277389277388863e-01
8.624708624708624649e-01 7.179487179487179516e-01
8.624708624708624649e-01 6.993006993006992689e-01
8.601398601398602128e-01 6.969696969696970168e-01
8.601398601398602128e-01 6.923076923076922906e-01
8.531468531468531236e-01 6.806526806526806972e-01
8.927738927738928520e-01 6.410256410256409687e-01
9.079254079254079901e-01 6.212121212121212155e-01
9.102564102564102422e-01 6.235431235431235786e-01
9.428904428904428814e-01 6.235431235431235786e-01
9.452214452214452445e-01 6.212121212121212155e-01
9.568764568764569489e-01 6.212121212121212155e-01
9.592074592074592010e-01 6.188811188811188524e-01
9.662004662004661792e-01 6.188811188811188524e-01
9.778554778554777727e-01 6.142191142191142372e-01
9.883449883449884066e-01 6.013986013986013512e-01
9.883449883449884066e-01 5.920745920745921209e-01
1.000000000000000000e+00 5.780885780885780534e-01
1.000000000000000000e+00 5.641025641025640969e-01
9.965034965034964554e-01 5.582750582750583002e-01
9.778554778554777727e-01 5.582750582750583002e-01
9.755244755244755206e-01 5.606060606060605522e-01
9.708624708624709054e-01 5.606060606060605522e-01
9.685314685314685423e-01 5.629370629370629153e-01
9.638694638694638162e-01 5.629370629370629153e-01
9.615384615384615641e-01 5.652680652680652784e-01
9.545454545454545858e-01 5.652680652680652784e-01
9.522144522144522227e-01 5.675990675990676415e-01
9.405594405594406293e-01 5.675990675990676415e-01
9.393939393939394478e-01 5.641025641025640969e-01
9.463869463869463150e-01 5.524475524475525035e-01
9.463869463869463150e-01 5.477855477855477773e-01
9.487179487179486781e-01 5.454545454545454142e-01
9.487179487179486781e-01 5.407925407925407990e-01
9.510489510489510412e-01 5.384615384615384359e-01
9.510489510489510412e-01 5.337995337995338208e-01
9.533799533799534043e-01 5.314685314685314577e-01
9.533799533799534043e-01 5.244755244755244794e-01
9.557109557109557674e-01 5.221445221445221163e-01
9.557109557109557674e-01 5.151515151515151381e-01
9.580419580419580194e-01 5.128205128205127750e-01
9.580419580419580194e-01 5.034965034965035446e-01
9.603729603729603825e-01 5.011655011655011815e-01
9.603729603729603825e-01 4.848484848484848619e-01
9.627039627039626346e-01 4.825174825174824988e-01
9.627039627039626346e-01 4.358974358974359031e-01
9.603729603729603825e-01 4.335664335664335400e-01
9.603729603729603825e-01 4.172494172494172204e-01
9.580419580419580194e-01 4.149184149184149129e-01
9.580419580419580194e-01 4.055944055944056270e-01
9.557109557109557674e-01 4.032634032634032639e-01
9.557109557109557674e-01 3.962703962703962857e-01
9.533799533799534043e-01 3.939393939393939226e-01
9.533799533799534043e-01 3.869463869463869443e-01
9.510489510489510412e-01 3.846153846153845812e-01
9.522144522144522227e-01 3.834498834498834552e-01
9.545454545454545858e-01 3.857808857808857628e-01
9.615384615384615641e-01 3.857808857808857628e-01
9.638694638694638162e-01 3.881118881118881259e-01
9.685314685314685423e-01 3.881118881118881259e-01
9.708624708624709054e-01 3.904428904428904334e-01
9.755244755244755206e-01 3.904428904428904334e-01
9.778554778554777727e-01 3.927738927738927410e-01
9.871794871794872250e-01 3.927738927738927410e-01
9.976689976689976369e-01 3.752913752913752954e-01
9.976689976689976369e-01 3.706293706293706247e-01
1.000000000000000000e+00 3.682983682983682616e-01
1.000000000000000000e+00 3.636363636363636465e-01
9.801864801864801358e-01 3.414918414918415301e-01
9.755244755244755206e-01 3.414918414918415301e-01
9.731934731934732685e-01 3.391608391608391671e-01
9.685314685314685423e-01 3.391608391608391671e-01
9.662004662004661792e-01 3.368298368298368040e-01
9.592074592074592010e-01 3.368298368298368040e-01
9.568764568764569489e-01 3.344988344988344964e-01
9.452214452214452445e-01 3.344988344988344964e-01
9.428904428904428814e-01 3.321678321678321888e-01
9.312354312354311769e-01 3.321678321678321888e-01
9.254079254079253802e-01 3.263403263403263366e-01
9.230769230769231282e-01 3.193473193473193583e-01
9.184149184149184020e-01 3.146853146853146876e-01
9.160839160839160389e-01 3.076923076923077094e-01
8.927738927738928520e-01 2.773892773892773778e-01
8.543123543123543051e-01 2.389277389277389418e-01
8.519813519813519420e-01 2.389277389277389418e-01
8.403263403263403486e-01 2.272727272727272929e-01
8.030303030303029832e-01 2.016317016317016320e-01
7.960372960372961160e-01 1.993006993006993244e-01
7.913752913752913898e-01 1.946386946386946537e-01
7.447552447552447941e-01 1.713286713286713558e-01
7.400932400932400679e-01 1.713286713286713558e-01
7.342657342657342712e-01 1.678321678321678112e-01
7.342657342657342712e-01 1.585081585081585254e-01
7.296037296037296560e-01 1.491841491841491840e-01
7.167832167832167700e-01 1.363636363636363535e-01
6.864801864801864939e-01 1.200466200466200339e-01
6.818181818181818787e-01 1.200466200466200339e-01
6.794871794871795156e-01 1.177156177156177264e-01
6.748251748251747895e-01 1.177156177156177264e-01
6.724941724941724264e-01 1.153846153846153633e-01
6.678321678321678112e-01 1.153846153846153633e-01
6.655011655011655591e-01 1.130536130536130557e-01
6.585081585081584699e-01 1.130536130536130557e-01
6.561771561771562178e-01 1.107226107226107481e-01
6.491841491841492395e-01 1.107226107226107481e-01
6.468531468531468764e-01 1.083916083916083850e-01
6.375291375291375351e-01 1.083916083916083850e-01
6.351981351981351720e-01 1.060606060606060774e-01
6.235431235431235786e-01 1.060606060606060774e-01
6.212121212121212155e-01 1.037296037296037143e-01
6.072261072261072590e-01 1.037296037296037143e-01
6.048951048951048959e-01 1.013986013986014068e-01
5.839160839160839611e-01 1.013986013986014068e-01
