3.848837209302325424e-01 1.930232558139534649e-01
3.197674418604651292e-01 1.930232558139534649e-01
3.174418604651162434e-01 1.953488372093023506e-01
2.941860465116279411e-01 1.953488372093023506e-01
2.918604651162790553e-01 1.976744186046511809e-01
2.779069767441860739e-01 1.976744186046511809e-01
2.755813953488371881e-01 2.000000000000000111e-01
2.662790697674418672e-01 2.000000000000000111e-01
2.639534883720930369e-01 2.023255813953488413e-01
2.546511627906976605e-01 2.023255813953488413e-01
2.523255813953488302e-01 2.046511627906976716e-01
2.430232558139535093e-01 2.046511627906976716e-01
2.337209302325581328e-01 2.093023255813953321e-01
2.267441860465116421e-01 2.093023255813953321e-01
1.988372093023255682e-01 2.186046511627907085e-01
1.872093023255814170e-01 2.255813953488371992e-01
1.825581395348837010e-01 2.255813953488371992e-01
1.686046511627907196e-01 2.348837209302325757e-01
1.569767441860465129e-01 2.395348837209302362e-01
1.406976744186046457e-01 2.511627906976744429e-01
1.139534883720930147e-01 2.802325581395348486e-01
1.046511627906976938e-01 2.988372093023256015e-01
1.046511627906976938e-01 3.058139534883720922e-01
1.023255813953488635e-01 3.081395348837209225e-01
1.023255813953488635e-01 3.313953488372093359e-01
1.046511627906976938e-01 3.337209302325581106e-01
1.046511627906976938e-01 3.406976744186046568e-01
1.139534883720930147e-01 3.593023255813953543e-01
1.255813953488372214e-01 3.732558139534883912e-01
1.034883720930232509e-01 3.906976744186046457e-01
9.999999999999997780e-02 3.895348837209302584e-01
9.767441860465114756e-02 3.825581395348837122e-01
8.720930232558138373e-02 3.720930232558139483e-01
7.790697674418606278e-02 3.720930232558139483e-01
6.744186046511629895e-02 3.825581395348837122e-01
5.930232558139536536e-02 4.023255813953488524e-01
5.813953488372092249e-02 3.918604651162790886e-01
5.581395348837209225e-02 3.895348837209302584e-01
5.581395348837209225e-02 3.779069767441860517e-01
5.348837209302326201e-02 3.755813953488372214e-01
5.348837209302326201e-02 3.662790697674418450e-01
5.116279069767443177e-02 3.639534883720930147e-01
5.116279069767443177e-02 3.569767441860465240e-01
4.186046511627905531e-02 3.360465116279069964e-01
3.604651162790695196e-02 3.302325581395348930e-01
3.139534883720929148e-02 3.302325581395348930e-01
2.558139534883718813e-02 3.360465116279069964e-01
1.627906976744186718e-02 3.569767441860465240e-01
1.627906976744186718e-02 3.639534883720930147e-01
1.395348837209303694e-02 3.662790697674418450e-01
1.395348837209303694e-02 3.755813953488372214e-01
1.162790697674420670e-02 3.779069767441860517e-01
1.162790697674420670e-02 3.895348837209302584e-01
9.302325581395376464e-03 3.918604651162790886e-01
9.302325581395376464e-03 4.034883720930232398e-01
6.976744186046490714e-03 4.058139534883721256e-01
6.976744186046490714e-03 4.244186046511627675e-01
4.651162790697660476e-03 4.267441860465116532e-01
4.651162790697660476e-03 4.500000000000000111e-01
2.325581395348830238e-03 4.523255813953488413e-01
2.325581395348830238e-03 4.872093023255814059e-01
0.000000000000000000e+00 4.895348837209302362e-01
0.000000000000000000e+00 6.011627906976744207e-01
2.325581395348830238e-03 6.034883720930233064e-01
2.325581395348830238e-03 6.383720930232558155e-01
4.651162790697660476e-03 6.406976744186045902e-01
4.651162790697660476e-03 6.639534883720930036e-01
6.976744186046490714e-03 6.662790697674418894e-01
6.976744186046490714e-03 6.848837209302325313e-01
9.302325581395376464e-03 6.872093023255814170e-01
9.302325581395376464e-03 6.988372093023256237e-01
1.162790697674420670e-02 7.011627906976743985e-01
1.162790697674420670e-02 7.127906976744186052e-01
1.395348837209303694e-02 7.151162790697673799e-01
1.395348837209303694e-02 7.244186046511628119e-01
1.627906976744186718e-02 7.267441860465115866e-01
1.627906976744186718e-02 7.337209302325581328e-01
2.558139534883718813e-02 7.546511627906976605e-01
3.139534883720929148e-02 7.604651162790697638e-01
3.604651162790695196e-02 7.604651162790697638e-01
4.186046511627905531e-02 7.546511627906976605e-01
5.116279069767443177e-02 7.337209302325581328e-01
5.116279069767443177e-02 7.267441860465115866e-01
5.348837209302326201e-02 7.244186046511628119e-01
5.348837209302326201e-02 7.151162790697673799e-01
5.581395348837209225e-02 7.127906976744186052e-01
5.581395348837209225e-02 7.011627906976743985e-01
5.813953488372092249e-02 6.988372093023256237e-01
5.930232558139536536e-02 6.860465116279069742e-01
6.744186046511629895e-02 7.034883720930232842e-01
7.790697674418606278e-02 7.139534883720930480e-01
8.720930232558138373e-02 7.139534883720930480e-01
9.883720930232559043e-02 6.999999999999999556e-01
1.034883720930232509e-01 6.999999999999999556e-01
1.244186046511627786e-01 7.162790697674418228e-01
1.313953488372093248e-01 7.186046511627907085e-01
1.360465116279069853e-01 7.232558139534883690e-01
1.430232558139534760e-01 7.255813953488372547e-01
1.476744186046511365e-01 7.302325581395349152e-01
1.802325581395348708e-01 7.465116279069767824e-01
1.848837209302325313e-01 7.465116279069767824e-01
1.965116279069767380e-01 7.534883720930232176e-01
2.011627906976743985e-01 7.534883720930232176e-01
2.081395348837209447e-01 7.581395348837209891e-01
2.127906976744186052e-01 7.581395348837209891e-01
2.197674418604650959e-01 7.627906976744185386e-01
2.616279069767442067e-01 7.767441860465116310e-01
2.686046511627906974e-01 7.767441860465116310e-01
2.709302325581395277e-01 7.790697674418605168e-01
2.779069767441860739e-01 7.790697674418605168e-01
2.872093023255813948e-01 7.837209302325580662e-01
2.941860465116279411e-01 7.837209302325580662e-01
2.965116279069767158e-01 7.860465116279069520e-01
3.058139534883720922e-01 7.860465116279069520e-01
3.081395348837209225e-01 7.883720930232558377e-01
3.151162790697674687e-01 7.883720930232558377e-01
3.174418604651162434e-01 7.906976744186047235e-01
3.267441860465116199e-01 7.906976744186047235e-01
3.290697674418604501e-01 7.930232558139534982e-01
3.406976744186046568e-01 7.930232558139534982e-01
3.430232558139534871e-01 7.953488372093022729e-01
3.546511627906976383e-01 7.953488372093022729e-01
3.569767441860465240e-01 7.976744186046511587e-01
3.686046511627907307e-01 7.976744186046511587e-01
3.709302325581395054e-01 8.000000000000000444e-01
3.872093023255813726e-01 8.000000000000000444e-01
3.895348837209302584e-01 8.023255813953488191e-01
4.104651162790697860e-01 8.023255813953488191e-01
4.127906976744186163e-01 8.046511627906975939e-01
4.430232558139534649e-01 8.046511627906975939e-01
4.453488372093022951e-01 8.069767441860464796e-01
5.337209302325581772e-01 8.069767441860464796e-01
5.360465116279069520e-01 8.046511627906975939e-01
5.662790697674418006e-01 8.046511627906975939e-01
5.686046511627906863e-01 8.023255813953488191e-01
5.895348837209302140e-01 8.023255813953488191e-01
5.918604651162790997e-01 8.000000000000000444e-01
6.081395348837209669e-01 8.000000000000000444e-01
6.104651162790697416e-01 7.976744186046511587e-01
6.220930232558139483e-01 7.976744186046511587e-01
6.244186046511628341e-01 7.953488372093022729e-01
6.360465116279070408e-01 7.953488372093022729e-01
6.383720930232558155e-01 7.930232558139534982e-01
6.500000000000000222e-01 7.930232558139534982e-01
6.523255813953487969e-01 7.906976744186047235e-01
6.616279069767441179e-01 7.906976744186047235e-01
6.639534883720930036e-01 7.883720930232558377e-01
6.709302325581395499e-01 7.883720930232558377e-01
6.732558139534883246e-01 7.860465116279069520e-01
6.825581395348837566e-01 7.860465116279069520e-01
6.848837209302325313e-01 7.837209302325580662e-01
6.918604651162790775e-01 7.837209302325580662e-01
7.011627906976743985e-01 7.790697674418605168e-01
7.081395348837209447e-01 7.790697674418605168e-01
7.104651162790698304e-01 7.767441860465116310e-01
7.174418604651162656e-01 7.767441860465116310e-01
7.593023255813953210e-01 7.627906976744185386e-01
7.662790697674418672e-01 7.581395348837209891e-01
7.709302325581395277e-01 7.581395348837209891e-01
7.779069767441860739e-01 7.534883720930232176e-01
7.825581395348837344e-01 7.534883720930232176e-01
7.941860465116279411e-01 7.465116279069767824e-01
7.988372093023256015e-01 7.465116279069767824e-01
8.313953488372092249e-01 7.302325581395349152e-01
8.360465116279069964e-01 7.255813953488372547e-01
8.430232558139534316e-01 7.232558139534883690e-01
8.476744186046512031e-01 7.186046511627907085e-01
8.546511627906976383e-01 7.162790697674418228e-01
8.872093023255813726e-01 6.930232558139535204e-01
9.011627906976744651e-01 6.790697674418604279e-01
9.220930232558139927e-01 6.883720930232557489e-01
9.360465116279069742e-01 6.883720930232557489e-01
9.523255813953488413e-01 6.813953488372093137e-01
9.674418604651162656e-01 6.662790697674418894e-01
9.837209302325581328e-01 6.383720930232558155e-01
9.930232558139535648e-01 6.104651162790697416e-01
9.930232558139535648e-01 6.011627906976744207e-01
9.953488372093023395e-01 5.988372093023255349e-01
9.953488372093023395e-01 5.895348837209302140e-01
9.976744186046511143e-01 5.872093023255814392e-01
9.976744186046511143e-01 5.709302325581395721e-01
1.000000000000000000e+00 5.686046511627906863e-01
1.000000000000000000e+00 5.174418604651163101e-01
9.976744186046511143e-01 5.151162790697674243e-01
9.976744186046511143e-01 4.988372093023255571e-01
9.953488372093023395e-01 4.965116279069767269e-01
9.953488372093023395e-01 4.872093023255814059e-01
9.930232558139535648e-01 4.848837209302325757e-01
9.930232558139535648e-01 4.755813953488371992e-01
9.837209302325581328e-01 4.476744186046511809e-01
9.674418604651162656e-01 4.197674418604651070e-01
9.523255813953488413e-01 4.046511627906976827e-01
9.360465116279069742e-01 3.976744186046511365e-01
9.220930232558139927e-01 3.976744186046511365e-01
8.988372093023255793e-01 4.093023255813953432e-01
8.872093023255813726e-01 3.976744186046511365e-01
8.546511627906976383e-01 3.744186046511627786e-01
8.476744186046512031e-01 3.720930232558139483e-01
8.430232558139534316e-01 3.674418604651162878e-01
8.360465116279069964e-01 3.651162790697674021e-01
8.313953488372092249e-01 3.604651162790697416e-01
7.988372093023256015e-01 3.441860465116278744e-01
7.941860465116279411e-01 3.441860465116278744e-01
7.825581395348837344e-01 3.372093023255813837e-01
7.779069767441860739e-01 3.372093023255813837e-01
7.709302325581395277e-01 3.325581395348837233e-01
7.662790697674418672e-01 3.325581395348837233e-01
7.593023255813953210e-01 3.279069767441860073e-01
7.174418604651162656e-01 3.139534883720930258e-01
7.104651162790698304e-01 3.139534883720930258e-01
7.081395348837209447e-01 3.116279069767441956e-01
7.011627906976743985e-01 3.116279069767441956e-01
6.918604651162790775e-01 3.069767441860464796e-01
6.848837209302325313e-01 3.069767441860464796e-01
6.825581395348837566e-01 3.046511627906977049e-01
6.732558139534883246e-01 3.046511627906977049e-01
6.709302325581395499e-01 3.023255813953488191e-01
6.639534883720930036e-01 3.023255813953488191e-01
6.616279069767441179e-01 2.999999999999999889e-01
6.523255813953487969e-01 2.999999999999999889e-01
6.500000000000000222e-01 2.976744186046511587e-01
6.383720930232558155e-01 2.976744186046511587e-01
6.360465116279070408e-01 2.953488372093023284e-01
6.244186046511628341e-01 2.953488372093023284e-01
6.220930232558139483e-01 2.930232558139534982e-01
6.104651162790697416e-01 2.930232558139534982e-01
6.081395348837209669e-01 2.906976744186046124e-01
5.965116279069767602e-01 2.906976744186046124e-01
5.837209302325581106e-01 2.709302325581395277e-01
5.639534883720930258e-01 2.511627906976744429e-01
5.476744186046511587e-01 2.395348837209302362e-01
5.360465116279069520e-01 2.348837209302325757e-01
5.220930232558139705e-01 2.255813953488371992e-01
5.174418604651163101e-01 2.255813953488371992e-01
5.058139534883721034e-01 2.186046511627907085e-01
5.011627906976744429e-01 2.186046511627907085e-01
4.988372093023255571e-01 2.162790697674418783e-01
4.941860465116278966e-01 2.162790697674418783e-01
4.918604651162790664e-01 2.139534883720930480e-01
4.872093023255814059e-01 2.139534883720930480e-01
4.848837209302325757e-01 2.116279069767441623e-01
4.802325581395348597e-01 2.116279069767441623e-01
4.779069767441860295e-01 2.093023255813953321e-01
4.709302325581395388e-01 2.093023255813953321e-01
4.686046511627907085e-01 2.069767441860465018e-01
4.639534883720930480e-01 2.069767441860465018e-01
4.616279069767441623e-01 2.046511627906976716e-01
4.523255813953488413e-01 2.046511627906976716e-01
4.500000000000000111e-01 2.023255813953488413e-01
4.406976744186046346e-01 2.023255813953488413e-01
4.383720930232558044e-01 2.000000000000000111e-01
4.290697674418604834e-01 2.000000000000000111e-01
4.267441860465116532e-01 1.976744186046511809e-01
4.127906976744186163e-01 1.976744186046511809e-01
4.104651162790697860e-01 1.953488372093023506e-01
3.872093023255813726e-01 1.953488372093023506e-01
