5.300067179219227764e-01 8.009374285405934657e-04
5.250055982682689804e-01 0.000000000000000000e+00
4.774949615585578622e-01 0.000000000000000000e+00
4.674927222512502700e-01 2.042363100809130305e-03
4.574904829439426779e-01 2.773295973266087788e-03
4.499888034634619838e-01 4.567112492394331813e-03
4.424871239829812897e-01 5.802057082194389537e-03
4.324848846756736975e-01 9.023144324559861928e-03
4.199820855415391518e-01 1.206879197287502592e-02
4.149809658878853558e-01 1.275076283473686178e-02
4.074792864074046617e-01 1.456935179970192396e-02
4.024781667537508656e-01 1.525132266156375982e-02
3.899753676196163754e-01 1.838007787010570437e-02
3.849742479659625238e-01 2.053849120449852128e-02
3.699708890050011356e-01 2.826492338370001356e-02
3.599686496976934880e-01 3.516035449957227721e-02
3.524669702172128494e-01 4.218115709027858706e-02
3.449652907367320998e-01 4.766315363370676739e-02
3.364778136322138513e-01 5.615063073822501583e-02
3.346281550240458591e-01 5.865119056505191386e-02
3.322370312903426548e-01 6.365231021870570993e-02
3.313241770545645171e-01 6.865342987235950600e-02
3.313241770545645171e-01 8.865790848697474580e-02
3.322003361368819352e-01 9.365902814062854187e-02
3.343587494712746411e-01 9.866014779428233794e-02
3.371287148508728126e-01 1.036612674479361340e-01
3.389783734590408049e-01 1.061618272747630320e-01
3.459991760497471147e-01 1.136635067552437262e-01
3.528605768566207557e-01 1.236657460625513738e-01
3.534540333067497375e-01 1.261663058893782718e-01
3.528142701931610281e-01 1.286668657162051699e-01
3.510916623124580305e-01 1.311674255430320679e-01
3.364778136322138513e-01 1.461707845039934561e-01
3.346281550240458591e-01 1.486713443308203542e-01
3.303414810351997799e-01 1.561730238113010483e-01
3.171242362362575729e-01 1.736769425990893900e-01
3.128375622474114937e-01 1.811786220795700841e-01
3.046214371021230827e-01 1.911808613868776763e-01
3.021073350162808424e-01 1.961819810405314723e-01
3.003446453022881601e-01 2.011831006941852684e-01
2.928777364868467847e-01 2.161864596551467121e-01
2.882364885637184737e-01 2.236881391356274063e-01
2.851027507445054177e-01 2.311898186161081004e-01
2.720695064993228773e-01 2.511942972307232846e-01
2.628710185649239528e-01 2.686982160185116264e-01
2.595667073651883872e-01 2.736993356721654225e-01
2.553693390844432587e-01 2.812010151526461721e-01
2.520650278847076375e-01 2.862021348062999682e-01
2.420938991724352340e-01 3.062066134209151524e-01
2.403312094584425518e-01 3.112077330745689485e-01
2.295911000383007439e-01 3.337127715160110863e-01
2.245956003631049414e-01 3.487161304769724746e-01
2.215475083747832086e-01 3.612189296111069647e-01
2.202037524916882760e-01 3.687206090915876588e-01
2.178534995396979590e-01 3.737217287452414549e-01
2.145566304823041670e-01 3.787228483988952510e-01
2.043296384762757767e-01 3.987273270135104908e-01
1.971701054882292192e-01 4.162312458012987770e-01
1.958599392446522813e-01 4.237329252817795266e-01
1.915407904528603766e-01 4.412368440695678129e-01
1.903076500187793618e-01 4.487385235500485070e-01
1.870926445271448024e-01 4.587407628573560991e-01
1.862917070986042090e-01 4.637418825110099507e-01
1.862917070986042090e-01 5.537620362767783355e-01
1.883582597641715872e-01 5.637642755840859277e-01
1.890402306260334786e-01 5.712659550645666773e-01
1.908346300262401263e-01 5.787676345450474269e-01
1.915655628986972503e-01 5.887698738523550190e-01
1.970838222895510139e-01 6.062737926401433608e-01
2.068199558970323371e-01 6.262782712547585451e-01
2.125865157665252636e-01 6.362805105620661372e-01
2.203267308438273120e-01 6.537844293498544790e-01
2.220894205578200498e-01 6.587855490035082751e-01
2.245655285485491648e-01 6.637866686571620711e-01
2.278557388470055511e-01 6.687877883108158672e-01
2.303289701511349041e-01 6.737889079644696633e-01
2.320916598651276419e-01 6.787900276181234593e-01
2.346057619509698267e-01 6.837911472717772554e-01
2.364554205591378189e-01 6.862917070986040979e-01
2.459767829766710823e-01 6.962939464059116901e-01
2.553246862303927833e-01 7.087967455400462358e-01
2.596113602192388070e-01 7.162984250205269854e-01
2.614610188274067992e-01 7.187989848473538279e-01
2.774501754124057973e-01 7.347881414323528260e-01
2.849518548928864914e-01 7.402701379757810063e-01
2.899529745465402875e-01 7.447903807396604181e-01
3.024557736806747776e-01 7.541417188283090489e-01
3.149585728148093233e-01 7.614162846545675656e-01
3.224602522952900174e-01 7.645507532042968846e-01
3.374636112562514056e-01 7.739190837887020002e-01
3.449652907367320998e-01 7.766492379838650928e-01
3.524669702172128494e-01 7.784292703951534165e-01
3.599686496976934880e-01 7.809235490695860538e-01
3.649697693513473395e-01 7.834339910854242195e-01
3.756452363043391030e-01 7.913152198253339265e-01
3.779774892197449443e-01 7.938157796521608800e-01
3.786603344032246077e-01 7.963163394789878335e-01
3.785079565387773348e-01 7.988168993058146761e-01
3.753551589547010070e-01 8.113196984399492218e-01
3.716058704302341309e-01 8.238224975740837674e-01
3.708612398524319120e-01 8.338247368813913596e-01
3.690108526429157765e-01 8.388258565350451557e-01
3.674703291781742376e-01 8.409299861454238023e-01
3.599686496976934880e-01 8.476559584235277001e-01
3.564822922468290911e-01 8.513286556691797013e-01
3.495868611309568275e-01 8.613308949764872935e-01
3.443609887785822332e-01 8.713331342837948856e-01
3.422025754441895273e-01 8.763342539374485707e-01
3.388258565350452112e-01 8.938381727252369124e-01
3.390985926814844009e-01 9.163432111666790503e-01
3.421982778136040126e-01 9.288460103008135960e-01
3.471174118991651181e-01 9.413488094349480306e-01
3.496315139850072473e-01 9.463499290886019377e-01
3.515108738128378540e-01 9.488504889154287802e-01
3.574680898708666454e-01 9.548374061931201862e-01
3.699708890050011356e-01 9.634219329972109058e-01
3.774725684854818297e-01 9.692414176850990826e-01
3.874748077927894219e-01 9.759247321313454515e-01
3.949764872732701715e-01 9.816926630695570477e-01
3.999776069269239676e-01 9.841204819567210826e-01
4.074792864074046617e-01 9.860514404374847164e-01
4.149809658878853558e-01 9.891216016103749897e-01
4.199820855415391518e-01 9.899977606926924079e-01
4.274837650220198459e-01 9.901843696349929003e-01
4.324848846756736975e-01 9.910575188956602943e-01
4.449876838098081877e-01 9.966232810908556283e-01
4.499888034634619838e-01 9.974994401731731575e-01
4.924983205195193059e-01 9.976860491154735389e-01
5.050011196536537961e-01 1.000000000000000000e+00
5.450100768828842757e-01 1.000000000000000000e+00
5.500111965365380717e-01 9.991238409176825819e-01
5.625139956706725064e-01 9.935580787224871369e-01
5.675151153243263025e-01 9.926849294618198538e-01
5.800179144584608482e-01 9.922255843730800606e-01
5.875195939389414868e-01 9.904317678539518166e-01
5.950212734194222364e-01 9.891968232641517034e-01
6.025229528999029860e-01 9.867073249822262415e-01
6.225274315145181703e-01 9.766915434159032516e-01
6.250279913413450128e-01 9.748418848077353704e-01
6.350302306486526049e-01 9.653205223902021626e-01
6.450324699559603081e-01 9.584285261092568842e-01
6.525341494364409467e-01 9.541865049744611138e-01
6.575352690900947428e-01 9.499105088420184417e-01
6.678724048027809834e-01 9.363476897812943456e-01
6.731429300092059975e-01 9.263454504739867534e-01
6.773888518530910563e-01 9.163432111666790503e-01
6.804131980320285988e-01 9.113420915130252542e-01
6.828030228240795640e-01 9.063409718593714581e-01
6.859070055867846349e-01 8.938381727252369124e-01
6.861797417332238247e-01 8.913376128984100699e-01
6.859070055867846349e-01 8.838359334179293203e-01
6.841373786324147499e-01 8.763342539374485707e-01
6.833933309356911012e-01 8.638314548033141360e-01
6.827663276706187334e-01 8.613308949764872935e-01
6.803752039369154181e-01 8.563297753228333864e-01
6.785255453287475369e-01 8.538292154960065439e-01
6.625363887437485388e-01 8.378400589110075458e-01
6.571658682065862900e-01 8.338247368813913596e-01
6.547800226142392876e-01 8.313241770545644060e-01
6.518881714811773920e-01 8.263230574009106100e-01
6.497311025337881851e-01 8.213219377472568139e-01
6.488579532731209021e-01 8.163208180936030178e-01
6.483986081843811089e-01 8.063185787862954257e-01
6.466047916652529759e-01 7.988168993058146761e-01
6.443669983891434638e-01 7.863141001716802414e-01
6.447473183967606936e-01 7.838135403448532879e-01
6.467342398381062951e-01 7.813129805180263343e-01
6.575352690900947428e-01 7.766847513648642565e-01
6.675375083974024459e-01 7.706647632554551874e-01
6.725386280510561310e-01 7.685076943080659806e-01
6.800403075315368806e-01 7.665717770227806760e-01
6.850414271851906767e-01 7.641439581356166411e-01
6.925431066656714263e-01 7.586982683999691224e-01
7.000447861461520649e-01 7.555233084057523252e-01
7.150481451071135641e-01 7.466400393478284103e-01
7.175487049339404066e-01 7.447903807396604181e-01
7.350526237217287484e-01 7.277673388416464606e-01
7.436143231287990485e-01 7.212995446741807815e-01
7.478903192612418316e-01 7.162984250205269854e-01
7.531608444676669567e-01 7.062961857132193932e-01
7.574067663115520155e-01 6.962939464059116901e-01
7.671279865912992157e-01 6.812905874449504129e-01
7.728959175295108119e-01 6.737889079644696633e-01
7.796831513451838447e-01 6.612861088303351176e-01
7.853987166636453576e-01 6.537844293498544790e-01
7.879128187494874869e-01 6.487833096962005719e-01
7.928319528350487033e-01 6.362805105620661372e-01
7.959564104130052442e-01 6.237777114279315915e-01
7.972641323165754468e-01 6.162760319474509529e-01
8.028298945117708918e-01 6.037732328133164073e-01
8.059586497203128364e-01 5.887698738523550190e-01
8.066406205821745612e-01 5.837687541987012230e-01
8.109597693739665214e-01 5.662648354109128812e-01
8.137082929013959021e-01 5.512614764499514930e-01
8.137082929013959021e-01 4.512390833768754050e-01
8.134355567549567123e-01 4.487385235500485070e-01
8.091411804090015147e-01 4.312346047622602208e-01
8.084592095471396789e-01 4.262334851086064247e-01
8.066648101469329202e-01 4.187318056281257306e-01
8.062066134209151524e-01 4.062290064939911849e-01
8.052937591851369037e-01 4.012278868403373888e-01
8.029406295465467691e-01 3.962267671866835927e-01
7.996504192480902162e-01 3.912256475330297967e-01
7.972641323165754468e-01 3.862245278793760006e-01
7.953282150312901422e-01 3.787228483988952510e-01
7.931698016968973253e-01 3.737217287452414549e-01
7.878992764904722002e-01 3.637194894379338628e-01
7.821837111720106872e-01 3.562178099574531687e-01
7.796732691561727435e-01 3.512166903037993726e-01
7.771789904817401062e-01 3.437150108233186785e-01
7.753237364166749579e-01 3.362133313428379289e-01
7.728959175295108119e-01 3.312122116891841328e-01
7.671803522110494100e-01 3.237105322087034942e-01
7.619128038615610166e-01 3.137082929013958466e-01
7.579061008275647104e-01 3.037060535940882544e-01
7.553919987417225812e-01 2.987049339404344028e-01
7.500344261324588535e-01 2.912032544599537642e-01
7.478175783215790240e-01 2.837015749794730146e-01
7.453897594344148780e-01 2.787004553258192185e-01
7.285367418652854976e-01 2.561954168843770807e-01
7.190153794477522897e-01 2.461931775770694886e-01
7.135333829043242204e-01 2.386914980965887945e-01
7.040120204867909015e-01 2.286892587892812023e-01
7.021657967135499501e-01 2.261886989624543043e-01
6.953785628978768063e-01 2.136858998283198141e-01
6.935289042897089251e-01 2.111853400014929161e-01
6.815069820453487637e-01 1.986825408673583704e-01
6.760249855019206944e-01 1.911808613868776763e-01
6.575352690900947428e-01 1.726911449750518357e-01
6.491405325286045969e-01 1.661752631186086959e-01
6.425319101291333546e-01 1.576135637115383403e-01
6.400313503023065120e-01 1.552169274069261085e-01
6.325296708218257624e-01 1.497052296438353691e-01
6.225274315145181703e-01 1.401838672263021057e-01
6.139882857229070900e-01 1.336679853698589659e-01
6.118760084060151927e-01 1.311674255430320679e-01
6.109566592249282557e-01 1.286668657162051699e-01
6.114220040483163698e-01 1.261663058893782718e-01
6.184824082652393695e-01 1.186646264088975222e-01
6.203617680930698652e-01 1.161640665820706242e-01
6.227528918267730695e-01 1.111629469284168281e-01
6.261663058893782718e-01 9.365902814062854187e-02
6.261663058893782718e-01 7.865566917966709815e-02
6.252901468070608537e-01 7.365454952601330207e-02
6.231317334726680368e-01 6.865342987235950600e-02
6.179058611202934426e-01 5.865119056505191386e-02
6.110104300044212344e-01 4.864895125774432172e-02
6.000223930730760324e-01 3.766091432639917524e-02
5.975218332462491899e-01 3.581125571823123854e-02
5.925207135925953938e-01 3.329715363238899828e-02
5.875195939389414868e-01 3.153446391839620500e-02
5.725162349779800985e-01 2.406755510295477407e-02
5.650145554974994599e-01 1.907414821500069690e-02
5.575128760170187103e-01 1.325466352711268669e-02
5.500111965365380717e-01 8.267103528022179404e-03
5.450100768828842757e-01 5.790995537293064377e-03
