2.739938080495356032e-01 2.662538699690402133e-01
2.244582043343653077e-01 2.662538699690402133e-01
2.213622291021671851e-01 2.693498452012383915e-01
2.027863777089783381e-01 2.693498452012383915e-01
1.888544891640867029e-01 2.801857585139319040e-01
1.888544891640867029e-01 2.832817337461300267e-01
1.780185758513931904e-01 2.941176470588235392e-01
1.687306501547987669e-01 2.972136222910216619e-01
1.609907120743034326e-01 3.080495356037151744e-01
1.609907120743034326e-01 3.142414860681114197e-01
1.578947368421052544e-01 3.173374613003095979e-01
1.578947368421052544e-01 3.235294117647058432e-01
1.501547987616099200e-01 3.343653250773993557e-01
1.408668730650154965e-01 3.374613003095975339e-01
1.300309597523219840e-01 3.482972136222910464e-01
1.300309597523219840e-01 3.575851393188854699e-01
1.269349845201238614e-01 3.606811145510835925e-01
1.269349845201238614e-01 3.668730650154798933e-01
1.238390092879256832e-01 3.699690402476780160e-01
1.238390092879256832e-01 3.761609907120743168e-01
1.160990712074303488e-01 3.839009287925696512e-01
1.037151702786377472e-01 3.900928792569659520e-01
9.752321981424150188e-02 3.900928792569659520e-01
8.823529411764707842e-02 3.962848297213622528e-01
8.204334365325077760e-02 3.962848297213622528e-01
6.656346749226005333e-02 4.055727554179566763e-01
6.037151702786375251e-02 4.055727554179566763e-01
4.489164086687308375e-02 4.148606811145510997e-01
4.179566563467490559e-02 4.148606811145510997e-01
3.869969040247678294e-02 4.179566563467492224e-01
3.560371517027866028e-02 4.179566563467492224e-01
2.941176470588235947e-02 4.241486068111455232e-01
2.631578947368423682e-02 4.241486068111455232e-01
9.287925696594423464e-03 4.411764705882352811e-01
9.287925696594423464e-03 4.442724458204334592e-01
6.191950464396300813e-03 4.473684210526315819e-01
6.191950464396300813e-03 4.535603715170278827e-01
3.095975232198122651e-03 4.566563467492260053e-01
3.095975232198122651e-03 5.000000000000000000e-01
0.000000000000000000e+00 5.030959752321981782e-01
0.000000000000000000e+00 5.123839009287926016e-01
3.095975232198122651e-03 5.154798761609906688e-01
3.095975232198122651e-03 5.309597523219814486e-01
6.191950464396300813e-03 5.340557275541795157e-01
6.191950464396300813e-03 5.371517027863776939e-01
9.287925696594423464e-03 5.402476780185758720e-01
9.287925696594423464e-03 5.433436532507740502e-01
2.012383900928793601e-02 5.541795665634674517e-01
2.321981424148605866e-02 5.541795665634674517e-01
2.941176470588235947e-02 5.603715170278638080e-01
3.250773993808048212e-02 5.603715170278638080e-01
3.869969040247678294e-02 5.665634674922600533e-01
4.179566563467490559e-02 5.665634674922600533e-01
4.489164086687308375e-02 5.696594427244582315e-01
4.798761609907120640e-02 5.696594427244582315e-01
5.727554179566562986e-02 5.789473684210526550e-01
6.037151702786375251e-02 5.789473684210526550e-01
6.346749226006193068e-02 5.820433436532508331e-01
6.656346749226005333e-02 5.820433436532508331e-01
7.275541795665635414e-02 5.882352941176470784e-01
7.585139318885447679e-02 5.882352941176470784e-01
8.204334365325077760e-02 5.944272445820433237e-01
8.513931888544890025e-02 5.944272445820433237e-01
8.823529411764707842e-02 5.975232198142415019e-01
9.133126934984520107e-02 5.975232198142415019e-01
9.442724458204332372e-02 6.006191950464396800e-01
9.752321981424150188e-02 6.006191950464396800e-01
1.114551083591331371e-01 6.145510835913312597e-01
1.114551083591331371e-01 6.362229102167182848e-01
1.145510835913312597e-01 6.393188854489164630e-01
1.145510835913312597e-01 6.424148606811145301e-01
1.253869969040247723e-01 6.532507739938080427e-01
1.284829721362228949e-01 6.532507739938080427e-01
1.362229102167182848e-01 6.609907120743033770e-01
1.362229102167182848e-01 6.640866873065015552e-01
1.393188854489164075e-01 6.671826625386996223e-01
1.393188854489164075e-01 6.826625386996904021e-01
1.532507739938080427e-01 6.965944272445820928e-01
1.563467492260061653e-01 6.965944272445820928e-01
1.625386996904024661e-01 7.027863777089783381e-01
1.656346749226006443e-01 7.027863777089783381e-01
1.718266253869968896e-01 7.089783281733745834e-01
1.749226006191950678e-01 7.089783281733745834e-01
1.842105263157894912e-01 7.182662538699690069e-01
1.873065015479876139e-01 7.182662538699690069e-01
1.965944272445820373e-01 7.275541795665634304e-01
1.996904024767801600e-01 7.275541795665634304e-01
2.027863777089783381e-01 7.306501547987616085e-01
2.058823529411764608e-01 7.306501547987616085e-01
2.089783281733746390e-01 7.337461300309597867e-01
2.275541795665634859e-01 7.337461300309597867e-01
2.306501547987616085e-01 7.306501547987616085e-01
2.337461300309597312e-01 7.306501547987616085e-01
2.414860681114551211e-01 7.229102167182662741e-01
2.414860681114551211e-01 7.167182662538700288e-01
2.554179566563467563e-01 7.027863777089783381e-01
2.662538699690402133e-01 6.981424148606811819e-01
2.662538699690402133e-01 6.950464396284830038e-01
2.693498452012383915e-01 6.919504643962848256e-01
2.693498452012383915e-01 6.826625386996904021e-01
2.724458204334365696e-01 6.795665634674922240e-01
2.724458204334365696e-01 6.764705882352941568e-01
2.755417956656346368e-01 6.733746130030959787e-01
2.755417956656346368e-01 6.702786377708978005e-01
2.832817337461300267e-01 6.625386996904024661e-01
2.863777089783281493e-01 6.625386996904024661e-01
2.894736842105263275e-01 6.594427244582043990e-01
2.956656346749225728e-01 6.594427244582043990e-01
3.111455108359133526e-01 6.439628482972136192e-01
3.142414860681114197e-01 6.439628482972136192e-01
3.173374613003095979e-01 6.408668730650154410e-01
3.637770897832817152e-01 6.408668730650154410e-01
3.715170278637770496e-01 6.331269349845201067e-01
3.715170278637770496e-01 6.300309597523219285e-01
3.823529411764705621e-01 6.191950464396285270e-01
3.885448916408668629e-01 6.191950464396285270e-01
3.916408668730649856e-01 6.160990712074303488e-01
4.009287925696594090e-01 6.160990712074303488e-01
4.040247678018575872e-01 6.130030959752321706e-01
4.226006191950464341e-01 6.130030959752321706e-01
4.256965944272446123e-01 6.099071207430341035e-01
4.287925696594427349e-01 6.099071207430341035e-01
4.380804953560371584e-01 6.006191950464396800e-01
4.411764705882352811e-01 6.006191950464396800e-01
4.566563467492260053e-01 5.851393188854489003e-01
4.597523219814241280e-01 5.851393188854489003e-01
4.628482972136223061e-01 5.820433436532508331e-01
5.000000000000000000e-01 5.820433436532508331e-01
5.030959752321981782e-01 5.851393188854489003e-01
5.185758513931888469e-01 5.851393188854489003e-01
5.216718266253870251e-01 5.882352941176470784e-01
5.309597523219814486e-01 5.882352941176470784e-01
5.340557275541795157e-01 5.913312693498451456e-01
6.114551083591330816e-01 5.913312693498451456e-01
6.145510835913312597e-01 5.944272445820433237e-01
6.857585139318885803e-01 5.944272445820433237e-01
6.888544891640866474e-01 5.975232198142415019e-01
7.662538699690402133e-01 5.975232198142415019e-01
7.693498452012383915e-01 6.006191950464396800e-01
8.467492260061919573e-01 6.006191950464396800e-01
8.498452012383901355e-01 6.037151702786377472e-01
9.613003095975232171e-01 6.037151702786377472e-01
9.643962848297213952e-01 6.006191950464396800e-01
9.736842105263157077e-01 6.006191950464396800e-01
9.767801857585138858e-01 5.975232198142415019e-01
9.798761609907120640e-01 5.975232198142415019e-01
1.000000000000000000e+00 5.773993808049535659e-01
1.000000000000000000e+00 5.123839009287926016e-01
9.969040247678018218e-01 5.092879256965944235e-01
9.969040247678018218e-01 5.061919504643962453e-01
9.736842105263157077e-01 4.829721362229102422e-01
9.705882352941176405e-01 4.829721362229102422e-01
9.643962848297213952e-01 4.767801857585139413e-01
9.613003095975232171e-01 4.767801857585139413e-01
9.582043343653250389e-01 4.736842105263158187e-01
9.551083591331268607e-01 4.736842105263158187e-01
9.520123839009287936e-01 4.705882352941176405e-01
9.458204334365325483e-01 4.705882352941176405e-01
9.427244582043343701e-01 4.674922600619195179e-01
9.117647058823529216e-01 4.674922600619195179e-01
9.086687306501548544e-01 4.705882352941176405e-01
9.024767801857584981e-01 4.705882352941176405e-01
8.993808049535603200e-01 4.736842105263158187e-01
8.962848297213622528e-01 4.736842105263158187e-01
8.931888544891640747e-01 4.767801857585139413e-01
8.808049535603714730e-01 4.767801857585139413e-01
8.777089783281732949e-01 4.798761609907120640e-01
8.622291021671826261e-01 4.798761609907120640e-01
8.591331269349844479e-01 4.767801857585139413e-01
8.467492260061919573e-01 4.767801857585139413e-01
8.436532507739937792e-01 4.798761609907120640e-01
8.219814241486067541e-01 4.798761609907120640e-01
8.188854489164086869e-01 4.829721362229102422e-01
8.126934984520124416e-01 4.829721362229102422e-01
8.095975232198142635e-01 4.798761609907120640e-01
7.941176470588235947e-01 4.798761609907120640e-01
7.910216718266254166e-01 4.767801857585139413e-01
7.879256965944272384e-01 4.767801857585139413e-01
7.786377708978328149e-01 4.674922600619195179e-01
7.755417956656347478e-01 4.674922600619195179e-01
7.724458204334365696e-01 4.643962848297213397e-01
7.693498452012383915e-01 4.643962848297213397e-01
7.662538699690402133e-01 4.613003095975232171e-01
7.631578947368420351e-01 4.613003095975232171e-01
7.600619195046439680e-01 4.582043343653250944e-01
7.538699690402477227e-01 4.582043343653250944e-01
7.507739938080495445e-01 4.551083591331269163e-01
7.414860681114551211e-01 4.551083591331269163e-01
7.383900928792569429e-01 4.520123839009287936e-01
7.291021671826625195e-01 4.520123839009287936e-01
7.260061919504643413e-01 4.489164086687306709e-01
7.198142414860680960e-01 4.489164086687306709e-01
7.167182662538700288e-01 4.458204334365324928e-01
7.074303405572754944e-01 4.458204334365324928e-01
7.043343653250774272e-01 4.427244582043343701e-01
6.888544891640866474e-01 4.427244582043343701e-01
6.857585139318885803e-01 4.458204334365324928e-01
6.733746130030959787e-01 4.458204334365324928e-01
6.702786377708978005e-01 4.427244582043343701e-01
6.052631578947368363e-01 4.427244582043343701e-01
6.021671826625386581e-01 4.458204334365324928e-01
5.928792569659442346e-01 4.458204334365324928e-01
5.897832817337461675e-01 4.427244582043343701e-01
5.835913312693498112e-01 4.427244582043343701e-01
5.804953560371517440e-01 4.396284829721361920e-01
5.495356037151702955e-01 4.396284829721361920e-01
5.464396284829721173e-01 4.365325077399380693e-01
5.433436532507740502e-01 4.365325077399380693e-01
5.402476780185758720e-01 4.334365325077399467e-01
5.371517027863776939e-01 4.334365325077399467e-01
5.309597523219814486e-01 4.272445820433436459e-01
5.278637770897832704e-01 4.272445820433436459e-01
5.201238390092879360e-01 4.195046439628483115e-01
5.201238390092879360e-01 4.164086687306501888e-01
5.077399380804953344e-01 4.040247678018575872e-01
5.077399380804953344e-01 4.009287925696594090e-01
5.000000000000000000e-01 3.931888544891640747e-01
4.969040247678018773e-01 3.931888544891640747e-01
4.938080495356036992e-01 3.900928792569659520e-01
4.845201238390092757e-01 3.900928792569659520e-01
4.814241486068111531e-01 3.869969040247678294e-01
4.721362229102167296e-01 3.869969040247678294e-01
4.690402476780185514e-01 3.839009287925696512e-01
4.535603715170278827e-01 3.839009287925696512e-01
4.504643962848297045e-01 3.808049535603715285e-01
4.473684210526315819e-01 3.808049535603715285e-01
4.411764705882352811e-01 3.746130030959752277e-01
4.380804953560371584e-01 3.746130030959752277e-01
4.349845201238390358e-01 3.715170278637770496e-01
4.318885448916408576e-01 3.715170278637770496e-01
4.287925696594427349e-01 3.684210526315789824e-01
4.256965944272446123e-01 3.684210526315789824e-01
4.226006191950464341e-01 3.653250773993808043e-01
4.195046439628483115e-01 3.653250773993808043e-01
4.133126934984520107e-01 3.591331269349845590e-01
4.102167182662538880e-01 3.591331269349845590e-01
4.040247678018575872e-01 3.529411764705882026e-01
3.947368421052631637e-01 3.529411764705882026e-01
3.916408668730649856e-01 3.498452012383900800e-01
3.761609907120743168e-01 3.498452012383900800e-01
3.730650154798761386e-01 3.467492260061919573e-01
3.637770897832817152e-01 3.467492260061919573e-01
3.606811145510835925e-01 3.436532507739937792e-01
3.575851393188854699e-01 3.436532507739937792e-01
3.452012383900928683e-01 3.312693498452012331e-01
3.421052631578947456e-01 3.312693498452012331e-01
3.219814241486068096e-01 3.111455108359133526e-01
3.219814241486068096e-01 3.080495356037151744e-01
3.173374613003095979e-01 3.034055727554179627e-01
3.142414860681114197e-01 3.034055727554179627e-01
3.065015479876160853e-01 2.956656346749225728e-01
3.065015479876160853e-01 2.925696594427244501e-01
3.018575851393188736e-01 2.879256965944272384e-01
2.987616099071207509e-01 2.879256965944272384e-01
2.801857585139319040e-01 2.693498452012383915e-01
2.770897832817337259e-01 2.693498452012383915e-01
