3.779661016949152352e-01 2.644067796610169441e-01
1.542372881355932313e-01 2.644067796610169441e-01
1.440677966101694962e-01 2.711864406779661008e-01
1.372881355932203395e-01 2.711864406779661008e-01
1.033898305084745561e-01 2.881355932203389925e-01
8.644067796610171994e-02 3.050847457627118287e-01
8.305084745762714160e-02 3.050847457627118287e-01
6.271186440677967155e-02 3.254237288135592987e-01
5.932203389830509321e-02 3.254237288135592987e-01
3.728813559322036175e-02 3.474576271186440302e-01
3.050847457627120507e-02 3.610169491525423435e-01
3.050847457627120507e-02 3.677966101694915002e-01
1.016949152542373502e-02 4.050847457627118620e-01
1.016949152542373502e-02 4.186440677966101753e-01
6.779661016949156682e-03 4.220338983050847537e-01
6.779661016949156682e-03 4.423728813559322237e-01
3.389830508474578341e-03 4.457627118644068021e-01
3.389830508474578341e-03 4.661016949152542166e-01
0.000000000000000000e+00 4.694915254237287949e-01
0.000000000000000000e+00 4.898305084745762650e-01
3.389830508474578341e-03 4.932203389830508433e-01
3.389830508474578341e-03 5.237288135593219929e-01
6.779661016949156682e-03 5.271186440677966267e-01
6.779661016949156682e-03 5.474576271186440968e-01
1.016949152542373502e-02 5.508474576271186196e-01
1.016949152542373502e-02 5.576271186440677763e-01
2.711864406779662673e-02 5.915254237288135597e-01
8.983050847457629828e-02 6.542372881355932313e-01
9.322033898305082111e-02 6.542372881355932313e-01
1.067796610169491345e-01 6.677966101694915446e-01
1.101694915254237128e-01 6.677966101694915446e-01
1.169491525423728695e-01 6.745762711864407013e-01
1.203389830508474478e-01 6.745762711864407013e-01
1.305084745762711829e-01 6.847457627118643808e-01
1.338983050847457612e-01 6.847457627118643808e-01
1.406779661016949179e-01 6.915254237288135375e-01
1.440677966101694962e-01 6.915254237288135375e-01
1.508474576271186529e-01 6.983050847457626942e-01
1.542372881355932313e-01 6.983050847457626942e-01
1.610169491525423879e-01 7.050847457627118509e-01
1.644067796610169663e-01 7.050847457627118509e-01
1.711864406779661230e-01 7.118644067796610075e-01
1.915254237288135375e-01 7.220338983050846871e-01
1.949152542372881158e-01 7.220338983050846871e-01
1.983050847457626942e-01 7.254237288135593209e-01
2.016949152542372725e-01 7.254237288135593209e-01
2.050847457627118509e-01 7.288135593220339548e-01
2.084745762711864292e-01 7.288135593220339548e-01
2.118644067796610075e-01 7.322033898305084776e-01
2.898305084745762539e-01 7.322033898305084776e-01
2.932203389830508877e-01 7.355932203389830004e-01
3.237288135593220373e-01 7.355932203389830004e-01
3.271186440677966156e-01 7.322033898305084776e-01
3.338983050847457723e-01 7.322033898305084776e-01
3.372881355932203506e-01 7.288135593220339548e-01
3.474576271186440302e-01 7.288135593220339548e-01
3.508474576271186640e-01 7.254237288135593209e-01
3.576271186440678207e-01 7.254237288135593209e-01
3.610169491525423435e-01 7.220338983050846871e-01
3.677966101694915002e-01 7.220338983050846871e-01
3.711864406779661341e-01 7.186440677966101642e-01
3.779661016949152352e-01 7.186440677966101642e-01
3.813559322033898136e-01 7.152542372881356414e-01
3.915254237288135486e-01 7.152542372881356414e-01
3.949152542372881269e-01 7.118644067796610075e-01
4.016949152542372836e-01 7.118644067796610075e-01
4.050847457627118620e-01 7.084745762711863737e-01
4.084745762711864403e-01 7.084745762711863737e-01
4.237288135593220151e-01 6.932203389830509099e-01
4.237288135593220151e-01 6.898305084745762761e-01
4.406779661016949068e-01 6.728813559322033289e-01
4.406779661016949068e-01 6.694915254237288060e-01
4.440677966101694851e-01 6.661016949152542832e-01
4.440677966101694851e-01 6.627118644067796494e-01
4.474576271186440635e-01 6.593220338983050155e-01
4.474576271186440635e-01 6.525423728813559698e-01
4.508474576271186418e-01 6.491525423728813360e-01
4.508474576271186418e-01 6.423728813559321793e-01
4.542372881355932202e-01 6.389830508474576565e-01
4.542372881355932202e-01 6.322033898305084998e-01
4.576271186440677985e-01 6.288135593220338659e-01
4.576271186440677985e-01 6.254237288135593431e-01
4.610169491525423768e-01 6.220338983050847093e-01
4.610169491525423768e-01 6.186440677966101864e-01
4.762711864406779516e-01 6.033898305084746116e-01
4.796610169491525300e-01 6.033898305084746116e-01
4.830508474576271083e-01 5.999999999999999778e-01
5.610169491525424101e-01 5.999999999999999778e-01
5.644067796610169330e-01 5.966101694915254550e-01
5.779661016949152463e-01 5.966101694915254550e-01
5.813559322033898802e-01 5.932203389830508211e-01
5.847457627118644030e-01 5.932203389830508211e-01
5.881355932203389258e-01 5.898305084745762983e-01
5.915254237288135597e-01 5.898305084745762983e-01
5.949152542372881936e-01 5.864406779661016644e-01
5.983050847457627164e-01 5.864406779661016644e-01
6.016949152542372392e-01 5.830508474576271416e-01
6.050847457627118731e-01 5.830508474576271416e-01
6.084745762711863959e-01 5.796610169491525077e-01
6.118644067796610297e-01 5.796610169491525077e-01
6.186440677966101864e-01 5.728813559322033511e-01
6.220338983050847093e-01 5.728813559322033511e-01
6.254237288135593431e-01 5.694915254237288282e-01
6.288135593220338659e-01 5.694915254237288282e-01
6.322033898305084998e-01 5.661016949152541944e-01
6.355932203389830226e-01 5.661016949152541944e-01
6.423728813559321793e-01 5.593220338983050377e-01
6.457627118644068132e-01 5.593220338983050377e-01
6.491525423728813360e-01 5.559322033898305149e-01
6.525423728813559698e-01 5.559322033898305149e-01
6.559322033898304927e-01 5.525423728813558810e-01
6.728813559322033289e-01 5.525423728813558810e-01
6.762711864406779627e-01 5.559322033898305149e-01
6.796610169491525966e-01 5.559322033898305149e-01
6.830508474576271194e-01 5.593220338983050377e-01
6.864406779661016422e-01 5.593220338983050377e-01
6.932203389830509099e-01 5.661016949152541944e-01
6.966101694915254328e-01 5.661016949152541944e-01
7.033898305084745894e-01 5.728813559322033511e-01
7.101694915254237461e-01 5.728813559322033511e-01
7.135593220338982690e-01 5.762711864406779849e-01
7.508474576271186862e-01 5.762711864406779849e-01
7.542372881355932090e-01 5.728813559322033511e-01
7.745762711864406791e-01 5.728813559322033511e-01
7.779661016949153129e-01 5.694915254237288282e-01
7.813559322033898358e-01 5.694915254237288282e-01
7.864406779661017310e-01 5.644067796610169330e-01
7.864406779661017310e-01 5.610169491525424101e-01
8.016949152542373058e-01 5.457627118644068354e-01
8.050847457627119397e-01 5.457627118644068354e-01
8.118644067796609853e-01 5.389830508474576787e-01
8.152542372881356192e-01 5.389830508474576787e-01
8.186440677966101420e-01 5.355932203389830448e-01
8.220338983050847759e-01 5.355932203389830448e-01
8.254237288135592987e-01 5.322033898305085220e-01
8.288135593220338215e-01 5.322033898305085220e-01
8.322033898305084554e-01 5.288135593220338881e-01
8.491525423728814026e-01 5.288135593220338881e-01
8.525423728813559254e-01 5.322033898305085220e-01
8.559322033898304483e-01 5.322033898305085220e-01
8.627118644067797160e-01 5.389830508474576787e-01
8.694915254237287616e-01 5.389830508474576787e-01
8.728813559322033955e-01 5.423728813559322015e-01
8.762711864406780293e-01 5.423728813559322015e-01
8.796610169491525522e-01 5.457627118644068354e-01
8.864406779661017088e-01 5.457627118644068354e-01
8.898305084745763427e-01 5.491525423728813582e-01
8.932203389830508655e-01 5.491525423728813582e-01
8.966101694915253884e-01 5.525423728813558810e-01
9.305084745762711718e-01 5.525423728813558810e-01
9.338983050847458056e-01 5.491525423728813582e-01
9.406779661016948513e-01 5.491525423728813582e-01
9.440677966101694851e-01 5.457627118644068354e-01
9.474576271186441190e-01 5.457627118644068354e-01
9.644067796610169552e-01 5.288135593220338881e-01
9.677966101694914780e-01 5.288135593220338881e-01
9.847457627118644252e-01 5.118644067796610519e-01
9.881355932203390591e-01 5.118644067796610519e-01
9.966101694915254772e-01 5.033898305084745228e-01
9.966101694915254772e-01 5.000000000000000000e-01
1.000000000000000000e+00 4.966101694915254217e-01
1.000000000000000000e+00 4.932203389830508433e-01
9.966101694915254772e-01 4.898305084745762650e-01
9.966101694915254772e-01 4.864406779661016866e-01
9.932203389830508433e-01 4.830508474576271083e-01
9.932203389830508433e-01 4.796610169491525300e-01
9.898305084745762095e-01 4.762711864406779516e-01
9.898305084745762095e-01 4.728813559322033733e-01
9.779661016949152685e-01 4.610169491525423768e-01
9.745762711864407457e-01 4.610169491525423768e-01
9.644067796610169552e-01 4.508474576271186418e-01
9.610169491525424323e-01 4.508474576271186418e-01
9.508474576271186418e-01 4.406779661016949068e-01
9.474576271186441190e-01 4.406779661016949068e-01
9.372881355932203284e-01 4.305084745762711718e-01
9.338983050847458056e-01 4.305084745762711718e-01
9.305084745762711718e-01 4.271186440677965934e-01
9.271186440677965379e-01 4.271186440677965934e-01
9.237288135593220151e-01 4.237288135593220151e-01
8.932203389830508655e-01 4.237288135593220151e-01
8.898305084745763427e-01 4.271186440677965934e-01
8.762711864406780293e-01 4.271186440677965934e-01
8.728813559322033955e-01 4.305084745762711718e-01
8.627118644067797160e-01 4.305084745762711718e-01
8.593220338983050821e-01 4.338983050847457501e-01
8.559322033898304483e-01 4.338983050847457501e-01
8.525423728813559254e-01 4.372881355932203284e-01
8.491525423728814026e-01 4.372881355932203284e-01
8.457627118644067687e-01 4.406779661016949068e-01
8.423728813559321349e-01 4.406779661016949068e-01
8.389830508474576121e-01 4.440677966101694851e-01
7.983050847457626720e-01 4.440677966101694851e-01
7.949152542372881491e-01 4.406779661016949068e-01
7.915254237288136263e-01 4.406779661016949068e-01
7.847457627118643586e-01 4.338983050847457501e-01
7.813559322033898358e-01 4.338983050847457501e-01
7.610169491525423657e-01 4.135593220338983356e-01
7.576271186440677319e-01 4.135593220338983356e-01
7.508474576271186862e-01 4.067796610169491789e-01
7.169491525423729028e-01 4.067796610169491789e-01
7.135593220338982690e-01 4.101694915254237017e-01
7.101694915254237461e-01 4.101694915254237017e-01
6.999999999999999556e-01 4.203389830508474923e-01
6.966101694915254328e-01 4.203389830508474923e-01
6.898305084745762761e-01 4.271186440677965934e-01
6.830508474576271194e-01 4.271186440677965934e-01
6.796610169491525966e-01 4.305084745762711718e-01
6.728813559322033289e-01 4.305084745762711718e-01
6.694915254237288060e-01 4.338983050847457501e-01
6.627118644067796494e-01 4.338983050847457501e-01
6.593220338983050155e-01 4.372881355932203284e-01
6.288135593220338659e-01 4.372881355932203284e-01
6.254237288135593431e-01 4.338983050847457501e-01
6.220338983050847093e-01 4.338983050847457501e-01
6.186440677966101864e-01 4.305084745762711718e-01
6.152542372881355526e-01 4.305084745762711718e-01
6.050847457627118731e-01 4.203389830508474923e-01
6.016949152542372392e-01 4.203389830508474923e-01
5.898305084745762983e-01 4.084745762711864403e-01
5.898305084745762983e-01 4.050847457627118620e-01
5.864406779661016644e-01 4.016949152542372836e-01
5.864406779661016644e-01 3.983050847457627053e-01
5.779661016949152463e-01 3.898305084745762872e-01
5.067796610169491567e-01 3.898305084745762872e-01
5.033898305084745228e-01 3.864406779661017088e-01
4.932203389830508433e-01 3.864406779661017088e-01
4.898305084745762650e-01 3.830508474576271305e-01
4.796610169491525300e-01 3.830508474576271305e-01
4.762711864406779516e-01 3.796610169491525522e-01
4.728813559322033733e-01 3.796610169491525522e-01
4.644067796610169552e-01 3.711864406779661341e-01
4.644067796610169552e-01 3.677966101694915002e-01
4.576271186440677985e-01 3.610169491525423435e-01
4.576271186440677985e-01 3.576271186440678207e-01
4.508474576271186418e-01 3.508474576271186640e-01
4.508474576271186418e-01 3.474576271186440302e-01
4.440677966101694851e-01 3.406779661016949290e-01
4.440677966101694851e-01 3.372881355932203506e-01
4.406779661016949068e-01 3.338983050847457723e-01
4.406779661016949068e-01 3.305084745762711940e-01
4.372881355932203284e-01 3.271186440677966156e-01
4.372881355932203284e-01 3.237288135593220373e-01
4.305084745762711718e-01 3.169491525423728806e-01
4.305084745762711718e-01 3.135593220338983023e-01
4.271186440677965934e-01 3.101694915254237239e-01
4.271186440677965934e-01 3.067796610169491456e-01
4.237288135593220151e-01 3.033898305084745672e-01
4.237288135593220151e-01 2.999999999999999889e-01
4.203389830508474923e-01 2.966101694915254106e-01
4.203389830508474923e-01 2.932203389830508877e-01
4.169491525423728584e-01 2.898305084745762539e-01
4.169491525423728584e-01 2.864406779661017310e-01
4.016949152542372836e-01 2.711864406779661008e-01
3.949152542372881269e-01 2.711864406779661008e-01
3.915254237288135486e-01 2.677966101694915224e-01
3.813559322033898136e-01 2.677966101694915224e-01
