2.984384621997839826e-01 2.547491133799762442e-01
2.951022851801150537e-01 2.539125831511248599e-01
2.917661081604461804e-01 2.535312087767598310e-01
2.283787447867371978e-01 2.535312087767598310e-01
2.250425677670682689e-01 2.538950857192036059e-01
2.150340367080615933e-01 2.562883455742224204e-01
2.050255056490549177e-01 2.571982120341321787e-01
1.816722665113726376e-01 2.629606996135602781e-01
1.716637354523659620e-01 2.639036167782102815e-01
1.683275584326970886e-01 2.646083281633173634e-01
1.549828503540214841e-01 2.689058127189917213e-01
1.449743192950148085e-01 2.712734222168212694e-01
1.149487261179947262e-01 2.812744552576715851e-01
1.082763720786569794e-01 2.842692666232787269e-01
9.159548698031250158e-02 2.926097091724509935e-01
8.492313294097469933e-02 2.956036090142822870e-01
7.825077890163689709e-02 2.979553403560161184e-01
7.157842486229909484e-02 3.012588944194961593e-01
6.490607082296134811e-02 3.056585301225964169e-01
5.823371678362354587e-02 3.093052018255426083e-01
4.488900870494794137e-02 3.160501874218545337e-01
4.155283168527906801e-02 3.179904701774438625e-01
3.821665466561013913e-02 3.204582329866357826e-01
3.488047764594126576e-02 3.235096303745237378e-01
2.327194332239945762e-02 3.351181646980654905e-01
2.022054593451161342e-02 3.384543417177343638e-01
1.775278312531974878e-02 3.417905187374032927e-01
1.439853840223631609e-02 3.484628727767410394e-01
1.107711938655764339e-02 3.584714038357477706e-01
1.037240800145056152e-02 3.618075808554166439e-01
1.000853105900667561e-02 3.651437578750855728e-01
9.759562624703066458e-03 3.818246429734299952e-01
9.397217795701129361e-03 3.851608199930989240e-01
8.694135801079860837e-03 3.884969970127677974e-01
4.404765347219841143e-03 4.018417050914434019e-01
3.700053962112759276e-03 4.051778821111122753e-01
3.336177019668873367e-03 4.085140591307812041e-01
3.087208585365264213e-03 4.251949442291256820e-01
2.724863756363382628e-03 4.285311212487945554e-01
3.638769424438859090e-04 4.385396523078012310e-01
0.000000000000000000e+00 4.418758293274701598e-01
0.000000000000000000e+00 5.219440777995236758e-01
3.638769424438859090e-04 5.252802548191924936e-01
2.724863756363382628e-03 5.352887858781991692e-01
3.087208585365264213e-03 5.386249628978680981e-01
3.336177019668873367e-03 5.686505560748881249e-01
3.700053962112759276e-03 5.719867330945570538e-01
4.404765347219841143e-03 5.753229101142259827e-01
1.203031282074873420e-02 5.986761492519081518e-01
1.276566785646943147e-02 6.020123262715770807e-01
1.370858502111943489e-02 6.086846803109149384e-01
1.451365503393037271e-02 6.120208573305837563e-01
1.860977824673637482e-02 6.220293883895904319e-01
2.107839045973047831e-02 6.320379194485972185e-01
2.440706946124299170e-02 6.420464505076037831e-01
2.740188082685013349e-02 6.487188045469416409e-01
3.411711510754250609e-02 6.620635126256172454e-01
3.612396180781785038e-02 6.653996896452860632e-01
3.821665466561013913e-02 6.680763898122297206e-01
4.155283168527906801e-02 6.707072439947593390e-01
4.488900870494794137e-02 6.723728465306596513e-01
5.156136274428574362e-02 6.741637737207655245e-01
5.489753976395461699e-02 6.753794605575714760e-01
5.823371678362354587e-02 6.775169363676684098e-01
6.824224784263022148e-02 6.867319753960535733e-01
7.157842486229909484e-02 6.891997382052454935e-01
7.491460188196802372e-02 6.911400209608349332e-01
9.159548698031250158e-02 6.995677026217284045e-01
9.826784101965024831e-02 7.024531311342316897e-01
1.049401950589880506e-01 7.041893668977855514e-01
1.082763720786569794e-01 7.053489958214907984e-01
1.216210801573325284e-01 7.129124107004038979e-01
1.282934341966703307e-01 7.159072220660110952e-01
1.349657882360081329e-01 7.182589534077449267e-01
1.449743192950148085e-01 7.224701932522449299e-01
1.616552043933592864e-01 7.266387572108750081e-01
1.683275584326970886e-01 7.275486236707846555e-01
1.716637354523659620e-01 7.282839787065054082e-01
1.850084435310415665e-01 7.325806091461992686e-01
2.016893286293860443e-01 7.366472882698816838e-01
2.083616826687237911e-01 7.375571547297913311e-01
2.183702137277305222e-01 7.399834652895506126e-01
2.283787447867371978e-01 7.408933317494602599e-01
2.383872758457438734e-01 7.432865916044790744e-01
2.417234528654127468e-01 7.436504685469229603e-01
2.517319839244194224e-01 7.438994369812266250e-01
2.550681609440883513e-01 7.442617818102285066e-01
2.650766920030950269e-01 7.464687912232402800e-01
2.684128690227639558e-01 7.464687912232402800e-01
2.784214000817706314e-01 7.442295087691291888e-01
2.884299311407773070e-01 7.432865916044790744e-01
2.917661081604461804e-01 7.424815215916682476e-01
2.984384621997839826e-01 7.396018268577551069e-01
3.084469932587906582e-01 7.345103222165305645e-01
3.117831702784595871e-01 7.325700394609411248e-01
3.151193472981284605e-01 7.299104595664347439e-01
3.189905715756687909e-01 7.254508759993262279e-01
3.217917013374662627e-01 7.216218546472061846e-01
3.246350340246840216e-01 7.187785219599884812e-01
3.318002323964729383e-01 7.134595227493842895e-01
3.351364094161418672e-01 7.106898663556968643e-01
3.425004099107769040e-01 7.054338138813128767e-01
3.462683470225880744e-01 7.020976368616439478e-01
3.484811174948174162e-01 6.994531062972723090e-01
3.537371699692014038e-01 6.920891058026372722e-01
3.590052395477729696e-01 6.854167517632995255e-01
3.653058033267683191e-01 6.754082207042928498e-01
3.694877236440884394e-01 6.653996896452860632e-01
3.713279726205855891e-01 6.620635126256172454e-01
3.789535200941145932e-01 6.520549815666105697e-01
3.879492831292931654e-01 6.353740964682660364e-01
3.923578027624270992e-01 6.287017424289282896e-01
3.980173887779367980e-01 6.186932113699216140e-01
4.018599498095197231e-01 6.141655425575137661e-01
4.051961268291885965e-01 6.115659241006289326e-01
4.085323038488575254e-01 6.097133348919794305e-01
4.118684808685263987e-01 6.083291860383271965e-01
4.152046578881953276e-01 6.074967990993661582e-01
4.185408349078642010e-01 6.071161791748018732e-01
4.385578970258775522e-01 6.068174170536375645e-01
4.418940740455464811e-01 6.064006821974492478e-01
4.452302510652153544e-01 6.052575166452550670e-01
4.485664280848842833e-01 6.029798176072811433e-01
4.495536641417250401e-01 6.020123262715770807e-01
4.519903992366496870e-01 5.986761492519081518e-01
4.550924585707278314e-01 5.920037952125704050e-01
4.575196378417507592e-01 5.886676181929015872e-01
4.585749591438909589e-01 5.876334033168041371e-01
4.619111361635598323e-01 5.853617700552296021e-01
4.652473131832287612e-01 5.841064386738229475e-01
4.719196672225665079e-01 5.824526432610990234e-01
4.852643753012421124e-01 5.781560128214051630e-01
4.886005523209109858e-01 5.774529308267837280e-01
4.919367293405799146e-01 5.770905859977818464e-01
5.052814374192554636e-01 5.768416175634781817e-01
5.086176144389243925e-01 5.764602431891130419e-01
5.119537914585933214e-01 5.756726706082234690e-01
5.186261454979310681e-01 5.727929758743103283e-01
5.319708535766066726e-01 5.652856189084979333e-01
5.353070305962754905e-01 5.642108743487134204e-01
5.419793846356133482e-01 5.636462905453848427e-01
5.519879156946200238e-01 5.637458779191062419e-01
5.553240927142889527e-01 5.641082227481082345e-01
5.586602697339577706e-01 5.648113047427295585e-01
5.686688007929644462e-01 5.681309875226445705e-01
5.853496858913089795e-01 5.756726706082234690e-01
5.886858629109779084e-01 5.764602431891130419e-01
5.920220399306467263e-01 5.768416175634781817e-01
6.353923411863423576e-01 5.768416175634781817e-01
6.387285182060112865e-01 5.764602431891130419e-01
6.420646952256802154e-01 5.756237129602617131e-01
6.454008722453490332e-01 5.742386525828335753e-01
6.487370492650179621e-01 5.723810085605178788e-01
6.520732262846868910e-01 5.697739626223277121e-01
6.554094033043558198e-01 5.660060255105164861e-01
6.581586602927865792e-01 5.619782020355503782e-01
6.620817573436935666e-01 5.571552504745073131e-01
6.654179343633623844e-01 5.539648356647770555e-01
6.687541113830313133e-01 5.514632869646296509e-01
6.720902884027002422e-01 5.496621485379393768e-01
6.754264654223691711e-01 5.482779996842871428e-01
6.787626424420379889e-01 5.474456127453259935e-01
6.820988194617069178e-01 5.470649928207618196e-01
7.054520585993891979e-01 5.470649928207618196e-01
7.087882356190580158e-01 5.474456127453259935e-01
7.121244126387269446e-01 5.482779996842871428e-01
7.154605896583958735e-01 5.496621485379393768e-01
7.187967666780648024e-01 5.514632869646296509e-01
7.288052977370714780e-01 5.591671639911997005e-01
7.321414747567402959e-01 5.613912820043123197e-01
7.421500058157470825e-01 5.690973654971652751e-01
7.488223598550848292e-01 5.727929758743103283e-01
7.554947138944225760e-01 5.756726706082234690e-01
7.588308909140915048e-01 5.764602431891130419e-01
7.621670679337604337e-01 5.768416175634781817e-01
7.755117760124359272e-01 5.768416175634781817e-01
7.788479530321048561e-01 5.764602431891130419e-01
7.821841300517737849e-01 5.756237129602617131e-01
7.855203070714427138e-01 5.742386525828335753e-01
7.888564840911116427e-01 5.724335425168340930e-01
7.988650151501182073e-01 5.647274590239812486e-01
8.055373691894560650e-01 5.599572486486356082e-01
8.122097232287938118e-01 5.539264671130802453e-01
8.155459002484627407e-01 5.514632869646296509e-01
8.188820772681315585e-01 5.496621485379393768e-01
8.222182542878004874e-01 5.482779996842871428e-01
8.255544313074694163e-01 5.474456127453259935e-01
8.288906083271383451e-01 5.470649928207618196e-01
8.489076704451516964e-01 5.470649928207618196e-01
8.522438474648206252e-01 5.474456127453259935e-01
8.555800244844894431e-01 5.482299241561083836e-01
8.655885555434961187e-01 5.523194314705411889e-01
8.689247325631650476e-01 5.530731756830495893e-01
8.722609095828339765e-01 5.533389973652137472e-01
8.755970866025029054e-01 5.530731756830495893e-01
8.789332636221717232e-01 5.523194314705411889e-01
8.889417946811783988e-01 5.482299241561083836e-01
8.922779717008473277e-01 5.474456127453259935e-01
8.956141487205162566e-01 5.470649928207618196e-01
9.323120959368740301e-01 5.468160243864581549e-01
9.356482729565429590e-01 5.464346500120930150e-01
9.389844499762118879e-01 5.455981197832415752e-01
9.423206269958808168e-01 5.442130594058134374e-01
9.456568040155496346e-01 5.424079493398140661e-01
9.489929810352184525e-01 5.399401865306221460e-01
9.606015153587603717e-01 5.286164318388614225e-01
9.636529127466482159e-01 5.252802548191924936e-01
9.690100431532319147e-01 5.178348841533461089e-01
9.723462201729007326e-01 5.141707853436950915e-01
9.756823971925696615e-01 5.117892231870226905e-01
9.823547512319075192e-01 5.086871638529445461e-01
9.856909282515764481e-01 5.062974075772764815e-01
9.894213807372060909e-01 5.019270156815102135e-01
9.913171928864417115e-01 4.985908386618413402e-01
9.928281594166057378e-01 4.952546616421724668e-01
9.951798907583395692e-01 4.885823076028346645e-01
9.993315875174806351e-01 4.785737765438279889e-01
1.000000000000000000e+00 4.752375995241591156e-01
9.999478722340676695e-01 4.719014225044901867e-01
9.989462744457965337e-01 4.685652454848213133e-01
9.968639739306561776e-01 4.652290684651523844e-01
9.939632855554492163e-01 4.618928914454835111e-01
9.823547512319075192e-01 4.505691367537227321e-01
9.723462201729007326e-01 4.432552102106024905e-01
9.656738661335629859e-01 4.373751376877281216e-01
9.623376891138941680e-01 4.352928371725878209e-01
9.590015120942252391e-01 4.341348560865196382e-01
9.523291580548873814e-01 4.331057276166738745e-01
9.423206269958808168e-01 4.306794170569147040e-01
9.356482729565429590e-01 4.297695505970050012e-01
9.256397418975362834e-01 4.273762907419861312e-01
9.223035648778673545e-01 4.270124137995423563e-01
4.085323038488575254e-01 4.268630327389600909e-01
4.018599498095197231e-01 4.262984489356315132e-01
3.985237727898508497e-01 4.251646153471286826e-01
3.951875957701819209e-01 4.229381185981731517e-01
3.913450347385989958e-01 4.185225901897878797e-01
3.876533960007630397e-01 4.118502361504500775e-01
3.846594961589316908e-01 4.051778821111122753e-01
3.789715877975290415e-01 3.884969970127677974e-01
3.746509650999250152e-01 3.784884659537611218e-01
3.713231682181955540e-01 3.684799348947544462e-01
3.689555587203660059e-01 3.584714038357477706e-01
3.589545256795156902e-01 3.284458106587276882e-01
3.559597143139085484e-01 3.217734566193899415e-01
3.522641039367634397e-01 3.151011025800520837e-01
3.445580204439104843e-01 3.050925715210454081e-01
3.423339024307979206e-01 3.017563945013765347e-01
3.345494893849038087e-01 2.917478634423698591e-01
3.323253713717911895e-01 2.884116864227009858e-01
3.245409583258971331e-01 2.784031553636943102e-01
3.197707479505514372e-01 2.717308013243564524e-01
3.167193505626635375e-01 2.683946243046875790e-01
3.084469932587906582e-01 2.604070466325957289e-01
3.051108162391217848e-01 2.579392838234038088e-01
3.017746392194529115e-01 2.561341737574043265e-01
