2.576142131979695105e-01 2.728426395939086424e-01
2.068527918781725705e-01 2.728426395939086424e-01
2.043147208121827152e-01 2.753807106598984422e-01
1.967005076142132047e-01 2.753807106598984422e-01
1.941624365482233494e-01 2.779187817258883531e-01
1.890862944162436388e-01 2.779187817258883531e-01
1.713197969543147070e-01 2.880710659898477188e-01
1.662436548223350519e-01 2.880710659898477188e-01
1.560913705583756306e-01 2.956852791878172848e-01
1.510152284263959199e-01 2.956852791878172848e-01
1.434010152284264095e-01 3.007614213197969955e-01
1.357868020304568435e-01 3.007614213197969955e-01
1.154822335025380564e-01 3.109137055837563057e-01
1.091370558375634459e-01 3.172588832487309718e-01
1.091370558375634459e-01 3.197969543147207716e-01
9.010152284263961420e-02 3.388324873096446588e-01
8.756345177664975887e-02 3.388324873096446588e-01
8.121827411167514832e-02 3.451776649746193248e-01
8.121827411167514832e-02 3.477157360406091247e-01
6.979695431472082712e-02 3.591370558375634459e-01
6.725888324873097179e-02 3.591370558375634459e-01
5.203045685279189536e-02 3.743654822335025223e-01
4.949238578680204004e-02 3.743654822335025223e-01
3.553299492385786351e-02 3.883248730964466988e-01
3.553299492385786351e-02 3.908629441624365541e-01
2.284263959390864240e-02 4.035532994923857752e-01
2.030456852791878708e-02 4.111675126903553412e-01
1.522842639593907643e-02 4.162436548223350519e-01
7.614213197969565972e-03 4.314720812182741283e-01
7.614213197969565972e-03 4.365482233502537834e-01
5.076142131979710648e-03 4.390862944162436388e-01
5.076142131979710648e-03 4.467005076142132047e-01
2.538071065989855324e-03 4.492385786802030601e-01
2.538071065989855324e-03 4.644670050761421365e-01
0.000000000000000000e+00 4.670050761421319918e-01
0.000000000000000000e+00 4.873096446700507789e-01
2.538071065989855324e-03 4.898477157360406342e-01
2.538071065989855324e-03 5.228426395939086424e-01
5.076142131979710648e-03 5.253807106598984422e-01
5.076142131979710648e-03 5.507614213197969955e-01
1.776649746192893176e-02 5.685279187817259272e-01
1.776649746192893176e-02 5.736040609137056379e-01
3.172588832487310828e-02 5.875634517766497034e-01
3.934010152284261874e-02 5.901015228426396142e-01
4.822335025380708462e-02 5.989847715736040801e-01
5.076142131979693994e-02 6.065989847715735905e-01
6.345177664974621656e-02 6.192893401015228116e-01
6.345177664974621656e-02 6.218274111675127225e-01
7.994923857868019290e-02 6.383248730964466988e-01
8.375634517766494813e-02 6.395939086294416542e-01
8.375634517766494813e-02 6.421319796954314540e-01
9.010152284263961420e-02 6.484771573604061201e-01
9.263959390862941401e-02 6.484771573604061201e-01
9.771573604060912466e-02 6.535532994923858308e-01
1.002538071065989800e-01 6.535532994923858308e-01
1.180203045685279117e-01 6.713197969543147625e-01
1.205583756345177671e-01 6.713197969543147625e-01
1.256345177664974777e-01 6.763959390862943621e-01
1.281725888324873330e-01 6.763959390862943621e-01
1.357868020304568435e-01 6.840101522842639836e-01
1.383248730964466988e-01 6.840101522842639836e-01
1.434010152284264095e-01 6.890862944162436943e-01
1.459390862944162648e-01 6.890862944162436943e-01
1.510152284263959199e-01 6.941624365482232939e-01
1.535532994923857752e-01 6.941624365482232939e-01
1.586294416243654859e-01 6.992385786802030045e-01
1.687817258883248517e-01 7.043147208121827152e-01
1.763959390862944177e-01 7.043147208121827152e-01
1.865482233502537834e-01 7.093908629441624258e-01
1.916243654822334941e-01 7.144670050761421365e-01
1.941624365482233494e-01 7.144670050761421365e-01
2.068527918781725705e-01 7.246192893401015578e-01
2.119289340101522812e-01 7.246192893401015578e-01
2.144670050761421365e-01 7.271573604060913576e-01
2.347715736040609236e-01 7.271573604060913576e-01
2.373096446700507789e-01 7.246192893401015578e-01
2.500000000000000000e-01 7.246192893401015578e-01
2.601522842639594213e-01 7.144670050761421365e-01
2.626903553299492211e-01 7.144670050761421365e-01
2.741116751269035423e-01 7.030456852791877598e-01
2.741116751269035423e-01 7.005076142131979600e-01
2.829949238578680082e-01 6.916243654822334941e-01
2.855329949238578635e-01 6.916243654822334941e-01
2.906091370558375742e-01 6.865482233502537834e-01
2.931472081218273740e-01 6.865482233502537834e-01
3.007614213197969955e-01 6.789340101522842730e-01
3.032994923857867953e-01 6.789340101522842730e-01
3.083756345177665059e-01 6.738578680203045623e-01
3.109137055837563057e-01 6.738578680203045623e-01
3.210659898477157270e-01 6.637055837563451410e-01
3.236040609137055823e-01 6.637055837563451410e-01
3.324873096446700482e-01 6.548223350253806752e-01
3.324873096446700482e-01 6.522842639593908753e-01
3.477157360406091247e-01 6.370558375634517434e-01
3.477157360406091247e-01 6.345177664974619436e-01
3.553299492385786906e-01 6.269035532994924331e-01
3.553299492385786906e-01 6.243654822335025223e-01
3.680203045685279117e-01 6.116751269035533012e-01
3.680203045685279117e-01 6.091370558375635014e-01
3.895939086294416542e-01 5.875634517766497034e-01
3.921319796954314540e-01 5.875634517766497034e-01
4.022842639593908753e-01 5.774111675126903931e-01
4.048223350253807307e-01 5.774111675126903931e-01
4.098984771573603858e-01 5.723350253807106824e-01
4.251269035532995177e-01 5.723350253807106824e-01
4.276649746192893176e-01 5.697969543147207716e-01
4.631979695431471811e-01 5.697969543147207716e-01
4.733502538071066024e-01 5.621827411167512611e-01
4.809644670050761128e-01 5.621827411167512611e-01
4.885786802030456788e-01 5.545685279187817507e-01
5.012690355329949554e-01 5.469543147208122402e-01
5.850253807106599035e-01 5.469543147208122402e-01
5.875634517766497034e-01 5.494923857868020400e-01
6.027918781725888353e-01 5.494923857868020400e-01
6.053299492385786351e-01 5.520304568527918399e-01
6.129441624365482566e-01 5.520304568527918399e-01
6.154822335025380564e-01 5.545685279187817507e-01
6.281725888324872775e-01 5.545685279187817507e-01
6.307106598984771884e-01 5.571065989847715505e-01
6.738578680203045623e-01 5.571065989847715505e-01
6.763959390862943621e-01 5.596446700507614613e-01
6.840101522842639836e-01 5.596446700507614613e-01
6.865482233502537834e-01 5.621827411167512611e-01
6.941624365482232939e-01 5.621827411167512611e-01
6.967005076142132047e-01 5.647208121827411720e-01
7.119289340101522257e-01 5.647208121827411720e-01
7.144670050761421365e-01 5.672588832487309718e-01
7.601522842639594213e-01 5.672588832487309718e-01
7.626903553299492211e-01 5.697969543147207716e-01
7.703045685279188426e-01 5.697969543147207716e-01
7.728426395939086424e-01 5.723350253807106824e-01
7.779187817258883531e-01 5.723350253807106824e-01
7.804568527918781529e-01 5.748730964467004823e-01
7.956852791878172848e-01 5.748730964467004823e-01
7.982233502538070846e-01 5.774111675126903931e-01
8.286802030456852375e-01 5.774111675126903931e-01
8.312182741116751483e-01 5.799492385786801929e-01
8.413705583756345696e-01 5.799492385786801929e-01
8.439086294416243694e-01 5.824873096446701037e-01
8.515228426395939909e-01 5.824873096446701037e-01
8.540609137055836797e-01 5.850253807106599035e-01
8.895939086294415432e-01 5.850253807106599035e-01
8.921319796954314540e-01 5.875634517766497034e-01
9.022842639593908753e-01 5.875634517766497034e-01
9.048223350253807862e-01 5.901015228426396142e-01
9.124365482233502966e-01 5.901015228426396142e-01
9.149746192893400965e-01 5.926395939086294140e-01
9.505076142131979600e-01 5.926395939086294140e-01
9.530456852791877598e-01 5.901015228426396142e-01
9.581218274111675814e-01 5.901015228426396142e-01
9.606598984771573813e-01 5.875634517766497034e-01
9.657360406091370919e-01 5.875634517766497034e-01
9.682741116751268917e-01 5.850253807106599035e-01
9.733502538071066024e-01 5.850253807106599035e-01
9.758883248730965132e-01 5.824873096446701037e-01
9.860406091370558235e-01 5.799492385786801929e-01
9.949238578680202894e-01 5.710659898477157270e-01
1.000000000000000000e+00 5.609137055837563057e-01
1.000000000000000000e+00 5.482233502538070846e-01
9.949238578680202894e-01 5.380710659898477743e-01
9.835025380710660237e-01 5.266497461928933976e-01
9.809644670050761128e-01 5.266497461928933976e-01
9.733502538071066024e-01 5.190355329949238872e-01
9.657360406091370919e-01 5.164974619289339763e-01
9.606598984771573813e-01 5.114213197969542657e-01
9.555837563451776706e-01 5.114213197969542657e-01
9.530456852791877598e-01 5.088832487309644659e-01
9.479695431472081601e-01 5.088832487309644659e-01
9.454314720812182493e-01 5.063451776649746661e-01
9.403553299492386497e-01 5.063451776649746661e-01
9.378172588832487389e-01 5.038071065989847552e-01
9.124365482233502966e-01 5.038071065989847552e-01
9.098984771573603858e-01 5.012690355329949554e-01
8.667512690355330118e-01 5.012690355329949554e-01
8.642131979695431010e-01 4.987309644670051001e-01
8.464467005076141692e-01 4.987309644670051001e-01
8.362944162436547479e-01 4.936548223350253894e-01
8.299492385786801929e-01 4.873096446700507789e-01
8.299492385786801929e-01 4.847715736040609236e-01
8.185279187817258162e-01 4.733502538071066024e-01
8.134517766497462166e-01 4.708121827411167470e-01
8.007614213197968844e-01 4.708121827411167470e-01
7.982233502538070846e-01 4.682741116751268917e-01
7.703045685279188426e-01 4.682741116751268917e-01
7.550761421319797106e-01 4.758883248730964577e-01
7.500000000000000000e-01 4.809644670050761128e-01
7.398477157360405787e-01 4.835025380710659682e-01
7.347715736040609791e-01 4.809644670050761128e-01
7.195431472081218471e-01 4.657360406091370364e-01
7.144670050761421365e-01 4.657360406091370364e-01
7.119289340101522257e-01 4.631979695431471811e-01
6.763959390862943621e-01 4.631979695431471811e-01
6.738578680203045623e-01 4.606598984771573813e-01
6.383248730964466988e-01 4.606598984771573813e-01
6.294416243654822329e-01 4.670050761421319918e-01
6.294416243654822329e-01 4.695431472081218471e-01
6.180203045685279672e-01 4.809644670050761128e-01
6.129441624365482566e-01 4.835025380710659682e-01
5.824873096446701037e-01 4.835025380710659682e-01
5.799492385786801929e-01 4.809644670050761128e-01
5.672588832487309718e-01 4.809644670050761128e-01
5.647208121827411720e-01 4.784263959390863130e-01
5.520304568527918399e-01 4.784263959390863130e-01
5.494923857868020400e-01 4.758883248730964577e-01
5.393401015228426187e-01 4.758883248730964577e-01
5.368020304568528189e-01 4.733502538071066024e-01
5.241116751269035978e-01 4.733502538071066024e-01
5.215736040609136870e-01 4.708121827411167470e-01
5.139593908629441765e-01 4.708121827411167470e-01
5.038071065989847552e-01 4.657360406091370364e-01
4.923857868020304340e-01 4.543147208121827152e-01
4.898477157360406342e-01 4.492385786802030601e-01
4.898477157360406342e-01 4.390862944162436388e-01
4.809644670050761128e-01 4.276649746192893176e-01
4.758883248730964577e-01 4.251269035532995177e-01
4.657360406091370364e-01 4.251269035532995177e-01
4.631979695431471811e-01 4.225888324873096624e-01
4.505076142131979600e-01 4.225888324873096624e-01
4.479695431472081046e-01 4.200507614213198071e-01
4.403553299492385942e-01 4.200507614213198071e-01
4.378172588832487389e-01 4.175126903553299518e-01
4.276649746192893176e-01 4.175126903553299518e-01
4.251269035532995177e-01 4.149746192893400965e-01
4.200507614213198071e-01 4.149746192893400965e-01
4.175126903553299518e-01 4.124365482233502411e-01
4.124365482233502411e-01 4.124365482233502411e-01
4.022842639593908753e-01 4.073604060913705860e-01
3.972081218274111647e-01 4.022842639593908753e-01
3.946700507614213094e-01 4.022842639593908753e-01
3.857868020304568435e-01 3.934010152284264095e-01
3.857868020304568435e-01 3.908629441624365541e-01
3.807106598984771884e-01 3.857868020304568435e-01
3.807106598984771884e-01 3.832487309644669882e-01
3.756345177664974777e-01 3.781725888324872775e-01
3.756345177664974777e-01 3.756345177664974777e-01
3.705583756345177671e-01 3.705583756345177671e-01
3.705583756345177671e-01 3.680203045685279117e-01
3.654822335025380564e-01 3.629441624365482566e-01
3.654822335025380564e-01 3.604060913705583458e-01
3.578680203045685460e-01 3.527918781725888353e-01
3.578680203045685460e-01 3.502538071065989800e-01
3.527918781725888353e-01 3.451776649746193248e-01
3.527918781725888353e-01 3.426395939086294140e-01
3.451776649746193248e-01 3.350253807106599035e-01
3.451776649746193248e-01 3.324873096446700482e-01
3.236040609137055823e-01 3.109137055837563057e-01
3.210659898477157270e-01 3.109137055837563057e-01
3.109137055837563057e-01 3.007614213197969955e-01
3.083756345177665059e-01 3.007614213197969955e-01
3.032994923857867953e-01 2.956852791878172848e-01
3.007614213197969955e-01 2.956852791878172848e-01
2.931472081218273740e-01 2.880710659898477188e-01
2.728426395939086424e-01 2.779187817258883531e-01
2.677664974619289318e-01 2.779187817258883531e-01
2.652284263959390764e-01 2.753807106598984422e-01
2.601522842639594213e-01 2.753807106598984422e-01
