9.514329367100328172e-01 1.267304041853789531e-01
9.525672484837260923e-01 1.348557803602018490e-01
9.444881707486456612e-01 1.383050141210241391e-01
9.468030927357747872e-01 1.429348580952821690e-01
9.386777165609518914e-01 1.533751562572341354e-01
9.317329505995648464e-01 1.418005463215889494e-01
9.201583406639195495e-01 1.441154683087179644e-01
9.155284966896615195e-01 1.371707023473308640e-01
8.981897310060651396e-01 1.475647020695402545e-01
9.120792629288392295e-01 1.730288439279596413e-01
8.993240427797583036e-01 1.788392981156534667e-01
8.923792768183711477e-01 1.695796101671373513e-01
8.877494328441131177e-01 1.718945321542663662e-01
8.854345108569841027e-01 1.672646881800083363e-01
8.680957451733876118e-01 1.753437659150886563e-01
8.773554331219037827e-01 1.961780637992499576e-01
8.576554470114357009e-01 2.066183619612018685e-01
8.530256030371776710e-01 1.996735959998147680e-01
8.380017593407101950e-01 2.077526737348951436e-01
8.483957590629196410e-01 2.250914394184916345e-01
8.669151349599517609e-01 2.274063614056206495e-01
8.831195888698550878e-01 2.158317514699754636e-01
8.750405111347747678e-01 2.517361914903467612e-01
8.704106671605166268e-01 2.540511134774757762e-01
8.680957451733876118e-01 2.679406454002499771e-01
8.518912912634843959e-01 2.980346312329274494e-01
8.426316033149682250e-01 3.049793971943145499e-01
8.252465391916292692e-01 3.339390712532987471e-01
8.159868512431130982e-01 3.316241492661696766e-01
8.113570072688549573e-01 3.362539932404277621e-01
7.835779434233065555e-01 3.362539932404277621e-01
7.233899717579517219e-01 3.663479790731052343e-01
7.118153618223066470e-01 3.640330570859761639e-01
7.048705958609194910e-01 3.709778230473632643e-01
6.829019862030649701e-01 3.744270568081855544e-01
6.794064540025001042e-01 3.848673549701374652e-01
6.632020000925968883e-01 3.848673549701374652e-01
6.562572341312097324e-01 3.941270429186536361e-01
6.446826241955645465e-01 3.941270429186536361e-01
6.354229362470484865e-01 4.033867308671697516e-01
6.203527941108384347e-01 4.068359646279920416e-01
6.296124820593546056e-01 3.952613546923468557e-01
6.215334043242742856e-01 3.732927450344922793e-01
5.995647946664197647e-01 3.790569007824436398e-01
6.041946386406777947e-01 3.906315107180887702e-01
5.995647946664197647e-01 3.929464327052178407e-01
6.018797166535487797e-01 4.022061206537339562e-01
5.914394184915968689e-01 4.149613408028149375e-01
5.729200425945645270e-01 3.848673549701374652e-01
5.509514329367100061e-01 3.929464327052178407e-01
5.625260428723551920e-01 4.160956525765081571e-01
5.567155886846613111e-01 4.288508727255891384e-01
5.520857447104032811e-01 4.288508727255891384e-01
5.405111347747580952e-01 4.126464188156858670e-01
5.312514468262419243e-01 4.080165748414278371e-01
5.046529931941293734e-01 4.207254965507662425e-01
5.104171489420806784e-01 4.311194962729756330e-01
5.150469929163387084e-01 4.311194962729756330e-01
5.231723690911616043e-01 4.485045603963146443e-01
5.150469929163387084e-01 4.543150145840084697e-01
5.057873049678225374e-01 4.520000925968794547e-01
4.942126950321774070e-01 4.566299365711375402e-01
4.918977730450483921e-01 4.520000925968794547e-01
4.768739293485809161e-01 4.600791703319597747e-01
4.849530070836612916e-01 4.751030140284272507e-01
4.965276170193064220e-01 4.774179360155562657e-01
5.127320709292096934e-01 4.727880920412982357e-01
5.266216028519838943e-01 4.913074679383304666e-01
5.312514468262419243e-01 4.913074679383304666e-01
5.370619010139358052e-01 5.017477661002823774e-01
4.618037872123709198e-01 5.422820500949118161e-01
4.559933330246770944e-01 5.341566739200889202e-01
4.791425528959674107e-01 5.110074540487985484e-01
4.837723968702254962e-01 4.948030001388953325e-01
4.710634751608870907e-01 4.844090004166859420e-01
4.606694754386777002e-01 4.901731561646372470e-01
4.629843974258067152e-01 4.971179221260243475e-01
4.467799435159034993e-01 5.110074540487985484e-01
4.467799435159034993e-01 5.202671419973147193e-01
4.374739571276448080e-01 5.248969859715727493e-01
4.559933330246770944e-01 4.901731561646372470e-01
4.502291772767257894e-01 4.728343904810407561e-01
4.259456456317421980e-01 4.855433121903791616e-01
4.282605676188712129e-01 4.901731561646372470e-01
4.166859576832260270e-01 5.133223760359275634e-01
4.190008796703550975e-01 5.179522200101855933e-01
3.807815176628547849e-01 5.538566600305568910e-01
3.865456734108060899e-01 5.341566739200889202e-01
3.761516736885966994e-01 5.168179082364924293e-01
3.611278299921292234e-01 5.272119079587017643e-01
3.657576739663873089e-01 5.341566739200889202e-01
3.564979860178711935e-01 5.411014398814759652e-01
3.495532200564840930e-01 5.642506597527663370e-01
3.287189221723227917e-01 5.943446455854437538e-01
3.194592342238066207e-01 6.198087874438631406e-01
3.217741562109356912e-01 6.313833973795083265e-01
3.055697023010324198e-01 6.406430853280244975e-01
2.835547942034353230e-01 6.742326033612666691e-01
2.557757303578869212e-01 6.927519792582990110e-01
2.303115884994675899e-01 7.182161211167183978e-01
1.816982267697578868e-01 7.436802629751377847e-01
1.469743969628223845e-01 7.459951849622667996e-01
1.145654891430158973e-01 7.297907310523634727e-01
9.718042501967688596e-02 7.124056669290244059e-01
8.329089309690268506e-02 6.869415250706051301e-01
8.560581508403170004e-02 6.614773832121857433e-01
9.023565905828978551e-02 6.568475392379276023e-01
8.792073707116071501e-02 6.499027732765405574e-01
9.255058104541880049e-02 6.452729293022825274e-01
9.023565905828978551e-02 6.406430853280244975e-01
1.018102689939349159e-01 6.174938654567341256e-01
1.203296448909672023e-01 5.966595675725727688e-01
1.180147229038381873e-01 5.943446455854437538e-01
1.411639427751285036e-01 5.711954257141533819e-01
1.388490207879994887e-01 5.688805037270243670e-01
1.666280846335478905e-01 5.364715959072179352e-01
1.758877725820640059e-01 5.318417519329599052e-01
1.735728505949349909e-01 5.295268299458307792e-01
1.897773045048382068e-01 5.156372980230565783e-01
1.874623825177091918e-01 5.133223760359275634e-01
1.990369924533543777e-01 5.063776100745405184e-01
1.967220704662253072e-01 5.040626880874113924e-01
2.337608222602898800e-01 4.716537802676049607e-01
2.337608222602898800e-01 4.670239362933469307e-01
2.453354321959350104e-01 4.600791703319597747e-01
2.453354321959350104e-01 4.554493263577017448e-01
2.777443400157414977e-01 4.276702625121533430e-01
3.043890920875966799e-01 3.940807444789110603e-01
3.680262975137738035e-01 3.327584610398629517e-01
3.657113755266447885e-01 3.304435390527339367e-01
3.772859854622899745e-01 3.234987730913467807e-01
3.830964396499837998e-01 3.130584749293948699e-01
3.900412056113709003e-01 3.130584749293948699e-01
4.131904254826612721e-01 2.945390990323626390e-01
4.143710356960970120e-01 3.096092411685725798e-01
3.958516597990647812e-01 3.466479929626371526e-01
3.946710495856289858e-01 3.616718366591046285e-01
4.039307375341451012e-01 3.639867586462336435e-01
4.374739571276448080e-01 3.049793971943145499e-01
4.317098013796935030e-01 2.806958655493309585e-01
4.131904254826612721e-01 2.714361776008148430e-01
3.807815176628547849e-01 2.876406315107180589e-01
3.356636881337098921e-01 3.281286170656049217e-01
3.379786101208389071e-01 3.304435390527339367e-01
2.395712764479837054e-01 4.195911847770729675e-01
1.689893050604194813e-01 4.716537802676049607e-01
1.713042270475484963e-01 4.739687022547340312e-01
1.527848511505162099e-01 4.855433121903791616e-01
1.550997731376452804e-01 4.878582341775082321e-01
1.365803972406129940e-01 4.994328441131533625e-01
1.388953192277420090e-01 5.017477661002823774e-01
1.203759433307097226e-01 5.133223760359275634e-01
1.226908653178387931e-01 5.156372980230565783e-01
9.259687948516132083e-02 5.411014398814759652e-01
9.491180147229039132e-02 5.434163618686049801e-01
3.935367378119358772e-02 6.036043335339599247e-01
1.851937589703228637e-02 6.383281633408953715e-01
2.083429788416130135e-02 6.429580073151535125e-01
6.944765961387100450e-03 6.684221491735728993e-01
9.259687948516115430e-03 6.776818371220889592e-01
4.629843974258085471e-03 6.799967591092179742e-01
6.944765961387100450e-03 6.892564470577341451e-01
2.314921987129014980e-03 6.915713690448631601e-01
4.629843974258085471e-03 7.077758229547663760e-01
0.000000000000000000e+00 7.170355109032825469e-01
4.629843974258085471e-03 7.239802768646697029e-01
2.314921987129014980e-03 7.355548868003147778e-01
3.240890781980648727e-02 7.934279364785405964e-01
3.817306356775779230e-02 7.922473262651048564e-01
4.974767350340297822e-02 8.084517801750080723e-01
9.836103523311268138e-02 8.292860780591694292e-01
1.492893189499513995e-01 8.292860780591694292e-01
1.516042409370804145e-01 8.246562340849112882e-01
1.886429927311449872e-01 8.246562340849112882e-01
1.932728367054030172e-01 8.200263901106532582e-01
1.967683689059678831e-01 8.235219223112180131e-01
1.898236029445807826e-01 8.281517662854761541e-01
2.025325246539191881e-01 8.339159220334274591e-01
2.198712903375156791e-01 8.281517662854761541e-01
2.233668225380804895e-01 8.177114681235242433e-01
2.326265104865966049e-01 8.200263901106532582e-01
2.361220426871614153e-01 8.350965322468633101e-01
2.256817445252095045e-01 8.455368304088151099e-01
1.886429927311449872e-01 8.455368304088151099e-01
1.851937589703226972e-01 8.628755960924117119e-01
1.979026806796611027e-01 8.755845178017500618e-01
2.187369785638224040e-01 8.778994397888790768e-01
2.545951201444511813e-01 8.605606741052826969e-01
2.673503402935321072e-01 8.408606879948146151e-01
2.639011065327098171e-01 8.651905180795407269e-01
2.719801842677901926e-01 8.755845178017500618e-01
2.835547942034353230e-01 8.778994397888790768e-01
2.962637159127737840e-01 8.675054400666697418e-01
3.078383258484189700e-01 8.466711421825083850e-01
3.067040140747256949e-01 8.246562340849112882e-01
3.113338580489837248e-01 8.269711560720403032e-01
3.229084679846289108e-01 8.200263901106532582e-01
3.483726098430482976e-01 8.200263901106532582e-01
3.819158294365480044e-01 8.050025464141858933e-01
3.911755173850641754e-01 7.887980925042825664e-01
3.865456734108060899e-01 7.841682485300245364e-01
3.911755173850641754e-01 7.818533265428955215e-01
3.900412056113709003e-01 7.737279503680725146e-01
4.432844113153386889e-01 7.552085744710402837e-01
4.479142552895967189e-01 7.575234964581694097e-01
5.682901986203064970e-01 7.065952127413306361e-01
7.268392055187740119e-01 6.082341775082179547e-01
7.349645816935969078e-01 5.977938793462660438e-01
7.476735034029353688e-01 5.920297235983147388e-01
8.113570072688549573e-01 5.352909856937820843e-01
8.171674614565489492e-01 5.411014398814759652e-01
8.067271632945969273e-01 5.561715820176860170e-01
7.523496458169358636e-01 5.943446455854437538e-01
7.407750358812907887e-01 6.151789434696051106e-01
7.465391916292420937e-01 6.255729431918144456e-01
7.650585675262744356e-01 6.302027871660724756e-01
7.673734895134034506e-01 6.348326311403306166e-01
8.090420852817259423e-01 6.302027871660724756e-01
8.113570072688549573e-01 6.348326311403306166e-01
8.321913051530163141e-01 6.302027871660724756e-01
8.599703689985647159e-01 6.348326311403306166e-01
8.970091207926292887e-01 6.232580212046854307e-01
9.629612482059355383e-01 5.827700356497985679e-01
9.606463262188064123e-01 5.804551136626695529e-01
9.861104680772257991e-01 5.480462058428631211e-01
9.837955460900967841e-01 5.457312838557339951e-01
9.907403120514839401e-01 5.411014398814759652e-01
9.976850780128709850e-01 5.248969859715727493e-01
9.953701560257419700e-01 5.086925320616695334e-01
1.000000000000000000e+00 5.040626880874113924e-01
9.976850780128709850e-01 4.670239362933469307e-01
9.930552340386129551e-01 4.577642483448307598e-01
9.953701560257419700e-01 4.508194823834436593e-01
9.409926385480809063e-01 3.501435251632019630e-01
9.363627945738228764e-01 3.524584471503310334e-01
9.294180286124357204e-01 3.431987592018148625e-01
9.247881846381776905e-01 3.455136811889438775e-01
9.178434186767905345e-01 3.362539932404277621e-01
9.132135747025325045e-01 3.385689152275568325e-01
9.097180425019677497e-01 3.304435390527339367e-01
9.143478864762257796e-01 3.281286170656049217e-01
9.120329644890967646e-01 3.211838511042177657e-01
9.166628084633547946e-01 3.188689291170887508e-01
9.236075744247418395e-01 2.910898652715403490e-01
9.212926524376128246e-01 2.656257234131209621e-01
9.305523403861289955e-01 2.563660354646048467e-01
9.467567942960322114e-01 2.123825177091532290e-01
9.444418723089031964e-01 2.054377517477661286e-01
9.490717162831612264e-01 2.008079077735080431e-01
9.490717162831612264e-01 1.846034538636047717e-01
9.745358581415806132e-01 1.753437659150886563e-01
9.814806241029676581e-01 1.637691559794434704e-01
9.780313903421453681e-01 1.487453122829760499e-01
9.710866243807583231e-01 1.533751562572341354e-01
9.745358581415806132e-01 1.406199361081531540e-01
9.699060141673225832e-01 1.221005602111208677e-01
