3.207594995045740527e-01 9.129709638565913776e-02
2.459156162868401108e-01 9.129709638565913776e-02
2.138396663363826833e-01 9.749925728384239987e-02
1.897827038735396266e-01 1.055986536321663061e-01
1.737447288983109406e-01 1.140591760259397347e-01
1.389957831186487414e-01 1.271476383620458450e-01
1.149388206558056846e-01 1.411257438333285430e-01
9.088185819296262791e-02 1.582850264480709646e-01
7.913609767424545360e-02 1.700307869667881389e-01
5.572718983208185817e-02 2.021067369172455108e-01
3.205329744343021758e-02 2.475476660137268525e-01
2.377672902913613440e-02 2.716046284765699093e-01
2.045869884660583837e-02 2.929885951102081387e-01
1.967736160422289826e-02 3.116995659146416520e-01
1.778570301740106663e-02 3.197185534022560227e-01
1.700436577501812652e-02 3.464485116943038512e-01
1.482116344103850958e-02 3.571404950111229937e-01
1.482116344103850958e-02 3.785244616447612787e-01
2.369632016842654343e-02 4.400033657164712508e-01
3.196073461299164808e-02 4.613873323501095358e-01
4.748084696613763533e-02 4.907902864713621360e-01
4.544092909648134171e-02 4.957593171794992815e-01
2.405696246284305673e-02 5.075800415235547369e-01
1.831236616323628219e-02 5.148472489342051928e-01
2.392762395497849415e-03 5.442502030554577930e-01
0.000000000000000000e+00 5.538284381101082898e-01
0.000000000000000000e+00 5.956267552432614742e-01
2.672995829204771745e-03 5.978316194499718739e-01
8.018987487614370746e-03 5.967355899101559613e-01
1.376358378722108977e-02 5.896911321519391347e-01
2.138396663363828498e-02 5.746284394387175531e-01
2.405696246284305673e-02 5.738290121654738840e-01
2.672995829204782847e-02 5.758937566217792181e-01
4.585721533217718138e-02 6.190940862731917349e-01
5.317968315038873461e-02 6.458240445652395634e-01
5.844791772966528853e-02 6.565160278820587614e-01
6.682489573011957118e-02 6.644634172671051164e-01
7.217088738852917018e-02 6.657119314437259794e-01
8.018987487614348542e-02 6.647760231903391270e-01
9.355485402216739965e-02 6.571491058416072395e-01
9.622784985137222691e-02 6.571491058416072395e-01
1.069198331681913694e-01 6.646053573651784507e-01
1.202848123142152836e-01 6.701658344525061040e-01
1.336497914602391979e-01 6.734792706443197829e-01
1.470147706062631121e-01 6.743708047099500336e-01
1.523607622646726556e-01 6.774734526280579150e-01
1.780369433548224523e-01 7.126489402953591901e-01
2.479345812216649514e-01 7.794738360254787057e-01
2.699725787496831675e-01 8.035040685300298691e-01
2.833375578957070262e-01 8.119952852808036692e-01
2.967025370417309960e-01 8.248880351636680430e-01
3.154135078461644537e-01 8.386377347808239291e-01
3.261054911629835962e-01 8.428588928606381980e-01
3.822384035762840249e-01 8.734011566795845116e-01
4.196603451851510513e-01 8.840813156588818167e-01
4.410443118187892808e-01 8.854272783938806901e-01
4.490632993064036516e-01 8.873189369807025217e-01
4.757932575984514800e-01 8.864155789955487919e-01
5.239071825241375935e-01 8.878099580285472303e-01
5.372721616701614522e-01 8.915783593796277051e-01
5.506371408161854220e-01 8.997813008467212548e-01
5.773670991082332504e-01 9.087029036143408067e-01
5.880590824250523374e-01 9.087029036143408067e-01
6.040970574002810789e-01 9.053456478187695833e-01
6.094430490586906224e-01 9.028302488100959922e-01
6.264356654014925363e-01 8.890666650228749024e-01
6.364068944857939059e-01 8.783746817060558154e-01
6.575569739843767358e-01 8.675213969167846484e-01
6.735949489596054773e-01 8.623593592378542283e-01
6.842869322764245643e-01 8.566673688027556244e-01
7.190358780560868190e-01 8.432226651267515916e-01
7.457658363481346475e-01 8.392050120550164083e-01
7.618038113233633890e-01 8.346403576389898049e-01
7.751687904693872477e-01 8.332139860432814515e-01
8.313017028826876764e-01 8.092347806595713289e-01
8.473396778579163069e-01 7.966449287978702998e-01
8.716193899731931038e-01 7.661088568794548470e-01
9.077134009617821020e-01 7.073029486369496466e-01
9.178913466191387371e-01 6.966109653201304486e-01
9.249717722423208555e-01 6.859189820033113616e-01
9.324659724508979064e-01 6.591890237112635331e-01
9.466011658329099854e-01 6.217670821023965066e-01
9.471657913255258077e-01 6.030561112979631044e-01
9.423108207149609727e-01 5.709801613475056214e-01
9.421113434142740495e-01 5.282122280802291625e-01
9.390890873287788265e-01 5.175202447634099645e-01
9.323545367308447851e-01 5.095012572757956493e-01
9.319237958775252739e-01 5.014822697881813340e-01
9.404782456443880889e-01 4.774253073253382218e-01
9.571735146759785540e-01 4.400033657164712508e-01
9.573703251376821655e-01 4.319843782288569356e-01
9.462405235384934166e-01 4.209928350346269221e-01
9.408945318800838731e-01 4.215806591681284798e-01
9.382215360508789903e-01 4.238135159782195349e-01
9.165573359835337275e-01 4.694063198377239066e-01
9.105663099717986597e-01 4.934632823005669633e-01
9.096747759061685201e-01 5.095012572757956493e-01
9.064128856833422176e-01 5.148472489342051928e-01
8.917268297524996168e-01 5.282122280802291625e-01
8.817306331247387607e-01 5.415772072262530212e-01
8.768598686383446417e-01 5.522691905430722192e-01
8.579164458372697810e-01 5.789991488351200477e-01
8.543801579437682037e-01 5.870181363227343629e-01
8.483659173280574395e-01 5.950371238103486782e-01
8.402514657036858070e-01 6.137480946147821914e-01
8.206097195658685894e-01 6.328235648504708655e-01
7.938797612738206499e-01 6.480069911590902176e-01
7.912067654446159892e-01 6.469934802405167273e-01
7.924235769788061656e-01 6.164210904439869632e-01
7.914477732652820396e-01 6.110750987855774197e-01
7.858607737862064457e-01 6.033902357766136593e-01
7.805147821277967912e-01 6.027981906477766216e-01
7.772570684609534375e-01 6.057291071271678762e-01
7.751687904693872477e-01 6.185093684355532639e-01
7.724957946401824760e-01 6.230045801714728659e-01
7.698227988109775932e-01 6.244846278620881375e-01
7.682144708120492993e-01 6.030561112979631044e-01
7.658934949420466154e-01 5.977101196395535609e-01
7.618038113233633890e-01 5.947375639329378627e-01
7.564578196649537345e-01 5.966743337557366411e-01
7.511821700020495651e-01 6.110750987855774197e-01
7.484388321773394193e-01 6.142460056025752513e-01
7.350738530313154495e-01 6.147403430665324686e-01
7.029979030808580776e-01 6.101498309985450286e-01
6.869599281056293361e-01 6.098582872513871322e-01
6.762679447888102491e-01 6.127287317985600223e-01
6.629029656427862793e-01 6.209384533953430374e-01
6.521418531234877136e-01 6.351320612484204764e-01
6.459397228805252578e-01 6.565160278820587614e-01
6.444330026590188165e-01 6.966109653201304486e-01
6.388460031799432226e-01 7.025583810401111462e-01
6.281540198631241356e-01 7.029233477783294326e-01
6.094430490586906224e-01 7.002503519491246609e-01
5.960780699126667637e-01 6.962503230257139908e-01
5.720211074498237069e-01 6.930127017038932857e-01
5.426181533285711067e-01 6.916680444613628742e-01
4.998502200612945368e-01 6.780612959881490154e-01
4.517362951356084233e-01 6.505240622315913157e-01
4.410443118187892808e-01 6.459412812244151869e-01
4.330253243311749101e-01 6.404089237043506522e-01
4.143143535267414523e-01 6.328647880004342197e-01
4.062953660391270816e-01 6.270427317653006760e-01
3.902573910638983956e-01 6.189455865049026118e-01
3.871681089989977842e-01 6.137480946147821914e-01
3.888012067688838558e-01 6.030561112979631044e-01
3.878646286684005462e-01 5.843451404935295912e-01
3.724716880464973290e-01 5.495961947138674475e-01
3.742194160886697096e-01 5.461763324029730304e-01
3.822384035762840249e-01 5.479046895406987083e-01
3.982763785515127664e-01 5.468516007820946045e-01
4.089683618683318533e-01 5.393881158144043786e-01
4.356983201603797373e-01 5.401210229312384259e-01
4.463903034771988798e-01 5.365892060806833896e-01
4.526693219816516067e-01 5.308852239094339343e-01
4.570822867940179668e-01 5.219631972903314709e-01
4.597552826232227940e-01 5.197477412877473668e-01
4.704472659400418810e-01 5.184455125504423556e-01
4.864852409152706225e-01 5.124901526120883011e-01
4.921471320807680461e-01 5.068282614465908775e-01
4.947452362235509882e-01 5.014822697881813340e-01
4.945042284028849378e-01 4.928557832484749546e-01
4.891582367444753943e-01 4.900589951595985538e-01
4.784662534276562518e-01 4.951215297131291715e-01
4.757932575984514800e-01 4.945270255387198555e-01
4.655022236560130700e-01 4.854442948129525925e-01
4.674401456321864989e-01 4.827712989837478208e-01
4.891582367444753943e-01 4.812274134617071653e-01
4.998502200612945368e-01 4.774956493208435959e-01
5.088022343949520909e-01 4.694063198377239066e-01
5.113983973546558648e-01 4.640603281793143076e-01
5.134731198575048783e-01 4.480223532040856216e-01
5.105422033781136237e-01 4.450390989304195966e-01
5.051962117197040802e-01 4.448370331742832473e-01
4.945042284028849378e-01 4.566964867282697904e-01
4.891582367444753943e-01 4.578975877953144202e-01
4.811392492568610235e-01 4.527767802117695362e-01
4.597552826232227940e-01 4.521515333283049887e-01
4.276793326727653666e-01 4.599710435152323251e-01
4.036223702099223098e-01 4.599710435152323251e-01
3.849113994054888521e-01 4.561116826872053109e-01
3.816282632239655914e-01 4.533683448624951651e-01
3.811846263743859931e-01 4.506953490332903933e-01
3.852347456751507027e-01 4.400033657164712508e-01
3.859764211811875789e-01 4.186193990828330214e-01
3.822384035762840249e-01 4.130586131167194863e-01
3.768924119178744814e-01 4.136825394390976074e-01
3.706257216960722189e-01 4.239653907412425649e-01
3.448164619674171094e-01 4.401646671889233309e-01
2.916572574141069740e-01 4.694063198377239066e-01
2.806645620665022545e-01 4.804067257502204757e-01
2.777505584166314878e-01 4.854442948129525925e-01
2.718436758301264744e-01 5.148472489342051928e-01
2.726171384530453046e-01 5.255392322510243908e-01
2.704835926582075389e-01 5.282122280802291625e-01
2.646265870912735685e-01 5.291374958672615536e-01
2.405696246284305118e-01 5.231895826914814140e-01
2.245316496532018258e-01 5.152529715154238188e-01
1.683987372399013416e-01 4.670674484871696897e-01
1.552286640397569362e-01 4.533683448624951651e-01
1.336497914602391979e-01 4.264044994353919371e-01
1.146154743861438341e-01 3.945624366199899646e-01
1.038437665393445730e-01 3.651594824987373089e-01
1.006074507099923854e-01 3.357565283774847087e-01
1.032804465391971571e-01 3.143725617438464237e-01
1.146154743861438341e-01 2.742776243057746810e-01
1.225043534938227707e-01 2.582396493305459950e-01
1.405635979800092250e-01 2.315096910384981665e-01
1.764177247275157123e-01 1.930133099296567623e-01
1.924556997027443983e-01 1.832344646403599731e-01
2.352236329700209683e-01 1.669482191960117157e-01
2.646265870912735685e-01 1.607550924848461515e-01
2.886835495541166252e-01 1.607550924848461515e-01
3.367974744798027387e-01 1.696277161671460587e-01
3.635274327718505671e-01 1.778884729819504296e-01
4.009493743807175381e-01 1.923932610021888978e-01
4.089683618683318533e-01 1.975275883245914965e-01
4.490632993064036516e-01 2.121417975302770098e-01
4.597552826232227940e-01 2.210404573741127088e-01
5.132151992073183955e-01 2.530088730096021754e-01
5.827130907666427939e-01 2.765343338992836131e-01
6.014240615710763072e-01 2.852498410563007458e-01
6.415189990091481054e-01 2.965046127009313137e-01
6.682489573011958228e-01 2.976663378113165725e-01
6.762679447888102491e-01 3.016327187191687464e-01
6.976519114224485341e-01 3.046058462140597278e-01
7.136898863976772756e-01 3.048973899612175131e-01
7.324008572021106778e-01 3.000153341460722878e-01
7.404198446897249930e-01 2.995013706623181893e-01
7.511118280065441910e-01 3.014308069374466159e-01
7.591308154941585062e-01 2.976663378113165725e-01
7.885337696154111065e-01 2.965868587264453571e-01
8.072447404198446197e-01 2.939138628972405853e-01
8.687236444915547029e-01 2.799038493978911468e-01
9.275295527340599033e-01 2.605095743601087976e-01
9.542595110261077318e-01 2.591649171175783861e-01
9.622784985137220470e-01 2.572732585307565545e-01
9.916814526349746473e-01 2.558899997710030738e-01
9.981031621270886056e-01 2.528936576721364515e-01
1.000000000000000000e+00 2.502206618429316243e-01
9.994121758664982202e-01 2.448746701845220808e-01
9.916814526349746473e-01 2.392876707054464869e-01
9.328755443924694468e-01 2.383118669919223054e-01
8.099177362490493914e-01 2.618790359595402073e-01
7.938797612738206499e-01 2.629382748115700608e-01
7.350738530313154495e-01 2.621693521540783833e-01
7.003249072516533058e-01 2.565589019530915005e-01
6.682489573011958228e-01 2.479507368133688217e-01
6.040970574002810789e-01 2.239069897865795800e-01
5.666751157914140524e-01 2.038806341493542007e-01
5.376858395961098269e-01 1.860687619420168248e-01
5.319261700117519087e-01 1.805000206311735966e-01
5.051962117197040802e-01 1.645695799709128160e-01
4.891582367444753943e-01 1.577304756510406469e-01
4.597552826232227940e-01 1.405126175080697593e-01
4.169873493559462241e-01 1.191286508744314743e-01
3.581814411134409681e-01 9.749925728384239987e-02
