6.528150134048257280e-01 9.383378016085797135e-03
5.857908847184987167e-01 1.742627345844505182e-02
4.865951742627345755e-01 5.495978552278818485e-02
3.967828418230562870e-01 1.367292225201072187e-01
3.485254691689008144e-01 2.332439678284182194e-01
3.297587131367292201e-01 2.895442359249329467e-01
3.243967828418230503e-01 2.922252010723860316e-01
3.163538873994637957e-01 3.324396782841823050e-01
3.109919571045576259e-01 3.351206434316353899e-01
3.136729222520107108e-01 3.404825737265415597e-01
2.949061662198391165e-01 3.914209115281501172e-01
2.868632707774798618e-01 3.967828418230562870e-01
2.841823056300267769e-01 4.128686327077747964e-01
2.707774798927614079e-01 4.262734584450402209e-01
2.600536193029490684e-01 4.530831099195710698e-01
2.493297587131367288e-01 4.611260053619302690e-01
2.520107238605898137e-01 4.638069705093833539e-01
2.198391420911527949e-01 4.986595174262734576e-01
2.225201072386058798e-01 5.013404825737265424e-01
1.621983914209115252e-01 5.536193029490616979e-01
6.568364611260052444e-02 6.045576407506701999e-01
2.680965147453084896e-03 6.541554959785522705e-01
0.000000000000000000e+00 6.648793565683646101e-01
9.383378016085797135e-03 6.715817694369973223e-01
6.568364611260052444e-02 6.286863270777479640e-01
9.517426273458445829e-02 6.206434316353887093e-01
9.785522788203754319e-02 6.152815013404825395e-01
1.273458445040214215e-01 6.072386058981232848e-01
1.434316353887399309e-01 5.938337801608578603e-01
1.595174262734584403e-01 5.911528150134048865e-01
2.238605898123324223e-01 5.455764075067024432e-01
2.265415549597855072e-01 5.509383378016086130e-01
2.426273458445040165e-01 5.321715817694370187e-01
2.506702412868632712e-01 5.321715817694370187e-01
2.868632707774798618e-01 5.013404825737265424e-01
3.016085790884718287e-01 4.758713136729222359e-01
3.136729222520107108e-01 4.718498659517426086e-01
3.109919571045576259e-01 4.691689008042895237e-01
3.190348525469168806e-01 4.638069705093833539e-01
3.833780160857909181e-01 3.565683646112600691e-01
3.806970509383378332e-01 3.512064343163538993e-01
3.967828418230562870e-01 3.056300268096514561e-01
4.021447721179624568e-01 3.029490616621983712e-01
3.994638069705093719e-01 2.895442359249329467e-01
4.182305630026809662e-01 2.654155495978552382e-01
4.209115281501340511e-01 2.493297587131367288e-01
4.289544235924933058e-01 2.439678284182305590e-01
4.262734584450402209e-01 2.386058981233243892e-01
4.450402144772118151e-01 2.037533512064343411e-01
4.906166219839142029e-01 1.474530831099195582e-01
4.879356568364611180e-01 1.447721179624664734e-01
5.375335120643431885e-01 1.085790884718498828e-01
5.884718498659518016e-01 9.785522788203754319e-02
5.911528150134048865e-01 9.249329758713137339e-02
6.126005361930294546e-01 9.249329758713137339e-02
6.179624664879356244e-01 9.785522788203754319e-02
6.528150134048257280e-01 9.785522788203754319e-02
6.957104557640750864e-01 1.112600536193029677e-01
7.305630026809650790e-01 1.380697050938337611e-01
7.332439678284181639e-01 1.353887399463806762e-01
7.721179624664880059e-01 1.849865951742627468e-01
7.694369973190349210e-01 1.903485254691689166e-01
7.747989276139410908e-01 1.930294906166220015e-01
7.721179624664880059e-01 1.983914209115281713e-01
7.828418230563003455e-01 2.144772117962466251e-01
7.774798927613941757e-01 2.198391420911527949e-01
7.828418230563003455e-01 2.225201072386058798e-01
7.828418230563003455e-01 2.841823056300267769e-01
7.882037533512065153e-01 2.868632707774798618e-01
7.828418230563003455e-01 2.895442359249329467e-01
7.828418230563003455e-01 3.163538873994637957e-01
7.774798927613941757e-01 3.217158176943699655e-01
7.801608579088472606e-01 3.324396782841823050e-01
7.747989276139410908e-01 3.378016085790884748e-01
7.774798927613941757e-01 3.458445040214477295e-01
7.721179624664880059e-01 3.512064343163538993e-01
7.694369973190349210e-01 3.833780160857909181e-01
7.439678284182305035e-01 4.142091152815013388e-01
7.198391420911528504e-01 3.873994638069704899e-01
7.171581769436997655e-01 3.900804289544235748e-01
7.144772117962466806e-01 3.820375335120643756e-01
6.689008042895442374e-01 3.820375335120643756e-01
6.635388739946380676e-01 3.873994638069704899e-01
6.260053619302948791e-01 3.900804289544235748e-01
6.206434316353887093e-01 3.954423592493297446e-01
6.099195710455763697e-01 3.927613941018766597e-01
5.991957104557640301e-01 3.981233243967828295e-01
5.938337801608578603e-01 3.900804289544235748e-01
5.790884718498658934e-01 3.967828418230562870e-01
5.991957104557640301e-01 4.195710455764075086e-01
6.139410187667559970e-01 4.235924932975871360e-01
6.032171581769436575e-01 4.423592493297587303e-01
5.777479892761394620e-01 4.624664879356568115e-01
5.509383378016086130e-01 4.731903485254691510e-01
5.308310991957104763e-01 4.906166219839142029e-01
5.335120643431635612e-01 4.986595174262734576e-01
5.268096514745308490e-01 5.026809651474530849e-01
5.134048257372654245e-01 4.946380697050938302e-01
5.040214477211796273e-01 5.040214477211796273e-01
5.268096514745308490e-01 5.214477211796246792e-01
5.455764075067024432e-01 5.187667560321715943e-01
5.723860589812332922e-01 4.946380697050938302e-01
5.817694369973189783e-01 4.932975871313672878e-01
5.630026809651474951e-01 5.147453083109919669e-01
5.683646112600536648e-01 5.174262734584450518e-01
5.469168900804289857e-01 5.281501340482573914e-01
5.536193029490616979e-01 5.375335120643431885e-01
5.697050938337802073e-01 5.402144772117962734e-01
5.965147453083109452e-01 5.241286863270777641e-01
6.045576407506701999e-01 5.321715817694370187e-01
6.152815013404825395e-01 5.321715817694370187e-01
6.434316353887399309e-01 5.120643431635388820e-01
6.447721179624664734e-01 5.053619302949061698e-01
6.554959785522788129e-01 5.107238605898123396e-01
6.756032171581769497e-01 4.959785522788203727e-01
6.769436997319034921e-01 4.812332439678284057e-01
6.890080428954423741e-01 5.281501340482573914e-01
7.064343163538874260e-01 5.509383378016086130e-01
7.117962466487935957e-01 5.509383378016086130e-01
7.131367292225201382e-01 5.603217158176944102e-01
7.024128686327077986e-01 5.737265415549597236e-01
7.024128686327077986e-01 5.898123324396782330e-01
6.943699731903485439e-01 5.951742627345844028e-01
6.970509383378016288e-01 5.978552278820374877e-01
6.890080428954423741e-01 6.032171581769436575e-01
6.916890080428954590e-01 6.112600536193029122e-01
6.836461126005362043e-01 6.166219839142090819e-01
6.782841823056300345e-01 6.487935656836461007e-01
6.514745308310991856e-01 6.997319034852547137e-01
6.005361930294905726e-01 7.506702412868633267e-01
6.032171581769436575e-01 7.533512064343164116e-01
5.750670241286863771e-01 7.841823056300267769e-01
5.670241286863271224e-01 7.841823056300267769e-01
5.268096514745308490e-01 7.412868632707774186e-01
5.026809651474530849e-01 7.332439678284181639e-01
4.946380697050938302e-01 7.386058981233243337e-01
4.892761394101876604e-01 7.359249329758712488e-01
4.611260053619302690e-01 7.560321715817694965e-01
4.638069705093833539e-01 7.587131367292225814e-01
4.450402144772118151e-01 7.721179624664880059e-01
4.356568364611260180e-01 7.895442359249329467e-01
4.168900804289544237e-01 7.761394101876675222e-01
4.048257372654155417e-01 7.801608579088472606e-01
4.195710455764075086e-01 8.029490616621983712e-01
4.316353887399463907e-01 8.042895442359249136e-01
4.195710455764075086e-01 8.109919571045576259e-01
4.034852546916889993e-01 7.949061662198391165e-01
3.941018766756032021e-01 8.016085790884718287e-01
3.967828418230562870e-01 8.123324396782841683e-01
4.168900804289544237e-01 8.351206434316353899e-01
4.195710455764075086e-01 8.324396782841823050e-01
4.209115281501340511e-01 8.418230563002681022e-01
3.927613941018766597e-01 8.431635388739946446e-01
3.900804289544235748e-01 8.485254691689008144e-01
3.686327077747989511e-01 8.431635388739946446e-01
3.659517426273458662e-01 8.485254691689008144e-01
3.418230563002681022e-01 8.324396782841823050e-01
3.364611260053619324e-01 8.351206434316353899e-01
3.257372654155495928e-01 8.270777479892761352e-01
3.203753351206434230e-01 8.297587131367292201e-01
3.176943699731903381e-01 8.243967828418230503e-01
2.935656836461125740e-01 8.217158176943699655e-01
2.828418230563002345e-01 8.136729222520107108e-01
2.506702412868632712e-01 8.083109919571045410e-01
2.479892761394101863e-01 8.136729222520107108e-01
2.211796246648793374e-01 7.868632707774798618e-01
1.595174262734584403e-01 7.600536193029490128e-01
1.528150134048257280e-01 7.667560321715818361e-01
1.528150134048257280e-01 7.801608579088472606e-01
2.278820375335120496e-01 8.257372654155495928e-01
2.198391420911527949e-01 8.310991957104557626e-01
2.252010723860589647e-01 8.337801608579088475e-01
2.225201072386058798e-01 8.391420911528150173e-01
2.855227882037533194e-01 9.209115281501341066e-01
3.123324396782841683e-01 9.316353887399464462e-01
3.364611260053619324e-01 9.530831099195711253e-01
3.739946380697051209e-01 9.584450402144771841e-01
3.766756032171582058e-01 9.638069705093833539e-01
3.820375335120643756e-01 9.611260053619302690e-01
3.873994638069704899e-01 9.664879356568364388e-01
3.927613941018766597e-01 9.638069705093833539e-01
3.954423592493297446e-01 9.691689008042895237e-01
4.142091152815013388e-01 9.718498659517426086e-01
4.168900804289544237e-01 9.772117962466487784e-01
4.436997319034852727e-01 9.798927613941018633e-01
4.517426273458445274e-01 9.879356568364611180e-01
4.651474530831098964e-01 9.852546916890080331e-01
4.705093833780160661e-01 9.906166219839142029e-01
5.053619302949061698e-01 9.879356568364611180e-01
5.187667560321715943e-01 9.798927613941018633e-01
5.268096514745308490e-01 9.825737265415549482e-01
6.152815013404825395e-01 9.369973190348526160e-01
6.313672922252010489e-01 9.369973190348526160e-01
6.823056300268096619e-01 9.155495978552279368e-01
7.117962466487935957e-01 9.155495978552279368e-01
7.144772117962466806e-01 9.209115281501341066e-01
7.198391420911528504e-01 9.155495978552279368e-01
7.305630026809650790e-01 9.182305630026810217e-01
7.506702412868633267e-01 9.061662198391420286e-01
7.721179624664880059e-01 8.766756032171580948e-01
7.721179624664880059e-01 8.605898123324396964e-01
8.190348525469168806e-01 8.163538873994637957e-01
8.391420911528150173e-01 8.042895442359249136e-01
8.659517426273458662e-01 7.747989276139410908e-01
8.632707774798927813e-01 7.721179624664880059e-01
8.713136729222520360e-01 7.667560321715818361e-01
9.034852546916889438e-01 6.997319034852547137e-01
9.008042895442358589e-01 6.916890080428954590e-01
9.088471849865951135e-01 6.863270777479892892e-01
9.115281501340481984e-01 6.621983914209115252e-01
9.168900804289543682e-01 6.568364611260053554e-01
9.142091152815012833e-01 6.461126005361930158e-01
9.195710455764074531e-01 6.407506702412868460e-01
9.168900804289543682e-01 6.353887399463806762e-01
9.249329758713136229e-01 6.219839142091152517e-01
9.222520107238605380e-01 5.898123324396782330e-01
9.276139410187667078e-01 5.817694369973189783e-01
9.249329758713136229e-01 5.576407506702413253e-01
9.302949061662197927e-01 5.549597855227882404e-01
9.276139410187667078e-01 5.442359249329759008e-01
9.329758713136728776e-01 5.388739946380697310e-01
9.302949061662197927e-01 5.147453083109919669e-01
9.356568364611259625e-01 5.093833780160857971e-01
9.356568364611259625e-01 4.798927613941018633e-01
9.302949061662197927e-01 4.772117962466487784e-01
9.356568364611259625e-01 4.718498659517426086e-01
9.302949061662197927e-01 4.477211796246649000e-01
9.597855227882037266e-01 4.128686327077747964e-01
9.638069705093833539e-01 3.927613941018766597e-01
9.825737265415549482e-01 3.927613941018766597e-01
9.919571045576407453e-01 3.833780160857909181e-01
9.892761394101876604e-01 3.619302949061662389e-01
9.731903485254691510e-01 3.378016085790884748e-01
9.758713136729222359e-01 3.324396782841823050e-01
9.611260053619302690e-01 2.801608579088471496e-01
9.932975871313672878e-01 2.962466487935656589e-01
1.000000000000000000e+00 2.895442359249329467e-01
9.557640750670242102e-01 2.453083109919571014e-01
9.423592493297587858e-01 2.453083109919571014e-01
9.209115281501341066e-01 2.345844504021447618e-01
8.914209115281501727e-01 2.426273458445040165e-01
8.900804289544235193e-01 2.225201072386058798e-01
8.847184986595173495e-01 2.198391420911527949e-01
8.873994638069704344e-01 2.064343163538874260e-01
8.793565683646111797e-01 1.849865951742627468e-01
8.605898123324396964e-01 1.608579088471849827e-01
8.632707774798927813e-01 1.554959785522788129e-01
8.056300268096514561e-01 8.713136729222520360e-02
8.002680965147452863e-01 8.713136729222520360e-02
7.841823056300267769e-01 6.568364611260052444e-02
7.815013404825736920e-01 6.836461126005360933e-02
7.386058981233243337e-01 3.619302949061664609e-02
6.903485254691689166e-01 1.742627345844505182e-02
6.796246648793565770e-01 2.010723860589813672e-02
6.769436997319034921e-01 1.474530831099196693e-02
6.715817694369973223e-01 1.742627345844505182e-02
