7.802322603398255119e-01 1.616180862817478969e-02
7.735734588401257383e-01 1.548318436050205582e-02
7.687004268335273505e-01 2.012682224845058210e-02
7.635852565905760780e-01 4.739346632049717956e-02
7.602558558407260803e-01 4.831322632388435068e-02
7.336206498419268751e-01 3.834604301846261665e-02
7.269618483422271016e-01 3.936691696633315418e-02
7.231083752521230146e-01 4.343262749739995598e-02
7.223408697152803315e-01 5.009142899709972951e-02
7.409755987711407199e-01 7.672663499589899017e-02
7.396012400777683959e-01 8.338543649559876370e-02
7.336206498419268751e-01 8.460423498438318646e-02
7.236324475923772148e-01 7.914045053954021913e-02
7.103148445929775567e-01 7.576423009164551248e-02
7.036560430932776722e-01 7.725792234959844018e-02
7.009721384071743167e-01 8.005603574574887693e-02
7.005990478593245863e-01 8.671483724544870597e-02
7.141683176830815327e-01 1.066912417445481376e-01
7.140525680762995764e-01 1.133500432442479111e-01
7.069854438431276700e-01 1.194337664326100001e-01
6.903384400938781251e-01 1.206178814664812804e-01
6.870423333515266462e-01 1.266676462436475137e-01
6.946666610686830223e-01 1.399852492430471718e-01
7.069854438431276700e-01 1.465608157240008147e-01
7.203030468425272170e-01 1.465608157240008147e-01
7.336206498419268751e-01 1.428984748991657949e-01
7.420570127589194431e-01 1.599616537421466034e-01
7.494613143470720829e-01 2.065732642400452401e-01
7.477966139721471395e-01 2.298790694889945585e-01
7.367899832480340194e-01 2.864788822364429111e-01
7.236324475923772148e-01 2.966751720328583142e-01
7.069854438431276700e-01 3.019883407294938760e-01
6.907129976782362402e-01 3.131140882352421717e-01
6.213065032698624757e-01 3.730433017325404665e-01
6.100873182460808675e-01 3.863609047319400691e-01
5.999350176923414768e-01 4.030079084811896140e-01
5.881258370734860907e-01 4.129961107307392743e-01
5.773815834036578609e-01 4.296431144799888191e-01
5.604918108497318752e-01 4.458893570278674723e-01
5.538330093500319906e-01 4.464811494198035469e-01
5.388923234850805377e-01 4.363019159796886481e-01
5.390488845917699168e-01 4.329725152298387059e-01
5.549150645937331872e-01 4.163255114805892165e-01
5.561318812963570446e-01 4.096667099808893875e-01
5.541005504817163585e-01 4.030079084811896140e-01
5.411181426932777372e-01 3.863609047319400691e-01
5.416504293335357989e-01 3.697139009826905243e-01
5.372721107925889639e-01 3.563962979832909217e-01
5.271978033512327855e-01 3.446128306235280991e-01
5.138802003518332384e-01 3.425984929526629807e-01
5.095450431254661128e-01 3.464080957337412059e-01
5.139620708620753486e-01 3.730433017325404665e-01
5.105507996019832406e-01 3.838176124924713717e-01
5.072213988521333539e-01 3.846565686338025980e-01
4.939037958527337513e-01 3.702688011076654684e-01
4.772567921034842620e-01 3.597549040028763523e-01
4.705979906037844329e-01 3.584707707581974434e-01
4.639391891040846039e-01 3.611255604120549578e-01
4.609829108520627217e-01 3.663845002328406375e-01
4.618583136354284524e-01 3.730433017325404665e-01
4.807297015063449752e-01 3.996785077313396717e-01
4.805861928533341487e-01 4.063989648004810995e-01
4.772567921034842620e-01 4.087467439842203953e-01
4.572803876043848303e-01 3.963805164225261413e-01
4.406333838551352855e-01 3.902828259542209244e-01
4.266576434982071730e-01 3.963491069814897849e-01
4.235856189045149045e-01 4.030079084811896140e-01
4.267715518870101588e-01 4.096667099808893875e-01
4.505882920971865380e-01 4.329725152298387059e-01
4.503278154502864394e-01 4.396313167295385349e-01
4.439627846049851723e-01 4.450204315026007329e-01
4.173275786061859671e-01 4.488342829531802858e-01
4.136185093497742882e-01 4.529489197289381375e-01
4.153602054358200846e-01 4.629371219784878533e-01
4.239863801058857407e-01 4.700120985719188904e-01
4.339745823554355120e-01 4.726756191717988997e-01
4.472921853548351145e-01 4.698415350089143461e-01
4.539509868545348881e-01 4.716213089343463394e-01
4.805861928533341487e-01 4.914981578227885506e-01
4.879441685105024851e-01 4.995605302268368297e-01
4.893258698216901292e-01 5.062193317265366588e-01
4.672685898539345462e-01 5.274835233081250907e-01
4.539509868545348881e-01 5.349994401314891457e-01
4.373039831052853987e-01 5.524494483885149521e-01
4.306451816055855697e-01 5.551679254430799126e-01
4.273157808557356829e-01 5.538762192040393995e-01
4.248484570857576914e-01 5.495015414745854088e-01
4.249019653120945095e-01 5.428427399748855242e-01
4.338381315050318099e-01 5.195369347259362058e-01
4.297554279569187896e-01 4.995605302268368297e-01
4.239863801058857407e-01 4.916940049257208512e-01
4.173275786061859671e-01 4.880769191659138917e-01
4.105338014004111247e-01 4.895723279772871139e-01
4.081717265440987230e-01 4.929017287271370007e-01
4.083130690287621323e-01 5.028899309766867720e-01
4.006805748569364223e-01 5.154940909582613751e-01
3.983783296575721389e-01 4.929017287271370007e-01
3.952914600838742798e-01 4.829135264775872849e-01
3.873629718575368197e-01 4.744358856793583490e-01
3.807041703578369907e-01 4.745602978105531444e-01
3.690799694639644857e-01 4.862429272274371717e-01
3.707978386185294961e-01 5.295251369754859772e-01
3.675874794726525230e-01 5.395133392250356374e-01
3.540689643590377855e-01 5.614105518490484226e-01
3.507395636091878988e-01 5.620847178379887454e-01
3.340925598599383539e-01 5.351720617767019572e-01
3.274337583602385804e-01 5.320758875499678187e-01
3.207749568605386958e-01 5.342543994042500133e-01
3.178252246172506013e-01 5.395133392250356374e-01
3.203741956591679152e-01 5.528309422244352955e-01
3.180282012419126114e-01 5.827955489730843874e-01
3.194273422713138078e-01 5.927837512226341588e-01
3.148097805170576580e-01 6.194189572214333639e-01
3.146182078548638850e-01 6.493835639700824558e-01
3.201148170566892048e-01 6.726893692190318852e-01
3.064073120861864896e-01 6.926657737181312058e-01
3.018605163937189695e-01 7.226303804667804087e-01
2.843943174168663268e-01 7.492655864655796139e-01
2.608457433632404565e-01 7.715861608803896710e-01
2.308811366145913091e-01 7.852508595702073491e-01
1.909283276163924459e-01 7.906560912421227716e-01
1.676225223674431275e-01 7.889230453972595480e-01
1.376579156187939801e-01 7.811677952899611643e-01
1.176815111196946040e-01 7.705681082125006576e-01
1.010345073704450591e-01 7.577439441890345684e-01
9.078345769327561543e-02 7.426067849658798403e-01
8.351551771052057038e-02 7.259597812166302955e-01
7.692236287739145917e-02 6.893363729682813190e-01
7.759445209125981346e-02 6.760187699688817720e-01
8.577005139020099644e-02 6.327365602208330220e-01
9.730235652988750150e-02 5.927837512226341588e-01
1.328821358546650733e-01 5.062193317265366588e-01
1.542735099270071686e-01 4.629371219784878533e-01
1.634330264238819663e-01 4.396313167295385349e-01
1.816337505230614657e-01 4.063373092310395007e-01
1.991934189515461862e-01 3.630550994829907507e-01
2.300765314333775846e-01 2.964670844859926824e-01
2.367207998345661757e-01 2.631730769874935927e-01
2.389561757466899805e-01 2.398672717385442743e-01
2.320943928200450701e-01 2.099026649898951269e-01
2.142341328653418198e-01 1.886277941983542927e-01
2.042459306157921040e-01 1.819758811139990384e-01
1.842695261166926723e-01 1.795417010091210908e-01
1.642931216175932407e-01 1.865092439317391770e-01
1.529923671493526594e-01 1.965850619904955243e-01
1.338320252834401258e-01 2.232202679892947850e-01
1.229926980301694339e-01 2.531848747379439324e-01
1.235399759006804987e-01 2.598436762376437059e-01
1.276697133692442643e-01 2.637279771124686478e-01
1.343285148689440933e-01 2.624596339696685932e-01
1.401712867730924295e-01 2.565142754877938192e-01
1.607209520630667465e-01 2.198908672394448427e-01
1.742813238671429565e-01 2.061273623539046640e-01
1.809401253668427301e-01 2.033270985089414840e-01
1.942577283662423882e-01 2.046132137986014232e-01
2.009165298659421617e-01 2.083059115690487628e-01
2.073554652783877739e-01 2.165614664895949559e-01
2.113611822182938638e-01 2.365378709886943875e-01
2.071659788144309400e-01 2.631730769874935927e-01
1.974484040848485389e-01 2.864788822364429111e-01
1.946125005772919025e-01 2.997964852358425691e-01
1.794835125387834185e-01 3.330904927343416033e-01
1.658686416152900800e-01 3.563962979832909217e-01
1.069275466976793987e-01 4.429607174793884217e-01
9.307723957830377204e-02 4.596077212286379665e-01
7.127433750994466299e-02 4.995605302268368297e-01
6.359388257440568015e-02 5.095487324763865455e-01
3.602201237114377452e-02 5.594897437241350691e-01
1.399042844428444177e-02 6.160895564715834771e-01
-1.110223024625156540e-16 6.760187699688817720e-01
1.746189204454573485e-05 7.259597812166302955e-01
6.889755809957098798e-03 7.625831894649792719e-01
1.267533278263155427e-02 7.759007924643788190e-01
1.444187261375567966e-02 7.858889947139285903e-01
3.728627536596607062e-02 8.325006052118272271e-01
7.772870212149574076e-02 8.784267508494627563e-01
1.243403126193943775e-01 9.100813830294504081e-01
1.776107246169928433e-01 9.275764766248797422e-01
1.942577283662423882e-01 9.295024318205493685e-01
2.275517358647414223e-01 9.285967768546725676e-01
2.708339456127901723e-01 9.212733007154783049e-01
2.838645313061682884e-01 9.390414292070241586e-01
2.795879734464472577e-01 9.490296314565738189e-01
2.800472011360817248e-01 9.556884329562737035e-01
2.865426636961728724e-01 9.723354367055232483e-01
2.908103501118896039e-01 9.770964797778085575e-01
3.074573538611391488e-01 9.845168156394978887e-01
3.374219606097882407e-01 9.740298638728575042e-01
3.446356622344630138e-01 9.690060359556733616e-01
3.545743198299971533e-01 9.556884329562737035e-01
3.640571666085875013e-01 9.378449258125468591e-01
3.673865673584373881e-01 9.393042766346438865e-01
3.707467958930081853e-01 9.523590322064238167e-01
3.773747696079871039e-01 9.591157572575897960e-01
3.873629718575368197e-01 9.553763016359753113e-01
3.951593186134353397e-01 9.457002307067239322e-01
3.976221718425394513e-01 9.223944254577747248e-01
4.173275786061859671e-01 9.113917964172550956e-01
4.472921853548351145e-01 9.076304434440960467e-01
4.654080423760771912e-01 8.924298187091255219e-01
4.697519953312815355e-01 8.824416164595758616e-01
4.699804404646993339e-01 8.757828149598759770e-01
4.642549081407083000e-01 8.558064104607765454e-01
4.672685898539345462e-01 8.496628733628392993e-01
5.305272041010826722e-01 8.213149869031209915e-01
5.904564175983809671e-01 7.847483666792578472e-01
6.370680280962796038e-01 7.491466792959421417e-01
6.450658277236365201e-01 7.392773842160299536e-01
6.803502378443284648e-01 7.090648433689876740e-01
6.911530807028839485e-01 6.959951744679812036e-01
7.069854438431276700e-01 6.821857281759899916e-01
7.460712213960529748e-01 6.360659609706829087e-01
7.561757078629687268e-01 6.194189572214333639e-01
7.734599565418353029e-01 5.994425527223339323e-01
7.833375668084355814e-01 5.794661482232345007e-01
7.929838652117506825e-01 5.661485452238348426e-01
8.068674663386248280e-01 5.366833485876633114e-01
8.101968670884747148e-01 5.339484836860007855e-01
8.135262678383246016e-01 5.347966881627483904e-01
8.153868153161818455e-01 5.395133392250356374e-01
8.117359296992543438e-01 5.628191444739849558e-01
7.812231534201379279e-01 5.994425527223339323e-01
7.715223101638788439e-01 6.194189572214333639e-01
7.692729828715695328e-01 6.393953617205327955e-01
7.769028595899756251e-01 6.511671715146449824e-01
7.935498633392251699e-01 6.597208162982455271e-01
8.201850693380243751e-01 6.638866354182922924e-01
8.701260805857728986e-01 6.601781054637364532e-01
9.034200880842719883e-01 6.616914306764949405e-01
9.167376910836715354e-01 6.577654763841782604e-01
9.267258933332213067e-01 6.515199294512362682e-01
9.400434963326209648e-01 6.468248578382534975e-01
9.666787023314201699e-01 6.257448186461481709e-01
9.887062555067664960e-01 5.961131519724840455e-01
9.989255595940793597e-01 5.628191444739849558e-01
1.000000000000000000e+00 5.162075339760863191e-01
9.881445755870315040e-01 4.795841257277373981e-01
9.722381733948488591e-01 4.429607174793884217e-01
9.478234225746170472e-01 4.030079084811896140e-01
8.972422000262172403e-01 3.464080957337412059e-01
8.834436835851725567e-01 3.267801168945098089e-01
8.501496760866735780e-01 2.992999956503386572e-01
8.368320730872739199e-01 2.941474200291299690e-01
8.191318915498065900e-01 2.831494814865930243e-01
8.149326526378299906e-01 2.431966724883941611e-01
8.004503148933495016e-01 1.899262604907956953e-01
8.026797044579541129e-01 1.699498559916963192e-01
7.980317489640231798e-01 1.266676462436475137e-01
7.917464379330563240e-01 1.033618409946981953e-01
7.927991161113177032e-01 9.337363874514847950e-02
8.068674663386248280e-01 8.521254666319938442e-02
8.123737829633764784e-01 6.673843274634927436e-02
8.113536927727447168e-01 5.675023049679955855e-02
8.068674663386248280e-01 5.188176713616998725e-02
7.968792640890750567e-01 4.738034552936493116e-02
7.892840686284798846e-01 2.345622299830052437e-02
