2.893709381196316044e-01 0.000000000000000000e+00
2.510596910927882508e-01 8.853704251750971199e-03
2.235367553129717910e-01 1.802801617835647630e-02
2.113043394108310991e-01 2.400065530799472269e-02
1.725810978206170354e-01 4.892966360856271235e-02
1.397387101010031940e-01 7.951070336391435900e-02
1.190970436484894979e-01 1.070336391437308743e-01
1.130188829512130955e-01 1.192660550458715663e-01
1.007999949615325241e-01 1.590214067278287735e-01
9.756416211822088735e-02 1.804281345565749151e-01
9.815449231602985103e-02 2.155113829425756022e-01
1.008867327531883795e-01 2.262996941896024405e-01
1.133131973671740456e-01 2.538226299694189558e-01
1.252048120269000364e-01 2.721712538226299660e-01
1.383616093580093409e-01 2.874617737003057893e-01
2.257984780448780149e-01 3.700305810397553907e-01
2.485203726131028357e-01 4.006116207951070374e-01
2.789525588051292582e-01 4.617737003058103862e-01
3.090318518014247839e-01 5.565749235474005685e-01
3.364317604098117087e-01 6.085626911314985232e-01
3.456550804129482346e-01 6.177370030581039728e-01
3.489458437833832805e-01 6.299694189602446093e-01
3.576291537402326304e-01 6.452599388379205436e-01
3.752014024770130574e-01 6.697247706422018165e-01
4.105328631806392514e-01 7.094801223241590238e-01
4.355780397166414963e-01 7.308868501529052208e-01
4.712431773313203731e-01 7.523194941170372463e-01
5.048823210622072066e-01 7.640497317892414042e-01
5.171147369643479541e-01 7.703825514973169364e-01
5.262890488909534037e-01 7.825305810397553685e-01
5.387763067910553705e-01 7.951070336391437010e-01
5.586539826320340296e-01 8.103975535168195243e-01
5.594960692339928654e-01 8.134556574923548222e-01
5.579473752740504722e-01 8.165137614678898981e-01
4.987661131111368884e-01 8.499509549362413985e-01
4.895918011845313833e-01 8.603166037057023985e-01
4.773593852823907469e-01 8.658012883076322552e-01
4.747693584459680705e-01 8.685015290519877418e-01
4.740555408088215072e-01 8.746177370030581155e-01
4.766848035230815128e-01 8.776758409785931914e-01
4.804174892579258782e-01 8.788943042813455175e-01
5.109985290132775804e-01 8.786403199247235785e-01
5.171147369643479541e-01 8.755657492354740334e-01
5.262890488909534037e-01 8.657582298974635382e-01
5.293471528664885906e-01 8.653123634775010675e-01
5.307719513096356145e-01 8.685015290519877418e-01
5.304527750730282376e-01 8.807339449541284893e-01
5.267501915539308799e-01 8.990825688073393884e-01
5.171410999296542910e-01 9.235474006116207724e-01
5.079404250377423935e-01 9.361535847774380414e-01
4.957080091356017570e-01 9.438661491413784521e-01
4.709883353333591538e-01 9.724770642201834292e-01
4.651269693802500549e-01 9.828074886253449494e-01
4.620688654047148680e-01 9.847367846221057874e-01
4.498364495025742316e-01 9.844143999141585777e-01
4.464233870298787155e-01 9.877675840978592525e-01
4.463301751168312625e-01 9.938837920489296263e-01
4.485749816126659573e-01 9.969418960244648131e-01
4.548604774623819513e-01 1.000000000000000000e+00
4.780321681570084413e-01 1.000000000000000000e+00
4.908210390570504345e-01 9.908256880733945504e-01
5.086899603258637770e-01 9.663608562691131665e-01
5.385214647930940401e-01 9.391352361535847404e-01
5.415795687686292270e-01 9.394675301313186733e-01
5.446126063181354615e-01 9.633027522935779796e-01
5.443425925359988149e-01 9.755351681957187271e-01
5.476957767196996008e-01 9.788390126692878557e-01
5.538119846707699745e-01 9.788188700055147073e-01
5.599281926218402372e-01 9.757371184582539492e-01
5.745424010433881623e-01 9.571865443425076059e-01
5.782768164750512474e-01 9.499545416976609147e-01
5.874511284016568080e-01 9.449258126628157228e-01
5.934839335170306596e-01 9.388379204892967067e-01
5.975428715209228914e-01 9.174311926605505096e-01
5.945946681570084547e-01 9.051987767584097622e-01
5.976840147813321513e-01 8.899082568807339388e-01
5.979719189443561955e-01 8.746177370030581155e-01
5.964234900657269245e-01 8.685015290519877418e-01
5.901651956799441878e-01 8.593272171253822922e-01
5.928537787584355900e-01 8.562691131498471053e-01
6.210902721325436415e-01 8.576612351088593877e-01
6.424969999612898386e-01 8.536236105043444322e-01
6.608456238145008488e-01 8.472266160497732290e-01
6.695102517451838597e-01 8.409785932721711710e-01
6.733036375509022786e-01 8.348623853211009083e-01
6.733537704029602944e-01 8.226299694189602718e-01
6.651093264726989363e-01 8.073394495412844485e-01
6.438248608980352561e-01 7.859327217125382514e-01
6.452719461613125596e-01 7.828746177370030646e-01
6.944847675453876823e-01 7.778169842390025845e-01
7.220077033252041421e-01 7.709628095097169620e-01
7.495306391050207129e-01 7.585416007592533649e-01
7.709373669337669099e-01 7.465869375273044284e-01
7.984603027135833697e-01 7.259399172513041343e-01
8.241307332005276542e-01 7.003058103975534632e-01
8.386798308918271827e-01 6.788990825688073771e-01
8.600485114667792974e-01 6.360856269113149830e-01
8.661511915053896615e-01 6.177370030581039728e-01
8.701888161099045060e-01 5.871559633027523262e-01
8.698552686039621173e-01 5.779816513761467656e-01
8.615748639932823139e-01 5.412844036697247452e-01
8.606809566773565567e-01 5.229357798165137350e-01
8.494726405813468606e-01 4.862385321100917146e-01
8.504480702976813244e-01 4.822432672388280439e-01
8.535061742732164003e-01 4.806638634046891401e-01
8.810291100530329711e-01 4.815144461180336233e-01
8.871453180041033448e-01 4.803479219932822453e-01
8.932615259551736075e-01 4.763725061890199397e-01
8.965953606170276036e-01 4.709480122324158913e-01
9.024358378817791682e-01 4.479272850832484165e-01
9.024358378817791682e-01 3.502378525314304714e-01
8.982721116997042232e-01 3.333333333333333703e-01
8.979399686043132434e-01 2.966360856269113500e-01
8.996728141144096913e-01 2.813455657492354711e-01
8.963196299307087944e-01 2.780417212756662315e-01
8.902034219796384207e-01 2.780618639394394909e-01
8.800996862957624067e-01 2.844036697247706025e-01
8.769914571478341081e-01 2.905198776758409762e-01
8.749129021019625974e-01 3.069996602106693784e-01
8.718547981264274105e-01 3.089010345500682875e-01
8.687966941508922236e-01 3.075942915392456678e-01
8.564301508814036179e-01 2.905198776758409762e-01
8.463057294580926815e-01 2.721712538226299660e-01
8.335937472506976809e-01 2.599388379204893296e-01
8.290413424689351274e-01 2.500218435998252664e-01
8.259832384933998295e-01 2.474606815203145849e-01
8.198670305423295668e-01 2.481744991574611481e-01
8.159109119073117977e-01 2.538226299694189558e-01
8.137508225912593041e-01 2.754477937964177059e-01
8.106927186157240062e-01 2.775229357798165153e-01
8.045765106646537435e-01 2.780892513308415581e-01
8.015184066891185566e-01 2.806709839899262371e-01
8.003291440319659777e-01 2.844036697247706025e-01
8.011977990142640227e-01 2.996941896024464813e-01
8.106554246648030038e-01 3.211009174311926229e-01
8.090413424689351096e-01 3.241590214067278097e-01
8.007757242950600540e-01 3.272171253822629966e-01
7.982145622155493170e-01 3.302752293577981835e-01
7.988425657105252542e-01 3.363914373088685017e-01
8.013446507814177000e-01 3.394495412844036331e-01
8.222505527585555196e-01 3.516819571865443805e-01
8.241538370080351283e-01 3.547400611620795119e-01
8.259832384933998295e-01 3.677151594582787064e-01
8.320994464444702032e-01 3.707951070336391597e-01
8.535061742732164003e-01 3.660123746532962796e-01
8.565642782487515872e-01 3.675076452599388421e-01
8.580701627821590849e-01 3.761467889908256534e-01
8.576699004552912342e-01 3.883792048929663454e-01
8.538821706636510189e-01 4.036697247706422242e-01
8.504480702976813244e-01 4.093654434250764695e-01
8.443318623466109507e-01 4.101813772013075954e-01
8.015184066891185566e-01 3.888888888888888395e-01
7.648211589826965362e-01 3.665463478217275695e-01
7.220077033252041421e-01 3.451396199929813724e-01
6.944847675453876823e-01 3.359721811186742180e-01
6.455551039368250255e-01 3.262996941896024183e-01
6.027416482793326313e-01 3.317129946597288659e-01
4.834755932334610651e-01 3.319412113743210879e-01
4.620688654047148680e-01 3.353489018626633067e-01
4.528945534781093629e-01 3.399592252803261827e-01
4.466465307005073604e-01 3.486238532110091937e-01
4.433076402214713441e-01 3.577981651376146432e-01
4.423737629354100309e-01 3.669724770642202039e-01
4.463687780303156050e-01 3.792048929663608403e-01
4.590107614291797367e-01 3.926429075511644329e-01
4.865336972089962519e-01 4.102501092179991482e-01
5.385214647930940401e-01 4.381052497451579653e-01
5.507538806952347876e-01 4.499508519003932450e-01
5.629862965973754241e-01 4.559781000295945463e-01
5.874511284016568080e-01 4.614037683732859496e-01
6.119159602059380809e-01 4.712738757707925497e-01
6.333226880346842780e-01 4.774768215135187788e-01
6.761361436921766721e-01 4.854113400511354537e-01
6.807857099406944279e-01 4.892966360856269015e-01
6.807809997304895555e-01 4.923547400611620883e-01
6.687906978685872472e-01 5.168195718654434723e-01
6.639037277900359246e-01 5.206046021958189440e-01
6.455551039368250255e-01 5.255096839959225719e-01
6.272064800836139042e-01 5.266389525993884213e-01
6.119159602059380809e-01 5.246474051759550949e-01
5.966254403282622576e-01 5.274316490939796598e-01
5.507538806952347876e-01 5.271530038472921342e-01
5.473025919228450276e-01 5.259938837920489219e-01
5.452692376956336240e-01 5.229357798165137350e-01
5.484227030745398856e-01 5.137614678899082854e-01
5.489142400224519269e-01 5.015290519877675379e-01
5.476957767196996008e-01 4.977963662529231725e-01
5.415795687686292270e-01 4.947861833859728553e-01
5.354633608175589643e-01 4.975415242549618977e-01
5.222384023970427780e-01 5.107033639143730985e-01
5.171410999296542910e-01 5.290519877675841087e-01
5.102594872191899000e-01 5.412844036697247452e-01
5.044697197321746929e-01 5.565749235474005685e-01
5.045617133873527838e-01 5.749235474006115787e-01
5.117978061887015206e-01 5.902140672782874020e-01
5.223644821223499823e-01 5.993883792048929626e-01
5.210329326830023255e-01 6.024464831804281495e-01
5.171147369643479541e-01 6.029747011398387535e-01
4.681850733557852418e-01 5.902918156844451092e-01
4.376040336004335396e-01 5.753877238968982955e-01
4.131392017961522112e-01 5.569571865443425640e-01
3.998146059027489763e-01 5.443425076452599320e-01
3.786966578683026996e-01 5.107033639143730985e-01
3.551670410875156780e-01 4.617737003058103862e-01
3.446428559712416129e-01 4.434250764525993760e-01
3.249183630019188973e-01 4.006116207951070374e-01
3.041177950683234266e-01 3.700305810397553907e-01
2.877569387992102712e-01 3.543577981651376274e-01
2.785826268726048216e-01 3.429594106199611026e-01
2.357691712151124275e-01 3.063914373088685306e-01
1.960138195331552757e-01 2.763215377894276958e-01
1.715489877288738918e-01 2.503822629969418845e-01
1.562584678511980685e-01 2.314602446483180476e-01
1.470064075184348562e-01 2.171253822629969354e-01
1.398623257669825981e-01 1.834862385321101019e-01
1.405068053105447134e-01 1.651376146788990917e-01
1.499577191429833922e-01 1.376146788990825764e-01
1.672264753788386127e-01 1.100917431192660612e-01
1.841636666279564682e-01 9.174311926605505096e-02
2.174205473619014173e-01 6.675950196592406183e-02
2.388272751906476143e-01 5.425586136595311748e-02
2.755245228970696347e-01 3.938541974943277069e-02
2.877569387992102712e-01 3.701785538127655428e-02
2.969312507258158318e-01 3.326314734045210386e-02
3.336284984322378522e-01 2.608517047788583287e-02
3.611514342120543120e-01 2.608517047788583287e-02
4.039648898695467061e-01 3.326921179836239695e-02
4.406621375759687265e-01 4.579381122686981831e-02
5.171147369643479541e-01 8.971365026410893506e-02
5.538119846707699745e-01 1.166805671392826538e-01
5.691025045484457978e-01 1.259409550693954549e-01
6.241483761080788284e-01 1.656017911751856975e-01
6.730780397166414852e-01 1.933995922528032874e-01
7.311820152518097027e-01 2.175379835930295602e-01
7.831697828359075464e-01 2.273582686426722788e-01
8.137508225912593041e-01 2.282521759585979804e-01
8.259832384933998295e-01 2.307499201241498543e-01
8.412737583710757638e-01 2.304163726182074656e-01
8.626804861998218499e-01 2.255878941263313453e-01
8.669236054658768786e-01 2.232415902140672537e-01
8.688816414835459634e-01 2.171253822629969354e-01
8.663232277000917358e-01 2.140672782874617486e-01
8.626804861998218499e-01 2.128780156303091142e-01
8.443318623466109507e-01 2.133266437308868335e-01
7.984603027135833697e-01 2.068924958833214811e-01
7.801116788603723595e-01 2.059985885673960015e-01
7.434144311539503391e-01 1.991527548002206549e-01
7.006009754964579450e-01 1.813054594675891917e-01
6.791942476677118590e-01 1.701343381389252563e-01
6.241483761080788284e-01 1.310889034512888185e-01
5.881536658014419050e-01 1.070336391437308743e-01
5.660444005729106109e-01 8.925466210949212220e-02
5.079404250377423935e-01 4.954716537285347444e-02
4.528945534781093629e-01 1.832270771782518182e-02
4.100810978206170243e-01 2.645502645502562089e-03
3.962346825980550546e-01 0.000000000000000000e+00
