3.086410512657311589e-02 2.051376806688746113e-01
2.604273012455221581e-02 2.041192461446382223e-01
2.122135512253131573e-02 2.036653394280299456e-01
1.639998012051047116e-02 2.037062262581014194e-01
1.157860511848957108e-02 2.043723830495062233e-01
6.757230116468671000e-03 2.063406328643193066e-01
2.488304333429336435e-03 2.106095586473585857e-01
5.421764029261422202e-04 2.154309336493794858e-01
0.000000000000000000e+00 2.202523086514003303e-01
4.668424185195751974e-04 2.250736836534212304e-01
1.978147877623404050e-03 2.298950586554421305e-01
7.575141947168684275e-03 2.395378086594838751e-01
2.057563525618927303e-02 2.636446836695882645e-01
2.414199574875547372e-02 2.684660586716091646e-01
2.855181303376713720e-02 2.732874336736300647e-01
4.291754263162528282e-02 2.877515586796927094e-01
4.732168325847135870e-02 2.925729336817135540e-01
5.099780999612324450e-02 2.973943086837345096e-01
5.421205999747052973e-02 3.022156836857553541e-01
5.789162076290166326e-02 3.070370586877761987e-01
6.230143804791332673e-02 3.118584336897971543e-01
9.836335515486543946e-02 3.479203507967492115e-01
1.031847301568863395e-01 3.523301680817608750e-01
1.080061051589071841e-01 3.560097288471920640e-01
1.128274801609280842e-01 3.592239788485392937e-01
1.176488551629489843e-01 3.629001055861912906e-01
1.369343551710324736e-01 3.812584180938861644e-01
1.417557301730533736e-01 3.849379788593173535e-01
1.465771051750742737e-01 3.881522288606645832e-01
1.513984801770951183e-01 3.918283555983165800e-01
1.658626051831577630e-01 4.057768508209998459e-01
1.796303093555952080e-01 4.179286837342565120e-01
1.835561417471778256e-01 4.227500587362774120e-01
1.868310379749655858e-01 4.275714337382983121e-01
1.907730426935989598e-01 4.323928087403191567e-01
1.996122301973039526e-01 4.400030183023325159e-01
2.067940700440642487e-01 4.468569337463818014e-01
2.110288823247307710e-01 4.516783087484027015e-01
2.141179187809702511e-01 4.564996837504236016e-01
2.158467038369211721e-01 4.613210587524444461e-01
2.182367352454330223e-01 4.709638087564862463e-01
2.244578642802986801e-01 4.902493087645697356e-01
2.266490177086364355e-01 4.998920587686115358e-01
2.316668405623021898e-01 5.191775587766950251e-01
2.334056858932866962e-01 5.239989337787158696e-01
2.365002974297467087e-01 5.288203087807368252e-01
2.430046052154918867e-01 5.354851506952950091e-01
2.478259802175127868e-01 5.391087786511206126e-01
2.526473552195336314e-01 5.417174869111426316e-01
2.574687302215545870e-01 5.437191479263259186e-01
2.622901052235754316e-01 5.449280843556701948e-01
2.671114802255962761e-01 5.454792388250329083e-01
2.912183552357007210e-01 5.454792388250329083e-01
2.960397302377215656e-01 5.449533712874989888e-01
3.105038552437842103e-01 5.414946809451401943e-01
3.201466052478260105e-01 5.401797604900435701e-01
3.346107302538886552e-01 5.366733059431192387e-01
3.442534802579304554e-01 5.353583854880227255e-01
3.538962302619722000e-01 5.331362170486748653e-01
3.587176052639931001e-01 5.326246749932689317e-01
3.635389802660139447e-01 5.332917452745464804e-01
3.683603552680348447e-01 5.350479181583471799e-01
4.021099802821810343e-01 5.516605513750560963e-01
4.117527302862227789e-01 5.570167429443411145e-01
4.165741052882436790e-01 5.608480141513040307e-01
4.213954802902645236e-01 5.662741609305819157e-01
4.290823894915997139e-01 5.770340588009456040e-01
4.367078101577938076e-01 5.866768088049874041e-01
4.399220601591410928e-01 5.914981838070082487e-01
4.436016209245722264e-01 5.963195588090290933e-01
4.523171834282253556e-01 6.059623088130708934e-01
4.599664803064316132e-01 6.166046121711901140e-01
4.647878553084524578e-01 6.220499580545079121e-01
4.696092303104733579e-01 6.258935286874964810e-01
4.937161053205777472e-01 6.388940219965171252e-01
5.033588553246195474e-01 6.452651246777589833e-01
5.274657303347239923e-01 6.581795220046007255e-01
5.371084803387656814e-01 6.645506246858425836e-01
5.467512303428074816e-01 6.698053494648308348e-01
5.563939803468492817e-01 6.741333897842678446e-01
5.660367303508909709e-01 6.775320639660202815e-01
5.901436053609954158e-01 6.884394369214117404e-01
5.997863553650372159e-01 6.909486094439311055e-01
6.046077303670580605e-01 6.926244815188868920e-01
6.190718553731207052e-01 7.008228619778317237e-01
6.238932303751415498e-01 7.028952755875713665e-01
6.383573553812041945e-01 7.066279530084907945e-01
6.431787303832250391e-01 7.086977744811324698e-01
6.576428553892877948e-01 7.168947929697377930e-01
6.624642303913086394e-01 7.185489485086991035e-01
6.865711054014130843e-01 7.246982344580772395e-01
6.913924804034339289e-01 7.263741065330331370e-01
7.010352304074757290e-01 7.313589179758004377e-01
7.058566054094965736e-01 7.328386463662511785e-01
7.106779804115174182e-01 7.334409030829215359e-01
7.154993554135383738e-01 7.334000162528501177e-01
7.203207304155592183e-01 7.327338594614454248e-01
7.251421054175800629e-01 7.306367776153283033e-01
7.290287240416580827e-01 7.264966838635930069e-01
7.304129306316538006e-01 7.216753088615720513e-01
7.296674310773716421e-01 7.168539338595512067e-01
7.274651315549174324e-01 7.120325588575303621e-01
7.219780780725039149e-01 7.023898088534885620e-01
7.199457345820686749e-01 6.975684338514677174e-01
7.201080226948819440e-01 6.927470588494467618e-01
7.251421054175800629e-01 6.914077880155521383e-01
7.299634804196010185e-01 6.928058561055689957e-01
7.444276054256636632e-01 7.016308887142815864e-01
7.492489804276845078e-01 7.052731801782265997e-01
7.588917304317261969e-01 7.139332932333269932e-01
7.637131054337471525e-01 7.174996537258933049e-01
7.781772304398097972e-01 7.256787720328929936e-01
7.878199804438514864e-01 7.320498747141348517e-01
8.119268554539560423e-01 7.449642720409765939e-01
8.215696054579977314e-01 7.513353747222184520e-01
8.456764804681021763e-01 7.642497720490600832e-01
8.553192304721439765e-01 7.706208747303019413e-01
8.649619804761856656e-01 7.758755995092901925e-01
8.746047304802274658e-01 7.800372756199055457e-01
8.987116054903319107e-01 7.860698855931085305e-01
9.083543554943735998e-01 7.873848060482051547e-01
9.228184805004362445e-01 7.910660213906572924e-01
9.276398555024572001e-01 7.920302963910614835e-01
9.372826055064988893e-01 7.946464368683484603e-01
9.421039805085198449e-01 7.956648713925849048e-01
9.469253555105406894e-01 7.961907389301187132e-01
9.565681055145824896e-01 7.963346605719701099e-01
9.613894805166033342e-01 7.961187781091929594e-01
9.662108555186241787e-01 7.955165213925226020e-01
9.710322305206451343e-01 7.939536411287096973e-01
9.758536055226659789e-01 7.913700064354274311e-01
9.860009180269192486e-01 7.843531838878434748e-01
9.907195117788970551e-01 7.795318088858227412e-01
9.936843803146224730e-01 7.747104338838017856e-01
9.960632024061368828e-01 7.698890588817808300e-01
9.977793823175704624e-01 7.650676838797600965e-01
9.987742692227493668e-01 7.602463088777391409e-01
1.000000000000000000e+00 7.457821838716764962e-01
9.996792336576525440e-01 7.409608088696556516e-01
9.982885521046502841e-01 7.361394338676346960e-01
9.962423015057881859e-01 7.313180588656138514e-01
9.915026447241406249e-01 7.216753088615720513e-01
9.861420753930498773e-01 7.120325588575303621e-01
9.825757149004835656e-01 7.072111838555094065e-01
9.781658976154719021e-01 7.023898088534885620e-01
9.662108555186241787e-01 6.908463244736501307e-01
9.613894805166033342e-01 6.872799639810838190e-01
9.469253555105406894e-01 6.791008456740841304e-01
9.372826055064988893e-01 6.727297429928422723e-01
9.228184805004362445e-01 6.646367206680214856e-01
9.131757304963945554e-01 6.582656179867796276e-01
9.035329804923527552e-01 6.529911446378677820e-01
8.842474804842692659e-01 6.433681432037495762e-01
8.746047304802274658e-01 6.390401028843125664e-01
8.649619804761856656e-01 6.356414287025601295e-01
8.504978554701230209e-01 6.295554307491895152e-01
8.360337304640603762e-01 6.259865678940447209e-01
8.215696054579977314e-01 6.211773036964974848e-01
8.071054804519350867e-01 6.150913057431268705e-01
7.926413554458724420e-01 6.113669146621104611e-01
7.878199804438514864e-01 6.092970931894686748e-01
7.829986054418307528e-01 6.067658713134077564e-01
7.733558554377888417e-01 6.004091179625290486e-01
7.637131054337471525e-01 5.951346446136173141e-01
7.540703554297054634e-01 5.903330181815199529e-01
7.444276054256636632e-01 5.860049778620828320e-01
7.347848554216218631e-01 5.826063036803303952e-01
7.251421054175800629e-01 5.782189729963574942e-01
7.203207304155592183e-01 5.755608608836614293e-01
7.151980194759119946e-01 5.722126837989247594e-01
7.112946679117759796e-01 5.673913087969038038e-01
7.108788710366016339e-01 5.625699337948829593e-01
7.154993554135383738e-01 5.585129231224508217e-01
7.203207304155592183e-01 5.567441056674411470e-01
7.299634804196010185e-01 5.546221984399891669e-01
7.347848554216218631e-01 5.527956917453314967e-01
7.396062304236427076e-01 5.494341467995811357e-01
7.409080016741884656e-01 5.481058087888203145e-01
7.439540775236794801e-01 5.432844337867994700e-01
7.449499210508825353e-01 5.384630587847785144e-01
7.439540775236794801e-01 5.336416837827576698e-01
7.410044291742288181e-01 5.288203087807368252e-01
7.356888632345007784e-01 5.239989337787158696e-01
7.203207304155592183e-01 5.136243679261531803e-01
6.962138554054547734e-01 5.007099705993115490e-01
6.913924804034339289e-01 4.976505423203035905e-01
6.865711054014130843e-01 4.950298246564040494e-01
6.817497303993921287e-01 4.933487641230117071e-01
6.721069803953504396e-01 4.908421007730149332e-01
6.624642303913086394e-01 4.866734556380709620e-01
6.528214803872668393e-01 4.814244705912279487e-01
6.480001053852459947e-01 4.783650423122200457e-01
6.431787303832250391e-01 4.757443246483205046e-01
6.383573553812041945e-01 4.740632641149282178e-01
6.287146053771623944e-01 4.715566007649313884e-01
6.142504803710998607e-01 4.654706028115607741e-01
6.046077303670580605e-01 4.620719286298083928e-01
5.901436053609954158e-01 4.559942170163407416e-01
5.853222303589745712e-01 4.548560331815528213e-01
5.805008553569536156e-01 4.543048787121901633e-01
5.274657303347239923e-01 4.538731137866360843e-01
5.226443553327030367e-01 4.532730712490711800e-01
5.178229803306821921e-01 4.516352607573132505e-01
5.130016053286613475e-01 4.486308358697668197e-01
5.033588553246195474e-01 4.401348243685642148e-01
4.985374803225986473e-01 4.365684638759979586e-01
4.840733553165360026e-01 4.283893455689982699e-01
4.744306053124942579e-01 4.220182428877564118e-01
4.503237303023898130e-01 4.091038455609147251e-01
4.406809802983480684e-01 4.027327428796728670e-01
4.310382302943063237e-01 3.973321080677287287e-01
4.255700854749411288e-01 3.938218087241521226e-01
4.211591383784007991e-01 3.890004337221312225e-01
4.199222823729803489e-01 3.841790587201103779e-01
4.213482119078917343e-01 3.793576837180894779e-01
4.237598084162555456e-01 3.745363087160685778e-01
4.243865184859626494e-01 3.697149337140477332e-01
4.225544646657503067e-01 3.648935587120267776e-01
4.187880019728450476e-01 3.600721837100059330e-01
4.141131951309621195e-01 3.552508087079850885e-01
4.069313552842018789e-01 3.485286993301674463e-01
4.021099802821810343e-01 3.448491385647363128e-01
3.972886052801601342e-01 3.416348885633890275e-01
3.828244802740974895e-01 3.304982138315385454e-01
3.683603552680348447e-01 3.223190955245388567e-01
3.635389802660139447e-01 3.192596672455308981e-01
3.587176052639931001e-01 3.166389495816313016e-01
3.538962302619722000e-01 3.149847940426699910e-01
3.442534802579304554e-01 3.126619961901339062e-01
3.394321052559094998e-01 3.112079307133339690e-01
3.346107302538886552e-01 3.101417319845321541e-01
3.201466052478260105e-01 3.082800694304847489e-01
3.105038552437842103e-01 3.066093560666292017e-01
3.008611052397425212e-01 3.045133702101558981e-01
2.912183552357007210e-01 3.015651807092922243e-01
2.863969802336798764e-01 3.005467461850558353e-01
2.815756052316589209e-01 3.000208786475220268e-01
2.719328552276172317e-01 2.996610745428934797e-01
2.671114802255962761e-01 2.991374211844650688e-01
2.430046052154918867e-01 2.931561645287322770e-01
2.333618552114501421e-01 2.889970805552147248e-01
2.237191052074083975e-01 2.837480955083718226e-01
2.140763552033665973e-01 2.773769928271299090e-01
1.899694801932622079e-01 2.644625955002882778e-01
1.803267301892204078e-01 2.580914928190463087e-01
1.658626051831577630e-01 2.499984704942256331e-01
1.562198551791160184e-01 2.436402066875192340e-01
1.513984801770951183e-01 2.411047555351406024e-01
1.465771051750742737e-01 2.390323419254011261e-01
1.321129801690116290e-01 2.353092256659081727e-01
1.176488551629489843e-01 2.292232277125375584e-01
7.425648014476105008e-02 2.147804306729163559e-01
6.943510514274015000e-02 2.137142319441145411e-01
5.979235513869840535e-02 2.123993114890178613e-01
4.532823013263576062e-02 2.087180961465657791e-01
4.050685513061486054e-02 2.077538211461616435e-01
