2.728813559322034177e-01 3.576271186440678207e-01
2.627118644067796271e-01 3.576271186440678207e-01
2.559322033898304705e-01 3.644067796610169774e-01
2.491525423728813693e-01 3.644067796610169774e-01
2.322033898305084776e-01 3.813559322033898136e-01
2.288135593220338992e-01 3.813559322033898136e-01
2.220338983050847426e-01 3.881355932203389703e-01
2.152542372881355859e-01 3.881355932203389703e-01
2.118644067796610075e-01 3.847457627118643919e-01
1.949152542372881158e-01 3.847457627118643919e-01
1.915254237288135375e-01 3.813559322033898136e-01
1.779661016949152796e-01 3.813559322033898136e-01
1.745762711864407013e-01 3.779661016949152352e-01
1.406779661016949179e-01 3.779661016949152352e-01
1.372881355932203395e-01 3.745762711864406569e-01
1.305084745762711829e-01 3.745762711864406569e-01
1.271186440677966045e-01 3.779661016949152352e-01
7.966101694915256326e-02 3.779661016949152352e-01
7.627118644067798492e-02 3.813559322033898136e-01
4.915254237288135819e-02 3.813559322033898136e-01
3.898305084745762317e-02 3.881355932203389703e-01
3.220338983050846648e-02 3.881355932203389703e-01
2.542372881355930980e-02 3.949152542372881269e-01
1.525423728813557478e-02 3.983050847457627053e-01
0.000000000000000000e+00 4.135593220338983356e-01
0.000000000000000000e+00 4.237288135593220151e-01
1.694915254237289171e-02 4.406779661016949068e-01
2.203389830508473146e-02 4.525423728813559032e-01
3.220338983050846648e-02 4.525423728813559032e-01
3.898305084745762317e-02 4.627118644067796382e-01
4.915254237288135819e-02 4.627118644067796382e-01
7.627118644067798492e-02 4.762711864406779516e-01
7.966101694915256326e-02 4.728813559322033733e-01
8.644067796610171994e-02 4.728813559322033733e-01
8.983050847457629828e-02 4.762711864406779516e-01
1.033898305084745561e-01 4.762711864406779516e-01
1.135593220338982912e-01 4.830508474576271083e-01
1.271186440677966045e-01 4.830508474576271083e-01
1.338983050847457612e-01 4.898305084745762650e-01
1.440677966101694962e-01 4.898305084745762650e-01
1.474576271186440746e-01 4.932203389830508433e-01
1.644067796610169663e-01 4.932203389830508433e-01
1.677966101694915446e-01 4.966101694915254217e-01
1.813559322033898580e-01 4.966101694915254217e-01
1.847457627118643808e-01 5.000000000000000000e-01
1.915254237288135375e-01 5.000000000000000000e-01
1.949152542372881158e-01 5.033898305084745228e-01
2.016949152542372725e-01 5.033898305084745228e-01
2.050847457627118509e-01 5.067796610169491567e-01
2.186440677966101642e-01 5.067796610169491567e-01
2.220338983050847426e-01 5.101694915254236795e-01
2.423728813559322126e-01 5.101694915254236795e-01
2.457627118644067910e-01 5.135593220338983134e-01
2.627118644067796271e-01 5.135593220338983134e-01
2.661016949152542610e-01 5.169491525423728362e-01
2.762711864406779405e-01 5.169491525423728362e-01
2.881355932203389925e-01 5.288135593220338881e-01
2.915254237288135708e-01 5.355932203389830448e-01
2.915254237288135708e-01 5.423728813559322015e-01
3.135593220338983023e-01 5.644067796610169330e-01
3.169491525423728806e-01 5.644067796610169330e-01
3.237288135593220373e-01 5.711864406779660897e-01
3.305084745762711940e-01 5.711864406779660897e-01
3.406779661016949290e-01 5.779661016949152463e-01
3.677966101694915002e-01 5.779661016949152463e-01
3.711864406779661341e-01 5.813559322033898802e-01
3.779661016949152352e-01 5.813559322033898802e-01
3.813559322033898136e-01 5.779661016949152463e-01
3.915254237288135486e-01 5.779661016949152463e-01
3.983050847457627053e-01 5.711864406779660897e-01
4.016949152542372836e-01 5.711864406779660897e-01
4.067796610169491789e-01 5.661016949152541944e-01
4.067796610169491789e-01 5.627118644067796716e-01
4.203389830508474923e-01 5.491525423728813582e-01
4.203389830508474923e-01 5.457627118644068354e-01
4.254237288135593320e-01 5.406779661016949401e-01
4.322033898305084887e-01 5.406779661016949401e-01
4.372881355932203284e-01 5.559322033898305149e-01
4.440677966101694851e-01 5.627118644067796716e-01
4.474576271186440635e-01 5.728813559322033511e-01
4.559322033898305371e-01 5.813559322033898802e-01
4.593220338983050599e-01 5.813559322033898802e-01
4.694915254237287949e-01 5.915254237288135597e-01
4.898305084745762650e-01 6.016949152542372392e-01
5.067796610169491567e-01 6.016949152542372392e-01
5.101694915254236795e-01 6.050847457627118731e-01
5.271186440677966267e-01 6.050847457627118731e-01
5.305084745762711496e-01 6.084745762711863959e-01
5.440677966101694629e-01 6.084745762711863959e-01
5.474576271186440968e-01 6.118644067796610297e-01
5.644067796610169330e-01 6.118644067796610297e-01
5.677966101694915668e-01 6.152542372881355526e-01
6.016949152542372392e-01 6.152542372881355526e-01
6.050847457627118731e-01 6.186440677966101864e-01
6.186440677966101864e-01 6.186440677966101864e-01
6.220338983050847093e-01 6.220338983050847093e-01
6.796610169491525966e-01 6.220338983050847093e-01
6.830508474576271194e-01 6.254237288135593431e-01
7.169491525423729028e-01 6.254237288135593431e-01
7.203389830508474256e-01 6.288135593220338659e-01
7.271186440677965823e-01 6.288135593220338659e-01
7.305084745762712162e-01 6.254237288135593431e-01
7.372881355932203729e-01 6.254237288135593431e-01
7.406779661016948957e-01 6.288135593220338659e-01
7.474576271186440524e-01 6.288135593220338659e-01
7.508474576271186862e-01 6.254237288135593431e-01
7.576271186440677319e-01 6.254237288135593431e-01
7.661016949152542610e-01 6.169491525423729250e-01
7.661016949152542610e-01 6.101694915254237683e-01
7.610169491525423657e-01 6.084745762711863959e-01
7.542372881355932090e-01 6.016949152542372392e-01
7.474576271186440524e-01 6.016949152542372392e-01
7.338983050847457390e-01 5.915254237288135597e-01
7.271186440677965823e-01 5.915254237288135597e-01
7.254237288135593209e-01 5.864406779661016644e-01
7.406779661016948957e-01 5.847457627118644030e-01
7.440677966101695295e-01 5.881355932203389258e-01
7.610169491525423657e-01 5.881355932203389258e-01
7.644067796610169996e-01 5.915254237288135597e-01
7.779661016949153129e-01 5.915254237288135597e-01
7.813559322033898358e-01 5.949152542372881936e-01
7.915254237288136263e-01 5.949152542372881936e-01
8.084745762711864625e-01 6.050847457627118731e-01
8.152542372881356192e-01 6.050847457627118731e-01
8.220338983050847759e-01 6.118644067796610297e-01
8.423728813559321349e-01 6.220338983050847093e-01
8.491525423728814026e-01 6.220338983050847093e-01
8.559322033898304483e-01 6.288135593220338659e-01
8.728813559322033955e-01 6.288135593220338659e-01
8.762711864406780293e-01 6.322033898305084998e-01
8.932203389830508655e-01 6.322033898305084998e-01
8.966101694915253884e-01 6.355932203389830226e-01
9.135593220338982245e-01 6.355932203389830226e-01
9.169491525423728584e-01 6.389830508474576565e-01
9.305084745762711718e-01 6.389830508474576565e-01
9.338983050847458056e-01 6.423728813559321793e-01
9.406779661016948513e-01 6.423728813559321793e-01
9.440677966101694851e-01 6.389830508474576565e-01
9.576271186440677985e-01 6.389830508474576565e-01
9.644067796610169552e-01 6.322033898305084998e-01
9.745762711864407457e-01 6.288135593220338659e-01
9.796610169491525300e-01 6.237288135593220817e-01
9.796610169491525300e-01 6.203389830508474478e-01
9.966101694915254772e-01 6.033898305084746116e-01
9.966101694915254772e-01 5.796610169491525077e-01
1.000000000000000000e+00 5.762711864406779849e-01
1.000000000000000000e+00 5.627118644067796716e-01
9.898305084745762095e-01 5.457627118644068354e-01
9.898305084745762095e-01 5.389830508474576787e-01
9.779661016949152685e-01 5.237288135593219929e-01
9.711864406779661119e-01 5.203389830508474700e-01
9.644067796610169552e-01 5.203389830508474700e-01
9.576271186440677985e-01 5.135593220338983134e-01
9.474576271186441190e-01 5.135593220338983134e-01
9.372881355932203284e-01 5.067796610169491567e-01
9.271186440677965379e-01 5.067796610169491567e-01
9.237288135593220151e-01 5.033898305084745228e-01
9.067796610169491789e-01 5.033898305084745228e-01
9.033898305084746561e-01 5.000000000000000000e-01
8.932203389830508655e-01 5.000000000000000000e-01
8.898305084745763427e-01 5.033898305084745228e-01
8.864406779661017088e-01 5.033898305084745228e-01
8.830508474576270750e-01 5.000000000000000000e-01
8.728813559322033955e-01 5.000000000000000000e-01
8.694915254237287616e-01 5.033898305084745228e-01
8.661016949152542388e-01 5.033898305084745228e-01
8.627118644067797160e-01 5.000000000000000000e-01
8.355932203389830892e-01 5.000000000000000000e-01
8.322033898305084554e-01 5.033898305084745228e-01
8.288135593220338215e-01 5.033898305084745228e-01
8.254237288135592987e-01 5.000000000000000000e-01
8.152542372881356192e-01 5.000000000000000000e-01
8.118644067796609853e-01 5.033898305084745228e-01
8.084745762711864625e-01 5.033898305084745228e-01
8.050847457627119397e-01 5.000000000000000000e-01
7.508474576271186862e-01 5.000000000000000000e-01
7.457627118644067910e-01 4.949152542372881602e-01
7.576271186440677319e-01 4.932203389830508433e-01
7.610169491525423657e-01 4.898305084745762650e-01
7.711864406779660452e-01 4.898305084745762650e-01
7.728813559322034177e-01 4.813559322033898469e-01
7.677966101694915224e-01 4.762711864406779516e-01
7.644067796610169996e-01 4.762711864406779516e-01
7.610169491525423657e-01 4.728813559322033733e-01
7.542372881355932090e-01 4.728813559322033733e-01
7.508474576271186862e-01 4.694915254237287949e-01
7.474576271186440524e-01 4.694915254237287949e-01
7.440677966101695295e-01 4.661016949152542166e-01
7.338983050847457390e-01 4.661016949152542166e-01
7.305084745762712162e-01 4.627118644067796382e-01
7.237288135593220595e-01 4.627118644067796382e-01
7.203389830508474256e-01 4.593220338983050599e-01
7.169491525423729028e-01 4.593220338983050599e-01
7.135593220338982690e-01 4.559322033898305371e-01
7.033898305084745894e-01 4.559322033898305371e-01
6.966101694915254328e-01 4.491525423728813804e-01
6.796610169491525966e-01 4.491525423728813804e-01
6.762711864406779627e-01 4.457627118644068021e-01
6.593220338983050155e-01 4.457627118644068021e-01
6.559322033898304927e-01 4.423728813559322237e-01
6.525423728813559698e-01 4.423728813559322237e-01
6.491525423728813360e-01 4.389830508474576454e-01
6.389830508474576565e-01 4.389830508474576454e-01
6.355932203389830226e-01 4.355932203389830670e-01
6.254237288135593431e-01 4.355932203389830670e-01
6.186440677966101864e-01 4.288135593220339103e-01
6.016949152542372392e-01 4.288135593220339103e-01
5.983050847457627164e-01 4.254237288135593320e-01
5.847457627118644030e-01 4.254237288135593320e-01
5.813559322033898802e-01 4.220338983050847537e-01
5.779661016949152463e-01 4.220338983050847537e-01
5.745762711864407235e-01 4.186440677966101753e-01
5.338983050847457834e-01 4.186440677966101753e-01
5.305084745762711496e-01 4.220338983050847537e-01
5.203389830508474700e-01 4.220338983050847537e-01
5.169491525423728362e-01 4.254237288135593320e-01
5.101694915254236795e-01 4.254237288135593320e-01
5.033898305084745228e-01 4.322033898305084887e-01
4.966101694915254217e-01 4.322033898305084887e-01
4.932203389830508433e-01 4.355932203389830670e-01
4.898305084745762650e-01 4.355932203389830670e-01
4.864406779661016866e-01 4.389830508474576454e-01
4.830508474576271083e-01 4.389830508474576454e-01
4.796610169491525300e-01 4.355932203389830670e-01
4.627118644067796382e-01 4.355932203389830670e-01
4.593220338983050599e-01 4.322033898305084887e-01
4.457627118644068021e-01 4.322033898305084887e-01
4.423728813559322237e-01 4.288135593220339103e-01
4.288135593220339103e-01 4.288135593220339103e-01
4.220338983050847537e-01 4.220338983050847537e-01
4.050847457627118620e-01 4.220338983050847537e-01
4.016949152542372836e-01 4.186440677966101753e-01
3.881355932203389703e-01 4.186440677966101753e-01
3.847457627118643919e-01 4.152542372881355970e-01
3.711864406779661341e-01 4.152542372881355970e-01
3.677966101694915002e-01 4.118644067796610186e-01
3.508474576271186640e-01 4.118644067796610186e-01
3.474576271186440302e-01 4.084745762711864403e-01
3.338983050847457723e-01 4.084745762711864403e-01
3.322033898305084554e-01 4.033898305084745450e-01
3.474576271186440302e-01 4.016949152542372836e-01
3.508474576271186640e-01 3.983050847457627053e-01
3.576271186440678207e-01 3.983050847457627053e-01
3.661016949152542388e-01 3.898305084745762872e-01
3.644067796610169774e-01 3.813559322033898136e-01
3.542372881355931868e-01 3.813559322033898136e-01
3.508474576271186640e-01 3.779661016949152352e-01
3.406779661016949290e-01 3.779661016949152352e-01
3.372881355932203506e-01 3.745762711864406569e-01
3.338983050847457723e-01 3.745762711864406569e-01
3.305084745762711940e-01 3.711864406779661341e-01
3.135593220338983023e-01 3.711864406779661341e-01
3.101694915254237239e-01 3.677966101694915002e-01
2.966101694915254106e-01 3.677966101694915002e-01
2.898305084745762539e-01 3.610169491525423435e-01
2.762711864406779405e-01 3.610169491525423435e-01
