2.892352607399559794e-01 3.393711468949536236e-01
2.650552398429982803e-01 3.393711468949536236e-01
2.584827223704171950e-01 3.443815262250443654e-01
2.564876074386435167e-01 3.579827879795831058e-01
2.530057093402174884e-01 3.640277932038225028e-01
2.513122982785164217e-01 3.730953010401816261e-01
2.469202241702799783e-01 3.752945100303433645e-01
2.242514545793821146e-01 3.751064277782459322e-01
2.166951980490828267e-01 3.711074243222106661e-01
1.698464075612272639e-01 3.705726738600663150e-01
1.622901510309279760e-01 3.665736704040311045e-01
1.486888892763892911e-01 3.662270021939842413e-01
1.411326327460900032e-01 3.634415319212993545e-01
1.199751144612519749e-01 3.704925904575230300e-01
1.109076066248928516e-01 3.666544919024503635e-01
1.033513500945935637e-01 3.705726738600663150e-01
7.917132919763586463e-02 3.711074243222106661e-01
7.161507266733657673e-02 3.751064277782459322e-01
6.708131874915695958e-02 3.752945100303433645e-01
5.952506221885767168e-02 3.725090397576584778e-01
4.592380046431898677e-02 3.791268129491883743e-01
3.685629262795986349e-02 3.806920375161789716e-01
2.627753348554084933e-02 3.861690505463787337e-01
1.269001037923900288e-02 4.002978245492591070e-01
1.117804845344277931e-02 4.048315784674386686e-01
3.622502542879879606e-03 4.138990863037977919e-01
1.110223024625156540e-16 4.229665941401569706e-01
5.732332540227036421e-03 4.365678558946956556e-01
4.533753918179672660e-03 4.411016098128752727e-01
8.142517812822547274e-03 4.461628759793964671e-01
2.023252826130139681e-02 4.496130912253066825e-01
3.232253870978024635e-02 4.607341381434164607e-01
4.139004654613942513e-02 4.652411507641349142e-01
5.196880568855843929e-02 4.677481068980249845e-01
6.708131874915695958e-02 4.824329073248330157e-01
7.903254081238547668e-02 4.864391489946709446e-01
8.085574471584838774e-02 4.909729029128505062e-01
8.370508311581542626e-02 4.928559700164330537e-01
9.277259095217454954e-02 4.889617761747862557e-01
1.003288474824738374e-01 4.894751449220233752e-01
1.109076066248928516e-01 4.974945335490011389e-01
1.260201196854914274e-01 4.980292840111454344e-01
1.381101301339702769e-01 5.065620413853603177e-01
1.486888892763892911e-01 5.070967918475045577e-01
1.562451458066885790e-01 5.110957953035398793e-01
1.713576588672871548e-01 5.116305457656841194e-01
1.834476693157660043e-01 5.201633031398990026e-01
2.046051876006039771e-01 5.212114223492804177e-01
2.091389415187835388e-01 5.241799517004693820e-01
2.212289519672624438e-01 5.246970570580785642e-01
2.302964598036215671e-01 5.207781370045866387e-01
2.378527163339208550e-01 5.246970570580785642e-01
2.529652293945194308e-01 5.252639146908277823e-01
2.590102346187588278e-01 5.320878281512436692e-01
2.635439885369383894e-01 5.311643708369424566e-01
2.785148217875939025e-01 5.363104420946462891e-01
2.796911274916856760e-01 5.574679603794842064e-01
2.831767622004838780e-01 5.635129656037236590e-01
2.868250754673605796e-01 5.771142273582623439e-01
2.856264968453130493e-01 5.816479812764419055e-01
2.884119671179979916e-01 5.892042378067412489e-01
2.887586353280447993e-01 6.028054995612799338e-01
3.003700463063027071e-01 6.164067613158186187e-01
3.043477738005545552e-01 6.237933875974785991e-01
3.134152816369136785e-01 6.284562918185995217e-01
3.209715381672130219e-01 6.295081476383529440e-01
3.330615486156918159e-01 6.380409050125678272e-01
3.406178051459911593e-01 6.375237996549586450e-01
3.466628103702305563e-01 6.340419015565325056e-01
3.511965642884101735e-01 6.338538193044350733e-01
3.587528208187094059e-01 6.366392895771200156e-01
3.768878364914277079e-01 6.309069570368930346e-01
3.814215904096072696e-01 6.321055356589404539e-01
3.874528569856098281e-01 6.269855204582377439e-01
3.980323267477651750e-01 6.043167508673398247e-01
4.106119906366557659e-01 5.892042378067412489e-01
4.109586588467025181e-01 5.620017142976637681e-01
4.131578678368642565e-01 5.576096401894273802e-01
4.343153861217022849e-01 5.569680849474798467e-01
4.448941452641212990e-01 5.619886862691633178e-01
4.635851873607672591e-01 5.801367299703821256e-01
4.652283699270013395e-01 5.876929865006813580e-01
4.624591275494660536e-01 5.952492430309807014e-01
4.736209481077590655e-01 6.088505047855193864e-01
4.752888016339577582e-01 6.133842587036989480e-01
4.825366395303673506e-01 6.179180126218785096e-01
4.856979305277374093e-01 6.237933875974785991e-01
5.083667001186352730e-01 6.346805653737873643e-01
5.144117053428747255e-01 6.425418136642665479e-01
5.249904644852937396e-01 6.431094093928917399e-01
5.310354697095331922e-01 6.457067974134791388e-01
5.355692236277127538e-01 6.445082187914317196e-01
5.431254801580119862e-01 6.472971891314750481e-01
5.567267419125506711e-01 6.471084128489270615e-01
5.627717471367901236e-01 6.445082187914317196e-01
5.703280036670894670e-01 6.470275913505076915e-01
5.778842601973886994e-01 6.431094093928917399e-01
5.824180141155682611e-01 6.429213271407941965e-01
5.899742706458676045e-01 6.457067974134791388e-01
5.975305271761668369e-01 6.429213271407941965e-01
6.111317889307055218e-01 6.431094093928917399e-01
6.186880454610048652e-01 6.471084128489270615e-01
6.338005585216034410e-01 6.471084128489270615e-01
6.398455637458428935e-01 6.445082187914317196e-01
6.458905689700822350e-01 6.471084128489270615e-01
6.534468255003815784e-01 6.465913074913177683e-01
6.579805794185611401e-01 6.436227781401288039e-01
6.685593385609801542e-01 6.411142944611181171e-01
6.735697178910708960e-01 6.345417769885369763e-01
6.735697178910708960e-01 6.239630178461179622e-01
6.640255846428005926e-01 6.128567464553572597e-01
6.489130715822020168e-01 6.058410302019001659e-01
6.261135206282797405e-01 5.831592325825017964e-01
6.271041518723382557e-01 5.801367299703821256e-01
6.413568150519026734e-01 5.794487722862802226e-01
6.504243228882617966e-01 5.836358579944129765e-01
6.655368359488604835e-01 5.836358579944129765e-01
6.715818411730998250e-01 5.810356639369177456e-01
6.791380977033991684e-01 5.838246342769609631e-01
6.927393594579378533e-01 5.841706084565572166e-01
7.002956159882371967e-01 5.881696119125925382e-01
7.214531342730751140e-01 5.892177311219739533e-01
7.274981394973145665e-01 5.927033658307720998e-01
7.426106525579131423e-01 5.932381162929163398e-01
7.516781603942723766e-01 5.971562982505324024e-01
7.592344169245716090e-01 5.932381162929163398e-01
7.713244273730504030e-01 5.937514850401535149e-01
7.758581812912299647e-01 5.967200143913424792e-01
7.849256891275890879e-01 5.982852389583330766e-01
7.985269508821278839e-01 6.057875222277016025e-01
8.060832074124271163e-01 6.068393780474551358e-01
8.166619665548461304e-01 6.148817713615218894e-01
8.347969822275644880e-01 6.230380278225813306e-01
8.408419874518038295e-01 6.204406398019938207e-01
8.483982439821031729e-01 6.210793036192486793e-01
8.544432492063425144e-01 6.289405519097277519e-01
8.650220083487616396e-01 6.295081476383529440e-01
8.816457727154199953e-01 6.380409050125678272e-01
8.967582857760185711e-01 6.386077626453170453e-01
8.996420000028879649e-01 6.405867822127764288e-01
9.014616699428374957e-01 6.451205361309559905e-01
9.043145423063179145e-01 6.470755675824461095e-01
9.194270553669163792e-01 6.476431633110713015e-01
9.269833118972157227e-01 6.516421667671066231e-01
9.420958249578142985e-01 6.521769172292508632e-01
9.526745841002333126e-01 6.601925692458564532e-01
9.556970867123530944e-01 6.606288531050463764e-01
9.662758458547719975e-01 6.556855566251380552e-01
9.812187286667313213e-01 6.451205361309559905e-01
9.818649843272817535e-01 6.375642796006566471e-01
9.783793496184836069e-01 6.315192743764173056e-01
9.773312304091021918e-01 6.103617560915792772e-01
9.733322269530668702e-01 6.028054995612799338e-01
9.739708907703217289e-01 5.952492430309807014e-01
9.812187286667313213e-01 5.907154891128011398e-01
9.830383986066808522e-01 5.499117038491849740e-01
9.904558667517298076e-01 5.459054621793471007e-01
1.000000000000000000e+00 5.347991907885863982e-01
1.000000000000000000e+00 5.242204316461673841e-01
9.874333641396100258e-01 5.116537957857774099e-01
9.662758458547719975e-01 5.106056765763959948e-01
9.587195893244726541e-01 5.072008633660171073e-01
9.511633327941734217e-01 5.111190453236330589e-01
9.224495579790361610e-01 5.116537957857774099e-01
9.133820501426770377e-01 5.155727158392693354e-01
9.058257936123776943e-01 5.116537957857774099e-01
8.982695370820784619e-01 5.121709011433865921e-01
8.907132805517792296e-01 5.155727158392693354e-01
8.831570240214798861e-01 5.116537957857774099e-01
8.756007674911805427e-01 5.121709011433865921e-01
8.695557622669412012e-01 5.156527992418126205e-01
8.619995057366418578e-01 5.151394304945755565e-01
8.574657518184622962e-01 5.121709011433865921e-01
8.453757413699833911e-01 5.116537957857774099e-01
8.363082335336242679e-01 5.155727158392693354e-01
8.287519770033250355e-01 5.116537957857774099e-01
8.075944587184870072e-01 5.106056765763959948e-01
8.015494534942475546e-01 5.071200418675978483e-01
7.864369404336490899e-01 5.065852914054534972e-01
7.788806839033497464e-01 5.025862879494181756e-01
7.577231656185117181e-01 5.015381687400368715e-01
7.516781603942723766e-01 4.980525340312386695e-01
7.305206421094343483e-01 4.970044148218572544e-01
7.244756368851948958e-01 4.935187801130590524e-01
7.033181186003568675e-01 4.924706609036776928e-01
6.791380977033991684e-01 4.799175183585203674e-01
6.579805794185611401e-01 4.788693991491389523e-01
6.519355741943216875e-01 4.753837644403408058e-01
6.322893072155435501e-01 4.748169068075915877e-01
6.294084844133669421e-01 4.728378872401322597e-01
6.290709016563420519e-01 4.667928820158928072e-01
6.353118098276633319e-01 4.652411507641349142e-01
6.504243228882617966e-01 4.572254987475292687e-01
6.655368359488604835e-01 4.566907482853849731e-01
6.730526125334617138e-01 4.501691176492343960e-01
6.721093534214415133e-01 4.441241124249949435e-01
6.619583069128129882e-01 4.335453532825759293e-01
6.593222004759816679e-01 4.275003480583365323e-01
6.564693281125013602e-01 4.255453166068464133e-01
6.458905689700822350e-01 4.249777208782212212e-01
6.307780559094837702e-01 4.124015736459748505e-01
6.201992967670647561e-01 4.073774556676472147e-01
6.096205376246457419e-01 4.068427052055029192e-01
5.975305271761668369e-01 3.983099478312880914e-01
5.914855219519274954e-01 3.977751973691437959e-01
5.793955115034485903e-01 3.892424399949289127e-01
5.582379932186105620e-01 3.881943207855475531e-01
5.521929879943711095e-01 3.847086860767493510e-01
5.446367314640718771e-01 3.852257914343585887e-01
5.385917262398324246e-01 3.887076895327846726e-01
5.234792131792338488e-01 3.892424399949289127e-01
5.129004540368148346e-01 3.942665579732565484e-01
5.023216948943958204e-01 4.023089512873233575e-01
4.932541870580366972e-01 4.043040662190969803e-01
4.851704182793957765e-01 4.123878349977379565e-01
4.826884559441182443e-01 4.184328402219773535e-01
4.766304226913782860e-01 4.244643521309841017e-01
4.736079200792585597e-01 4.248976374756778807e-01
4.660516635489592718e-01 4.209787174221859551e-01
4.554729044065403132e-01 4.204439669600416596e-01
4.479166478762409698e-01 4.164449635040063935e-01
4.267591295914029970e-01 4.153968442946249784e-01
4.222253756732234353e-01 4.124283149434360141e-01
4.131578678368642565e-01 4.108630903764454168e-01
4.086241139186846949e-01 4.078945610252564524e-01
3.995566060823255716e-01 4.063293364582658551e-01
3.935116008580861191e-01 4.028437017494676531e-01
3.783990877974875433e-01 4.023089512873233575e-01
3.708428312671883109e-01 3.983099478312880914e-01
3.496853129823502826e-01 3.972618286219066763e-01
3.406178051459911593e-01 3.896728026117566301e-01
3.224827894732728573e-01 3.881935570129871893e-01
3.134396566579792376e-01 3.821628088765408049e-01
3.145627131841073343e-01 3.806515575704809695e-01
3.224827894732728573e-01 3.806658146582739821e-01
3.270165433914524189e-01 3.837203229776841029e-01
3.451515590641707210e-01 3.851995685764535438e-01
3.511965642884101735e-01 3.886918867847525272e-01
3.889778469399065575e-01 3.886844395126913820e-01
3.950228521641460100e-01 3.860842454551961511e-01
4.010678573883854070e-01 3.886844395126913820e-01
4.086241139186846949e-01 3.881673341550821998e-01
4.176916217550438737e-01 3.836603215343638018e-01
4.236961470335852686e-01 3.776290549583612433e-01
4.241084427768059273e-01 3.746065523462415170e-01
4.222253756732234353e-01 3.717572139462744785e-01
4.131578678368642565e-01 3.679752858394788606e-01
4.086241139186846949e-01 3.691738644615263354e-01
3.980453547762656807e-01 3.620399164858514318e-01
3.859553443277868867e-01 3.646243397720040358e-01
3.753765851853678726e-01 3.575061625676718702e-01
3.542190669005298442e-01 3.564580433582905661e-01
3.481740616762903917e-01 3.529724086494923085e-01
3.270165433914524189e-01 3.519242894401110044e-01
3.209715381672130219e-01 3.484386547313127469e-01
2.998140198823749936e-01 3.473905355219314428e-01
