4.475403844460432712e-01 0.000000000000000000e+00
4.444643923125149443e-01 5.670724640759461366e-04
4.352364159119299636e-01 6.054799418724721161e-03
4.284971967830179529e-01 1.268216428823565334e-02
4.272943050753609806e-01 1.575815642176398024e-02
4.259274923499364318e-01 2.498613282234890542e-02
4.195791116912653829e-01 3.729010135646215751e-02
4.167529988952821673e-01 4.959406989057540960e-02
4.102165156115344935e-01 5.882204629116039030e-02
4.072751431571521308e-01 6.497403055821698858e-02
4.035536969365883797e-01 8.342998335938689447e-02
4.041103050369411198e-01 8.958196762644349276e-02
4.110066745978258052e-01 1.080379204276133986e-01
4.143533130678979104e-01 1.234178810952549776e-01
4.127816733371733049e-01 1.357218496293682297e-01
4.148165604408919904e-01 1.449498260299531549e-01
4.157156966030002843e-01 1.634057788311230608e-01
4.178925525744203173e-01 1.726337552317079860e-01
4.187916887365286112e-01 2.095456608340477422e-01
4.209685447079486442e-01 2.187736372346327229e-01
4.218676808700569381e-01 2.372295900358025733e-01
4.240445368414769711e-01 2.464575664363874985e-01
4.249598058294603575e-01 2.587615349705008061e-01
4.286866740413998733e-01 2.710655035046140027e-01
4.281675493743024585e-01 2.741414956381423851e-01
4.260084395113450384e-01 2.768798788789662568e-01
4.106284788437034594e-01 2.829408501840553480e-01
3.952485181760618804e-01 2.916850778912318254e-01
3.860205417754769552e-01 2.955924934114319558e-01
3.737165732413637032e-01 3.050363289091064800e-01
3.612337679553011549e-01 3.110534012404820858e-01
3.584288923377280112e-01 3.141293933740104682e-01
3.533743988488793342e-01 3.233573697745953934e-01
3.480349408057735738e-01 3.295093540416519917e-01
3.450625234436499600e-01 3.356613383087085900e-01
3.440984974707994581e-01 3.448893147092935707e-01
3.418918853983207717e-01 3.541172911098785514e-01
3.418918853983207717e-01 3.633452675104634766e-01
3.440687413697408048e-01 3.725732439110484018e-01
3.449678775318490986e-01 3.848772124451616539e-01
3.487861531268802162e-01 4.002571731128032329e-01
3.517726650744965600e-01 4.064091573798598311e-01
3.706405811078353763e-01 4.300440765282967370e-01
3.890965339090052821e-01 4.381391993111019012e-01
3.952485181760618804e-01 4.386611644515559516e-01
4.106284788437034594e-01 4.381391993111019012e-01
4.137044709772317863e-01 4.370866860687091515e-01
4.229324473778167670e-01 4.308821825124053428e-01
4.352364159119299636e-01 4.252770734131987584e-01
4.444643923125149443e-01 4.175813929591843388e-01
4.475403844460432712e-01 4.158843117197461581e-01
4.506163765795715426e-01 4.153039012993126056e-01
4.536923687130998695e-01 4.161707242525874428e-01
4.564005791784889188e-01 4.187131259139731387e-01
4.577204536498631349e-01 4.217891180475014101e-01
4.581686259223388680e-01 4.279411023145580639e-01
4.567408966311502505e-01 4.340930865816146622e-01
4.548241016678885584e-01 4.371690787151429891e-01
4.444643923125149443e-01 4.476688595555521899e-01
4.198564552442884401e-01 4.668932067809726805e-01
4.071405234780062221e-01 4.833089607180677261e-01
3.984594222452713108e-01 5.017649135192375764e-01
3.924153675267595398e-01 5.109928899198225016e-01
3.917012046672349035e-01 5.140688820533508840e-01
3.931426466384925211e-01 5.263728505874640806e-01
3.912497284024751276e-01 5.356008269880490058e-01
3.912497284024751276e-01 5.386768191215773882e-01
3.933143716072524665e-01 5.479047955221623134e-01
3.949260351298048977e-01 5.602087640562755100e-01
3.986966061321944310e-01 5.694367404568605462e-01
4.010780193968615515e-01 5.817407089909737428e-01
4.171525589333643369e-01 6.155766224597851721e-01
4.194414404326218815e-01 6.278805909938984797e-01
4.233962874614440319e-01 6.401845595280116763e-01
4.250383189153861263e-01 6.524885280621249839e-01
4.260908321577788760e-01 6.555645201956532553e-01
4.321329595629237463e-01 6.647924965962381805e-01
4.348214011002634605e-01 6.770964651303514881e-01
4.381798221776337932e-01 6.863244415309364133e-01
4.414666033688220970e-01 6.924764257979930671e-01
4.441366226589422705e-01 7.017044021985779922e-01
4.468365557375240660e-01 7.078563864656346460e-01
4.506163765795715426e-01 7.134590864231326046e-01
4.629203451136847947e-01 7.243100425006399057e-01
4.659963372472131216e-01 7.262299466203707698e-01
4.721483215142697754e-01 7.271179562541572050e-01
4.752243136477980467e-01 7.261725214425531760e-01
4.783003057813263736e-01 7.240838143537380311e-01
4.811291199755532988e-01 7.201603549997478426e-01
4.827902620407507617e-01 7.078563864656346460e-01
4.875012997947751336e-01 6.986284100650497209e-01
4.883693737809229884e-01 6.955524179315213384e-01
4.877047735338350676e-01 6.832484493974081419e-01
4.913492411602785048e-01 6.709444808632948343e-01
4.925681769853077485e-01 6.524885280621249839e-01
4.946338240103617112e-01 6.463365437950683301e-01
4.967562585824962795e-01 6.430633726786215698e-01
4.998322507160246064e-01 6.421326878792462667e-01
5.029082428495529333e-01 6.443024199648319517e-01
5.064059435820327248e-01 6.524885280621249839e-01
5.101723165802697357e-01 6.678684887297665629e-01
5.110714527423780851e-01 6.832484493974081419e-01
5.132483087137981181e-01 6.924764257979930671e-01
5.141474448759063565e-01 7.109323785991629174e-01
5.179657204709374740e-01 7.263123392668044964e-01
5.248122836068553898e-01 7.416922999344460754e-01
5.264514134100196641e-01 7.570722606020876544e-01
5.289623553238412823e-01 7.693762291362009620e-01
5.289623553238412823e-01 8.001361504714841200e-01
5.275918190686038622e-01 8.093641268720690451e-01
5.274909668675046293e-01 8.185921032726539703e-01
5.240251729725845520e-01 8.308960718067671669e-01
5.230399227085403835e-01 8.370480560738238207e-01
5.225060412154416412e-01 8.524280167414653997e-01
5.207153535600566041e-01 8.616559931420503249e-01
5.211877042987990150e-01 8.708839695426352501e-01
5.185151209696678976e-01 8.801119459432201753e-01
5.189851079849470139e-01 8.893399223438052115e-01
5.173654058771359754e-01 9.016438908779184080e-01
5.192583241131534244e-01 9.108718672785033332e-01
5.192583241131534244e-01 9.139478594120316046e-01
5.172234370094347389e-01 9.231758358126165298e-01
5.168879384414838407e-01 9.354798043467298374e-01
5.179657204709374740e-01 9.416317886137864912e-01
5.217423914048451294e-01 9.508597650143714164e-01
5.309305311859958687e-01 9.816196863496545744e-01
5.336681641848359803e-01 9.844713873901131951e-01
5.428961405854210165e-01 9.896578922080256913e-01
5.490481248524775593e-01 9.949973502511315626e-01
5.552001091195342131e-01 9.979697676132550654e-01
5.828840383212890996e-01 1.000000000000000000e+00
6.013399911224589500e-01 9.980644135250559268e-01
6.197959439236288004e-01 9.938412622373340444e-01
6.355604036079613994e-01 9.816196863496545744e-01
6.385711034556366128e-01 9.785436942161263030e-01
6.444299487218004829e-01 9.693157178155413778e-01
6.471016773712613412e-01 9.600877414149563416e-01
6.565222293110143381e-01 9.416317886137864912e-01
6.572287836776145031e-01 9.385557964802582198e-01
6.567330625762434204e-01 9.293278200796732946e-01
6.578030891492703258e-01 9.231758358126165298e-01
6.577726160337283856e-01 9.139478594120316046e-01
6.555957600623083525e-01 9.047198830114466794e-01
6.546966239002001142e-01 8.924159144773334829e-01
6.509844871135839206e-01 8.801119459432201753e-01
6.439325596165565990e-01 8.616559931420503249e-01
6.386736053237501709e-01 8.401240482073522031e-01
6.318337208308021369e-01 8.185921032726539703e-01
6.229624064140256712e-01 8.093641268720690451e-01
6.193321038400015910e-01 8.001361504714841200e-01
6.156078623264402694e-01 7.816801976703141586e-01
6.146925933384568275e-01 7.693762291362009620e-01
6.101958717004396515e-01 7.570722606020876544e-01
6.085872150128173175e-01 7.447682920679743468e-01
6.063798859258553442e-01 7.355403156673894216e-01
6.054807497637469949e-01 7.201603549997478426e-01
6.033038937923270728e-01 7.109323785991629174e-01
6.024047576302187235e-01 6.924764257979930671e-01
6.002279016587986904e-01 6.832484493974081419e-01
5.993287654966904521e-01 6.678684887297665629e-01
5.972938783929716555e-01 6.586405123291816377e-01
5.972938783929716555e-01 6.555645201956532553e-01
5.991867966289891045e-01 6.463365437950683301e-01
5.991867966289891045e-01 6.432605516615400587e-01
5.971519095252704190e-01 6.340325752609550225e-01
5.960907436771987200e-01 6.186526145933135545e-01
5.941260571902555743e-01 6.125006303262569007e-01
5.939246529434174526e-01 6.094246381927286293e-01
5.951880068554022962e-01 6.076559427159498039e-01
5.982639989889306786e-01 6.091765743109923692e-01
6.071160207954177102e-01 6.217286067268418259e-01
6.167199517901005290e-01 6.305021751986100709e-01
6.216592853122084872e-01 6.371085673944834049e-01
6.290239203242138366e-01 6.442365876269864344e-01
6.320999124577421080e-01 6.458523598481240580e-01
6.351759045912703794e-01 6.460420339099433029e-01
6.382518967247987618e-01 6.437439218539515728e-01
6.394481158878374538e-01 6.401845595280116763e-01
6.403104453064676349e-01 6.309565831274267511e-01
6.413553530738049790e-01 6.278805909938984797e-01
6.474524089099057411e-01 6.186526145933135545e-01
6.540468722041068439e-01 5.971206696586153218e-01
6.550321224681509014e-01 5.909686853915586680e-01
6.555957600623083525e-01 5.786647168574454714e-01
6.581081146016792838e-01 5.663607483233321638e-01
6.581081146016792838e-01 5.479047955221623134e-01
6.555957600623083525e-01 5.356008269880490058e-01
6.546966239002001142e-01 5.202208663204074268e-01
6.524900118277214833e-01 5.109928899198225016e-01
6.515259858548708705e-01 5.017649135192375764e-01
6.504734726124782318e-01 4.986889213857092495e-01
6.442689690561742566e-01 4.894609449851243244e-01
6.393836296795873952e-01 4.802329685845393992e-01
6.259479281906854542e-01 4.666925718398902134e-01
6.136439596565721466e-01 4.567156105454728832e-01
6.074919753895156038e-01 4.530244199852389575e-01
6.034208093304339604e-01 4.494730472492562412e-01
6.013679546873091919e-01 4.463970551157279143e-01
5.982900667188757460e-01 4.371690787151429891e-01
5.917399188992698011e-01 4.248651101810297370e-01
5.879239331246854938e-01 4.094851495133881580e-01
5.860409776162259776e-01 3.848772124451616539e-01
5.878119032699007374e-01 3.725732439110484018e-01
5.871135275048904312e-01 3.633452675104634766e-01
5.890360225883456424e-01 3.600983869250724556e-01
5.898315377952926264e-01 3.633452675104634766e-01
5.951880068554022962e-01 3.730004650407051092e-01
5.977886183864762337e-01 3.818012203116333270e-01
6.044159832559872214e-01 3.942799611260607295e-01
6.074919753895156038e-01 3.969097699086694409e-01
6.136439596565721466e-01 3.982309243264314236e-01
6.172175387528771040e-01 3.971811809792749060e-01
6.196977739619204950e-01 3.941051888457465791e-01
6.191368027521584327e-01 3.848772124451616539e-01
6.207187415636873373e-01 3.725732439110484018e-01
6.186838544599686518e-01 3.633452675104634766e-01
6.183497685175669556e-01 3.541172911098785514e-01
6.197203047728043757e-01 3.448893147092935707e-01
6.177847182978603024e-01 3.202813776410670665e-01
6.156078623264402694e-01 3.110534012404820858e-01
6.146925933384568275e-01 2.987494327063688893e-01
6.094727278997421616e-01 2.833694720387273103e-01
6.085567418972753773e-01 2.710655035046140027e-01
6.063798859258553442e-01 2.618375271040290775e-01
6.054807497637469949e-01 2.495335585699158254e-01
6.026826861013800940e-01 2.403055821693309002e-01
6.019105380504521374e-01 2.310776057687459750e-01
6.008273257668709233e-01 2.280016136352176481e-01
5.982639989889306786e-01 2.251596643814143262e-01
5.828840383212890996e-01 2.168322323634714333e-01
5.798080461877607172e-01 2.159283445111189748e-01
5.675040776536475207e-01 2.162450674299525866e-01
5.644280855201191383e-01 2.145523288811737039e-01
5.610747498335678651e-01 2.095456608340477422e-01
5.592462218490215076e-01 1.972416922999344902e-01
5.581937086066287579e-01 1.941657001664061633e-01
5.521515812014838875e-01 1.849377237658212381e-01
5.511066734341465434e-01 1.818617316322929112e-01
5.501433644757793839e-01 1.726337552317079860e-01
5.479360353888174107e-01 1.634057788311230608e-01
5.469422533149082000e-01 1.480258181634814818e-01
5.418627994780638168e-01 1.357218496293682297e-01
5.401426314981496724e-01 1.234178810952549776e-01
5.356489166950626490e-01 1.111139125611417255e-01
5.347167978667206611e-01 9.880994402702847346e-02
5.302139762971853632e-01 8.650597549291522137e-02
5.278386629640363648e-01 7.727799909233024067e-02
5.246433193402387785e-01 7.112601482527364238e-02
5.154192493157305766e-01 6.189803842468866169e-02
5.097640558251287368e-01 4.651807775704713821e-02
5.056958607205629397e-01 4.036609348999048441e-02
4.998322507160246064e-01 3.484740172101319367e-02
4.936802664489679526e-01 3.116659849804925830e-02
4.844522900483830274e-01 2.164897154540790236e-02
4.690723293807414485e-01 1.069675118386742563e-02
4.506163765795715426e-01 5.670724640759461366e-04
