3.098172379314997893e-01 3.347193974352538626e-01
3.058675176496216674e-01 3.342886013080684782e-01
2.861189162402310027e-01 3.342886013080684782e-01
2.782194756764747590e-01 3.355537095338679277e-01
2.663703148308403934e-01 3.400016819147966274e-01
2.624205945489622716e-01 3.427616355784318669e-01
2.580040891428622141e-01 3.479357691476921977e-01
2.505714337033279060e-01 3.615671208522228119e-01
2.466217134214497841e-01 3.644496858434757014e-01
2.426719931395716623e-01 3.654056857790761725e-01
2.071245106026685101e-01 3.655916083181772747e-01
2.031747903207903883e-01 3.651626260694221804e-01
1.913256294751560227e-01 3.623674394084007711e-01
1.834261889113997790e-01 3.619955943301986778e-01
1.794764686295216571e-01 3.623674394084007711e-01
1.676273077838872916e-01 3.651626260694221804e-01
1.636775875020091697e-01 3.655916083181772747e-01
1.399792658107403831e-01 3.655916083181772747e-01
1.281301049651060175e-01 3.638317745444311635e-01
1.241803846832278957e-01 3.638317745444311635e-01
1.123312238375935301e-01 3.655916083181772747e-01
7.678374130069043346e-02 3.663171596902788929e-01
5.703513989129976869e-02 3.712200072610221113e-01
3.728653848190915943e-02 3.801486517744850913e-01
2.148765735439667202e-02 3.864784562316862515e-01
1.358821679064042831e-02 3.908537118534571864e-01
9.638496508762306458e-03 3.938222253636292636e-01
4.310100279436124282e-03 3.992821328121077817e-01
1.844852023984877576e-03 4.032318530939859591e-01
4.933749330290893020e-04 4.071815733758640810e-01
0.000000000000000000e+00 4.111312936577422028e-01
4.933749330290893020e-04 4.229804545033765684e-01
1.773702614145333811e-03 4.269301747852546902e-01
9.028085192472001808e-03 4.387793356308890558e-01
1.207802962403997649e-02 4.427290559127671776e-01
1.753793707251855016e-02 4.481889633612457513e-01
3.333681820003103757e-02 4.586981836041537086e-01
4.123625876378728128e-02 4.623044239764613761e-01
4.518597904566540313e-02 4.651239699110161774e-01
5.308541960942164684e-02 4.748205332030269732e-01
5.703513989129976869e-02 4.785373690343226460e-01
6.493458045505601239e-02 4.827766295904986626e-01
7.678374130069043346e-02 4.867088777816164780e-01
8.468318186444667717e-02 4.879739860074158719e-01
1.083815035557154083e-01 4.882687412523321058e-01
1.162809441194716520e-01 4.896479105515291197e-01
1.281301049651060175e-01 4.944962914104976681e-01
1.478787063744966823e-01 4.994314796563963377e-01
1.597278672201310479e-01 5.005086760969085224e-01
1.873759091932779008e-01 5.072917912896212078e-01
2.031747903207903883e-01 5.084463249104778093e-01
2.150239511664248093e-01 5.112806405020307032e-01
2.229233917301810530e-01 5.123578369425428880e-01
2.347725525758154186e-01 5.160496570184254228e-01
2.426719931395716623e-01 5.174116835759460242e-01
2.466217134214497841e-01 5.187418099649903080e-01
2.500009185515010834e-01 5.217234615503296702e-01
2.517499792713076556e-01 5.256731818322077920e-01
2.531539431184021138e-01 5.375223426778421576e-01
2.583737499978576713e-01 5.572709440872327669e-01
2.584384995106753236e-01 5.612206643691108887e-01
2.568850017296633870e-01 5.730698252147452543e-01
2.572674438686993748e-01 5.770195454966233761e-01
2.585055209362234763e-01 5.809692657785016090e-01
2.697910547178241636e-01 6.007178671878922183e-01
2.727595682279961853e-01 6.046675874697703401e-01
2.782194756764747590e-01 6.101274949182489138e-01
2.821691959583528808e-01 6.130960084284209355e-01
2.900686365221091245e-01 6.174712640501919259e-01
2.979680770858653682e-01 6.208805521752216450e-01
3.177166784952560330e-01 6.258225286764963480e-01
3.295658393408903986e-01 6.268997251170085327e-01
3.414150001865248196e-01 6.291373389035933572e-01
3.453647204684029415e-01 6.287162875731411305e-01
3.572138813140373070e-01 6.258047624157587752e-01
3.611636015959154289e-01 6.243084692351097420e-01
3.651133218777935507e-01 6.216668737809908363e-01
3.690630421596716726e-01 6.173355927640867824e-01
3.753294252991898894e-01 6.086173077516484620e-01
3.864190245521553768e-01 5.967681469060140964e-01
3.893406239639566335e-01 5.928184266241359746e-01
3.931754474288792767e-01 5.849189860603797309e-01
3.966770348200436835e-01 5.730698252147452543e-01
3.992076054430622745e-01 5.691201049328671324e-01
4.046105246965747693e-01 5.635827519886654757e-01
4.085602449784528911e-01 5.606820661488548518e-01
4.125099652603310130e-01 5.586712994598986848e-01
4.164596855422091348e-01 5.578290567357591101e-01
4.204094058240872567e-01 5.598828558865392990e-01
4.287944677339760591e-01 5.809692657785016090e-01
4.362441934996168502e-01 6.086173077516484620e-01
4.387793312860298611e-01 6.125670280335265838e-01
4.520071680791122870e-01 6.258693878507953778e-01
4.559568883609904089e-01 6.284698491684569399e-01
4.717557694885028963e-01 6.362988219305739657e-01
4.757054897703810181e-01 6.375717956641857587e-01
4.836049303341372618e-01 6.388478591398694117e-01
4.875546506160153837e-01 6.401146533893375956e-01
4.954540911797716274e-01 6.441982624943302094e-01
4.994038114616498047e-01 6.454299350663406099e-01
5.112529723072841703e-01 6.466483265263991420e-01
5.389010142804310233e-01 6.534705706496432009e-01
5.507501751260653888e-01 6.545477670901553857e-01
5.625993359716997544e-01 6.574202909315213228e-01
5.744484968173341199e-01 6.584974873720335076e-01
5.862976576629684855e-01 6.613308822828680711e-01
6.218451401998716932e-01 6.624854159037247836e-01
6.336943010455060588e-01 6.652806025647461929e-01
6.376440213273841806e-01 6.657113986919315218e-01
6.534429024548966680e-01 6.652806025647461929e-01
6.652920633005310336e-01 6.624472076539116294e-01
6.731915038642872773e-01 6.612288161938530973e-01
6.771412241461653991e-01 6.598578753370851757e-01
6.810909444280435210e-01 6.573926270816339290e-01
6.864193406573697587e-01 6.520642308523078023e-01
6.888845889128208944e-01 6.481145105704296805e-01
6.900248355418154844e-01 6.441647902885515586e-01
6.900248355418154844e-01 6.402150700066734368e-01
6.888845889128208944e-01 6.362653497247953149e-01
6.864193406573697587e-01 6.323156294429171931e-01
6.731915038642872773e-01 6.189093673323116107e-01
6.613423430186529117e-01 6.102503651758864889e-01
6.518098450306585301e-01 6.007178671878922183e-01
6.415937416092623025e-01 5.870865154833615485e-01
6.356691611864451197e-01 5.809692657785016090e-01
6.347398152377677905e-01 5.770195454966233761e-01
6.376440213273841806e-01 5.757202954039003506e-01
6.494931821730185462e-01 5.751054502830978965e-01
6.731915038642872773e-01 5.755915697024059918e-01
6.850406647099216428e-01 5.784258852939588857e-01
6.968898255555560084e-01 5.795030817344710705e-01
7.087389864011903740e-01 5.823756055758370076e-01
7.205881472468247395e-01 5.834528020163491924e-01
7.324373080924591051e-01 5.863253258577151295e-01
7.442864689380934706e-01 5.882731136013397144e-01
7.916831123206310439e-01 6.040524670980024213e-01
8.035322731662654094e-01 6.091676786105986174e-01
8.232808745756560187e-01 6.159016279436367869e-01
8.351300354212903843e-01 6.210168394562329830e-01
8.548786368306811045e-01 6.281275639716153991e-01
8.627780773944373482e-01 6.329046228182849676e-01
8.706775179581935920e-01 6.368157205837455814e-01
8.825266788038279575e-01 6.407479687748633967e-01
8.983255599313404449e-01 6.428379311313581201e-01
9.022752802132185668e-01 6.440643736712157175e-01
9.101747207769748105e-01 6.481479827762083312e-01
9.299233221863654197e-01 6.534314417191118274e-01
9.496719235957560290e-01 6.538622378462971563e-01
9.575713641595122727e-01 6.524783144302466198e-01
9.654708047232685164e-01 6.490690263052169007e-01
9.733702452870247601e-01 6.446937706834459103e-01
9.773199655689028820e-01 6.417252571732738886e-01
9.826483617982291197e-01 6.362653497247953149e-01
9.851136100536802553e-01 6.323156294429171931e-01
9.864845509104482879e-01 6.283659091610390712e-01
9.878019155477332225e-01 6.204664685972828275e-01
9.891350771017624055e-01 6.165167483154047057e-01
9.957849078866831682e-01 6.046675874697703401e-01
9.974246892987908009e-01 6.007178671878922183e-01
9.988665739722828452e-01 5.928184266241359746e-01
9.991613292171991345e-01 5.691201049328671324e-01
1.000000000000000000e+00 5.572709440872327669e-01
9.988274267913173077e-01 5.493715035234765232e-01
9.975541883244261054e-01 5.454217832415984013e-01
9.937078400717831439e-01 5.375223426778421576e-01
9.884990845810044391e-01 5.296229021140859139e-01
9.817986662456753555e-01 5.177737412684515483e-01
9.788301527355033338e-01 5.138240209865734265e-01
9.733702452870247601e-01 5.083641135380948528e-01
9.694205250051466383e-01 5.053141691065269336e-01
9.575713641595122727e-01 4.980597865282002101e-01
9.536216438776341509e-01 4.967599950812718324e-01
9.417724830319997853e-01 4.955416036212133557e-01
9.299233221863654197e-01 4.927082087103788477e-01
9.259736019044872979e-01 4.922774125831935188e-01
8.943758396494623231e-01 4.922774125831935188e-01
8.785769585219498357e-01 4.953620708811279916e-01
8.746272382400717138e-01 4.953818655165732610e-01
8.667277976763154701e-01 4.941725438464093512e-01
8.627780773944373482e-01 4.941725438464093512e-01
8.509289165488029827e-01 4.959323776201553513e-01
8.351300354212903843e-01 4.959323776201553513e-01
8.193311542937778968e-01 4.928486125199327827e-01
8.153814340118997750e-01 4.928297385652058438e-01
8.074819934481435313e-01 4.940430448207739911e-01
8.035322731662654094e-01 4.940430448207739911e-01
7.956328326025091657e-01 4.926690797798474186e-01
7.837836717568748002e-01 4.915918833393352338e-01
7.719345109112403236e-01 4.887193594979692968e-01
7.600853500656059580e-01 4.876421630574571120e-01
7.482361892199715925e-01 4.847696392160911749e-01
7.403367486562153488e-01 4.836924427755789901e-01
7.284875878105809832e-01 4.808199189342130531e-01
7.166384269649466177e-01 4.797427224937008683e-01
7.047892661193122521e-01 4.768701986523349312e-01
6.929401052736778865e-01 4.757930022118227464e-01
6.810909444280435210e-01 4.729204783704568094e-01
6.692417835824091554e-01 4.709185917955264200e-01
6.574749085759805656e-01 4.664273776040359643e-01
6.530239927280307999e-01 4.624776573221578424e-01
6.540712670451954702e-01 4.585279370402796650e-01
6.635052850777766187e-01 4.545782167584015432e-01
6.771412241461653991e-01 4.500329037356053385e-01
6.929401052736778865e-01 4.480851159919806981e-01
7.047892661193122521e-01 4.452508004004278597e-01
7.245378675287028614e-01 4.440755514634074919e-01
7.324373080924591051e-01 4.414011327145495045e-01
7.366114442994440292e-01 4.387793356308890558e-01
7.399189897802475047e-01 4.348296153490109339e-01
7.413085052335028902e-01 4.308798950671328121e-01
7.413085052335028902e-01 4.269301747852546902e-01
7.398232850195712862e-01 4.229804545033765684e-01
7.363870283743372269e-01 4.193248623275958042e-01
7.166384269649466177e-01 4.105809227987919363e-01
6.613423430186529117e-01 3.919978126201195123e-01
6.494931821730185462e-01 3.870188883885345987e-01
6.455434618911404243e-01 3.860657610996695022e-01
6.336943010455060588e-01 3.849112274788127896e-01
6.297445807636279369e-01 3.839610404283709255e-01
6.178954199179935713e-01 3.789831605437669615e-01
6.020965387904810839e-01 3.742166002540351366e-01
5.902473779448466074e-01 3.731002748829914673e-01
5.783982170992122418e-01 3.702277510416255302e-01
5.586496156898216325e-01 3.669129408145285209e-01
5.468004548441872670e-01 3.691505546011133454e-01
5.270518534347966577e-01 3.698360838449716304e-01
5.191524128710404140e-01 3.711011920707710798e-01
5.073032520254060485e-01 3.754816631825146356e-01
4.994038114616498047e-01 3.815889980800211134e-01
4.859975493510442224e-01 3.953324125302296599e-01
4.796552100522591400e-01 4.034465118049575527e-01
4.757054897703810181e-01 4.061402834833689468e-01
4.717557694885028963e-01 4.068803235238563909e-01
4.559568883609904089e-01 4.045587122511793421e-01
4.520071680791122870e-01 4.032659024067607456e-01
4.401580072334779214e-01 3.961717280901287941e-01
4.379198324070803228e-01 3.953324125302296599e-01
4.380420856539002927e-01 3.913826922483515380e-01
4.441077275153560433e-01 3.887025249142199712e-01
4.513809929124730780e-01 3.834832516845952943e-01
4.535511496438464629e-01 3.795335314027171725e-01
4.533357103557440482e-01 3.755838111208390506e-01
4.508589935785662917e-01 3.716340908389609288e-01
4.480574477972341652e-01 3.693611386012763953e-01
4.441077275153560433e-01 3.671906555218480417e-01
4.243591261059653785e-01 3.593640581600116568e-01
4.125099652603310130e-01 3.563208310575809445e-01
4.006608044146966474e-01 3.514714058516315021e-01
3.967110841328185256e-01 3.505182785627664055e-01
3.848619232871841600e-01 3.494019531917227361e-01
3.730127624415497944e-01 3.465294293503567991e-01
3.651133218777935507e-01 3.454522329098446143e-01
3.532641610321591852e-01 3.425797090684786772e-01
3.414150001865248196e-01 3.415025126279664924e-01
3.295658393408903986e-01 3.386299887866005554e-01
3.216663987771341549e-01 3.375527923460883706e-01
