6.142575039536162240e-01 0.000000000000000000e+00
5.720095211925548817e-01 0.000000000000000000e+00
5.658656152027926600e-01 4.797332368623452581e-04
5.620688193664227228e-01 1.402260489666296017e-03
5.546132929968237146e-01 2.080035614175246295e-03
5.297615384314934284e-01 7.594550068065808457e-03
4.999394329530971737e-01 1.752966649192910786e-02
4.750876783877669429e-01 2.747036831806115575e-02
4.626618011051018553e-01 3.317404969371068324e-02
4.576914501920357758e-01 3.492589468766021943e-02
4.452655729093706882e-01 4.062957606330974691e-02
4.402952219963046088e-01 4.238142105725933861e-02
4.278693447136395211e-01 4.808510243290881059e-02
4.154434674309743780e-01 5.232212288339138651e-02
3.905917128656442028e-01 6.299615517210693794e-02
3.607696073872478926e-01 7.292457015627346051e-02
3.557992564741818686e-01 7.371822486260048990e-02
3.433733791915167255e-01 7.417474389020695114e-02
3.284623264523185981e-01 7.725962980120110180e-02
3.085809228000544469e-01 8.708366008372298017e-02
2.986402209739222879e-01 9.396618643997228792e-02
2.859514885948931662e-01 1.073422778677823319e-01
2.783747447511030204e-01 1.172829796939144353e-01
2.585001995375987294e-01 1.495902606288437298e-01
2.468731286516764323e-01 1.719568397376409763e-01
2.319697412263864167e-01 1.943234188464381673e-01
2.278127204627311553e-01 1.992937697595041913e-01
2.166294309083325320e-01 2.102619960532413068e-01
2.141442554517995478e-01 2.120968611739645349e-01
2.091739045387334683e-01 2.145054485619926621e-01
1.967480272560683807e-01 2.172142146530978146e-01
1.843221499734032376e-01 2.145856155122032871e-01
1.768666236038041739e-01 2.121066825640883224e-01
1.694110972342051102e-01 2.086131777215030625e-01
1.669259217776720705e-01 2.082275470472134682e-01
1.644407463211390863e-01 2.088955840233818195e-01
1.619555708646060466e-01 2.106510215958601329e-01
1.535203118631045527e-01 2.191751734117683981e-01
1.367266021674806153e-01 2.440269279770986288e-01
1.293019949890122922e-01 2.589379807162967562e-01
1.268224049347481119e-01 2.663935070858958198e-01
1.238176859739646973e-01 2.788193843685609075e-01
1.235466278013233055e-01 3.086414898469572177e-01
1.268224049347481119e-01 3.235525425861554005e-01
1.317871704455453319e-01 3.384635953253535279e-01
1.389884076871466534e-01 3.558598235210846950e-01
1.516376549066787427e-01 3.807115780864148702e-01
1.549216367599545729e-01 3.856819289994809496e-01
1.690338831024099098e-01 4.130188590213441646e-01
1.723178649556857400e-01 4.179892099344102441e-01
1.899345045460736348e-01 4.527816663258725782e-01
2.021054136910535037e-01 4.826037718042688329e-01
2.063480195438047726e-01 4.975148245434669603e-01
2.095546975522344924e-01 5.074555263695991192e-01
2.150667827046034430e-01 5.323072809349292944e-01
2.157445578291124488e-01 5.397628073045284136e-01
2.177978342946129686e-01 5.497035091306604615e-01
2.177978342946129686e-01 6.018921937178539627e-01
2.157445578291124488e-01 6.118328955439860106e-01
2.150667827046034430e-01 6.192884219135851298e-01
2.095546975522344924e-01 6.416550010223822653e-01
2.045905891475865435e-01 6.565660537615805037e-01
1.896697150182645175e-01 6.863881592399767584e-01
1.839893139747604267e-01 6.938436856095757665e-01
1.778941480714091861e-01 7.037843874357079255e-01
1.709165400588356643e-01 7.112399138053069336e-01
1.654682707887440984e-01 7.186954401749060528e-01
1.520148690384739432e-01 7.321488419251761526e-01
1.445593426688748795e-01 7.375971111952677184e-01
1.296482899296767521e-01 7.520302455774403594e-01
1.221927635600776885e-01 7.574785148475319252e-01
1.172224126470116090e-01 7.619709474035724073e-01
1.097668862774125453e-01 7.674192166736639731e-01
9.884645181937801173e-02 7.783396511316985622e-01
9.200006174167213446e-02 7.882803529578306101e-01
8.988548262514839404e-02 7.927039652704594985e-01
8.952688348209159042e-02 7.957358793274297293e-01
8.988548262514839404e-02 8.037381442974660395e-01
9.203782208303856738e-02 8.081617566100949279e-01
1.020007129757468656e-01 8.205876338927600155e-01
1.321334653862097919e-01 8.405761571767713658e-01
1.371038162992758158e-01 8.428042455171111946e-01
1.520148690384739432e-01 8.518673903600841868e-01
1.818369745168702534e-01 8.812115774814549551e-01
1.892925008864693170e-01 8.866598467515465209e-01
1.967480272560683807e-01 8.936374547641201538e-01
2.042035536256674444e-01 8.990857240342117196e-01
2.116590799952665081e-01 9.060633320467852414e-01
2.240849572779316512e-01 9.154083738115699198e-01
2.340256591040636991e-01 9.220505700317581654e-01
2.414811854736627628e-01 9.278342510942350074e-01
2.588774136693939854e-01 9.394467982274893325e-01
2.663329400389929935e-01 9.451792427180539802e-01
2.911846946043232798e-01 9.601346735904044971e-01
3.309475019088515824e-01 9.802394471795355946e-01
3.483437301045827494e-01 9.874406844211369716e-01
3.707103092133799960e-01 9.948906253884672868e-01
3.894181577889480050e-01 9.995202667631376547e-01
3.955620637787102267e-01 1.000000000000000000e+00
4.576914501920357758e-01 1.000000000000000000e+00
4.701173274747009190e-01 9.983518633768572181e-01
4.899987311269650703e-01 9.978953443492506459e-01
4.974542574965641339e-01 9.961366047953965630e-01
5.073949593226962929e-01 9.954101688927176061e-01
5.347318893445595078e-01 9.899148663874901555e-01
5.446725911706915557e-01 9.867135964669715431e-01
5.521281175402906749e-01 9.849499235623351279e-01
5.595836439098897941e-01 9.824703335080708921e-01
5.769798721056209612e-01 9.742814766758882694e-01
5.819502230186869296e-01 9.725296316819388442e-01
5.993464512144180967e-01 9.626198490469375368e-01
6.142575039536162240e-01 9.526860056595652937e-01
6.266833812362813116e-01 9.433409638947805043e-01
6.341389076058804308e-01 9.363633558822070935e-01
6.415944339754795500e-01 9.309150866121154166e-01
6.714165394538758047e-01 9.022877770262831554e-01
6.763868903669418842e-01 8.986078056771861222e-01
6.863275921930739321e-01 8.891450222080796717e-01
7.086941713018710676e-01 8.723470609010977039e-01
7.236052240410693059e-01 8.624140243888738233e-01
7.360311013237343936e-01 8.557573044160174947e-01
7.410014522368004730e-01 8.524807189182671552e-01
7.459718031498664415e-01 8.501449255930011439e-01
7.608828558890645688e-01 8.471407778091012419e-01
7.633680313455976085e-01 8.471407778091012419e-01
7.708235577151967277e-01 8.487848169572692614e-01
7.832494349978618153e-01 8.495112528599482182e-01
8.006456631935929824e-01 8.537797879069093376e-01
8.056160141066590619e-01 8.544575630314183989e-01
8.230122423023902289e-01 8.587501388199754171e-01
8.503491723242534439e-01 8.639669278691088916e-01
8.727157514330505794e-01 8.639669278691088916e-01
8.776861023461166589e-01 8.630596898507219006e-01
8.826564532591827383e-01 8.606832771959311845e-01
8.885109531327460841e-01 8.553800902842223497e-01
8.901762514078300770e-01 8.528949148276891989e-01
8.929324565357994459e-01 8.454393884580901908e-01
8.936913741296091951e-01 8.404690375450241113e-01
8.934574081279609281e-01 8.354986866319580319e-01
8.904472810792665172e-01 8.205876338927600155e-01
8.879730991129132223e-01 8.131321075231608964e-01
8.780323972867811744e-01 7.882803529578306101e-01
8.708413394361740334e-01 7.733693002186325938e-01
8.651102575790055038e-01 7.634285983925004349e-01
8.628821692386656750e-01 7.584582474794343554e-01
8.571518136162887824e-01 7.485175456533023075e-01
8.536834493951017677e-01 7.410620192837031883e-01
8.531502599150915245e-01 7.385768438271702596e-01
8.535016634126333379e-01 7.360916683706372199e-01
8.552366840554349592e-01 7.336064929141041802e-01
8.727157514330505794e-01 7.221603482633415227e-01
8.801712778026496986e-01 7.151827402507680009e-01
8.876268041722488178e-01 7.095915831453616374e-01
9.003855174535566608e-01 6.938436856095757665e-01
9.077687504126978890e-01 6.789326328703776392e-01
9.099933832810460643e-01 6.701654861209417335e-01
9.104731165179082986e-01 6.590512292181134324e-01
9.099933832810460643e-01 6.530246787360208804e-01
9.053693273086443893e-01 6.391698255658493366e-01
9.003855174535566608e-01 6.292291237397171777e-01
8.826564532591827383e-01 6.088782980567745140e-01
8.749938289348726528e-01 6.018921937178539627e-01
8.652602250634515713e-01 5.940525947776997828e-01
8.428936459546543247e-01 5.791484004772615712e-01
8.304677686719892371e-01 5.716928741076624521e-01
8.105863650197251413e-01 5.615288023446634025e-01
8.006456631935929824e-01 5.570268453164014533e-01
7.984338570372786492e-01 5.546738600437265410e-01
7.974991103978212870e-01 5.521886845871935012e-01
7.973767016315379541e-01 5.497035091306604615e-01
8.002648701800920694e-01 5.372776318479953739e-01
8.052289785847399628e-01 5.223665791087972465e-01
8.151351236678436862e-01 5.024851754565330397e-01
8.250681601800674558e-01 4.875741227173349124e-01
8.344105951174503044e-01 4.751482454346697692e-01
8.687251331518870412e-01 4.403557890432074351e-01
8.741734024219787180e-01 4.329002626736083714e-01
8.836361858910851685e-01 4.229595608474762680e-01
8.954595446736430819e-01 4.055633326517451565e-01
9.028841518521113496e-01 3.906522799125469736e-01
9.053637419063755853e-01 3.831967535429479099e-01
9.083684608671590555e-01 3.707708762602828223e-01
9.090948967698377903e-01 3.558598235210846950e-01
9.099933832810460643e-01 3.519858735447243259e-01
9.103230494130352124e-01 3.459191216949525360e-01
9.088249798947656277e-01 3.359784198688204881e-01
9.083684608671590555e-01 3.210673671296223608e-01
9.065856805717089628e-01 3.136118407600232416e-01
9.052835749561649603e-01 3.036711389338911937e-01
8.979447201301760106e-01 2.887600861946930664e-01
8.925971550853148972e-01 2.816716880175362814e-01
8.826564532591827383e-01 2.735161974568521281e-01
8.776861023461166589e-01 2.710175630582974393e-01
8.702305759765176507e-01 2.685433810919441999e-01
8.652602250634515713e-01 2.677473713271413813e-01
8.453788214111873645e-01 2.680184294997827177e-01
8.230122423023902289e-01 2.735083239170992830e-01
8.155567159327911098e-01 2.759879139713634633e-01
8.081011895631919906e-01 2.792064198904800065e-01
7.882197859109278948e-01 2.859286157974955667e-01
7.683383822586636880e-01 2.941174726296781339e-01
7.310607504106683141e-01 3.065371074039251464e-01
7.186348731280032265e-01 3.095640170997611684e-01
7.037238203888050991e-01 3.122950686897706385e-01
6.788720658234748129e-01 3.122950686897706385e-01
6.614758376277436458e-01 3.090162385269106804e-01
6.540203112581446376e-01 3.065433499123432215e-01
6.490499603450785582e-01 3.040853348433134040e-01
6.316537321493473911e-01 2.922727861188311183e-01
6.182003303990772913e-01 2.788193843685609075e-01
6.014174307615289816e-01 2.514824543466976925e-01
5.939890647794330292e-01 2.340862261509665254e-01
5.904278780034729612e-01 2.216603488683014378e-01
5.907838921414543254e-01 2.191751734117683981e-01
5.926584055005130747e-01 2.166899979552353583e-01
5.993464512144180967e-01 2.138641129603067181e-01
6.068019775840172159e-01 2.126045201213894731e-01
6.291685566928143514e-01 2.070900056674989109e-01
6.391092585189465103e-01 2.038833276590693022e-01
6.664461885408097253e-01 1.971493038413668075e-01
6.763868903669418842e-01 1.939426258329371988e-01
6.838424167365408923e-01 1.921789529283007836e-01
6.937831185626730512e-01 1.889722749198711749e-01
7.012386449322720594e-01 1.872086020152347041e-01
7.111793467584041073e-01 1.840019240068050954e-01
7.186348731280032265e-01 1.822382511021686802e-01
7.633680313455976085e-01 1.673327837652393568e-01
7.832494349978618153e-01 1.591439269330567896e-01
7.956753122805269030e-01 1.549069064825742137e-01
8.254974177589231576e-01 1.400267729345068823e-01
8.453788214111873645e-01 1.257182386954159847e-01
8.512333212847507102e-01 1.197681551504474751e-01
8.528986195598347031e-01 1.172829796939144353e-01
8.554998988752936517e-01 1.098274533243153717e-01
8.554213746904562043e-01 1.048571024112493477e-01
8.531280503347403732e-01 9.988675149818326826e-02
8.511860171208409653e-01 9.740157604165028404e-02
8.478639968677204042e-01 9.453232801456218359e-02
8.329529441285222768e-01 8.459848462718994044e-02
8.205270668458570782e-01 7.714295825759087677e-02
8.031308386501260221e-01 6.823235564081769899e-02
7.931901368239939742e-01 6.250200001844080644e-02
7.882197859109278948e-01 6.027391167810092210e-02
7.782790840847957359e-01 5.455300921192668406e-02
7.683383822586636880e-01 5.033320985196881869e-02
7.534273295194655606e-01 4.262059636617659963e-02
7.434866276933334017e-01 3.839936874446203685e-02
7.260903994976022346e-01 2.995554377459419548e-02
7.136645222149371470e-01 2.498519286152817154e-02
6.937831185626730512e-01 1.826299695451255589e-02
6.863275921930739321e-01 1.512597219790534631e-02
6.689313639973427650e-01 1.007972552459884819e-02
6.465647848885455184e-01 4.565211070708286023e-03
6.341389076058804308e-01 2.104655650749298612e-03
6.241982057797483829e-01 1.378219748070508288e-03
6.204014099433784457e-01 4.797332368623452581e-04
