6.113163881697654123e-01 0.000000000000000000e+00
5.790891974582255131e-01 0.000000000000000000e+00
5.729605223015437065e-01 4.785439711304517729e-04
5.691731387777516638e-01 1.374803121096390690e-03
5.592570800972778144e-01 2.099438178515544706e-03
5.344669333960931912e-01 7.575723067034134672e-03
5.096767866949085679e-01 1.500719552141482893e-02
5.022397426845532920e-01 1.821772271714200420e-02
4.898446693339609248e-01 2.244423953177021591e-02
4.600964932925394324e-01 3.483931288236252755e-02
4.427433906017101961e-01 4.300786941832657195e-02
4.253902879108810153e-01 4.971340090307330151e-02
4.129952145602887037e-01 5.540294276891888359e-02
3.882050678591041359e-01 6.531900144939273289e-02
3.584568918176825880e-01 7.510888077397087637e-02
3.361457597866164271e-01 7.646987828206930349e-02
3.262297011061426333e-01 7.946157694449479392e-02
3.113556130854318593e-01 8.691204653195711005e-02
3.014395544049580655e-01 9.570607865500779798e-02
2.961716482309563192e-01 9.963913077586883382e-02
2.855881625239121147e-01 1.120342041264610899e-01
2.763173968104539746e-01 1.244292774770534016e-01
2.688360846809894067e-01 1.368243508276457132e-01
2.597168521444821465e-01 1.541774535184748940e-01
2.490039673200416526e-01 1.715305562093041303e-01
2.423637494536529657e-01 1.839256295598964419e-01
2.374133664248985198e-01 1.913626735702518289e-01
2.245900996312857889e-01 2.067487320119653083e-01
2.221110849611673266e-01 2.089682684960004755e-01
2.072369969404565526e-01 2.164527010783055538e-01
2.022789676002196835e-01 2.173183271685816265e-01
1.973209382599827588e-01 2.173183271685816265e-01
1.923629089197458342e-01 2.165266399439146339e-01
1.849258649093904472e-01 2.140598816565002505e-01
1.725307915587981356e-01 2.086141772991908505e-01
1.700517768886796732e-01 2.083359272390468142e-01
1.675727622185612109e-01 2.089114879455640228e-01
1.626147328783242862e-01 2.126229189476808168e-01
1.562026660873448436e-01 2.211108496116733213e-01
1.517213703375153155e-01 2.260688789519102460e-01
1.448853511750664014e-01 2.359849376323840953e-01
1.325211203664764525e-01 2.607750843335686630e-01
1.300476772523326274e-01 2.682121283439240500e-01
1.270504070339325553e-01 2.806072016945163616e-01
1.270504070339325553e-01 3.103553777359378540e-01
1.325266919224510898e-01 3.326665097670039595e-01
1.350001350365949149e-01 3.401035537773593465e-01
1.424371790469503019e-01 3.574566564681885827e-01
1.498433805153032705e-01 3.723307444888993567e-01
1.531192213293884330e-01 3.772887738291362814e-01
1.647174685360140445e-01 3.995999058602023868e-01
1.679933093500992070e-01 4.045579352004393114e-01
1.843166155413104579e-01 4.367851259119792662e-01
1.900334899624793183e-01 4.467011845924531155e-01
2.026650436554020551e-01 4.764493606338746634e-01
2.100958606326093214e-01 4.987604926649407688e-01
2.155942812450226120e-01 5.210716246960068743e-01
2.180732959151410744e-01 5.334666980465991859e-01
2.187493908251733621e-01 5.409037420569545729e-01
2.207975771881940941e-01 5.508198007374284222e-01
2.207975771881940941e-01 6.028791088099160200e-01
2.150478606232901213e-01 6.326272848513375680e-01
2.051440583255205174e-01 6.623754608927591159e-01
1.952624707214022370e-01 6.822075782537067035e-01
1.785137981184110045e-01 7.069977249548913267e-01
1.690744730283444963e-01 7.169137836353651760e-01
1.626147328783242862e-01 7.254556059226211495e-01
1.526986741978504925e-01 7.332895824658591799e-01
1.403036008472581808e-01 7.452280198185810001e-01
1.279085274966658692e-01 7.555815516761344997e-01
1.204714834863104822e-01 7.625610249168732757e-01
1.130344394759550952e-01 7.679957878475176525e-01
9.966206226502766219e-02 7.813681650584451965e-01
9.508224157318057035e-02 7.888052090688004725e-01
9.320232211500745212e-02 7.931951308804685574e-01
9.320232211500745212e-02 8.017683899479616239e-01
9.508224157318057035e-02 8.061583117596297088e-01
9.966206226502766219e-02 8.135953557699850958e-01
1.080764101357182261e-01 8.220097036406757152e-01
1.279085274966658692e-01 8.362827668134800163e-01
1.403036008472581808e-01 8.429229846798687031e-01
1.551776888679689548e-01 8.522346132725044932e-01
1.849258649093904472e-01 8.815060557235187000e-01
1.923629089197458342e-01 8.869408186541629657e-01
2.022789676002196835e-01 8.963801437442293629e-01
2.295481289715227136e-01 9.166889946955845137e-01
2.345061583117596382e-01 9.211702904454139862e-01
2.469012316623519498e-01 9.304921657145710512e-01
2.617753196830626683e-01 9.404013829584552120e-01
2.692123636934180553e-01 9.445625861547255475e-01
2.890444810543657539e-01 9.577544856492844483e-01
3.063975837451949902e-01 9.668737181857915974e-01
3.113556130854318593e-01 9.701495589998767599e-01
3.212716717659057086e-01 9.750767457981113218e-01
3.262297011061426333e-01 9.768242479426210156e-01
3.435828037969718141e-01 9.849928044785851711e-01
3.634149211579195127e-01 9.923485693194284973e-01
3.919924513828961787e-01 9.995214560288695482e-01
3.981211265395779297e-01 1.000000000000000000e+00
4.600964932925394324e-01 1.000000000000000000e+00
4.724915666431317440e-01 9.983559491317243184e-01
4.923236840040793871e-01 9.979005618214844553e-01
4.997607280144347741e-01 9.961461822087851470e-01
5.096767866949085679e-01 9.954215471513658819e-01
5.171138307052639549e-01 9.936431863944219511e-01
5.245508747156193419e-01 9.929425324812475306e-01
5.443829920765670405e-01 9.874662475927289407e-01
5.666941241076332014e-01 9.800347751383482464e-01
5.840472267984624377e-01 9.723591487381750831e-01
6.014003294892915630e-01 9.627125149895213729e-01
6.088373734996469500e-01 9.577613270858740258e-01
6.311485055307131109e-01 9.410024078063616848e-01
6.410645642111869602e-01 9.315630827162952876e-01
6.485016082215423472e-01 9.261283197856509108e-01
6.757707695928454328e-01 8.993358920047552774e-01
6.832078136032007087e-01 8.939011290741110116e-01
6.906448576135562067e-01 8.869408186541629657e-01
7.030399309641484074e-01 8.776215437500445304e-01
7.129559896446222567e-01 8.709958136317279553e-01
7.203930336549776436e-01 8.652783848300440450e-01
7.278300776653330306e-01 8.610729135146645286e-01
7.377461363458068799e-01 8.542074490422197908e-01
7.410904674573818296e-01 8.507805758217619196e-01
7.434860087743120349e-01 8.458225464815251060e-01
7.438326723642321170e-01 8.334274731309327944e-01
7.430386359193138501e-01 8.284694437906958697e-01
7.405705874863517391e-01 8.210323997803404827e-01
7.356434006881171772e-01 8.111163410998666334e-01
7.323675598740320147e-01 8.061583117596297088e-01
7.227224526122441040e-01 7.888052090688004725e-01
7.151351235078715618e-01 7.714521063779713472e-01
7.142694974175954892e-01 7.664940770377344226e-01
7.142694974175954892e-01 7.590570330273789246e-01
7.151708470138264939e-01 7.540990036871421109e-01
7.177035366072076483e-01 7.491409743469051863e-01
7.201274249403221139e-01 7.466619596767867240e-01
7.253510629952145683e-01 7.435425328835543191e-01
7.377461363458068799e-01 7.388510959939531553e-01
7.550992390366361162e-01 7.355803940991676448e-01
8.294696791401898750e-01 7.355803940991676448e-01
8.393857378206637243e-01 7.376040214590461330e-01
8.443437671609006490e-01 7.378374074555441586e-01
8.493017965011375736e-01 7.369694187124711249e-01
8.542598258413744983e-01 7.346365639524401470e-01
8.641758845218483476e-01 7.278071461761741467e-01
8.750692470626573183e-01 7.169137836353651760e-01
8.818986648389232075e-01 7.069977249548913267e-01
8.843534383532223320e-01 7.020396956146544021e-01
8.893005014563029054e-01 6.871656075939436281e-01
8.900945379012211722e-01 6.822075782537067035e-01
8.898241516857663402e-01 6.499803875421668042e-01
8.868268814673661016e-01 6.375853141915744926e-01
8.793954090129854073e-01 6.152741821605083317e-01
8.695101928745139208e-01 5.954420647995606330e-01
8.545918367346938549e-01 5.706519180983761208e-01
8.453210710212357704e-01 5.582568447477838092e-01
8.408397752714062978e-01 5.532988154075468845e-01
8.354050123407619211e-01 5.458617713971914975e-01
8.284246043282771366e-01 5.384247273868361106e-01
8.180710724707236370e-01 5.260296540362437989e-01
8.046795324390052517e-01 5.126572768253163659e-01
7.972424884286499758e-01 5.072225138946721001e-01
7.823684004079392018e-01 4.928251594643686673e-01
7.699733270573467792e-01 4.835032841952117133e-01
7.402251510159253423e-01 4.636780082708536477e-01
7.228720483250961060e-01 4.547152406380947087e-01
7.187843113690497443e-01 4.516592139326900401e-01
7.174801914175884532e-01 4.491801992625715778e-01
7.171974288067780590e-01 4.467011845924531155e-01
7.200069575997952720e-01 4.367851259119792662e-01
7.274537986529043820e-01 4.219110378912685477e-01
7.292841151160756041e-01 4.194320232211500854e-01
7.402251510159253423e-01 4.084909873213002918e-01
7.427041656860438046e-01 4.066606708581290697e-01
7.625362830469915032e-01 3.967348151349015528e-01
7.699733270573467792e-01 3.942680568474873359e-01
7.848474150780575531e-01 3.912666026998811164e-01
7.947634737585314024e-01 3.905419676424618514e-01
8.022005177688869004e-01 3.887875880297626541e-01
8.220326351298344880e-01 3.880629529723433890e-01
8.294696791401898750e-01 3.863085733596441917e-01
8.468227818310191113e-01 3.855839383022249267e-01
8.542598258413744983e-01 3.838055775452809959e-01
8.641758845218483476e-01 3.825812734026431405e-01
8.790499725425591215e-01 3.776342102995626226e-01
8.840080018827960462e-01 3.751794367852634982e-01
8.939240605632698955e-01 3.683205736990018409e-01
8.992141007968261768e-01 3.624146858084255074e-01
9.063191339138620961e-01 3.481851416019455248e-01
9.067976778849925479e-01 3.128343924060563164e-01
9.063191339138620961e-01 3.068227818310190202e-01
9.041855557141700306e-01 3.004393190554640602e-01
8.992583689159354687e-01 2.905232603749902109e-01
8.964030752333882468e-01 2.864018984859181827e-01
8.864870165529143975e-01 2.754425877984362780e-01
8.765709578724405482e-01 2.704312463147558465e-01
8.641758845218483476e-01 2.673540078811906806e-01
8.542598258413744983e-01 2.673540078811906806e-01
8.468227818310191113e-01 2.691323686381347224e-01
8.393857378206637243e-01 2.698084635481669546e-01
8.269906644700714127e-01 2.728302927697092706e-01
8.121165764493606387e-01 2.777827505539715025e-01
8.046795324390052517e-01 2.809932777496986778e-01
7.922844590884130511e-01 2.852197945643268895e-01
7.724523417274653525e-01 2.933883511002909339e-01
7.352671216756884176e-01 3.057771974177351249e-01
7.129559896446222567e-01 3.112516368859038485e-01
7.005609162940300561e-01 3.119762719433229470e-01
6.931238722836745580e-01 3.137170718719318740e-01
6.881658429434376334e-01 3.137170718719318740e-01
6.807287989330823574e-01 3.119762719433229470e-01
6.708127402526085081e-01 3.112516368859038485e-01
6.534596375617792718e-01 3.057834244508832455e-01
6.485016082215423472e-01 3.033315028372689515e-01
6.410645642111869602e-01 2.983884978283660727e-01
6.277335363422846815e-01 2.880442457048717486e-01
6.187534321801207993e-01 2.773534949399858451e-01
6.084168263681090094e-01 2.607750843335686630e-01
5.960562240938722667e-01 2.359849376323840953e-01
5.921440085839300149e-01 2.235898642817917836e-01
5.919844228913855311e-01 2.211108496116733213e-01
5.928528934912790094e-01 2.186318349415548590e-01
5.964423001490546383e-01 2.159637428813425686e-01
6.435435788813054225e-01 2.040976118352957891e-01
6.534596375617792718e-01 2.008988832286914272e-01
6.708127402526085081e-01 1.966605678249404021e-01
6.807287989330823574e-01 1.934618392183360402e-01
6.881658429434376334e-01 1.917025384847035330e-01
6.980819016239114827e-01 1.885038098780991156e-01
7.055189456342668697e-01 1.867445091444666083e-01
7.303090923354514929e-01 1.785877511976253218e-01
7.377461363458068799e-01 1.767527428504552800e-01
7.451831803561622669e-01 1.736234948242402765e-01
7.724523417274653525e-01 1.644389486693750846e-01
8.022005177688869004e-01 1.522975340603017758e-01
8.269906644700714127e-01 1.396796445101928796e-01
8.418647524907821866e-01 1.303646106776255031e-01
8.526461276127124123e-01 1.194712481368164769e-01
8.550416689296426176e-01 1.145132187965795523e-01
8.553513323006056712e-01 1.070761747862241653e-01
8.541934236627105603e-01 1.021181454459872961e-01
8.493017965011375736e-01 9.599807797913234575e-02
8.443437671609006490e-01 9.187007587219403471e-02
8.369067231505452620e-01 8.766460455681440722e-02
8.245116497999529503e-01 7.943073440249243111e-02
7.972424884286499758e-01 6.535347252574824628e-02
7.922844590884130511e-01 6.207763171166319482e-02
7.476621950262807292e-01 3.954368348108044939e-02
7.253510629952145683e-01 2.988128354212560289e-02
7.005609162940300561e-01 2.004650403116386981e-02
6.931238722836745580e-01 1.813644354762999900e-02
6.782497842629638951e-01 1.253375240727105933e-02
6.460225935514238849e-01 4.553893845491818748e-03
6.336275202008315732e-01 2.099438178515544706e-03
6.212324468502392616e-01 1.374803121096390690e-03
6.174450633264472188e-01 4.785439711304517729e-04
