6.191066997518610560e-01 0.000000000000000000e+00
5.669975186104218023e-01 0.000000000000000000e+00
5.645161290322580072e-01 2.481389578163795129e-03
5.521091811414392536e-01 2.481389578163795129e-03
5.496277915632754585e-01 4.962779156327534746e-03
5.397022332506203890e-01 4.962779156327534746e-03
5.000000000000000000e-01 1.736972704714639937e-02
4.925558312655086701e-01 2.233250620347393411e-02
4.875930521091811354e-01 2.233250620347393411e-02
4.801488833746898055e-01 2.729528535980146886e-02
4.751861042183622708e-01 2.729528535980146886e-02
4.627791563275434061e-01 3.473945409429279874e-02
4.578163771712158714e-01 3.473945409429279874e-02
4.454094292803970068e-01 4.218362282878412861e-02
4.404466501240694720e-01 4.218362282878412861e-02
4.280397022332506074e-01 4.962779156327545849e-02
4.156327543424317428e-01 5.210918114143919810e-02
4.081885856079404684e-01 5.707196029776673285e-02
4.032258064516128782e-01 5.707196029776673285e-02
3.908188585607940135e-01 6.451612903225806273e-02
3.610421836228288051e-01 7.444168734491313222e-02
3.411910669975186106e-01 7.692307692307692735e-02
3.300248138957816435e-01 8.808933002481389440e-02
3.250620347394540532e-01 1.004962779156327590e-01
3.225806451612903136e-01 1.253101736972704883e-01
3.250620347394540532e-01 1.277915632754342279e-01
3.250620347394540532e-01 1.550868486352357523e-01
3.275434243176178484e-01 1.575682382133994919e-01
3.275434243176178484e-01 1.724565756823821516e-01
3.300248138957816435e-01 1.749379652605458912e-01
3.300248138957816435e-01 1.848635235732010162e-01
3.325062034739454386e-01 1.873449131513647559e-01
3.325062034739454386e-01 1.972704714640198254e-01
3.349875930521091782e-01 1.997518610421836205e-01
3.473945409429280429e-01 2.593052109181141485e-01
3.498759305210917825e-01 2.617866004962778881e-01
3.498759305210917825e-01 2.692307692307692180e-01
3.523573200992555776e-01 2.717121588089330131e-01
3.523573200992555776e-01 2.791563275434243430e-01
3.548387096774193727e-01 2.816377171215880826e-01
3.548387096774193727e-01 2.890818858560794125e-01
3.598014888337469075e-01 2.990074441687344819e-01
3.598014888337469075e-01 3.064516129032258118e-01
3.647642679900744422e-01 3.163771712158808813e-01
3.647642679900744422e-01 3.238213399503722112e-01
3.672456575682382374e-01 3.263027295285360063e-01
3.672456575682382374e-01 3.337468982630272807e-01
3.722084367245657166e-01 3.436724565756823502e-01
3.722084367245657166e-01 3.511166253101737356e-01
3.746898263027295117e-01 3.535980148883374752e-01
3.746898263027295117e-01 3.610421836228288051e-01
3.771712158808933069e-01 3.635235732009925447e-01
3.771712158808933069e-01 3.709677419354838745e-01
3.796526054590571020e-01 3.734491315136476697e-01
3.796526054590571020e-01 3.808933002481389440e-01
3.821339950372208416e-01 3.833746898263027392e-01
3.821339950372208416e-01 3.908188585607940135e-01
3.846153846153845812e-01 3.933002481389578087e-01
3.846153846153845812e-01 4.032258064516128782e-01
3.870967741935483764e-01 4.057071960297766733e-01
3.870967741935483764e-01 4.156327543424317428e-01
3.895781637717121715e-01 4.181141439205955379e-01
3.895781637717121715e-01 4.330024813895781977e-01
3.920595533498759111e-01 4.354838709677419373e-01
3.920595533498759111e-01 4.478908188585608019e-01
3.858560794044665343e-01 4.590570719602977690e-01
3.759305210918114093e-01 4.590570719602977690e-01
3.709677419354838745e-01 4.540942928039702342e-01
3.511166253101737356e-01 4.739454094292803732e-01
3.213399503722084161e-01 4.937965260545905677e-01
3.163771712158808813e-01 4.937965260545905677e-01
3.089330024813895514e-01 4.987593052109181024e-01
3.014888337468982771e-01 4.987593052109181024e-01
2.990074441687344819e-01 5.012406947890818421e-01
2.717121588089330131e-01 5.012406947890818421e-01
2.692307692307692180e-01 4.987593052109181024e-01
2.617866004962778881e-01 4.987593052109181024e-01
2.394540942928039540e-01 4.888337468982630329e-01
2.320099255583126796e-01 4.888337468982630329e-01
2.233250620347394522e-01 4.975186104218362049e-01
2.208436724565756570e-01 5.248138957816377292e-01
2.183622828784119174e-01 5.272952853598015244e-01
2.183622828784119174e-01 6.066997518610421913e-01
2.158808933002481223e-01 6.091811414392059865e-01
2.158808933002481223e-01 6.215880893300248511e-01
2.133995037220843827e-01 6.240694789081886462e-01
2.133995037220843827e-01 6.315136476426799206e-01
2.109181141439205875e-01 6.339950372208436047e-01
2.109181141439205875e-01 6.414392059553349901e-01
1.910669975186104486e-01 6.861042183622828583e-01
1.836228287841191187e-01 6.935483870967742437e-01
1.811414392059553236e-01 7.009925558312655181e-01
1.501240694789081620e-01 7.344913151364764747e-01
9.677419354838712184e-02 7.803970223325061850e-01
8.933002481389579197e-02 7.928039702233250496e-01
8.933002481389579197e-02 8.027295285359801191e-01
1.029776674937964986e-01 8.213399503722084161e-01
1.327543424317617626e-01 8.411910669975186661e-01
1.377171215880893529e-01 8.411910669975186661e-01
1.501240694789081620e-01 8.486352357320099404e-01
2.146401985111662802e-01 9.081885856079404684e-01
2.667493796526054783e-01 9.454094292803969513e-01
3.362282878411910758e-01 9.826302729528535451e-01
3.709677419354838745e-01 9.950372208436724097e-01
3.784119106699752044e-01 9.950372208436724097e-01
3.808933002481389440e-01 9.975186104218362049e-01
3.883374689826302739e-01 9.975186104218362049e-01
3.908188585607940135e-01 1.000000000000000000e+00
4.478908188585608019e-01 1.000000000000000000e+00
4.503722084367245415e-01 9.975186104218362049e-01
4.677419354838709964e-01 9.975186104218362049e-01
4.925558312655086701e-01 9.900744416873449305e-01
5.198511166253101390e-01 9.727047146401985867e-01
5.334987593052109567e-01 9.590570719602977690e-01
5.459057071960298213e-01 9.367245657568238348e-01
5.533498759305210957e-01 9.143920595533499007e-01
5.533498759305210957e-01 9.069478908188586264e-01
5.558312655086848908e-01 9.044665012406947202e-01
5.558312655086848908e-01 8.970223325062034458e-01
5.583126550868486859e-01 8.945409429280397617e-01
5.583126550868486859e-01 8.821339950372208971e-01
5.607940446650123700e-01 8.796526054590569910e-01
5.607940446650123700e-01 8.622828784119106471e-01
5.632754342431761652e-01 8.598014888337468520e-01
5.632754342431761652e-01 8.424317617866005081e-01
5.657568238213399603e-01 8.399503722084367130e-01
5.657568238213399603e-01 8.225806451612902581e-01
5.682382133995037554e-01 8.200992555831265740e-01
5.682382133995037554e-01 8.076923076923077094e-01
5.707196029776675505e-01 8.052109181141439143e-01
5.707196029776675505e-01 7.928039702233250496e-01
5.732009925558312347e-01 7.903225806451612545e-01
5.732009925558312347e-01 7.828784119106699801e-01
5.905707196029776895e-01 7.431761786600495912e-01
6.116625310173697816e-01 7.220843672456576101e-01
6.265508684863523303e-01 7.146401985111662247e-01
6.364764267990075108e-01 7.146401985111662247e-01
6.389578163771711949e-01 7.171215880893300199e-01
6.464019851116624693e-01 7.171215880893300199e-01
6.985111662531017229e-01 7.394540942928039540e-01
7.034739454094293132e-01 7.444168734491315442e-01
7.258064516129032473e-01 7.543424317617866137e-01
7.605459057071960460e-01 7.766749379652605478e-01
7.828784119106699801e-01 7.866004962779156173e-01
7.878411910669975704e-01 7.915632754342432076e-01
8.052109181141439143e-01 7.990074441687344819e-01
8.101736972704713935e-01 8.039702233250620722e-01
8.151364764267989838e-01 8.039702233250620722e-01
8.250620347394541643e-01 8.114143920595533466e-01
8.300248138957816435e-01 8.114143920595533466e-01
8.498759305210918935e-01 8.213399503722084161e-01
8.573200992555831679e-01 8.213399503722084161e-01
8.598014888337468520e-01 8.238213399503722112e-01
8.697270471464020325e-01 8.238213399503722112e-01
8.784119106699752599e-01 8.176178660049627789e-01
8.808933002481389440e-01 8.027295285359801191e-01
8.784119106699752599e-01 8.002481389578164350e-01
8.784119106699752599e-01 7.928039702233250496e-01
8.684863523573200794e-01 7.729528535980149107e-01
8.684863523573200794e-01 7.679900744416873204e-01
8.635235732009924892e-01 7.630272952853598412e-01
8.511166253101736245e-01 7.357320099255583168e-01
8.697270471464020325e-01 7.245657568238212942e-01
8.908188585607941246e-01 7.059553349875931083e-01
9.081885856079404684e-01 6.786600496277915839e-01
9.081885856079404684e-01 6.712158808933001986e-01
9.106699751861042635e-01 6.687344913151365144e-01
9.106699751861042635e-01 6.538461538461538547e-01
9.007444168734490830e-01 6.290322580645161255e-01
8.746898263027295117e-01 6.004962779156327590e-01
8.300248138957816435e-01 5.707196029776675505e-01
8.052109181141439143e-01 5.583126550868486859e-01
8.002481389578164350e-01 5.583126550868486859e-01
7.965260545905707978e-01 5.545905707196029377e-01
8.039702233250620722e-01 5.223325062034739341e-01
8.312655086848634856e-01 4.776674937965260659e-01
8.858560794044665343e-01 4.205955334987593330e-01
9.032258064516128782e-01 3.908188585607940135e-01
9.081885856079404684e-01 3.734491315136476697e-01
9.081885856079404684e-01 3.535980148883374752e-01
9.106699751861042635e-01 3.511166253101737356e-01
9.106699751861042635e-01 3.436724565756823502e-01
9.081885856079404684e-01 3.411910669975186106e-01
9.081885856079404684e-01 3.188585607940446764e-01
9.057071960297766733e-01 3.163771712158808813e-01
9.057071960297766733e-01 3.039702233250620722e-01
8.920595533498758556e-01 2.803970223325061850e-01
8.697270471464020325e-01 2.679900744416873204e-01
8.424317617866005081e-01 2.679900744416873204e-01
8.399503722084367130e-01 2.704714640198511155e-01
8.325062034739454386e-01 2.704714640198511155e-01
8.300248138957816435e-01 2.729528535980149107e-01
8.225806451612902581e-01 2.729528535980149107e-01
7.307692307692308376e-01 3.076923076923077094e-01
7.233250620347394522e-01 3.076923076923077094e-01
7.208436724565756570e-01 3.101736972704715045e-01
7.109181141439205875e-01 3.101736972704715045e-01
7.084367245657567924e-01 3.126550868486352441e-01
6.736972704714639937e-01 3.126550868486352441e-01
6.712158808933001986e-01 3.101736972704715045e-01
6.612903225806451291e-01 3.101736972704715045e-01
6.339950372208436047e-01 2.952853598014888448e-01
6.153846153846154188e-01 2.766749379652605478e-01
5.980148883374689639e-01 2.468982630272952838e-01
5.880893300248138944e-01 2.196029776674938150e-01
5.918114143920595316e-01 2.158808933002481223e-01
6.091811414392059865e-01 2.133995037220843827e-01
6.116625310173697816e-01 2.109181141439205875e-01
6.191066997518610560e-01 2.109181141439205875e-01
6.215880893300248511e-01 2.084367245657568479e-01
6.290322580645161255e-01 2.084367245657568479e-01
6.389578163771711949e-01 2.034739454094292577e-01
6.464019851116624693e-01 2.034739454094292577e-01
6.488833746898262644e-01 2.009925558312655181e-01
6.563275434243176498e-01 2.009925558312655181e-01
6.588089330024813339e-01 1.985111662531017229e-01
6.662531017369727193e-01 1.985111662531017229e-01
6.761786600496277888e-01 1.935483870967741882e-01
6.836228287841190632e-01 1.935483870967741882e-01
6.935483870967742437e-01 1.885856079404466534e-01
7.009925558312655181e-01 1.885856079404466534e-01
7.109181141439205875e-01 1.836228287841191187e-01
7.183622828784119729e-01 1.836228287841191187e-01
7.630272952853598412e-01 1.687344913151364589e-01
7.704714640198511155e-01 1.637717121588089242e-01
7.754342431761787058e-01 1.637717121588089242e-01
7.828784119106699801e-01 1.588089330024813894e-01
7.952853598014888448e-01 1.563275434243175943e-01
8.325062034739454386e-01 1.364764267990074553e-01
8.535980148883375307e-01 1.178660049627791584e-01
8.560794044665012148e-01 1.054590570719602938e-01
8.473945409429279874e-01 9.429280397022332671e-02
8.200992555831265740e-01 7.692307692307692735e-02
7.977667493796525289e-01 6.699751861042185785e-02
7.928039702233250496e-01 6.203473945409426760e-02
7.878411910669975704e-01 6.203473945409426760e-02
7.729528535980149107e-01 5.210918114143919810e-02
7.679900744416873204e-01 5.210918114143919810e-02
7.630272952853598412e-01 4.714640198511166336e-02
7.580645161290322509e-01 4.714640198511166336e-02
7.531017369727046606e-01 4.218362282878412861e-02
7.481389578163771814e-01 4.218362282878412861e-02
7.258064516129032473e-01 2.977667493796526399e-02
7.208436724565756570e-01 2.977667493796526399e-02
7.133995037220843827e-01 2.481389578163772924e-02
6.935483870967742437e-01 1.985111662531019450e-02
6.861042183622828583e-01 1.488833746898260424e-02
6.786600496277915839e-01 1.488833746898260424e-02
6.687344913151365144e-01 9.925558312655069493e-03
6.612903225806451291e-01 9.925558312655069493e-03
6.588089330024813339e-01 7.444168734491329875e-03
6.513647642679900596e-01 7.444168734491329875e-03
6.488833746898262644e-01 4.962779156327534746e-03
6.389578163771711949e-01 4.962779156327534746e-03
6.364764267990075108e-01 2.481389578163795129e-03
6.215880893300248511e-01 2.481389578163795129e-03
