6.391698255658493366e-01 0.000000000000000000e+00
5.994070182613209230e-01 0.000000000000000000e+00
5.795256146090567162e-01 2.104655650749298612e-03
5.546738600437265410e-01 7.594550068065808457e-03
5.248517545653301752e-01 1.752966649192910786e-02
4.875741227173349124e-01 3.244071923112723521e-02
4.577520172389386022e-01 4.559992697637582637e-02
4.403557890432074351e-01 5.232212288339138651e-02
4.155040344778772043e-01 6.299615517210693794e-02
3.856819289994809496e-01 7.292457015627346051e-02
3.707708762602828223e-01 7.417474389020695114e-02
3.583449989776176792e-01 7.718487093890141759e-02
3.508894726080186155e-01 7.989822821417197352e-02
3.384635953253535279e-01 8.712803821687536976e-02
3.235525425861554005e-01 1.002538796906256024e-01
3.151172835846538511e-01 1.098274533243153717e-01
3.032939248020959933e-01 1.272236815200465387e-01
2.933532229759638899e-01 1.446199097157777058e-01
2.831891512129648403e-01 1.645013133680419126e-01
2.789693518530068639e-01 1.744420151941739605e-01
2.585916857756322962e-01 2.166899979552353583e-01
2.543818257126528870e-01 2.266306997813674617e-01
2.444485202420462189e-01 2.440269279770986288e-01
2.326285751620384978e-01 2.614231561728297959e-01
2.266306997813674617e-01 2.674210315535008320e-01
2.166899979552353583e-01 2.742632293649170938e-01
2.117196470421693344e-01 2.765990226901830495e-01
2.067492961291032549e-01 2.775026122983083599e-01
1.992937697595041913e-01 2.775026122983083599e-01
1.943234188464381673e-01 2.767089575919813305e-01
1.794123661072400400e-01 2.716745049310285154e-01
1.769271906507070002e-01 2.718994561576973945e-01
1.744420151941739605e-01 2.730896742882209516e-01
1.666536528259321415e-01 2.813045598250939472e-01
1.641957590086320917e-01 2.862749107381600266e-01
1.628898324079462445e-01 2.912452616512260506e-01
1.632179850585206982e-01 2.962156125642920745e-01
1.660545480283750486e-01 3.011859634773581540e-01
1.719568397376409763e-01 3.061337218862739129e-01
1.843827170203060639e-01 3.095017428896033040e-01
1.943234188464381673e-01 3.102281787922820944e-01
2.042641206725702707e-01 3.122579765187777356e-01
2.564528052597637720e-01 3.124434373737428050e-01
2.663935070858958198e-01 3.144720938026693835e-01
2.912452616512260506e-01 3.151985297053481183e-01
2.987007880208251143e-01 3.169818892957764200e-01
3.061563143904242335e-01 3.176596644202853703e-01
3.185821916730893211e-01 3.206865741161213368e-01
3.334932444122874484e-01 3.256506825207693412e-01
3.434339462384195518e-01 3.306308548239592082e-01
3.537417762569939894e-01 3.384635953253535279e-01
3.561129432435092834e-01 3.409487707818865121e-01
3.611308004974410069e-01 3.508894726080186155e-01
3.619985778204312110e-01 3.558598235210846950e-01
3.619985778204312110e-01 3.633153498906837031e-01
3.612049231141041261e-01 3.682857008037497826e-01
3.562468590430037940e-01 3.831967535429479099e-01
3.513110648729662056e-01 3.931374553690800133e-01
3.430567321066243514e-01 4.055633326517451565e-01
3.388408094571486728e-01 4.130188590213441646e-01
3.325135117803850182e-01 4.204743853909432838e-01
3.146393652276282538e-01 4.453261399562735146e-01
3.101469326715877717e-01 4.502964908693395385e-01
3.046986634014961504e-01 4.577520172389386022e-01
3.002062308454557238e-01 4.627223681520046261e-01
2.916745192300817524e-01 4.751482454346697692e-01
2.784353117980058467e-01 4.925444736304009363e-01
2.635311174975676352e-01 5.149110527391981273e-01
2.486509839495002483e-01 5.447331582175943820e-01
2.461768019831470644e-01 5.521886845871935012e-01
2.435091830903209353e-01 5.646145618698585888e-01
2.415417525205655891e-01 5.681870015886247849e-01
2.390565770640326049e-01 5.700271897709516811e-01
2.340862261509665254e-01 5.704451658255706992e-01
2.266306997813674617e-01 5.687246597402786374e-01
2.092344715856362947e-01 5.679982238375996806e-01
1.992937697595041913e-01 5.659684261111042058e-01
1.868678924768391036e-01 5.662394842837455977e-01
1.794123661072400400e-01 5.679982238375996806e-01
1.669864888245748968e-01 5.687246597402786374e-01
1.520754360853767695e-01 5.717347867889730484e-01
1.371643833461786421e-01 5.766941442118592720e-01
1.172829796939144353e-01 5.866039268468605794e-01
1.060109338732110884e-01 5.944366673482548435e-01
9.988675149818326826e-02 6.006237187452485582e-01
9.243122512858420459e-02 6.065518976988533151e-01
8.215768730380929030e-02 6.192884219135851298e-01
7.443441286419089087e-02 6.341994746527832572e-01
6.731465678509884754e-02 6.515957028485144242e-01
6.509429510672098962e-02 6.603628495979503299e-01
6.461456186985858885e-02 6.665067555877125516e-01
6.461456186985858885e-02 7.062695628922408542e-01
6.509429510672098962e-02 7.124134688820031869e-01
6.724416911276936970e-02 7.236657910879720212e-01
7.468870199218863304e-02 7.460323701967692678e-01
8.211330917065690072e-02 7.609434229359673951e-01
9.453232801456212808e-02 7.808248265882316019e-01
1.038773697793468620e-01 7.932507038708966896e-01
1.321940324331125627e-01 8.217795037545666537e-01
1.371643833461786421e-01 8.259420573763811557e-01
1.769271906507070002e-01 8.518673903600841868e-01
2.042641206725702707e-01 8.787456124686847669e-01
2.241455243248344220e-01 8.961226302206530825e-01
2.316010506944334857e-01 9.015708994907447593e-01
2.365714016074995651e-01 9.060633320467852414e-01
2.489972788901646528e-01 9.145950436621590462e-01
2.663935070858958198e-01 9.278342510942350074e-01
2.987007880208251143e-01 9.501939717642724492e-01
3.111266653034902574e-01 9.568506917371286669e-01
3.160970162165562813e-01 9.601346735904044971e-01
3.285228934992213690e-01 9.667913935632608258e-01
3.334932444122874484e-01 9.700753754165365450e-01
3.484042971514855758e-01 9.774999825950048127e-01
3.658005253472167428e-01 9.842221785020204283e-01
3.782264026298818860e-01 9.898401075251903602e-01
4.143304794011810621e-01 9.995202667631376547e-01
4.204743853909432838e-01 1.000000000000000000e+00
4.850889472608018727e-01 1.000000000000000000e+00
4.975148245434669603e-01 9.983518633768572181e-01
5.149110527391981273e-01 9.978953443492506459e-01
5.223665791087972465e-01 9.961366047953965630e-01
5.323072809349292944e-01 9.954101688927176061e-01
5.596442109567925094e-01 9.899148663874901555e-01
5.844959655221227957e-01 9.824703335080708921e-01
6.118328955439860106e-01 9.698052809164885435e-01
6.242587728266510982e-01 9.626198490469375368e-01
6.416550010223822653e-01 9.507964902643796234e-01
6.466253519354483448e-01 9.463040577083391414e-01
6.615364046746464721e-01 9.351685599896431000e-01
6.938436856095757665e-01 9.047729524828160841e-01
6.988140365226418460e-01 9.010929811337191619e-01
7.062695628922408542e-01 8.940952255825651562e-01
7.211806156314390925e-01 8.816619929896327701e-01
7.336064929141041802e-01 8.723470609010977039e-01
7.485175456533023075e-01 8.624140243888738233e-01
7.708841247620994430e-01 8.501449255930011439e-01
7.857951775012976814e-01 8.471407778091012419e-01
7.882803529578306101e-01 8.471407778091012419e-01
7.957358793274297293e-01 8.487848169572692614e-01
8.081617566100949279e-01 8.495112528599482182e-01
8.255579848058260950e-01 8.537797879069093376e-01
8.305283357188920634e-01 8.544575630314183989e-01
8.479245639146232305e-01 8.587501388199754171e-01
8.752614939364864455e-01 8.639669278691088916e-01
8.976280730452836920e-01 8.639669278691088916e-01
9.025984239583497715e-01 8.630596898507219006e-01
9.075687748714158509e-01 8.606832771959311845e-01
9.134232747449790857e-01 8.553800902842223497e-01
9.150885730200630785e-01 8.528949148276891989e-01
9.178447781480325585e-01 8.454393884580901908e-01
9.186036957418421967e-01 8.404690375450241113e-01
9.183697297401940407e-01 8.354986866319580319e-01
9.153596026914995187e-01 8.205876338927600155e-01
9.029447188990141759e-01 7.882803529578306101e-01
8.957536610484071460e-01 7.733693002186325938e-01
8.820641352285218950e-01 7.485175456533023075e-01
8.785957710073348803e-01 7.410620192837031883e-01
8.780625815273246371e-01 7.385768438271702596e-01
8.784139850248664505e-01 7.360916683706372199e-01
8.801490056676679608e-01 7.336064929141041802e-01
8.876873712191515331e-01 7.289689779996809671e-01
9.017596772417699746e-01 7.186954401749060528e-01
9.125391257844818194e-01 7.096423010118214636e-01
9.252978390657897734e-01 6.938436856095757665e-01
9.326810720249310016e-01 6.789326328703776392e-01
9.349057048932789549e-01 6.701654861209417335e-01
9.353854381301414112e-01 6.590512292181134324e-01
9.349057048932789549e-01 6.530246787360208804e-01
9.302816489208773909e-01 6.391698255658493366e-01
9.252978390657897734e-01 6.292291237397171777e-01
9.139967767734098469e-01 6.168032464570520901e-01
9.075687748714158509e-01 6.082942217960966014e-01
8.926577221322176126e-01 5.959421101728854531e-01
8.678059675668874373e-01 5.791484004772615712e-01
8.553800902842223497e-01 5.716928741076624521e-01
8.255579848058260950e-01 5.570268453164014533e-01
8.233461786495116508e-01 5.546738600437265410e-01
8.224114320100543996e-01 5.521886845871935012e-01
8.222890232437709557e-01 5.497035091306604615e-01
8.251771917923250710e-01 5.372776318479953739e-01
8.301413001969730754e-01 5.223665791087972465e-01
8.400474452800765768e-01 5.024851754565330397e-01
8.499804817923004574e-01 4.875741227173349124e-01
8.593229167296833060e-01 4.751482454346697692e-01
8.936374547641201538e-01 4.403557890432074351e-01
8.990857240342117196e-01 4.329002626736083714e-01
9.085485075033181701e-01 4.229595608474762680e-01
9.203718662858760835e-01 4.055633326517451565e-01
9.277964734643444622e-01 3.906522799125469736e-01
9.302760635186086979e-01 3.831967535429479099e-01
9.332807824793920570e-01 3.707708762602828223e-01
9.340072183820709029e-01 3.558598235210846950e-01
9.349057048932789549e-01 3.519858735447243259e-01
9.352353710252681029e-01 3.459191216949525360e-01
9.337373015069986293e-01 3.359784198688204881e-01
9.332807824793920570e-01 3.210673671296223608e-01
9.302706554306976461e-01 3.061563143904242335e-01
9.277964734643444622e-01 2.987007880208251143e-01
9.228570417424091232e-01 2.887600861946930664e-01
9.175094766975478988e-01 2.816716880175362814e-01
9.075687748714158509e-01 2.735161974568521281e-01
9.025984239583497715e-01 2.710175630582974393e-01
8.951428975887506523e-01 2.685433810919441999e-01
8.901725466756846838e-01 2.677473713271413813e-01
8.702911430234203660e-01 2.680184294997827177e-01
8.479245639146232305e-01 2.735083239170992830e-01
8.330135111754251032e-01 2.784730894278965030e-01
8.255579848058260950e-01 2.816915953470129907e-01
8.131321075231608964e-01 2.859286157974955667e-01
7.932507038708966896e-01 2.941174726296781339e-01
7.634285983925004349e-01 3.040519319473921067e-01
7.460323701967692678e-01 3.090162385269106804e-01
7.286361420010381007e-01 3.122950686897706385e-01
7.037843874357079255e-01 3.122950686897706385e-01
6.863881592399767584e-01 3.090162385269106804e-01
6.789326328703776392e-01 3.065433499123432215e-01
6.739622819573116708e-01 3.040853348433134040e-01
6.565660537615805037e-01 2.922727861188311183e-01
6.431126520113102929e-01 2.788193843685609075e-01
6.362630578443686513e-01 2.688786825424288596e-01
6.288075314747696432e-01 2.564528052597637720e-01
6.238717373047319992e-01 2.465121034336316685e-01
6.189013863916660307e-01 2.340862261509665254e-01
6.150843334329501033e-01 2.216603488683014378e-01
6.150733694235830384e-01 2.191751734117683981e-01
6.167024961007061545e-01 2.166899979552353583e-01
6.341994746527832572e-01 2.113388540286683659e-01
6.540808783050474640e-01 2.070845975795879701e-01
6.640215801311795119e-01 2.038833276590693022e-01
7.012992119791748857e-01 1.946641283848337678e-01
7.186954401749060528e-01 1.896937774717677438e-01
7.435471947402362280e-01 1.815167485502720557e-01
7.510027211098353472e-01 1.797530756456356404e-01
7.882803529578306101e-01 1.673327837652393568e-01
8.305283357188920634e-01 1.501908446975059319e-01
8.454393884580901908e-01 1.425119483910398666e-01
8.578652657407552784e-01 1.350120438882883578e-01
8.702911430234203660e-01 1.257182386954159847e-01
8.761456428969838228e-01 1.197681551504474751e-01
8.778109411720678157e-01 1.172829796939144353e-01
8.804122204875266533e-01 1.098274533243153717e-01
8.803336963026892059e-01 1.048571024112493477e-01
8.780403719469733748e-01 9.988675149818326826e-02
8.727763184799535168e-01 9.453232801456218359e-02
8.404690375450241113e-01 7.465778280105783704e-02
8.230728093492929442e-01 6.551588737166846865e-02
8.181024584362269758e-01 6.223190551839274942e-02
7.982210547839627690e-01 5.206783375539369985e-02
7.882803529578306101e-01 4.784803439543577896e-02
7.783396511316985622e-01 4.212713192926159644e-02
7.559730720229014267e-01 3.317404969371068324e-02
7.385768438271702596e-01 2.498519286152817154e-02
7.186954401749060528e-01 1.826299695451255589e-02
7.112399138053069336e-01 1.512597219790534631e-02
6.938436856095757665e-01 1.007972552459884819e-02
6.590512292181134324e-01 2.104655650749298612e-03
