3.341346153846154188e-01 0.000000000000000000e+00
3.221153846153845812e-01 1.201923076923078204e-02
3.221153846153845812e-01 2.163461538461536326e-02
3.076923076923077094e-01 4.086538461538463674e-02
3.076923076923077094e-01 5.528846153846156408e-02
3.028846153846154188e-01 6.009615384615385469e-02
3.052884615384615641e-01 6.730769230769229061e-02
3.341346153846154188e-01 8.173076923076921796e-02
3.509615384615384359e-01 1.033653846153846367e-01
3.509615384615384359e-01 1.177884615384615641e-01
3.557692307692307820e-01 1.225961538461538547e-01
3.557692307692307820e-01 1.466346153846153633e-01
3.509615384615384359e-01 1.514423076923077094e-01
3.509615384615384359e-01 1.658653846153846367e-01
3.461538461538461453e-01 1.706730769230769273e-01
3.461538461538461453e-01 1.995192307692307820e-01
3.413461538461538547e-01 2.043269230769230727e-01
3.413461538461538547e-01 2.187500000000000000e-01
3.317307692307692180e-01 2.379807692307692180e-01
3.317307692307692180e-01 3.149038461538461453e-01
3.413461538461538547e-01 3.437500000000000000e-01
3.701923076923077094e-01 3.918269230769230727e-01
3.269230769230769273e-01 4.447115384615384359e-01
3.052884615384615641e-01 4.903846153846153633e-01
2.812500000000000000e-01 4.855769230769230727e-01
2.596153846153845812e-01 4.687500000000000000e-01
2.355769230769230727e-01 4.254807692307692180e-01
2.355769230769230727e-01 3.052884615384615641e-01
2.307692307692307820e-01 3.004807692307692180e-01
2.307692307692307820e-01 2.860576923076922906e-01
2.115384615384615641e-01 2.427884615384615641e-01
1.875000000000000000e-01 2.139423076923077094e-01
1.634615384615384359e-01 1.947115384615384359e-01
1.562500000000000000e-01 1.826923076923077094e-01
1.490384615384615641e-01 1.850961538461538547e-01
1.370192307692307820e-01 2.019230769230769273e-01
1.322115384615384359e-01 2.019230769230769273e-01
1.057692307692307820e-01 2.331730769230769273e-01
1.225961538461538547e-01 2.548076923076922906e-01
1.346153846153846367e-01 2.620192307692307820e-01
1.538461538461538547e-01 2.860576923076922906e-01
1.634615384615384359e-01 3.100961538461538547e-01
1.634615384615384359e-01 4.302884615384615641e-01
1.682692307692307820e-01 4.350961538461538547e-01
1.682692307692307820e-01 4.495192307692307820e-01
1.778846153846153633e-01 4.687500000000000000e-01
1.778846153846153633e-01 4.831730769230769273e-01
1.947115384615384359e-01 5.048076923076922906e-01
2.067307692307692180e-01 5.120192307692307265e-01
2.331730769230769273e-01 5.432692307692307265e-01
2.860576923076922906e-01 5.576923076923077094e-01
2.932692307692307820e-01 5.649038461538461453e-01
2.932692307692307820e-01 6.033653846153845812e-01
2.980769230769230727e-01 6.081730769230768718e-01
2.980769230769230727e-01 6.274038461538461453e-01
3.125000000000000000e-01 6.706730769230768718e-01
2.716346153846154188e-01 7.067307692307691624e-01
2.572115384615384359e-01 7.067307692307691624e-01
2.524038461538461453e-01 7.115384615384615641e-01
1.658653846153846367e-01 7.115384615384615641e-01
1.514423076923077094e-01 7.019230769230768718e-01
1.418269230769230727e-01 7.019230769230768718e-01
8.653846153846156408e-02 6.514423076923077094e-01
8.173076923076921796e-02 6.370192307692308376e-01
6.009615384615385469e-02 6.153846153846154188e-01
5.048076923076921796e-02 6.153846153846154188e-01
2.403846153846156408e-02 6.466346153846154188e-01
2.403846153846156408e-02 6.850961538461538547e-01
7.932692307692307265e-02 7.451923076923077094e-01
1.177884615384615641e-01 7.692307692307691624e-01
1.274038461538461453e-01 7.692307692307691624e-01
1.514423076923077094e-01 7.836538461538461453e-01
2.572115384615384359e-01 7.836538461538461453e-01
2.620192307692307820e-01 7.788461538461538547e-01
2.764423076923077094e-01 7.788461538461538547e-01
2.812500000000000000e-01 7.740384615384615641e-01
2.956730769230769273e-01 7.740384615384615641e-01
3.533653846153845812e-01 7.307692307692308376e-01
3.918269230769230727e-01 7.644230769230768718e-01
4.230769230769230727e-01 7.812500000000000000e-01
3.966346153846154188e-01 8.173076923076922906e-01
3.918269230769230727e-01 8.173076923076922906e-01
3.725961538461538547e-01 8.413461538461538547e-01
3.341346153846154188e-01 8.605769230769231282e-01
3.100961538461538547e-01 8.798076923076922906e-01
3.004807692307692180e-01 8.798076923076922906e-01
2.620192307692307820e-01 8.990384615384615641e-01
2.475961538461538547e-01 8.990384615384615641e-01
2.427884615384615641e-01 9.038461538461538547e-01
1.466346153846153633e-01 9.038461538461538547e-01
1.274038461538461453e-01 8.942307692307691624e-01
1.129807692307692180e-01 8.942307692307691624e-01
9.375000000000000000e-02 8.798076923076922906e-01
8.413461538461536326e-02 8.798076923076922906e-01
7.692307692307692735e-02 8.918269230769231282e-01
7.692307692307692735e-02 9.062500000000000000e-01
7.211538461538463674e-02 9.110576923076922906e-01
7.211538461538463674e-02 9.302884615384615641e-01
7.692307692307692735e-02 9.350961538461538547e-01
7.692307692307692735e-02 9.495192307692308376e-01
8.894230769230770939e-02 9.615384615384615641e-01
1.033653846153846367e-01 9.615384615384615641e-01
1.225961538461538547e-01 9.711538461538461453e-01
1.370192307692307820e-01 9.711538461538461453e-01
1.418269230769230727e-01 9.759615384615384359e-01
2.524038461538461453e-01 9.759615384615384359e-01
2.716346153846154188e-01 9.663461538461538547e-01
2.860576923076922906e-01 9.663461538461538547e-01
3.245192307692307820e-01 9.471153846153845812e-01
3.341346153846154188e-01 9.471153846153845812e-01
4.206730769230769273e-01 8.942307692307691624e-01
4.399038461538461453e-01 8.701923076923077094e-01
4.567307692307692180e-01 8.581730769230768718e-01
4.975961538461538547e-01 8.028846153846154188e-01
5.504807692307692735e-01 8.028846153846154188e-01
5.625000000000000000e-01 8.293269230769231282e-01
5.625000000000000000e-01 8.437500000000000000e-01
5.961538461538461453e-01 9.014423076923077094e-01
6.418269230769231282e-01 9.471153846153845812e-01
6.658653846153845812e-01 9.567307692307691624e-01
6.899038461538461453e-01 9.807692307692308376e-01
7.139423076923077094e-01 9.903846153846154188e-01
7.283653846153845812e-01 9.903846153846154188e-01
7.331730769230768718e-01 9.951923076923077094e-01
7.475961538461538547e-01 9.951923076923077094e-01
7.524038461538461453e-01 1.000000000000000000e+00
8.052884615384615641e-01 1.000000000000000000e+00
8.245192307692308376e-01 9.855769230769231282e-01
8.389423076923077094e-01 9.855769230769231282e-01
8.581730769230768718e-01 9.759615384615384359e-01
8.725961538461538547e-01 9.759615384615384359e-01
9.375000000000000000e-01 9.302884615384615641e-01
9.423076923076922906e-01 9.158653846153845812e-01
9.519230769230768718e-01 9.062500000000000000e-01
9.471153846153845812e-01 8.822115384615384359e-01
9.302884615384615641e-01 8.461538461538461453e-01
9.014423076923077094e-01 8.653846153846154188e-01
8.774038461538461453e-01 8.894230769230768718e-01
8.485576923076922906e-01 9.086538461538461453e-01
8.341346153846154188e-01 9.086538461538461453e-01
8.149038461538461453e-01 9.182692307692308376e-01
8.004807692307691624e-01 9.182692307692308376e-01
7.860576923076922906e-01 9.278846153846154188e-01
7.572115384615384359e-01 9.278846153846154188e-01
7.524038461538461453e-01 9.230769230769231282e-01
7.379807692307691624e-01 9.230769230769231282e-01
6.995192307692308376e-01 8.942307692307691624e-01
6.850961538461538547e-01 8.894230769230768718e-01
6.490384615384615641e-01 8.533653846153845812e-01
6.394230769230768718e-01 8.293269230769231282e-01
6.298076923076922906e-01 8.197115384615384359e-01
6.201923076923077094e-01 7.764423076923077094e-01
6.754807692307691624e-01 7.355769230769231282e-01
7.427884615384615641e-01 7.740384615384615641e-01
8.341346153846154188e-01 7.740384615384615641e-01
8.870192307692308376e-01 7.355769230769231282e-01
9.134615384615384359e-01 7.091346153846154188e-01
9.471153846153845812e-01 6.562500000000000000e-01
9.471153846153845812e-01 6.418269230769231282e-01
9.567307692307691624e-01 6.225961538461538547e-01
9.567307692307691624e-01 6.081730769230768718e-01
9.663461538461538547e-01 5.889423076923077094e-01
9.663461538461538547e-01 5.745192307692307265e-01
9.759615384615384359e-01 5.649038461538461453e-01
9.759615384615384359e-01 5.408653846153845812e-01
9.663461538461538547e-01 5.120192307692307265e-01
9.543269230769231282e-01 4.951923076923077094e-01
9.399038461538461453e-01 5.000000000000000000e-01
9.134615384615384359e-01 5.264423076923077094e-01
8.990384615384615641e-01 5.504807692307692735e-01
8.990384615384615641e-01 5.649038461538461453e-01
8.894230769230768718e-01 5.841346153846154188e-01
8.894230769230768718e-01 5.985576923076922906e-01
8.798076923076922906e-01 6.177884615384615641e-01
8.798076923076922906e-01 6.322115384615384359e-01
8.389423076923077094e-01 6.826923076923077094e-01
8.100961538461538547e-01 7.019230769230768718e-01
7.524038461538461453e-01 7.019230769230768718e-01
7.163461538461538547e-01 6.706730769230768718e-01
7.355769230769231282e-01 6.274038461538461453e-01
7.355769230769231282e-01 6.081730769230768718e-01
7.403846153846154188e-01 6.033653846153845812e-01
7.403846153846154188e-01 5.360576923076922906e-01
7.355769230769231282e-01 5.216346153846154188e-01
7.524038461538461453e-01 5.144230769230768718e-01
8.076923076923077094e-01 4.639423076923077094e-01
8.317307692307691624e-01 4.254807692307692180e-01
8.317307692307691624e-01 4.110576923076922906e-01
8.461538461538461453e-01 3.918269230769230727e-01
8.461538461538461453e-01 3.774038461538461453e-01
8.557692307692308376e-01 3.581730769230769273e-01
8.557692307692308376e-01 2.572115384615384359e-01
8.990384615384615641e-01 2.091346153846153633e-01
8.942307692307691624e-01 1.947115384615384359e-01
8.581730769230768718e-01 1.538461538461538547e-01
8.533653846153845812e-01 1.538461538461538547e-01
8.125000000000000000e-01 1.947115384615384359e-01
7.836538461538461453e-01 2.475961538461538547e-01
7.836538461538461453e-01 3.485576923076922906e-01
7.788461538461538547e-01 3.533653846153845812e-01
7.788461538461538547e-01 3.677884615384615641e-01
7.644230769230768718e-01 3.870192307692307820e-01
7.644230769230768718e-01 4.014423076923077094e-01
7.331730769230768718e-01 4.375000000000000000e-01
7.139423076923077094e-01 4.519230769230769273e-01
7.067307692307691624e-01 4.495192307692307820e-01
6.826923076923077094e-01 4.110576923076922906e-01
6.442307692307691624e-01 3.774038461538461453e-01
6.682692307692308376e-01 3.581730769230769273e-01
6.826923076923077094e-01 3.341346153846154188e-01
6.826923076923077094e-01 3.197115384615384359e-01
6.971153846153845812e-01 3.004807692307692180e-01
6.971153846153845812e-01 2.427884615384615641e-01
6.826923076923077094e-01 2.235576923076922906e-01
6.826923076923077094e-01 2.091346153846153633e-01
6.730769230769231282e-01 1.899038461538461453e-01
6.730769230769231282e-01 1.033653846153846367e-01
6.778846153846154188e-01 9.855769230769229061e-02
6.562500000000000000e-01 6.730769230769229061e-02
6.274038461538461453e-01 6.730769230769229061e-02
6.177884615384615641e-01 6.250000000000000000e-02
6.009615384615384359e-01 8.413461538461536326e-02
6.009615384615384359e-01 1.947115384615384359e-01
6.057692307692307265e-01 1.995192307692307820e-01
6.057692307692307265e-01 2.139423076923077094e-01
6.153846153846154188e-01 2.331730769230769273e-01
6.153846153846154188e-01 2.475961538461538547e-01
6.250000000000000000e-01 2.620192307692307820e-01
6.250000000000000000e-01 2.812500000000000000e-01
6.153846153846154188e-01 2.956730769230769273e-01
6.153846153846154188e-01 3.100961538461538547e-01
5.697115384615384359e-01 3.413461538461538547e-01
5.504807692307692735e-01 3.413461538461538547e-01
5.456730769230768718e-01 3.365384615384615641e-01
4.879807692307692180e-01 3.365384615384615641e-01
4.831730769230769273e-01 3.413461538461538547e-01
4.639423076923077094e-01 3.413461538461538547e-01
4.350961538461538547e-01 3.509615384615384359e-01
4.134615384615384359e-01 3.293269230769230727e-01
4.038461538461538547e-01 3.052884615384615641e-01
4.038461538461538547e-01 2.475961538461538547e-01
4.086538461538461453e-01 2.427884615384615641e-01
4.086538461538461453e-01 2.283653846153846367e-01
4.134615384615384359e-01 2.235576923076922906e-01
4.134615384615384359e-01 2.091346153846153633e-01
4.182692307692307820e-01 2.043269230769230727e-01
4.182692307692307820e-01 1.754807692307692180e-01
4.230769230769230727e-01 1.706730769230769273e-01
4.230769230769230727e-01 1.562500000000000000e-01
4.278846153846154188e-01 1.514423076923077094e-01
4.278846153846154188e-01 1.177884615384615641e-01
4.230769230769230727e-01 1.129807692307692180e-01
4.230769230769230727e-01 9.855769230769229061e-02
4.182692307692307820e-01 9.375000000000000000e-02
4.182692307692307820e-01 7.932692307692307265e-02
3.942307692307692180e-01 4.086538461538463674e-02
