6.384907171038999296e-01 1.060572807513063265e-01
5.825579379298387872e-01 1.060572807513063265e-01
5.769646600124326286e-01 1.075035318295453068e-01
5.713713820950265809e-01 1.125325755710727127e-01
5.690910457133147027e-01 1.195241729678303555e-01
5.684077796164008767e-01 3.320687338292628299e-01
5.638419695139029741e-01 3.544418454988872424e-01
5.622070113534303193e-01 3.768149571685117660e-01
5.498553049450046748e-01 4.271544584251668053e-01
5.386606942744818216e-01 4.551208480121973765e-01
5.154386029209653275e-01 4.787551890161388934e-01
5.098453250035592799e-01 4.804583969780470976e-01
5.042520470861531212e-01 4.783595860261822819e-01
5.001606678687912089e-01 4.719006817644157414e-01
4.922084567317382975e-01 4.495275700947912734e-01
4.854500282407187006e-01 4.215611805077607022e-01
4.838150700802461013e-01 3.991880688381361786e-01
4.798567503233125975e-01 3.824082350859178692e-01
4.800288511823097015e-01 3.208821779944505681e-01
4.936518832910689603e-01 2.929157884074199414e-01
5.005949038324645217e-01 2.649493988203893702e-01
5.022298619929370656e-01 2.425762871507649021e-01
5.061881817498705693e-01 2.257964533985465927e-01
5.078231399103432242e-01 1.810502300592976566e-01
5.117814596672767280e-01 1.642703963070792916e-01
5.118167262367433468e-01 1.195241729678303555e-01
5.098453250035592799e-01 1.138553102137024875e-01
5.042520470861531212e-01 1.101472070474729947e-01
4.706923795817163914e-01 1.119947603867067487e-01
4.427259899946858202e-01 1.191046771240249491e-01
4.336673116284520679e-01 1.251174508852364586e-01
4.303741679270806642e-01 1.307107288026425618e-01
4.279683413356835109e-01 1.586771183896731330e-01
4.240100215787500071e-01 1.754569521418914979e-01
4.223750634182774077e-01 2.202031754811404340e-01
4.184167436613439039e-01 2.369830092333587990e-01
4.166096846418742006e-01 2.593561209029832670e-01
4.029866525331149418e-01 2.873225104900138938e-01
3.960436319917194359e-01 3.152889000770444650e-01
3.954335729766176866e-01 3.824082350859178692e-01
4.000019517486529397e-01 4.047813467555423372e-01
4.016369099091255390e-01 4.271544584251668053e-01
4.139927800480108222e-01 4.774939596818218446e-01
4.211196986847057788e-01 4.998670713514463126e-01
4.225471642772745673e-01 5.110536271862585744e-01
4.214430935123523736e-01 5.166469051036646221e-01
4.147596004076552489e-01 5.243635570452712669e-01
4.035730445728430427e-01 5.251285150603870466e-01
3.923864887380307809e-01 5.188519473595651910e-01
3.784032939445154953e-01 5.054603492688524158e-01
3.697680578615025193e-01 4.942737934340402095e-01
3.596609065370669489e-01 4.719006817644157414e-01
3.410981278346728596e-01 4.439342921773851147e-01
3.299893473807379296e-01 4.215611805077607022e-01
3.244237229320882099e-01 4.047813467555423372e-01
3.216100104754687217e-01 3.712216792511056074e-01
3.170442003729707636e-01 3.488485675814811393e-01
3.170442003729707636e-01 2.425762871507649021e-01
3.216100104754687217e-01 2.202031754811404340e-01
3.233444644450490513e-01 1.810502300592976566e-01
3.196738758117512180e-01 1.760162799336321138e-01
3.140805978943451704e-01 1.746372476195129919e-01
3.084873199769390117e-01 1.757159001936233200e-01
2.693343745550962343e-01 2.012182994730216112e-01
2.362587407165889219e-01 2.313897313159526958e-01
2.333119951318015639e-01 2.425762871507649021e-01
2.332285133718402514e-01 3.600351234162934011e-01
2.377968921438755046e-01 3.824082350859178692e-01
2.394318503043481594e-01 4.047813467555423372e-01
2.517751496176655057e-01 4.495275700947912734e-01
2.684853948712042637e-01 4.830872375992279477e-01
2.864517336988821605e-01 5.110536271862585744e-01
2.964666788386539076e-01 5.334267388558829870e-01
3.118755556384446015e-01 5.557998505255075106e-01
3.375215171663834557e-01 5.837662401125380818e-01
3.394399511639406564e-01 5.893595180299442404e-01
3.365064763367753287e-01 6.005460738647564467e-01
3.308604316465634798e-01 6.057478223279441076e-01
3.196738758117512180e-01 6.086855454609817473e-01
3.084873199769390117e-01 6.081615368753785500e-01
2.861142083073145437e-01 6.014171581305820524e-01
2.693343745550962343e-01 5.916721233227177912e-01
2.446486575926980489e-01 5.669864063603197168e-01
2.012661798995200035e-01 4.998670713514463126e-01
1.736526449352063239e-01 4.495275700947912734e-01
1.666331869485700445e-01 4.159679025903545435e-01
1.649982287880974452e-01 3.935947909207300754e-01
1.610399090311639414e-01 3.768149571685117660e-01
1.578006208291928281e-01 3.432552896640750362e-01
1.518755382895677353e-01 3.345785380229706618e-01
1.462822603721616321e-01 3.337848531902851690e-01
1.406889824547554735e-01 3.375954251047950105e-01
1.125754013435826262e-01 3.712216792511056074e-01
1.054702918392237398e-01 3.880015130033239723e-01
8.804348065320494188e-02 4.159679025903545435e-01
8.516882214345378177e-02 4.271544584251668053e-01
8.844268190807563768e-02 4.663074038470096383e-01
9.510867381203369497e-02 4.830872375992279477e-01
1.136714525144276733e-01 5.110536271862585744e-01
1.286534469360512967e-01 5.390200167732891456e-01
1.578063415985414553e-01 5.837662401125380818e-01
1.648159185561089979e-01 6.005460738647564467e-01
1.720436077032917455e-01 6.117326296995686530e-01
2.245881512158472426e-01 6.628212306773049178e-01
2.581478187202839725e-01 6.796313558936544208e-01
2.917074862247206468e-01 6.891950897461851522e-01
3.053411011483980753e-01 6.956317984606603666e-01
3.094998961516418623e-01 7.012250763780665253e-01
3.107676563586506679e-01 7.068183542954726839e-01
3.094195329631733715e-01 7.180049101302848902e-01
3.044568697129257928e-01 7.235981880476909378e-01
2.973007641421268055e-01 7.259645748589012015e-01
2.189948732984411395e-01 7.256203731409069935e-01
1.910284837114105683e-01 7.181471121112359413e-01
1.686553720417861002e-01 7.060389631102603758e-01
1.574688162069738384e-01 7.020174574163657866e-01
1.462822603721616321e-01 6.948238805392572548e-01
1.350957045373493703e-01 6.824875953547560048e-01
1.183158707851310054e-01 6.699780141664035682e-01
9.363015382273293108e-02 6.452922972040053828e-01
6.233487369798873523e-02 6.061393517821624943e-01
5.737620573339180519e-02 5.893595180299442404e-01
5.185755953013282404e-02 5.781729621951319231e-01
4.000997994144539494e-02 5.659528658755815789e-01
3.441670202403929180e-02 5.647618071886241209e-01
2.882342410663313315e-02 5.695593142023265276e-01
2.525233128244308567e-02 5.893595180299442404e-01
2.150555216469346442e-02 6.005460738647564467e-01
1.199618969409782521e-02 6.173259076169748116e-01
0.000000000000000000e+00 6.564788530388175891e-01
4.497941843197184042e-03 6.676654088736297954e-01
1.994947356459458865e-02 6.844452426258481603e-01
3.221165976813883391e-02 7.012250763780665253e-01
6.238309161106986300e-02 7.313965082209975543e-01
7.439592713822612557e-02 7.403780217999094138e-01
9.594275911550653735e-02 7.635002331906149964e-01
1.630620941243799416e-01 7.968971930136985460e-01
2.022150395462227745e-01 8.082520054166867363e-01
2.134015953810350363e-01 8.100435504876020154e-01
3.196738758117512180e-01 8.100435504876020154e-01
3.420469874813757416e-01 8.071598314172151456e-01
3.476402653987818447e-01 8.095668696382229967e-01
3.756066549858124159e-01 8.376687886517137915e-01
4.035730445728430427e-01 8.585859577865189163e-01
4.483192679120919788e-01 8.809893609202745779e-01
4.650991016643102882e-01 8.865578962603724023e-01
5.042520470861531212e-01 8.939427192486937290e-01
5.489982704254020573e-01 8.939427192486937290e-01
5.881512158472448348e-01 8.865578962603724023e-01
6.049310495994631998e-01 8.809893609202745779e-01
6.496772729387121359e-01 8.585859577865189163e-01
6.776436625257427071e-01 8.376687886517137915e-01
6.966285385338616409e-01 8.186839126435949687e-01
7.056100521127732783e-01 8.069380290170421466e-01
7.167966079475855956e-01 8.001124820584575303e-01
7.503562754520223255e-01 7.970654495818745300e-01
8.062890546260834679e-01 7.803103584069644993e-01
8.510352779653324040e-01 7.562867712863021730e-01
8.845949454697690228e-01 7.465576917570435622e-01
8.957815013045813402e-01 7.411271215209904728e-01
9.181546129742057527e-01 7.212855827549172760e-01
9.349344467264242287e-01 7.090233965513731418e-01
9.975283114203052914e-01 6.452922972040053828e-01
1.000000000000000000e+00 6.341057413691930655e-01
9.965079044782085838e-01 6.173259076169748116e-01
9.845973417833929764e-01 5.949527959473502881e-01
9.804353186735770276e-01 5.781729621951319231e-01
9.740873921482668951e-01 5.638701515206220316e-01
9.684941142308608475e-01 5.602415712246241464e-01
9.629008363134547999e-01 5.613371956637395188e-01
9.484336078540100967e-01 5.781729621951319231e-01
8.790016675523629752e-01 6.476049024967790446e-01
8.510352779653324040e-01 6.679064984390352677e-01
8.230688883783018328e-01 6.780725735232296936e-01
7.783226650390528967e-01 7.015626017696341421e-01
7.615428312868345317e-01 7.074949604951588089e-01
7.503562754520223255e-01 7.074561842334224915e-01
7.447629975346161668e-01 7.026233958574180649e-01
7.427092157993185895e-01 6.956317984606603666e-01
7.451468499407125634e-01 6.844452426258481603e-01
7.499113556176830730e-01 6.788519647084421127e-01
7.839159429564590553e-01 6.628212306773049178e-01
8.033782671384537277e-01 6.452922972040053828e-01
8.127467482216341743e-01 6.341057413691930655e-01
8.431293947551525836e-01 5.893595180299442404e-01
8.588335981386390205e-01 5.725796842777258755e-01
8.710957843421831548e-01 5.557998505255075106e-01
8.867999877256695918e-01 5.390200167732891456e-01
9.133954203602725475e-01 4.998670713514463126e-01
9.245025394995158852e-01 4.719006817644157414e-01
9.292036291880982901e-01 4.495275700947912734e-01
9.256840255553293595e-01 4.103746246729484404e-01
9.217257057983958557e-01 3.935947909207300754e-01
9.189092615821097265e-01 3.600351234162934011e-01
9.070154577997106005e-01 3.208821779944505681e-01
8.957815013045813402e-01 3.031934365806537857e-01
8.901882233871751815e-01 2.974525582737604923e-01
8.845949454697690228e-01 2.948938988904050706e-01
8.790016675523629752e-01 2.978099065851503302e-01
8.714722549712393684e-01 3.320687338292628299e-01
8.698372968107668246e-01 3.544418454988872424e-01
8.462854308449954122e-01 4.439342921773851147e-01
8.401862475220878146e-01 4.607141259296034796e-01
8.253814936710754946e-01 4.830872375992279477e-01
8.096772902875890576e-01 4.998670713514463126e-01
7.973507771698364888e-01 5.166469051036646221e-01
7.816676645778937171e-01 5.334267388558829870e-01
7.512366988279103319e-01 5.781729621951319231e-01
7.391697196172100082e-01 5.901222377459541812e-01
7.223898858649917543e-01 5.969910243409812800e-01
7.167966079475855956e-01 5.958850089335846478e-01
7.103062948924823150e-01 5.893595180299442404e-01
7.089954571680454620e-01 5.837662401125380818e-01
7.104264858749842482e-01 5.781729621951319231e-01
7.145949985545640981e-01 5.725796842777258755e-01
7.354991309839122859e-01 5.557998505255075106e-01
7.592945529082693046e-01 5.222401830210707807e-01
7.790995091942480855e-01 4.998670713514463126e-01
7.845119479804447682e-01 4.886805155166340509e-01
8.070558749857277281e-01 4.103746246729484404e-01
8.166185759412931677e-01 3.712216792511056074e-01
8.238235369862058066e-01 3.488485675814811393e-01
8.266399812024918248e-01 3.152889000770444650e-01
8.312083599745270224e-01 2.929157884074199414e-01
8.312083599745270224e-01 2.537628429855771639e-01
8.290747851584674422e-01 2.425762871507649021e-01
8.230688883783018328e-01 2.324128919106001612e-01
7.927898934984974888e-01 2.034233417289221246e-01
7.839159429564590553e-01 1.915376261544340930e-01
7.559495533694283731e-01 1.684070914334942493e-01
7.503562754520223255e-01 1.662014089214218782e-01
7.447629975346161668e-01 1.689957517890257610e-01
7.427587396142123488e-01 1.754569521418914979e-01
7.422168038557970249e-01 2.313897313159526958e-01
7.467851826278322225e-01 2.537628429855771639e-01
7.473926729733966212e-01 2.873225104900138938e-01
7.428268628708987187e-01 3.096956221596383063e-01
7.411919047104260638e-01 3.320687338292628299e-01
7.176536424671881020e-01 4.215611805077607022e-01
7.058511416781788617e-01 4.551208480121973765e-01
6.783296305722171793e-01 4.942737934340402095e-01
6.496772729387121359e-01 5.187048092430877055e-01
6.384907171038999296e-01 5.231874317006315334e-01
6.328974391864938820e-01 5.225611088032170448e-01
6.217108833516815647e-01 5.179487887568540172e-01
6.127965966708155410e-01 5.110536271862585744e-01
6.102832379514638861e-01 5.054603492688524158e-01
6.103844955689341489e-01 4.998670713514463126e-01
6.280709816287319835e-01 4.551208480121973765e-01
6.376336825842974232e-01 4.159679025903545435e-01
6.448386436292100621e-01 3.935947909207300754e-01
6.476550878454960802e-01 3.600351234162934011e-01
6.522234666175312778e-01 3.376620117466688775e-01
6.519576093204239031e-01 1.195241729678303555e-01
6.505113582421849783e-01 1.139308950504241968e-01
6.454823145006576279e-01 1.083376171330180937e-01
