6.645021645021644829e-01 2.099567099567099526e-01
6.428571428571427937e-01 2.099567099567099526e-01
6.363636363636363535e-01 2.164502164502164483e-01
6.363636363636363535e-01 2.294372294372294396e-01
6.233766233766233622e-01 2.467532467532467799e-01
6.233766233766233622e-01 2.554112554112554223e-01
6.190476190476190688e-01 2.597402597402597157e-01
6.190476190476190688e-01 2.727272727272727071e-01
5.995670995670995262e-01 3.008658008658008365e-01
5.974025974025973795e-01 2.943722943722943963e-01
6.017316017316016730e-01 2.900432900432900474e-01
6.017316017316016730e-01 2.770562770562770560e-01
6.060606060606060774e-01 2.727272727272727071e-01
6.060606060606060774e-01 2.467532467532467799e-01
6.103896103896103709e-01 2.424242424242424310e-01
6.103896103896103709e-01 2.294372294372294396e-01
6.147186147186147753e-01 2.251082251082250907e-01
6.125541125541125176e-01 2.099567099567099526e-01
5.519480519480519654e-01 2.099567099567099526e-01
5.497835497835498186e-01 2.207792207792207972e-01
5.454545454545454142e-01 2.251082251082250907e-01
5.454545454545454142e-01 2.337662337662337886e-01
5.411255411255411207e-01 2.380952380952380820e-01
5.411255411255411207e-01 2.683982683982684136e-01
5.238095238095238360e-01 2.900432900432900474e-01
5.173160173160172848e-01 3.008658008658008365e-01
4.653679653679653749e-01 3.008658008658008365e-01
4.588744588744588793e-01 2.900432900432900474e-01
4.588744588744588793e-01 2.640692640692640647e-01
4.545454545454545303e-01 2.597402597402597157e-01
4.545454545454545303e-01 2.467532467532467799e-01
4.502164502164502369e-01 2.424242424242424310e-01
4.480519480519480346e-01 2.142857142857143016e-01
4.437229437229437412e-01 2.186147186147185950e-01
4.177489177489177585e-01 2.186147186147185950e-01
4.134199134199134096e-01 2.229437229437229440e-01
4.004329004329004182e-01 2.229437229437229440e-01
3.961038961038960693e-01 2.272727272727272929e-01
3.852813852813852802e-01 2.294372294372294396e-01
3.852813852813852802e-01 2.510822510822510734e-01
3.896103896103896291e-01 2.554112554112554223e-01
3.896103896103896291e-01 2.640692640692640647e-01
3.939393939393939226e-01 2.683982683982684136e-01
3.939393939393939226e-01 2.987012987012986898e-01
3.982683982683982715e-01 3.030303030303030387e-01
3.874458874458874269e-01 3.051948051948051854e-01
3.831168831168831335e-01 3.095238095238095344e-01
3.571428571428571508e-01 3.095238095238095344e-01
3.506493506493506551e-01 3.030303030303030387e-01
3.506493506493506551e-01 2.727272727272727071e-01
3.463203463203463617e-01 2.683982683982684136e-01
3.463203463203463617e-01 2.597402597402597157e-01
3.419913419913419572e-01 2.554112554112554223e-01
3.398268398268398105e-01 2.359307359307359353e-01
2.878787878787878451e-01 2.359307359307359353e-01
2.770562770562770560e-01 2.424242424242424310e-01
2.770562770562770560e-01 2.597402597402597157e-01
2.813852813852814050e-01 2.640692640692640647e-01
2.813852813852814050e-01 2.770562770562770560e-01
2.857142857142856984e-01 2.813852813852814050e-01
2.857142857142856984e-01 3.073593073593073877e-01
2.900432900432900474e-01 3.116883116883116811e-01
2.900432900432900474e-01 3.203463203463203790e-01
2.835497835497835517e-01 3.268398268398268192e-01
2.705627705627705604e-01 3.268398268398268192e-01
2.619047619047619180e-01 3.311688311688311681e-01
2.554112554112554223e-01 3.246753246753246724e-01
2.554112554112554223e-01 3.116883116883116811e-01
2.510822510822510734e-01 3.073593073593073877e-01
2.489177489177489266e-01 2.445887445887445777e-01
2.445887445887445777e-01 2.489177489177489266e-01
2.316017316017315864e-01 2.489177489177489266e-01
2.272727272727272929e-01 2.532467532467532756e-01
2.142857142857143016e-01 2.532467532467532756e-01
2.099567099567099526e-01 2.575757575757575690e-01
2.012987012987013102e-01 2.575757575757575690e-01
1.861471861471861722e-01 2.683982683982684136e-01
1.861471861471861722e-01 3.116883116883116811e-01
1.904761904761904656e-01 3.160173160173160301e-01
1.904761904761904656e-01 3.290043290043289659e-01
1.948051948051948146e-01 3.333333333333333703e-01
1.948051948051948146e-01 3.463203463203463617e-01
1.991341991341991080e-01 3.506493506493506551e-01
1.883116883116883189e-01 3.528138528138528018e-01
1.753246753246753276e-01 3.614718614718614997e-01
1.601731601731601895e-01 3.593073593073592975e-01
1.601731601731601895e-01 3.463203463203463617e-01
1.558441558441558406e-01 3.419913419913419572e-01
1.558441558441558406e-01 3.333333333333333703e-01
1.515151515151514916e-01 3.290043290043289659e-01
1.515151515151514916e-01 2.813852813852814050e-01
1.406926406926407025e-01 2.792207792207792583e-01
1.233766233766233622e-01 2.922077922077921941e-01
1.147186147186147198e-01 2.922077922077921941e-01
8.658008658008659042e-02 3.116883116883116811e-01
8.658008658008659042e-02 3.333333333333333703e-01
9.090909090909088386e-02 3.376623376623376638e-01
9.090909090909088386e-02 3.506493506493506551e-01
9.523809523809523281e-02 3.549783549783549486e-01
9.523809523809523281e-02 3.636363636363636465e-01
9.956709956709958176e-02 3.679653679653679399e-01
9.956709956709958176e-02 3.809523809523809312e-01
1.082251082251082241e-01 3.939393939393939226e-01
8.874458874458873714e-02 4.047619047619047672e-01
7.575757575757574580e-02 4.177489177489177585e-01
7.142857142857145236e-02 4.177489177489177585e-01
3.030303030303027612e-02 4.588744588744588793e-01
3.030303030303027612e-02 4.632034632034631727e-01
2.164502164502163373e-02 4.718614718614718706e-01
4.329004329004348950e-03 5.064935064935064402e-01
4.329004329004348950e-03 5.194805194805194315e-01
0.000000000000000000e+00 5.238095238095238360e-01
0.000000000000000000e+00 5.670995670995671034e-01
4.329004329004348950e-03 5.714285714285713969e-01
4.329004329004348950e-03 5.844155844155843882e-01
2.164502164502163373e-02 6.190476190476190688e-01
3.030303030303027612e-02 6.277056277056276556e-01
3.030303030303027612e-02 6.320346320346320601e-01
7.142857142857145236e-02 6.731601731601731808e-01
7.575757575757574580e-02 6.731601731601731808e-01
8.874458874458873714e-02 6.861471861471861722e-01
9.307359307359308609e-02 6.861471861471861722e-01
1.017316017316017285e-01 6.948051948051947591e-01
1.060606060606060774e-01 6.948051948051947591e-01
1.147186147186147198e-01 7.034632034632034570e-01
1.666666666666666852e-01 7.294372294372294396e-01
1.753246753246753276e-01 7.294372294372294396e-01
1.883116883116883189e-01 7.380952380952381375e-01
1.969696969696969613e-01 7.380952380952381375e-01
2.099567099567099526e-01 7.467532467532467244e-01
2.186147186147185950e-01 7.467532467532467244e-01
2.229437229437229440e-01 7.510822510822510178e-01
2.359307359307359353e-01 7.510822510822510178e-01
2.402597402597402843e-01 7.554112554112554223e-01
2.489177489177489266e-01 7.554112554112554223e-01
2.532467532467532756e-01 7.597402597402597157e-01
2.662337662337662669e-01 7.597402597402597157e-01
2.705627705627705604e-01 7.640692640692641202e-01
2.835497835497835517e-01 7.640692640692641202e-01
2.878787878787878451e-01 7.683982683982684136e-01
3.008658008658008365e-01 7.683982683982684136e-01
3.051948051948051854e-01 7.727272727272727071e-01
3.225108225108225257e-01 7.727272727272727071e-01
3.268398268398268192e-01 7.770562770562770005e-01
3.528138528138528018e-01 7.770562770562770005e-01
3.571428571428571508e-01 7.813852813852814050e-01
3.831168831168831335e-01 7.813852813852814050e-01
3.874458874458874269e-01 7.857142857142856984e-01
4.307359307359307499e-01 7.857142857142856984e-01
4.350649350649350433e-01 7.900432900432901029e-01
5.649350649350649567e-01 7.900432900432901029e-01
5.692640692640692501e-01 7.857142857142856984e-01
6.125541125541125176e-01 7.857142857142856984e-01
6.168831168831169220e-01 7.813852813852814050e-01
6.428571428571427937e-01 7.813852813852814050e-01
6.471861471861471982e-01 7.770562770562770005e-01
6.731601731601731808e-01 7.770562770562770005e-01
6.774891774891774743e-01 7.727272727272727071e-01
6.948051948051947591e-01 7.727272727272727071e-01
6.991341991341991635e-01 7.683982683982684136e-01
7.121212121212121549e-01 7.683982683982684136e-01
7.164502164502164483e-01 7.640692640692641202e-01
7.294372294372294396e-01 7.640692640692641202e-01
7.337662337662337331e-01 7.597402597402597157e-01
7.467532467532467244e-01 7.597402597402597157e-01
7.510822510822510178e-01 7.554112554112554223e-01
7.597402597402597157e-01 7.554112554112554223e-01
7.640692640692641202e-01 7.510822510822510178e-01
7.770562770562770005e-01 7.510822510822510178e-01
7.813852813852814050e-01 7.467532467532467244e-01
7.900432900432901029e-01 7.467532467532467244e-01
8.030303030303029832e-01 7.380952380952381375e-01
8.116883116883116811e-01 7.380952380952381375e-01
8.246753246753246724e-01 7.294372294372294396e-01
8.333333333333332593e-01 7.294372294372294396e-01
8.852813852813852247e-01 7.034632034632034570e-01
8.939393939393939226e-01 6.948051948051947591e-01
8.982683982683983270e-01 6.948051948051947591e-01
9.069264069264069139e-01 6.861471861471861722e-01
9.112554112554112073e-01 6.861471861471861722e-01
9.242424242424243097e-01 6.731601731601731808e-01
9.285714285714286031e-01 6.731601731601731808e-01
9.696969696969697239e-01 6.320346320346320601e-01
9.696969696969697239e-01 6.277056277056276556e-01
9.783549783549783108e-01 6.190476190476190688e-01
9.956709956709957066e-01 5.844155844155843882e-01
9.956709956709957066e-01 5.714285714285713969e-01
1.000000000000000000e+00 5.670995670995671034e-01
1.000000000000000000e+00 5.238095238095238360e-01
9.956709956709957066e-01 5.194805194805194315e-01
9.956709956709957066e-01 5.064935064935064402e-01
9.783549783549783108e-01 4.718614718614718706e-01
9.696969696969697239e-01 4.632034632034631727e-01
9.696969696969697239e-01 4.588744588744588793e-01
9.285714285714286031e-01 4.177489177489177585e-01
9.242424242424243097e-01 4.177489177489177585e-01
9.112554112554112073e-01 4.047619047619047672e-01
9.069264069264069139e-01 4.047619047619047672e-01
8.982683982683983270e-01 3.961038961038960693e-01
8.939393939393939226e-01 3.961038961038960693e-01
8.852813852813852247e-01 3.874458874458874269e-01
8.333333333333332593e-01 3.614718614718614997e-01
8.225108225108225257e-01 3.593073593073592975e-01
8.354978354978355171e-01 3.419913419913419572e-01
8.354978354978355171e-01 3.376623376623376638e-01
8.484848484848485084e-01 3.203463203463203790e-01
8.484848484848485084e-01 3.073593073593073877e-01
8.614718614718614997e-01 2.900432900432900474e-01
8.614718614718614997e-01 2.770562770562770560e-01
8.549783549783549486e-01 2.705627705627705604e-01
8.419913419913420682e-01 2.662337662337662669e-01
8.333333333333332593e-01 2.575757575757575690e-01
8.246753246753246724e-01 2.575757575757575690e-01
8.203463203463203790e-01 2.532467532467532756e-01
8.030303030303029832e-01 2.532467532467532756e-01
8.008658008658009475e-01 2.683982683982684136e-01
7.878787878787878451e-01 2.857142857142856984e-01
7.878787878787878451e-01 2.987012987012986898e-01
7.792207792207792583e-01 3.073593073593073877e-01
7.792207792207792583e-01 3.116883116883116811e-01
7.683982683982684136e-01 3.225108225108225257e-01
7.489177489177489822e-01 3.203463203463203790e-01
7.619047619047618625e-01 2.987012987012986898e-01
7.619047619047618625e-01 2.900432900432900474e-01
7.662337662337661559e-01 2.857142857142856984e-01
7.662337662337661559e-01 2.727272727272727071e-01
7.705627705627705604e-01 2.683982683982684136e-01
7.705627705627705604e-01 2.597402597402597157e-01
7.792207792207792583e-01 2.424242424242424310e-01
7.727272727272727071e-01 2.359307359307359353e-01
7.640692640692641202e-01 2.359307359307359353e-01
7.597402597402597157e-01 2.316017316017315864e-01
7.467532467532467244e-01 2.316017316017315864e-01
7.424242424242424310e-01 2.272727272727272929e-01
7.164502164502164483e-01 2.272727272727272929e-01
7.099567099567098971e-01 2.380952380952380820e-01
7.099567099567098971e-01 2.467532467532467799e-01
7.056277056277056037e-01 2.510822510822510734e-01
7.056277056277056037e-01 2.640692640692640647e-01
7.012987012987013102e-01 2.683982683982684136e-01
7.012987012987013102e-01 2.770562770562770560e-01
6.926406926406926123e-01 2.943722943722943963e-01
6.839826839826839144e-01 3.030303030303030387e-01
6.839826839826839144e-01 3.073593073593073877e-01
6.774891774891774743e-01 3.138528138528138278e-01
6.666666666666666297e-01 3.116883116883116811e-01
6.796536796536796210e-01 2.943722943722943963e-01
6.796536796536796210e-01 2.813852813852814050e-01
6.839826839826839144e-01 2.770562770562770560e-01
6.839826839826839144e-01 2.683982683982684136e-01
6.969696969696970168e-01 2.510822510822510734e-01
6.969696969696970168e-01 2.380952380952380820e-01
7.012987012987013102e-01 2.337662337662337886e-01
7.012987012987013102e-01 2.207792207792207972e-01
6.948051948051947591e-01 2.142857142857143016e-01
6.688311688311687764e-01 2.142857142857143016e-01
