3.418079096045197884e-01 0.000000000000000000e+00
3.305084745762711940e-01 0.000000000000000000e+00
3.248587570621468967e-01 5.649717514124297235e-03
3.079096045197740050e-01 5.649717514124297235e-03
2.994350282485875869e-01 1.412429378531071533e-02
2.994350282485875869e-01 2.542372881355930980e-02
2.937853107344632897e-01 3.107344632768360704e-02
2.937853107344632897e-01 5.932203389830509321e-02
2.881355932203389925e-01 6.497175141242939045e-02
2.881355932203389925e-01 8.192090395480228215e-02
2.824858757062146952e-01 8.757062146892657939e-02
2.824858757062146952e-01 9.887005649717511835e-02
2.768361581920903980e-01 1.045197740112994156e-01
2.768361581920903980e-01 1.949152542372881158e-01
2.824858757062146952e-01 2.005649717514124131e-01
2.824858757062146952e-01 2.118644067796610075e-01
2.881355932203389925e-01 2.175141242937853048e-01
2.881355932203389925e-01 2.288135593220338992e-01
3.220338983050847759e-01 2.853107344632768161e-01
2.711864406779661008e-01 3.474576271186440302e-01
2.457627118644067910e-01 4.011299435028248261e-01
2.175141242937853048e-01 3.954802259887005844e-01
1.920903954802259950e-01 3.757062146892655163e-01
1.694915254237288060e-01 3.418079096045197884e-01
1.694915254237288060e-01 3.305084745762711940e-01
1.638418079096045088e-01 3.248587570621468967e-01
1.638418079096045088e-01 1.836158192090395214e-01
1.581920903954802116e-01 1.779661016949152796e-01
1.553672316384180907e-01 1.581920903954802116e-01
1.497175141242937935e-01 1.638418079096045088e-01
1.045197740112994156e-01 1.638418079096045088e-01
7.909604519774010578e-02 1.949152542372881158e-01
7.909604519774010578e-02 3.305084745762711940e-01
8.474576271186440302e-02 3.361581920903954912e-01
8.474576271186440302e-02 3.531073446327683829e-01
9.039548022598870025e-02 3.587570621468926246e-01
9.039548022598870025e-02 3.700564971751412191e-01
9.604519774011299749e-02 3.757062146892655163e-01
9.604519774011299749e-02 3.926553672316384080e-01
1.158192090395480101e-01 4.180790960451977734e-01
1.299435028248587809e-01 4.265536723163841915e-01
1.299435028248587809e-01 4.322033898305084887e-01
1.610169491525423879e-01 4.632768361581920957e-01
1.892655367231638186e-01 4.745762711864406902e-01
2.062146892655367103e-01 4.745762711864406902e-01
2.118644067796610075e-01 4.802259887005649874e-01
2.231638418079096020e-01 4.802259887005649874e-01
2.316384180790960201e-01 4.887005649717514055e-01
2.316384180790960201e-01 5.338983050847457834e-01
2.372881355932203173e-01 5.395480225988700251e-01
2.372881355932203173e-01 5.621468926553672141e-01
2.429378531073446146e-01 5.677966101694915668e-01
2.429378531073446146e-01 5.790960451977401613e-01
2.485875706214689118e-01 5.847457627118644030e-01
2.485875706214689118e-01 5.960451977401129975e-01
2.542372881355932090e-01 6.016949152542372392e-01
2.542372881355932090e-01 6.129943502824858337e-01
2.062146892655367103e-01 6.553672316384180352e-01
1.892655367231638186e-01 6.553672316384180352e-01
1.836158192090395214e-01 6.610169491525423879e-01
8.192090395480228215e-02 6.610169491525423879e-01
6.497175141242939045e-02 6.497175141242937935e-01
5.367231638418079598e-02 6.497175141242937935e-01
1.412429378531071533e-02 6.158192090395480101e-01
0.000000000000000000e+00 6.242937853107344282e-01
0.000000000000000000e+00 6.581920903954802116e-01
5.649717514124297235e-03 6.638418079096044533e-01
5.649717514124297235e-03 6.807909604519774005e-01
1.129943502824859447e-02 6.864406779661016422e-01
1.129943502824859447e-02 6.977401129943503477e-01
1.694915254237289171e-02 7.033898305084745894e-01
1.694915254237289171e-02 7.203389830508474256e-01
2.542372881355930980e-02 7.288135593220339548e-01
3.672316384180790427e-02 7.288135593220339548e-01
6.497175141242939045e-02 7.457627118644067910e-01
1.892655367231638186e-01 7.457627118644067910e-01
1.949152542372881158e-01 7.401129943502824382e-01
2.118644067796610075e-01 7.401129943502824382e-01
2.175141242937853048e-01 7.344632768361581965e-01
2.344632768361581965e-01 7.344632768361581965e-01
3.022598870056497078e-01 6.836158192090395769e-01
3.474576271186440302e-01 7.231638418079096020e-01
3.841807909604519899e-01 7.429378531073446146e-01
3.531073446327683829e-01 7.853107344632768161e-01
3.474576271186440302e-01 7.853107344632768161e-01
3.248587570621468967e-01 8.135593220338983578e-01
2.796610169491525744e-01 8.361581920903955467e-01
2.514124293785310327e-01 8.587570621468927357e-01
2.401129943502824937e-01 8.587570621468927357e-01
2.118644067796610075e-01 8.757062146892655718e-01
2.005649717514124131e-01 8.757062146892655718e-01
1.949152542372881158e-01 8.813559322033898136e-01
1.779661016949152796e-01 8.813559322033898136e-01
1.723163841807909824e-01 8.870056497175140553e-01
1.158192090395480101e-01 8.870056497175140553e-01
1.073446327683615920e-01 8.954802259887005844e-01
1.073446327683615920e-01 9.350282485875706096e-01
1.553672316384180907e-01 9.717514124293784583e-01
1.836158192090395214e-01 9.717514124293784583e-01
1.892655367231638186e-01 9.661016949152542166e-01
2.005649717514124131e-01 9.661016949152542166e-01
2.062146892655367103e-01 9.604519774011299749e-01
2.231638418079096020e-01 9.604519774011299749e-01
2.288135593220338992e-01 9.548022598870056221e-01
2.401129943502824937e-01 9.548022598870056221e-01
2.683615819209039799e-01 9.378531073446327859e-01
2.796610169491525744e-01 9.378531073446327859e-01
3.192090395480225995e-01 9.096045197740112442e-01
3.474576271186440302e-01 8.983050847457627608e-01
3.813559322033898136e-01 8.757062146892655718e-01
4.039548022598870025e-01 8.474576271186440302e-01
4.237288135593220151e-01 8.333333333333332593e-01
4.237288135593220151e-01 8.276836158192090176e-01
4.519774011299435013e-01 7.994350282485875869e-01
4.717514124293785138e-01 7.683615819209039799e-01
5.338983050847457834e-01 7.683615819209039799e-01
5.423728813559322015e-01 7.824858757062147507e-01
5.423728813559322015e-01 7.937853107344632342e-01
5.480225988700564432e-01 7.994350282485875869e-01
5.480225988700564432e-01 8.163841807909604231e-01
5.875706214689265794e-01 8.841807909604519899e-01
6.412429378531073754e-01 9.378531073446327859e-01
6.694915254237288060e-01 9.491525423728813804e-01
6.977401129943503477e-01 9.774011299435028111e-01
7.259887005649717784e-01 9.887005649717514055e-01
7.429378531073446146e-01 9.887005649717514055e-01
7.485875706214689673e-01 9.943502824858756473e-01
7.655367231638418035e-01 9.943502824858756473e-01
7.711864406779660452e-01 1.000000000000000000e+00
7.824858757062147507e-01 1.000000000000000000e+00
7.909604519774011688e-01 9.802259887005649874e-01
8.135593220338983578e-01 9.519774011299435568e-01
8.079096045197740050e-01 9.237288135593220151e-01
7.994350282485875869e-01 9.152542372881355970e-01
7.768361581920903980e-01 9.152542372881355970e-01
7.711864406779660452e-01 9.096045197740112442e-01
7.542372881355932090e-01 9.096045197740112442e-01
7.090395480225988312e-01 8.757062146892655718e-01
6.920903954802259950e-01 8.700564971751412191e-01
6.497175141242937935e-01 8.276836158192090176e-01
6.384180790960451990e-01 7.994350282485875869e-01
6.271186440677966045e-01 7.881355932203389925e-01
6.271186440677966045e-01 7.711864406779660452e-01
6.214689265536723628e-01 7.655367231638418035e-01
6.214689265536723628e-01 7.542372881355932090e-01
6.158192090395480101e-01 7.485875706214689673e-01
6.158192090395480101e-01 7.372881355932203729e-01
6.412429378531073754e-01 7.231638418079096020e-01
6.807909604519774005e-01 6.892655367231638186e-01
7.429378531073446146e-01 7.288135593220339548e-01
7.542372881355932090e-01 7.288135593220339548e-01
7.598870056497175618e-01 7.344632768361581965e-01
8.672316384180791538e-01 7.344632768361581965e-01
9.293785310734463678e-01 6.892655367231638186e-01
9.604519774011299749e-01 6.581920903954802116e-01
1.000000000000000000e+00 5.960451977401129975e-01
1.000000000000000000e+00 5.734463276836158085e-01
9.802259887005649874e-01 5.423728813559322015e-01
9.632768361581920402e-01 5.310734463276836070e-01
9.406779661016948513e-01 5.423728813559322015e-01
9.293785310734463678e-01 5.423728813559322015e-01
9.209039548022599497e-01 5.508474576271186196e-01
9.209039548022599497e-01 5.677966101694915668e-01
8.983050847457627608e-01 6.016949152542372392e-01
8.728813559322033955e-01 6.271186440677966045e-01
8.389830508474576121e-01 6.497175141242937935e-01
7.711864406779660452e-01 6.497175141242937935e-01
7.288135593220339548e-01 6.129943502824858337e-01
7.401129943502824382e-01 5.960451977401129975e-01
7.401129943502824382e-01 5.847457627118644030e-01
7.457627118644067910e-01 5.790960451977401613e-01
7.457627118644067910e-01 5.677966101694915668e-01
7.514124293785311437e-01 5.621468926553672141e-01
7.514124293785311437e-01 5.395480225988700251e-01
7.570621468926553854e-01 5.338983050847457834e-01
7.570621468926553854e-01 4.548022598870056221e-01
7.514124293785311437e-01 4.491525423728813804e-01
7.514124293785311437e-01 4.378531073446327859e-01
7.711864406779660452e-01 4.293785310734463123e-01
7.994350282485875869e-01 4.011299435028248261e-01
8.050847457627119397e-01 4.011299435028248261e-01
8.361581920903955467e-01 3.700564971751412191e-01
8.644067796610168664e-01 3.248587570621468967e-01
8.644067796610168664e-01 3.079096045197740050e-01
8.813559322033898136e-01 2.853107344632768161e-01
8.813559322033898136e-01 2.683615819209039799e-01
8.870056497175140553e-01 2.627118644067796271e-01
8.870056497175140553e-01 2.514124293785310327e-01
8.926553672316384080e-01 2.457627118644067910e-01
8.926553672316384080e-01 1.949152542372881158e-01
8.870056497175140553e-01 1.892655367231638186e-01
8.870056497175140553e-01 1.779661016949152796e-01
8.813559322033898136e-01 1.723163841807909824e-01
8.813559322033898136e-01 1.553672316384180907e-01
8.559322033898304483e-01 1.299435028248587809e-01
8.446327683615819648e-01 1.299435028248587809e-01
8.276836158192090176e-01 1.468926553672316171e-01
8.079096045197740050e-01 1.553672316384180907e-01
8.079096045197740050e-01 2.344632768361581965e-01
8.022598870056496523e-01 2.401129943502824937e-01
8.022598870056496523e-01 2.570621468926553854e-01
7.853107344632768161e-01 2.796610169491525744e-01
7.853107344632768161e-01 2.966101694915254106e-01
7.485875706214689673e-01 3.389830508474576121e-01
7.259887005649717784e-01 3.559322033898305038e-01
7.175141242937852493e-01 3.531073446327683829e-01
6.892655367231638186e-01 3.079096045197740050e-01
6.440677966101695517e-01 2.683615819209039799e-01
6.723163841807909824e-01 2.457627118644067910e-01
6.892655367231638186e-01 2.175141242937853048e-01
6.892655367231638186e-01 2.005649717514124131e-01
7.062146892655367658e-01 1.779661016949152796e-01
7.062146892655367658e-01 1.101694915254237128e-01
6.892655367231638186e-01 8.757062146892657939e-02
6.892655367231638186e-01 7.062146892655368768e-02
6.836158192090395769e-01 6.497175141242939045e-02
6.836158192090395769e-01 5.367231638418079598e-02
6.779661016949152241e-01 4.802259887005649874e-02
6.779661016949152241e-01 3.672316384180790427e-02
6.694915254237288060e-01 2.824858757062148618e-02
6.581920903954802116e-01 2.824858757062148618e-02
6.525423728813559698e-01 2.259887005649718894e-02
6.412429378531073754e-01 2.259887005649718894e-02
6.355932203389830226e-01 2.824858757062148618e-02
6.016949152542372392e-01 2.824858757062148618e-02
5.932203389830508211e-01 3.672316384180790427e-02
5.932203389830508211e-01 5.367231638418079598e-02
5.988700564971751739e-01 5.932203389830509321e-02
5.988700564971751739e-01 7.627118644067798492e-02
6.045197740112994156e-01 8.192090395480228215e-02
6.045197740112994156e-01 9.322033898305082111e-02
6.101694915254237683e-01 9.887005649717511835e-02
6.101694915254237683e-01 1.158192090395480101e-01
6.214689265536723628e-01 1.327683615819209018e-01
6.214689265536723628e-01 1.553672316384180907e-01
6.101694915254237683e-01 1.723163841807909824e-01
6.101694915254237683e-01 1.892655367231638186e-01
5.564971751412429724e-01 2.259887005649717784e-01
5.338983050847457834e-01 2.259887005649717784e-01
5.282485875706214307e-01 2.203389830508474811e-01
4.604519774011299194e-01 2.203389830508474811e-01
4.548022598870056221e-01 2.259887005649717784e-01
4.322033898305084887e-01 2.259887005649717784e-01
4.265536723163841915e-01 2.316384180790960201e-01
4.152542372881355970e-01 2.316384180790960201e-01
4.096045197740112997e-01 2.372881355932203173e-01
3.983050847457627053e-01 2.372881355932203173e-01
3.728813559322033955e-01 2.118644067796610075e-01
3.615819209039548010e-01 1.836158192090395214e-01
3.615819209039548010e-01 1.158192090395480101e-01
3.672316384180790982e-01 1.101694915254237128e-01
3.672316384180790982e-01 9.322033898305082111e-02
3.728813559322033955e-01 8.757062146892657939e-02
3.728813559322033955e-01 7.062146892655368768e-02
3.785310734463276927e-01 6.497175141242939045e-02
3.785310734463276927e-01 2.542372881355930980e-02
