6.945933869526362825e-01 4.941617810250514831e-02
6.860398314821907206e-01 5.078596084177761094e-02
6.603791650708540351e-01 6.659264551355703610e-02
6.247248037476192950e-01 9.821612703650239862e-02
6.041432894120914998e-01 1.281535711830618096e-01
5.985573854206562849e-01 1.452606821239529333e-01
5.990238537155427867e-01 2.307962368284083854e-01
6.194306140686838269e-01 3.035014583271955502e-01
6.087699722083100839e-01 3.377156802089777976e-01
5.791203881016213639e-01 3.598123651742954343e-01
5.662900548959530767e-01 3.648567696825069095e-01
5.406293884846163911e-01 3.614294552632354440e-01
5.064151666028341436e-01 3.614294552632354440e-01
4.593706115153836089e-01 3.723092936640459150e-01
4.508170560449381026e-01 3.716672929315797402e-01
4.330607913406649967e-01 3.548227911498689213e-01
4.245114787052742256e-01 3.334389024737550167e-01
4.236101699908670914e-01 2.863943473863044820e-01
4.351903681662394607e-01 2.393497922988539472e-01
4.364405031965353787e-01 2.222426813579628790e-01
4.437439236366850226e-01 1.923052372114034125e-01
4.437439236366850226e-01 1.709213485352895634e-01
4.341583169633848605e-01 1.324303489182845905e-01
4.080492786927103488e-01 9.249920985982701405e-02
3.610047236052598141e-01 6.340596071620552276e-02
3.139601685178092794e-01 4.969114888685938203e-02
2.925762798416954302e-01 4.922468059197288026e-02
2.754691689008043065e-01 5.494291231556647226e-02
2.664101760616505721e-01 6.400190515472015118e-02
2.608834418485892481e-01 8.110901609561127490e-02
2.664101760616505721e-01 9.821612703650239862e-02
2.754691689008043065e-01 1.072751198756560775e-01
2.882995021064725938e-01 1.125044526519057286e-01
3.139601685178092794e-01 1.146783270490662754e-01
3.396208349291459649e-01 1.236187120327824074e-01
3.615517533155789831e-01 1.367071266535073715e-01
3.739437884482643137e-01 1.538142375943984397e-01
3.796580541888852633e-01 1.751981262705123443e-01
3.796580541888852633e-01 1.880284594761806871e-01
3.723546337487356750e-01 2.179659036227400981e-01
3.711044987184397570e-01 2.350730145636311663e-01
3.590578322481807749e-01 2.821175696510817010e-01
3.590578322481807749e-01 3.334389024737550167e-01
3.689623346371906920e-01 3.676531243555372086e-01
3.899292467092664305e-01 4.061441239725421815e-01
3.899292467092664305e-01 4.104209017077649624e-01
3.560787921066550510e-01 4.574654567952154971e-01
3.396208349291459649e-01 4.889303215614973497e-01
3.310672794587004031e-01 4.951084746198918807e-01
3.139601685178092794e-01 4.921970308223875823e-01
3.011298353121409921e-01 4.846535438262745688e-01
2.833735706078678307e-01 4.617422345304382780e-01
2.748242579724771151e-01 4.403583458543244289e-01
2.726728142277740075e-01 3.377156802089777976e-01
2.632347801336506476e-01 3.035014583271955502e-01
2.503812852218635365e-01 2.778407919158589756e-01
2.241478360781309909e-01 2.464632083278469055e-01
1.856568364611260180e-01 2.087513915932146524e-01
1.471658368441210452e-01 1.831139166400913565e-01
1.086748372271160723e-01 1.662589596927925295e-01
1.001212817566705104e-01 1.648891769535201224e-01
8.301417081577944224e-02 1.704159111665813908e-01
7.395517797662570780e-02 1.794749040057351253e-01
6.842844376356438385e-02 1.965820149466261935e-01
7.395517797662570780e-02 2.136891258875173172e-01
8.301417081577944224e-02 2.228154640903587946e-01
1.172283926975616342e-01 2.390917108837973815e-01
1.471658368441210452e-01 2.589653978729045125e-01
1.685497255202348943e-01 2.835577090925343047e-01
1.813800587259032371e-01 2.943161061458647865e-01
1.991363234301763985e-01 3.163317915328639485e-01
2.076856360655671141e-01 3.377156802089777976e-01
2.098370798102702217e-01 4.403583458543244289e-01
2.236994642187931648e-01 4.916796786769976890e-01
2.312612521071239491e-01 5.045100118826659763e-01
2.669156134303587447e-01 5.404102711408341753e-01
2.797459466360270874e-01 5.478737336734084140e-01
3.182369462530320603e-01 5.603308712809382808e-01
3.238374885253476054e-01 5.686616779110076347e-01
3.253100786612851403e-01 5.943223443223443203e-01
3.400002265024318349e-01 6.499204548802404169e-01
3.393582257699655491e-01 6.584740103506858677e-01
3.329732347537452952e-01 6.670275658211315406e-01
3.054066130473637175e-01 6.884483232708249467e-01
2.840227243712498684e-01 6.942344518752024962e-01
2.113175028724626481e-01 6.932055843778579529e-01
1.771032809906804562e-01 6.763198374458427864e-01
1.453975537420577613e-01 6.456436771450175804e-01
1.317447632796158730e-01 6.242597884689037313e-01
1.043980594918932914e-01 5.979381654984872174e-01
7.873739308055666131e-02 5.808542460158093723e-01
5.735350440444275666e-02 5.723614300787797093e-01
3.169283799310612659e-02 5.709915642891514320e-01
1.458572705221500287e-02 5.767097960127450795e-01
5.526734213061268441e-03 5.857687888518987585e-01
0.000000000000000000e+00 6.028758997927898822e-01
5.526734213061268441e-03 6.199830107336810059e-01
1.458572705221500287e-02 6.290420035728346848e-01
2.313928252266056473e-02 6.331989550466234906e-01
4.879994893399719480e-02 6.370532529009925726e-01
6.163028213966553759e-02 6.449049609907518965e-01
8.050567618261994518e-02 6.627507880859087042e-01
9.415846664506183350e-02 6.841346767620225533e-01
1.343355036384527024e-01 7.232866329381074655e-01
1.599961700497893879e-01 7.403705524207851996e-01
1.984871696667943608e-01 7.572882701201476552e-01
2.882995021064725938e-01 7.583203213230023110e-01
3.267905017234775666e-01 7.487347146497020933e-01
3.524511681348142522e-01 7.328652692258590395e-01
3.695582790757053759e-01 7.179362271079499092e-01
3.781118345461509378e-01 7.160323107038923940e-01
4.353582865228307619e-01 7.568398982608097736e-01
4.363631312916388949e-01 7.611166759960326100e-01
4.208796118983786361e-01 7.831323613830315500e-01
3.958507421979271523e-01 8.081612310834831447e-01
3.396208349291459649e-01 8.426335343803217359e-01
3.096833907825864984e-01 8.558718417198617479e-01
2.754691689008043065e-01 8.653055612841135114e-01
2.027639474020171417e-01 8.657700655019688885e-01
1.642729477850121689e-01 8.553145178082697253e-01
1.471658368441210452e-01 8.460562862619733782e-01
1.001212817566705104e-01 8.323639050850846210e-01
9.156772628622494858e-02 8.323639050850846210e-01
4.452317119877441387e-02 8.461467933317798895e-01
3.546417835962073495e-02 8.552057861709336795e-01
2.993744414655941100e-02 8.723128971118246922e-01
3.546417835962073495e-02 8.894200080527158159e-01
4.452317119877441387e-02 8.984790008918694948e-01
5.735350440444275666e-02 9.036649677400346858e-01
9.156772628622494858e-02 8.980086190783680422e-01
1.129516149623388532e-01 9.016054303300569117e-01
1.428890591088982642e-01 9.155290463233902720e-01
1.942103919315715799e-01 9.293914307319133261e-01
2.797459466360270874e-01 9.298578990267998279e-01
3.310672794587004031e-01 9.156766189025671299e-01
3.695582790757053759e-01 8.986113286240278164e-01
4.422635005744925407e-01 8.523691478771634467e-01
4.636473892506063899e-01 8.309852592010495975e-01
5.021383888676114182e-01 7.820728868986241977e-01
5.106919443380569801e-01 7.768538815686101273e-01
5.449061662198391165e-01 7.763769965512592464e-01
5.534597216902846784e-01 7.797578485158622730e-01
5.582710966424102583e-01 7.867773424073691846e-01
5.658416830366151951e-01 8.124380088187058702e-01
5.988182394013492615e-01 8.680361193766019667e-01
6.304417209242946241e-01 8.996596008995472182e-01
6.561023873356313096e-01 9.144315207006703528e-01
6.774862760117451588e-01 9.327605681373394297e-01
6.860398314821907206e-01 9.370605075786809790e-01
7.373611643048640918e-01 9.507753194080270642e-01
7.801289416570917901e-01 9.496805074531088353e-01
7.972360525979829138e-01 9.406326092380529191e-01
8.400038299502106121e-01 9.283593795290585593e-01
8.913251627728839832e-01 8.953828231643244928e-01
9.041554959785522705e-01 8.833749472154297511e-01
9.212626069194433942e-01 8.722760283382451352e-01
9.298161623898888450e-01 8.703660057547456530e-01
9.597536065364482560e-01 8.737275235934752748e-01
9.725839397421166543e-01 8.685415567453100838e-01
9.816429325812703333e-01 8.594825639061562939e-01
9.871696667943317127e-01 8.423754529652652812e-01
9.816429325812703333e-01 8.252683420243741574e-01
9.725839397421166543e-01 8.162093491852204785e-01
9.426464955955572433e-01 8.066808080212906074e-01
9.212626069194433942e-01 8.066808080212906074e-01
8.998787182433294340e-01 8.119896369593679886e-01
8.613877186263245722e-01 8.364126378536564932e-01
8.485573854206561739e-01 8.484205138025513460e-01
8.186199412740967629e-01 8.681448510139381236e-01
7.630218307162006663e-01 8.856605824628829282e-01
7.416379420400868172e-01 8.866894499602273605e-01
7.202540533639729681e-01 8.813838047276600918e-01
6.689327205412995969e-01 8.484205138025513460e-01
6.457805487631224084e-01 8.252683420243741574e-01
6.260562115517356307e-01 7.910541201425920210e-01
6.173659988321791303e-01 7.611166759960326100e-01
6.191937954806587818e-01 7.525631205255869371e-01
6.646559428060768715e-01 7.193443555304515069e-01
6.732094982765224334e-01 7.208624434531023528e-01
7.031469424230818444e-01 7.403705524207851996e-01
7.245308310991956935e-01 7.488633683578148625e-01
7.972360525979829138e-01 7.502332341474432509e-01
8.143431635388740375e-01 7.445823477875372909e-01
8.716273114731559746e-01 6.969650099676909516e-01
9.046038678378900411e-01 6.456436771450175804e-01
9.255025158810865626e-01 5.729384556462304712e-01
9.383697178603345179e-01 5.583398393384988445e-01
9.640303842716710925e-01 5.386873649908686668e-01
9.854142729477850526e-01 5.306761156627108900e-01
9.944732657869387316e-01 5.216171228235571000e-01
1.000000000000000000e+00 5.045100118826659763e-01
9.944732657869387316e-01 4.874029009417749081e-01
9.854142729477850526e-01 4.783439081026212292e-01
9.725839397421166543e-01 4.731579412544560381e-01
9.640303842716710925e-01 4.731145753263715781e-01
9.298161623898888450e-01 4.825301787680374987e-01
9.169858291842205578e-01 4.902395392355450854e-01
8.810855699260524698e-01 5.258939005587799365e-01
8.652161245022094160e-01 5.515545669701165110e-01
8.443893393227696054e-01 6.242597884689037313e-01
8.246650021113828277e-01 6.541972326154631423e-01
8.143431635388740375e-01 6.645190711879719325e-01
7.844057193923146265e-01 6.841715455356021103e-01
7.758521639218689536e-01 6.860815681191015925e-01
7.373611643048640918e-01 6.855493032436732470e-01
7.202540533639729681e-01 6.763198374458427864e-01
7.097759479126771742e-01 6.670275658211315406e-01
7.051071322183922740e-01 6.584740103506858677e-01
7.165543011962007824e-01 6.199830107336810059e-01
7.222009447210518962e-01 5.900455665871214839e-01
7.199959719489162913e-01 5.301706782940026619e-01
7.219914943189071899e-01 5.258939005587799365e-01
7.630218307162006663e-01 4.933657160533836405e-01
7.775382012982549051e-01 4.788493454713294017e-01
7.978738176988493525e-01 4.489119013247699352e-01
8.147915353982118081e-01 4.104209017077649624e-01
8.248436103663985275e-01 3.719299020907599895e-01
8.252266053874632856e-01 2.992246805919728248e-01
8.271366279709627678e-01 2.906711251215272629e-01
8.382355468481472727e-01 2.735640141806361392e-01
8.784948295672155849e-01 2.329346256960198036e-01
8.998787182433294340e-01 2.177078222076834768e-01
9.212626069194433942e-01 2.065757098585243590e-01
9.302017734971631535e-01 1.923052372114034125e-01
9.315715562364356161e-01 1.837516817409579062e-01
9.260448220233743477e-01 1.666445708000667825e-01
9.169858291842205578e-01 1.575855779609130480e-01
9.084322737137751069e-01 1.534286264871241867e-01
8.913251627728839832e-01 1.532968854490086019e-01
8.699412740967700230e-01 1.617300279639775074e-01
8.442806076854334485e-01 1.788139474466552414e-01
7.912732374863742368e-01 2.307962368284083854e-01
7.709376210857796785e-01 2.607336809749678519e-01
7.624448051487500155e-01 2.821175696510817010e-01
7.602912726237123220e-01 3.676531243555372086e-01
7.545770068830912614e-01 3.890370130316511132e-01
7.417466736774229741e-01 4.189744571782105242e-01
7.305758919364817583e-01 4.360815681191015925e-01
7.202540533639729681e-01 4.464034066916104937e-01
6.988701646878590079e-01 4.601481628291279602e-01
6.945933869526362825e-01 4.593044712213613101e-01
6.663419801824628230e-01 4.232512349134333052e-01
6.430624081625500033e-01 4.018673462373194560e-01
6.421019922967415861e-01 3.975905685020966196e-01
6.652937079069434212e-01 3.676531243555372086e-01
6.821486648542421927e-01 3.291621247385322357e-01
6.821486648542421927e-01 2.778407919158589756e-01
6.731007666391861655e-01 2.607336809749678519e-01
6.626452189454870023e-01 2.222426813579628790e-01
6.626452189454870023e-01 1.623677930648440015e-01
6.685695979034033121e-01 1.452606821239529333e-01
7.174174150702027353e-01 1.024929047717251795e-01
7.249164422064700020e-01 8.966257156605683676e-02
7.262862249457423536e-01 8.110901609561127490e-02
7.207594907326810851e-01 6.400190515472015118e-02
7.117004978935274062e-01 5.494291231556647226e-02
