4.436478826275425114e-01 1.059353117705901237e-01
4.349783261087029063e-01 1.057292729417268484e-01
4.263087695898633012e-01 1.072481149630521990e-01
3.946180258284293085e-01 1.207069023007669162e-01
3.909841292126615131e-01 1.250416805601867187e-01
3.898632877625875515e-01 1.293764588196065213e-01
3.893337580188421243e-01 2.074024674891630227e-01
3.853224706743043626e-01 2.290763587862620909e-01
3.853224706743043626e-01 3.461153717905968707e-01
3.867109142200839678e-01 3.547849283094364758e-01
3.922842005536236742e-01 3.721240413471156860e-01
3.936685362782619269e-01 3.807935978659552911e-01
3.935363511975256134e-01 4.024674891630543594e-01
3.913526731132599412e-01 4.068022674224741619e-01
3.829609869956652202e-01 4.116614140197270011e-01
3.742914304768256151e-01 4.131750384456510106e-01
3.612870956985662074e-01 4.124787627621905317e-01
3.569523174391463494e-01 4.107306602200733181e-01
3.530239246415471932e-01 4.068022674224741619e-01
3.512758220994299796e-01 4.024674891630543594e-01
3.488676119553077992e-01 3.764588196065354886e-01
3.432943256217680927e-01 3.591197065688562784e-01
3.401980554364681941e-01 3.287762587529176050e-01
3.346247691029284876e-01 3.114371457152383948e-01
3.332404333782902350e-01 3.027675891963987898e-01
3.332404333782902350e-01 1.683894631543847997e-01
3.366455485161720107e-01 1.510503501167055340e-01
3.352165007383413053e-01 1.423807935978659289e-01
3.309436478826275341e-01 1.394484435988466164e-01
3.049349783261087188e-01 1.408802934311437216e-01
2.832610870290096505e-01 1.461307208222846765e-01
2.728034344781593568e-01 1.510503501167055340e-01
2.695467454668797336e-01 1.553851283761253366e-01
2.684894964988329691e-01 1.597199066355451391e-01
2.686650758586195398e-01 3.114371457152383948e-01
2.761587195731910471e-01 3.417805935311770682e-01
2.774258086028676407e-01 3.591197065688562784e-01
2.848282760920306522e-01 3.894631543847949517e-01
2.882709537058801286e-01 4.198066022007335696e-01
2.869323788201509906e-01 4.241413804601533721e-01
2.832610870290096505e-01 4.280521043246299229e-01
2.659219739913304403e-01 4.324068474802335027e-01
2.615871957319105823e-01 4.314935043707379125e-01
2.579232760126390911e-01 4.284761587195731747e-01
2.513504501500499755e-01 4.068022674224741619e-01
2.501745373457818777e-01 2.767589196398799745e-01
2.470156718906302284e-01 2.637545848616205113e-01
2.457485828609536349e-01 2.290763587862620909e-01
2.426808936312104259e-01 2.160720240080026278e-01
2.409608758475046963e-01 1.640546848949649417e-01
2.355785261753917670e-01 1.579137490274536426e-01
2.312437479159719644e-01 1.572682697511192385e-01
2.139046348782927542e-01 1.612870956985661408e-01
1.965655218406135440e-01 1.636002323355096877e-01
1.878959653217738834e-01 1.674552437019236617e-01
1.808404219846331817e-01 1.727242414138046023e-01
1.774202511948427263e-01 1.813937979326442074e-01
1.772531142221536182e-01 2.160720240080026278e-01
1.807935978659552800e-01 2.334111370456818935e-01
1.820606868956318736e-01 2.680893631210403694e-01
1.855991798261111270e-01 2.854284761587195796e-01
1.863954651550516761e-01 4.111370456818939645e-01
1.938646215405134821e-01 4.414804934978325823e-01
1.940939377453302916e-01 4.501500500166722429e-01
1.920681893964654718e-01 4.544848282760920455e-01
1.878959653217738834e-01 4.576336766343497842e-01
1.748916305435144758e-01 4.635452254576662989e-01
1.662220740246748707e-01 4.636487016139882456e-01
1.618872957652550681e-01 4.602043273683821267e-01
1.525640822072966141e-01 4.328109369789929772e-01
1.511797464826584170e-01 4.241413804601533721e-01
1.508562555677763206e-01 3.157719239746581974e-01
1.473157719239746588e-01 2.984328109369789872e-01
1.460486828942980653e-01 2.637545848616205113e-01
1.429809936645548563e-01 2.507502500833611037e-01
1.406678570276113094e-01 2.290763587862620909e-01
1.272090696898965922e-01 2.001990859698331016e-01
1.228742914304767897e-01 1.978741341453439939e-01
1.012004001333777770e-01 2.024734051135325119e-01
7.519173057685890615e-02 2.109244748249416435e-01
7.022168308976550755e-02 2.160720240080026278e-01
6.928976325441810191e-02 2.204068022674224858e-01
7.046611165470456628e-02 2.290763587862620909e-01
7.571609891469199827e-02 2.420806935645214986e-01
8.109369789929971040e-02 2.680893631210403694e-01
8.236078692897630393e-02 3.027675891963987898e-01
8.589927985945555733e-02 3.201067022340779999e-01
8.669556518839616199e-02 4.328109369789929772e-01
1.028259419806601960e-01 4.934978326108702684e-01
1.020591769583571451e-01 4.978326108702900710e-01
9.893668259790294739e-02 5.021673891297099290e-01
6.652217405801930106e-02 5.264671557185728323e-01
3.446982327442477123e-02 5.585195065021674177e-01
2.251643404944497773e-02 5.758586195398466279e-01
5.380825866686700376e-03 6.105368456152050483e-01
0.000000000000000000e+00 6.322107369123041165e-01
0.000000000000000000e+00 6.668889629876625369e-01
5.380825866686700376e-03 6.885628542847616052e-01
2.251643404944497773e-02 7.232410803601200255e-01
3.446982327442477123e-02 7.405801933977993468e-01
6.652217405801930106e-02 7.726325441813938211e-01
1.142047349116371846e-01 8.062598247034725718e-01
1.575525175058352656e-01 8.283233299988885801e-01
2.095698566188729517e-01 8.495536763620661347e-01
2.529176392130709772e-01 8.625482687777646928e-01
3.309436478826275341e-01 8.807935978659553466e-01
3.482827609203067443e-01 8.820606868956318847e-01
3.612870956985662074e-01 8.851283761253750937e-01
3.786262087362454176e-01 8.863954651550517427e-01
3.916305435145048253e-01 8.894631543847949517e-01
4.263087695898633012e-01 8.907302434144714898e-01
4.436478826275425114e-01 8.942707270582732626e-01
5.563521173724574886e-01 8.942707270582732626e-01
5.736912304101366988e-01 8.907302434144714898e-01
6.083694564854951192e-01 8.894631543847949517e-01
6.213737912637545824e-01 8.863954651550517427e-01
6.387129043014337926e-01 8.851283761253750937e-01
6.517172390796932557e-01 8.820606868956318847e-01
6.690563521173724659e-01 8.807935978659553466e-01
7.470823607869290228e-01 8.625482687777646928e-01
7.904301433811270483e-01 8.495536763620661347e-01
8.424474824941647899e-01 8.283233299988885801e-01
8.857952650883628154e-01 8.062598247034725718e-01
9.118039346448816307e-01 7.889326745278729680e-01
9.334778259419806989e-01 7.726325441813938211e-01
9.655301767255752843e-01 7.405801933977993468e-01
9.774835659505549668e-01 7.232410803601200255e-01
9.946191741333132441e-01 6.885628542847616052e-01
1.000000000000000000e+00 6.668889629876625369e-01
1.000000000000000000e+00 6.322107369123041165e-01
9.946191741333132441e-01 6.105368456152050483e-01
9.774835659505549668e-01 5.758586195398466279e-01
9.655301767255752843e-01 5.585195065021674177e-01
9.334778259419806989e-01 5.264671557185728323e-01
8.857952650883628154e-01 4.928398751964940261e-01
8.337779259753250738e-01 4.661717304460963884e-01
8.300246423604615842e-01 4.631543847949316506e-01
8.284397268225209832e-01 4.588196065355118480e-01
8.293270375839565389e-01 4.544848282760920455e-01
8.430938967960079911e-01 4.328109369789929772e-01
8.472367133130398464e-01 4.241413804601533721e-01
8.510068327860699222e-01 4.111370456818939645e-01
8.602410480912991986e-01 3.937979326442146988e-01
8.721372732709845588e-01 3.504501500500166733e-01
8.768641271228340139e-01 3.374458152717572101e-01
8.862497176478181249e-01 3.201067022340779999e-01
8.943546153802679477e-01 2.897632544181393266e-01
9.079106615785508261e-01 2.680893631210403694e-01
9.086331246217874691e-01 2.637545848616205113e-01
9.066317560398922115e-01 2.594198066022007088e-01
8.857952650883628154e-01 2.438729576525508480e-01
8.727909303101033522e-01 2.318980540683371894e-01
8.641213737912638582e-01 2.286144561848485468e-01
8.597865955318440001e-01 2.297715590731501667e-01
8.554518172724241420e-01 2.330739876255047416e-01
8.374547468203686895e-01 2.594198066022007088e-01
8.333160233739116407e-01 2.680893631210403694e-01
8.252185756834199415e-01 2.984328109369789872e-01
8.158247193508947337e-01 3.157719239746581974e-01
7.992099061269011262e-01 3.721240413471156860e-01
7.899682407797135042e-01 3.894631543847949517e-01
7.862055713486416630e-01 4.024674891630543594e-01
7.774258086028675852e-01 4.163929643214405174e-01
7.687562520840280911e-01 4.240186980565848751e-01
7.644214738246082330e-01 4.252428405096780883e-01
7.582660886962321323e-01 4.241413804601533721e-01
7.549599866622207500e-01 4.198066022007335696e-01
7.553336492281053083e-01 4.154718239413137670e-01
7.650157579408189967e-01 3.894631543847949517e-01
7.724159419259971626e-01 3.634544848282760809e-01
7.908997443592308274e-01 3.287762587529176050e-01
8.070941680013556940e-01 2.724241413804601164e-01
8.170428394164175323e-01 2.507502500833611037e-01
8.268089363121040591e-01 2.160720240080026278e-01
8.285089282634441332e-01 2.030676892297432201e-01
8.270103639988840571e-01 1.987329109703234176e-01
8.222787225371420705e-01 1.943981327109036150e-01
8.077692564188062585e-01 1.856918407830858153e-01
7.947649216405467953e-01 1.819181662704772440e-01
7.774258086028675852e-01 1.747216392392235695e-01
7.730910303434478381e-01 1.764913701392527567e-01
7.682318837461949990e-01 1.857285761920640099e-01
7.564270057232191924e-01 2.290763587862620909e-01
7.464783343081573541e-01 2.507502500833611037e-01
7.298534539761841744e-01 3.071023674558185923e-01
7.110073728279797667e-01 3.417805935311770682e-01
7.063248725184817500e-01 3.547849283094364758e-01
7.039961596394200827e-01 3.677892630876958835e-01
6.999508310679831702e-01 3.807935978659552911e-01
6.907302434144715342e-01 3.983239511209618611e-01
6.820606868956319291e-01 4.083375013893519867e-01
6.777259086362120710e-01 4.102081646263039394e-01
6.770246945060118815e-01 4.068022674224741619e-01
6.815910859175281500e-01 3.851283761253750937e-01
6.862793550231028883e-01 3.721240413471156860e-01
6.966363787929310547e-01 3.547849283094364758e-01
7.032649772146271072e-01 3.244414804934978580e-01
7.139475784857578500e-01 2.854284761587195796e-01
7.151717239079693478e-01 2.680893631210403694e-01
7.225741913971324148e-01 2.377459153051016960e-01
7.238412804268089529e-01 2.030676892297432201e-01
7.273817640706106147e-01 1.857285761920640099e-01
7.271757252417472284e-01 1.640546848949649417e-01
7.260548837916731557e-01 1.597199066355451391e-01
7.221573857952651165e-01 1.553851283761253366e-01
7.167389129709903495e-01 1.536178726242080073e-01
7.037345781927308863e-01 1.526175391797265357e-01
6.690563521173724659e-01 1.439846615538512564e-01
6.647893047682560397e-01 1.467155718572857315e-01
6.631937421763538509e-01 1.510503501167055340e-01
6.619539846615538625e-01 1.857285761920640099e-01
6.588862954318106535e-01 1.987329109703234176e-01
6.580900101028700488e-01 2.290763587862620909e-01
6.501255626875624971e-01 2.594198066022007088e-01
6.489496498832943994e-01 2.810936978992997215e-01
6.344883322689484073e-01 3.331110370123374631e-01
6.249861064799377974e-01 3.504501500500166733e-01
6.170390130043348353e-01 3.750500166722241513e-01
6.127042347449149773e-01 3.815626714281105114e-01
6.083694564854951192e-01 3.850008826471568724e-01
6.058150335826227861e-01 3.807935978659552911e-01
6.069589334010807580e-01 3.547849283094364758e-01
6.163853559652159309e-01 3.157719239746581974e-01
6.316350241747249461e-01 2.637545848616205113e-01
6.328109369789930438e-01 2.420806935645214986e-01
6.363514206227945946e-01 2.247415805268422884e-01
6.363514206227945946e-01 1.467155718572857315e-01
6.347689667047486939e-01 1.380460153384461264e-01
6.300433477825941875e-01 1.291301646003212844e-01
6.257085695231743294e-01 1.254168056018672428e-01
6.083694564854951192e-01 1.212312706385999528e-01
5.953651217072357671e-01 1.159176714818918597e-01
5.736912304101366988e-01 1.134397740423277456e-01
5.693564521507169518e-01 1.163135459567603558e-01
5.678286204691180838e-01 1.207069023007669162e-01
5.678559519839947445e-01 1.337112370790263238e-01
5.713944449144739979e-01 1.510503501167055340e-01
5.713944449144739979e-01 2.204068022674224858e-01
5.678559519839947445e-01 2.377459153051016960e-01
5.665888629543180954e-01 2.550850283427809062e-01
5.427629315591969705e-01 3.417805935311770682e-01
5.394749069361918226e-01 3.721240413471156860e-01
5.353361834897346627e-01 3.807935978659552911e-01
5.216738912970990683e-01 3.985661887295764982e-01
5.173391130376792102e-01 4.021757252417472728e-01
5.086695565188396051e-01 4.044407837438349640e-01
4.739913304434811847e-01 4.043393252296220153e-01
4.653217739246415241e-01 4.009126230482624731e-01
4.605961550024871842e-01 3.937979326442146988e-01
4.581527175725241263e-01 3.721240413471156860e-01
4.507502500833611148e-01 3.417805935311770682e-01
4.502794463826250149e-01 2.377459153051016960e-01
4.542907337271627766e-01 2.160720240080026278e-01
4.540846948982993903e-01 1.163721240413471136e-01
4.529638534482254286e-01 1.120373457819273111e-01
4.490663554518172784e-01 1.077025675225074530e-01
