7.380060638872072420e-01 2.930556995859923131e-03
7.340746722136731739e-01 -1.110223024625156540e-16
7.301432805401391057e-01 4.421701292682822526e-04
7.262118888666049266e-01 3.405174390099852122e-03
7.235313945437408245e-01 7.382279920302936560e-03
7.150846463620486038e-01 2.310784661443937571e-02
7.072465642192784507e-01 3.490202163504169119e-02
7.042490180750347051e-01 3.883341330857575935e-02
7.006578429886333170e-01 4.276480498210988301e-02
6.908293638047979801e-01 5.259328416594516442e-02
6.868979721312639120e-01 5.618445925234655247e-02
6.829665804577298438e-01 5.918200539659029813e-02
6.790351887841956646e-01 6.180293317894641758e-02
6.751037971106615965e-01 6.480327945970970616e-02
6.633096220900592810e-01 7.584141762001705978e-02
6.593782304165252128e-01 7.883896376426080543e-02
6.554468387429910337e-01 8.145989154661692488e-02
6.515154470694569655e-01 8.446023782738026897e-02
6.475840553959228973e-01 8.805604171088543541e-02
6.397212720488546500e-01 9.583859257482030269e-02
6.357898803753205819e-01 9.942976766122169074e-02
6.274356730690605621e-01 1.056670717586555841e-01
6.239957053547182664e-01 1.091070394729979354e-01
6.207689970943648383e-01 1.135298551057237759e-01
6.175369904624836703e-01 1.174612467792578996e-01
6.161329220076500190e-01 1.188653152340914398e-01
6.131124625511542581e-01 1.213926384527920233e-01
6.082701386605817717e-01 1.247051999554921187e-01
6.043387469870477036e-01 1.277055462362554072e-01
6.004073553135136354e-01 1.313013501197606292e-01
5.867277169392774994e-01 1.449809884939966542e-01
5.831319130557723884e-01 1.489123801675307224e-01
5.802238712752804117e-01 1.528437718410648460e-01
5.758689189512048445e-01 1.607065551881330934e-01
5.723397967262332520e-01 1.685693385352012852e-01
5.695684878416108488e-01 1.764321218822694770e-01
5.644770133791650046e-01 1.882262969028717925e-01
5.617057044945426014e-01 1.960890802499400398e-01
5.600123058679505883e-01 2.000204719234741080e-01
5.543773111358850647e-01 2.118146469440764235e-01
5.495365027102835365e-01 2.236088219646787389e-01
5.451984153463836913e-01 2.314716053117469863e-01
5.435606999050728305e-01 2.354029969852810544e-01
5.381173544533379705e-01 2.511285636794174936e-01
5.330258799908921263e-01 2.629227387000198091e-01
5.302545711062697231e-01 2.707855220470880564e-01
5.285611724796778210e-01 2.747169137206221246e-01
5.229718291536573638e-01 2.865110887412244400e-01
5.213673598125415642e-01 2.904424804147585637e-01
5.183237017427088089e-01 3.022366554353608792e-01
5.149323480114262885e-01 3.100994387824290710e-01
5.011724771540568835e-01 3.376191804971678256e-01
4.976433549290851799e-01 3.454819638442360175e-01
4.948720460444628322e-01 3.533447471913042648e-01
4.897805715820169881e-01 3.651389222119065803e-01
4.870092626973945849e-01 3.730017055589747721e-01
4.853158640708026272e-01 3.769330972325088958e-01
4.796808693387371036e-01 3.887272722531112112e-01
4.779863965614146726e-01 3.926586639266452794e-01
4.752150876767922694e-01 4.005214472737135267e-01
4.701236132143464808e-01 4.123156222943158422e-01
4.673523043297240775e-01 4.201784056413840340e-01
4.622608298672782334e-01 4.319725806619863495e-01
4.594895209826558857e-01 4.398353640090545968e-01
4.559614729084146556e-01 4.476981473561227887e-01
4.500643853981134979e-01 4.594923223767251041e-01
4.465352631731418498e-01 4.673551057237932960e-01
4.437639542885194466e-01 4.752178890708615433e-01
4.420705556619274335e-01 4.791492807443956115e-01
4.364355609298619654e-01 4.909434557649979269e-01
4.347410881525395343e-01 4.948748474385320506e-01
4.292967032000977179e-01 5.106004141326684342e-01
4.276633608307262024e-01 5.145318058062026134e-01
4.233252734668265238e-01 5.223945891532707497e-01
4.216875580255156075e-01 5.263259808268049289e-01
4.162442125737806919e-01 5.420515475209413125e-01
4.145508139471887343e-01 5.459829391944753807e-01
4.089158192151232107e-01 5.577771142150778072e-01
4.072213464378007797e-01 5.617085058886118754e-01
4.044500375531783765e-01 5.695712892356801227e-01
3.993585630907325323e-01 5.813654642562824382e-01
3.965872542061101846e-01 5.892282476033505745e-01
3.914957797436643405e-01 6.010224226239528900e-01
3.887244708590419373e-01 6.088852059710211373e-01
3.836329963965961487e-01 6.206793809916234528e-01
3.808616875119737455e-01 6.285421643386917001e-01
3.791682888853817879e-01 6.324735560122257683e-01
3.735332941533162643e-01 6.442677310328280837e-01
3.718388213759937777e-01 6.481991227063621519e-01
3.663944364235519613e-01 6.639246894004986466e-01
3.647610940541805014e-01 6.678560810740327147e-01
3.604230066902808227e-01 6.757188644211009620e-01
3.555799388441771569e-01 6.875130394417032775e-01
3.499905955181566997e-01 6.993072144623055930e-01
3.483861261770409001e-01 7.032386061358396612e-01
3.472933023323060420e-01 7.071699978093737293e-01
3.464333104037204958e-01 7.111013894829079085e-01
3.453424681072081448e-01 7.150327811564419767e-01
3.437390382667991906e-01 7.189641728299760448e-01
3.381507690915093178e-01 7.307583478505783603e-01
3.364562963141868313e-01 7.346897395241125395e-01
3.336849874295644836e-01 7.425525228711806758e-01
3.319915888029725259e-01 7.464839145447148550e-01
3.263565940709070023e-01 7.582780895653171704e-01
3.246621212935845158e-01 7.622094812388512386e-01
3.218908124089621681e-01 7.700722645859194859e-01
3.201974137823702105e-01 7.740036562594535541e-01
3.145624190503046869e-01 7.857978312800558696e-01
3.128679462729822003e-01 7.897292229535899377e-01
3.100966373883598526e-01 7.975920063006581850e-01
3.050051629259140085e-01 8.093861813212605005e-01
3.022338540412916608e-01 8.172489646683287479e-01
2.971423795788458166e-01 8.290431396889310633e-01
2.943710706942234134e-01 8.369059230359991997e-01
2.892795962317775693e-01 8.487000980566015151e-01
2.865082873471552216e-01 8.565628814036697625e-01
2.848148887205632640e-01 8.604942730772038306e-01
2.791798939884977404e-01 8.722884480978061461e-01
2.774854212111752538e-01 8.762198397713403253e-01
2.747141123265529061e-01 8.840826231184084616e-01
2.730207136999609485e-01 8.880140147919426408e-01
2.673857189678953694e-01 8.998081898125449563e-01
2.656912461905729383e-01 9.037395814860791354e-01
2.618320998161691171e-01 9.155337565066814509e-01
2.609674242281483925e-01 9.194651481802154080e-01
2.606940404788015697e-01 9.233965398537495872e-01
2.609674242281483925e-01 9.273279315272837664e-01
2.618320998161691171e-01 9.312593232008177235e-01
2.656912461905729383e-01 9.430534982214200390e-01
2.707827206530187825e-01 9.548476732420223545e-01
2.762260661047536425e-01 9.705732399361588492e-01
2.779315641611255217e-01 9.745046316096930283e-01
2.805659615657052353e-01 9.784360232832269855e-01
2.842294532213521796e-01 9.823674149567611646e-01
2.858960214307851300e-01 9.838705941260535992e-01
2.898274131043192536e-01 9.868253323008578937e-01
2.937588047778533218e-01 9.889974737960263163e-01
2.976901964513874455e-01 9.907780151763709853e-01
3.094843714719897609e-01 9.948273901801394370e-01
3.212785464925920764e-01 9.986234075116124931e-01
3.252099381661262001e-01 9.994538479994286018e-01
3.291413298396602682e-01 9.998826450246706132e-01
3.448668965337967074e-01 1.000000000000000000e+00
3.487982882073308311e-01 9.998239675370058643e-01
3.527296798808648992e-01 9.993328821017815056e-01
3.566610715543990229e-01 9.980584957590244999e-01
3.605924632279331465e-01 9.958815738345346835e-01
3.645238549014672147e-01 9.930653365299356716e-01
3.678744728050474810e-01 9.902301983038293010e-01
3.746606785302855624e-01 9.823674149567611646e-01
3.857306888327425853e-01 9.705732399361588492e-01
3.887197836558544117e-01 9.666418482626246700e-01
3.965717173830443643e-01 9.548476732420223545e-01
4.008564662843782100e-01 9.469848898949542182e-01
4.043855885093499136e-01 9.391221065478860819e-01
4.071568973939723168e-01 9.312593232008177235e-01
4.088502960205643300e-01 9.273279315272837664e-01
4.144852907526297980e-01 9.155337565066814509e-01
4.161797635299522291e-01 9.116023648331472717e-01
4.216241484823940455e-01 8.958767981390107771e-01
4.232574908517655610e-01 8.919454064654768199e-01
4.275955782156652396e-01 8.840826231184084616e-01
4.324386460617689609e-01 8.722884480978061461e-01
4.380736407938344290e-01 8.604942730772038306e-01
4.397681135711569156e-01 8.565628814036697625e-01
4.425394224557792633e-01 8.487000980566015151e-01
4.476308969182251074e-01 8.369059230359991997e-01
4.504022058028475106e-01 8.290431396889310633e-01
4.539302538770886852e-01 8.211803563418628160e-01
4.637587330609239666e-01 8.015233979741922532e-01
4.672878552858956147e-01 7.936606146271241169e-01
4.700591641705180179e-01 7.857978312800558696e-01
4.717525627971099755e-01 7.818664396065218014e-01
4.773875575291754991e-01 7.700722645859194859e-01
4.790820303064979302e-01 7.661408729123853067e-01
4.818533391911203334e-01 7.582780895653171704e-01
4.835467378177122910e-01 7.543466978917829913e-01
4.891817325497778146e-01 7.425525228711806758e-01
4.908762053271002457e-01 7.386211311976466076e-01
4.936475142117226489e-01 7.307583478505783603e-01
4.987389886741684930e-01 7.189641728299760448e-01
5.054416892323249089e-01 6.993072144623055930e-01
5.071350878589169220e-01 6.953758227887714138e-01
5.127700825909824456e-01 6.835816477681690984e-01
5.144645553683049322e-01 6.796502560946350302e-01
5.172358642529272243e-01 6.717874727475667829e-01
5.207639123271684545e-01 6.639246894004986466e-01
5.266609998374697232e-01 6.521305143798963311e-01
5.301901220624413158e-01 6.442677310328280837e-01
5.329614309470637190e-01 6.364049476857598364e-01
5.380529054095095631e-01 6.246107726651575209e-01
5.408242142941319663e-01 6.167479893180893846e-01
5.443522623683731965e-01 6.088852059710211373e-01
5.502493498786743542e-01 5.970910309504188218e-01
5.537784721036459468e-01 5.892282476033505745e-01
5.565497809882683500e-01 5.813654642562824382e-01
5.582431796148603631e-01 5.774340725827482590e-01
5.638781743469258867e-01 5.656398975621459435e-01
5.655726471242482623e-01 5.617085058886118754e-01
5.683439560088706655e-01 5.538457225415436280e-01
5.700373546354626786e-01 5.499143308680095599e-01
5.756723493675282022e-01 5.381201558474072444e-01
5.773668221448505777e-01 5.341887641738730652e-01
5.801381310294729809e-01 5.263259808268049289e-01
5.818315296560649941e-01 5.223945891532707497e-01
5.874665243881305177e-01 5.106004141326684342e-01
5.891609971654528932e-01 5.066690224591343661e-01
5.919323060500752964e-01 4.988062391120661743e-01
5.936257046766673096e-01 4.948748474385320506e-01
5.992606994087328331e-01 4.830806724179297351e-01
6.009551721860552087e-01 4.791492807443956115e-01
6.037264810706776119e-01 4.712864973973274196e-01
6.054198796972696250e-01 4.673551057237932960e-01
6.110548744293351486e-01 4.555609307031909805e-01
6.127493472066575242e-01 4.516295390296569123e-01
6.155206560912799274e-01 4.437667556825886650e-01
6.206121305537257715e-01 4.319725806619863495e-01
6.233834394383481747e-01 4.241097973149181577e-01
6.269114875125894049e-01 4.162470139678499104e-01
6.367399666964246308e-01 3.965900556001794031e-01
6.402690889213962233e-01 3.887272722531112112e-01
6.430403978060186265e-01 3.808644889060429639e-01
6.447337964326106396e-01 3.769330972325088958e-01
6.503687911646762743e-01 3.651389222119065803e-01
6.520632639419985388e-01 3.612075305383724566e-01
6.548345728266209420e-01 3.533447471913042648e-01
6.599260472890667861e-01 3.415505721707019493e-01
6.630723829373459388e-01 3.336877888236337020e-01
6.674104703012457840e-01 3.258250054765655102e-01
6.705601395207574367e-01 3.179622221294973183e-01
6.756516139832032808e-01 3.061680471088950029e-01
6.784229228678255730e-01 2.983052637618267555e-01
6.801163214944175861e-01 2.943738720882926874e-01
6.857513162264832207e-01 2.825796970676903719e-01
6.874457890038055963e-01 2.786483053941562482e-01
6.902170978884278885e-01 2.707855220470880564e-01
6.937451459626691186e-01 2.629227387000198091e-01
6.996422334729703874e-01 2.511285636794174936e-01
7.031713556979419799e-01 2.432657803323493018e-01
7.059426645825643831e-01 2.354029969852810544e-01
7.110341390450102272e-01 2.236088219646787389e-01
7.138054479296325194e-01 2.157460386176105471e-01
7.188969223920783636e-01 2.039518635970082316e-01
7.228109230537858032e-01 1.921576885764059162e-01
7.236413635416019119e-01 1.882262969028717925e-01
7.240701605668438123e-01 1.842949052293377243e-01
7.243635480051673348e-01 5.455898000271219850e-02
7.247905395692503250e-01 5.062758832917813034e-02
7.257363172931935447e-01 4.669619665564400668e-02
7.291104573038715841e-01 3.883341330857575935e-02
7.310933668612431546e-01 3.490202163504169119e-02
7.346224890862148582e-01 2.703923828797344386e-02
7.384816354606187350e-01 1.524506326737112838e-02
7.392653377826361449e-01 1.131367159383706023e-02
7.393059595211984858e-01 7.382279920302936560e-03
7.383336798600018680e-01 3.450888246768812895e-03
