7.452543519594179156e-01 2.968578964247403640e-03
7.415684973018692450e-01 0.000000000000000000e+00
7.378826426443205744e-01 3.957677890643052088e-04
7.341967879867717928e-01 3.015699265267124396e-03
7.305109333292231222e-01 8.004633852252363013e-03
7.266662056260903002e-01 1.419891737396616893e-02
7.233695899302223786e-01 2.157062668906362113e-02
7.188939092746275961e-01 2.894233600416101782e-02
7.126512921249188448e-01 3.999989997680719611e-02
7.098773744129454055e-01 4.368575463435592221e-02
7.047099507263820950e-01 4.885317832091923274e-02
7.010240960688333134e-01 5.170590134291097595e-02
6.973382414112846428e-01 5.416313778127684886e-02
6.936523867537358612e-01 5.697609594763253238e-02
6.899665320961871906e-01 6.034732211694859849e-02
6.825948227810897384e-01 6.764380990842255859e-02
6.789089681235409568e-01 7.101069637445267535e-02
6.752231134659922862e-01 7.382102928820327703e-02
6.715372588084436156e-01 7.627826572656920545e-02
6.678514041508948340e-01 7.909122389292483346e-02
6.641655494933461634e-01 8.246245006224089957e-02
6.292251517702567298e-01 1.174028477853302777e-01
6.258539256009406637e-01 1.210887024428790038e-01
6.231275070115314119e-01 1.247745571004277298e-01
6.209838557036159168e-01 1.284604117579764559e-01
6.116728360787564434e-01 1.468896850457200309e-01
6.083641269319323142e-01 1.542613943608174831e-01
6.057659015175947959e-01 1.616331036759148798e-01
6.024581994348846559e-01 1.690048129910123320e-01
5.969294174485615390e-01 1.800623769636585103e-01
5.936207083017375208e-01 1.874340862787559625e-01
5.910224828873998915e-01 1.948057955938533592e-01
5.825631443290912870e-01 2.132350688815969897e-01
5.799649189147537687e-01 2.206067781966943864e-01
5.766572168320436287e-01 2.279784875117918386e-01
5.711284348457205118e-01 2.390360514844380169e-01
5.678197256988963826e-01 2.464077607995354136e-01
5.648698960033483596e-01 2.537794701146328658e-01
5.608027460363980143e-01 2.611511794297303179e-01
5.578497909694614121e-01 2.685228887448277701e-01
5.545420888867512721e-01 2.758945980599252223e-01
5.453274522428794846e-01 2.943238713476687973e-01
5.420187430960554664e-01 3.016955806627662495e-01
5.394205176817178371e-01 3.090672899778636462e-01
5.361128155990076971e-01 3.164389992929610984e-01
5.305840336126846912e-01 3.274965632656072767e-01
5.272753244658605620e-01 3.348682725807046734e-01
5.246770990515229327e-01 3.422399818958021256e-01
5.213693969688129037e-01 3.496116912108995223e-01
5.158406149824897868e-01 3.606692551835457006e-01
5.125319058356656576e-01 3.680409644986431528e-01
5.074275526445203299e-01 3.827843831288380017e-01
5.058962214825688530e-01 3.864702377863867278e-01
5.018290715156185078e-01 3.938419471014841799e-01
4.988761164486819055e-01 4.012136564165816321e-01
4.955684143659718766e-01 4.085853657316790288e-01
4.863537777221000891e-01 4.270146390194226593e-01
4.830450685752759044e-01 4.343863483345200560e-01
4.804468431609383305e-01 4.417580576496175082e-01
4.771391410782283016e-01 4.491297669647149604e-01
4.716103590919051847e-01 4.601873309373610832e-01
4.683016499450810555e-01 4.675590402524585354e-01
4.657034245307434261e-01 4.749307495675559876e-01
4.572440859724348772e-01 4.933600228552995626e-01
4.546458605580973034e-01 5.007317321703970148e-01
4.513381584753872744e-01 5.081034414854944670e-01
4.458093764890641575e-01 5.191610054581405898e-01
4.425006673422400283e-01 5.265327147732380419e-01
4.399024419279023990e-01 5.339044240883354941e-01
4.365947398451923700e-01 5.412761334034329463e-01
4.310659578588693086e-01 5.523336973760790691e-01
4.277572487120451239e-01 5.597054066911765213e-01
4.251590232977075501e-01 5.670771160062739735e-01
4.234917347779827423e-01 5.707629706638226441e-01
4.215134512047221671e-01 5.744488253213714257e-01
4.170544143919980296e-01 5.818205346364688779e-01
4.155189832804830341e-01 5.855063892940175485e-01
4.104156046675126457e-01 6.002498079242124529e-01
4.056421207667528228e-01 6.113073718968585757e-01
4.026922910712047443e-01 6.186790812119560279e-01
3.982343691570460198e-01 6.260507905270534801e-01
3.962538935798261552e-01 6.297366451846021507e-01
3.945845567941066445e-01 6.334224998421509323e-01
3.919863313797690707e-01 6.407942091572482735e-01
3.903986948039150362e-01 6.444800638147970551e-01
3.851156364614286010e-01 6.555376277874431779e-01
3.805771631259123877e-01 6.665951917600894117e-01
3.765100131589620980e-01 6.739669010751867528e-01
3.732054538108149355e-01 6.813386103902842050e-01
3.691383038438647013e-01 6.887103197053816572e-01
3.676028727323497058e-01 6.923961743629303278e-01
3.636792210001203451e-01 7.034537383355765616e-01
3.621478898381688127e-01 7.071395929931252322e-01
3.576801528348531600e-01 7.145113023082226844e-01
3.536479126230765990e-01 7.218830116233201366e-01
3.499771553927975010e-01 7.292547209384175888e-01
3.466684462459733163e-01 7.366264302535150410e-01
3.440702208316357424e-01 7.439981395686123822e-01
3.392967369308759196e-01 7.550557035412586160e-01
3.363469072353277856e-01 7.624274128563559572e-01
3.322797572683774958e-01 7.697991221714535204e-01
3.289751979202303334e-01 7.771708314865508616e-01
3.245074609169147362e-01 7.845425408016484248e-01
3.204903181324077477e-01 7.919142501167457660e-01
3.171816089855835630e-01 7.992859594318432181e-01
3.145833835712459892e-01 8.066576687469406703e-01
3.129160950515211814e-01 8.103435234044893409e-01
3.109378114782606062e-01 8.140293780620381225e-01
3.060781876291711057e-01 8.214010873771355747e-01
2.998912173111428769e-01 8.324586513497816975e-01
2.954212106928902903e-01 8.398303606648791497e-01
2.924682556259536881e-01 8.472020699799764909e-01
2.891605535432436591e-01 8.545737792950740541e-01
2.851477986809480281e-01 8.619454886101713953e-01
2.802870201154870622e-01 8.693171979252689585e-01
2.783487132144340515e-01 8.730030525828176291e-01
2.768184792930828975e-01 8.766889072403662997e-01
2.758942690902027040e-01 8.803747618979149703e-01
2.754729213902047391e-01 8.840606165554637519e-01
2.751978576097907081e-01 8.951181805281098747e-01
2.747773434364000900e-01 8.988040351856585453e-01
2.739108253082079836e-01 9.024898898432073269e-01
2.692654984374502347e-01 9.135474538158534497e-01
2.666672730231126054e-01 9.209191631309510129e-01
2.598393783296206738e-01 9.356625817611458062e-01
2.583351169166312467e-01 9.393484364186945879e-01
2.573105459268942297e-01 9.430342910762432584e-01
2.556499916150297702e-01 9.504060003913407106e-01
2.545898129904122786e-01 9.540918550488893812e-01
2.539299261081737757e-01 9.577777097064381628e-01
2.539299261081737757e-01 9.614635643639868334e-01
2.547087115277525959e-01 9.651494190215355040e-01
2.562335852691417504e-01 9.688352736790842856e-01
2.581718921701947611e-01 9.725211283366330672e-01
2.655236143946452243e-01 9.835786923092790790e-01
2.685379459958464610e-01 9.872645469668278606e-01
2.697791011356332480e-01 9.885057021066147032e-01
2.734649557931819741e-01 9.914440428731553512e-01
2.808366651082794263e-01 9.955270044908328675e-01
2.882083744233768785e-01 9.987085311858299175e-01
2.918942290809255491e-01 9.995786523000020907e-01
2.955800837384742752e-01 1.000000000000000000e+00
3.140093570262179057e-01 1.000000000000000000e+00
3.176952116837665763e-01 9.995979837055486428e-01
3.213810663413153579e-01 9.988194087900956752e-01
3.324386303139614807e-01 9.951498589801083261e-01
3.361244849715102068e-01 9.934805221943889819e-01
3.398103396290589329e-01 9.914440428731553512e-01
3.434961942866076035e-01 9.886738443358906725e-01
3.485913463132190859e-01 9.835786923092790790e-01
3.513615448504838756e-01 9.798928376517304084e-01
3.554445064681613919e-01 9.725211283366330672e-01
3.587532156149855211e-01 9.651494190215355040e-01
3.650372956868718211e-01 9.467201457337919290e-01
3.667045842065965733e-01 9.430342910762432584e-01
3.687945603452374987e-01 9.393484364186945879e-01
3.716666548835870776e-01 9.356625817611458062e-01
3.803547408620948089e-01 9.277463711898196186e-01
3.830128091247501088e-01 9.246050177884996835e-01
3.856824762307334287e-01 9.209191631309510129e-01
3.878853232227762460e-01 9.172333084734022313e-01
3.911898825709233529e-01 9.098615991583047791e-01
3.956576195742390611e-01 9.024898898432073269e-01
3.996747623587459941e-01 8.951181805281098747e-01
4.029834715055701233e-01 8.877464712130125335e-01
4.055816969199077526e-01 8.803747618979149703e-01
4.103551808206675755e-01 8.693171979252689585e-01
4.166392608925538754e-01 8.508879246375252725e-01
4.250985994508624799e-01 8.324586513497816975e-01
4.276968248652000537e-01 8.250869420346842453e-01
4.361561634235086027e-01 8.066576687469406703e-01
4.387543888378462320e-01 7.992859594318432181e-01
4.420620909205562610e-01 7.919142501167457660e-01
4.549625822219767746e-01 7.661132675139047388e-01
4.582712913688009593e-01 7.587415581988072866e-01
4.645553714406872592e-01 7.403122849110637116e-01
4.678630735233972882e-01 7.329405755959662594e-01
4.807635648248178017e-01 7.071395929931252322e-01
4.840722739716419865e-01 6.997678836780278910e-01
4.866704993859795603e-01 6.923961743629303278e-01
4.899782014686895892e-01 6.850244650478329866e-01
5.028786927701101028e-01 6.592234824449918484e-01
5.061874019169342320e-01 6.518517731298945073e-01
5.087856273312718614e-01 6.444800638147970551e-01
5.120933294139818903e-01 6.371083544996996029e-01
5.213079660578537888e-01 6.186790812119560279e-01
5.246166752046779180e-01 6.113073718968585757e-01
5.272149006190154363e-01 6.039356625817611235e-01
5.356742391773240408e-01 5.855063892940175485e-01
5.382724645916616701e-01 5.781346799789200963e-01
5.415801666743716991e-01 5.707629706638226441e-01
5.507948033182434866e-01 5.523336973760790691e-01
5.541035124650676158e-01 5.449619880609816169e-01
5.570533421606156388e-01 5.375902787458841647e-01
5.611204921275660951e-01 5.302185694307867125e-01
5.640734471945025863e-01 5.228468601156893714e-01
5.688469310952625202e-01 5.117892961430431376e-01
5.717967607908105432e-01 5.044175868279456854e-01
5.762546827049692677e-01 4.970458775128482887e-01
5.782351582821890768e-01 4.933600228552995626e-01
5.799044950679086430e-01 4.896741681977508365e-01
5.825027204822462723e-01 4.823024588826534398e-01
5.858104225649563013e-01 4.749307495675559876e-01
5.913392045512794182e-01 4.638731855949098093e-01
5.946479136981035474e-01 4.565014762798124126e-01
5.972461391124410657e-01 4.491297669647149604e-01
6.057054776707496702e-01 4.307004936769713854e-01
6.083037030850872995e-01 4.233287843618739332e-01
6.098913396609413340e-01 4.196429297043252071e-01
6.151743980034277692e-01 4.085853657316790288e-01
6.197128713389439270e-01 3.975278017590329060e-01
6.241707932531025405e-01 3.901560924439354539e-01
6.261512688303224605e-01 3.864702377863867278e-01
6.278206056160420268e-01 3.827843831288380017e-01
6.304188310303795451e-01 3.754126738137406050e-01
6.320064676062335796e-01 3.717268191561918789e-01
6.372895259487201258e-01 3.606692551835457006e-01
6.388781695886881495e-01 3.569834005259969745e-01
6.414763950030257789e-01 3.496116912108995223e-01
6.447840970857358078e-01 3.422399818958021256e-01
6.613704430447050475e-01 3.090672899778636462e-01
6.646791521915291767e-01 3.016955806627662495e-01
6.672773776058668060e-01 2.943238713476687973e-01
6.705850796885768350e-01 2.869521620325713451e-01
6.871714256475460747e-01 2.537794701146328658e-01
6.904801347943702039e-01 2.464077607995354136e-01
6.930783602087078332e-01 2.390360514844380169e-01
6.963860622914178622e-01 2.316643421693405647e-01
7.056006989352896497e-01 2.132350688815969897e-01
7.089094080821137789e-01 2.058633595664995375e-01
7.115076334964514082e-01 1.984916502514020853e-01
7.130952700723054427e-01 1.948057955938533592e-01
7.183783284147918780e-01 1.837482316212072364e-01
7.199669720547599017e-01 1.800623769636585103e-01
7.236365218647472508e-01 1.690048129910123320e-01
7.244150967802002183e-01 1.653189583334636059e-01
7.248171130746514645e-01 1.616331036759148798e-01
7.250921768550656621e-01 1.542613943608174831e-01
7.254925004493297802e-01 1.505755397032687570e-01
7.262692751915678091e-01 1.468896850457200309e-01
7.273223765222960324e-01 1.432038303881713048e-01
7.281009514377488889e-01 1.395179757306225787e-01
7.285029677322002462e-01 1.358321210730738526e-01
7.287780315126144437e-01 8.423015586739179827e-02
7.291783551068785618e-01 8.054430120984307218e-02
7.299551298491165907e-01 7.685844655229440159e-02
7.310082311798447030e-01 7.317259189474567549e-02
7.317868060952976705e-01 6.948673723719694939e-02
7.321888223897489167e-01 6.580088257964822329e-02
7.324638861701631143e-01 4.737160929190464831e-02
7.328642097644273434e-01 4.368575463435592221e-02
7.337509184717456723e-01 3.999989997680719611e-02
7.352103980175976883e-01 3.631404531925847001e-02
7.420821000000522583e-01 2.157062668906362113e-02
7.455866831170658848e-01 1.051306271641744283e-02
7.460700738918262243e-01 6.827208058868716734e-03
