5.044654758731005328e-01 2.861151556166219301e-01
5.014884919577001776e-01 2.857904558784324367e-01
4.627877010574957817e-01 2.857904558784324367e-01
4.598107171420954264e-01 2.861307691686257870e-01
4.568337332266951267e-01 2.868772334663397539e-01
4.538567493112947715e-01 2.881131698213809655e-01
4.508797653958944163e-01 2.897239307613207471e-01
4.419488136496934061e-01 2.965908081077369696e-01
4.330178619034923959e-01 3.025267336117776207e-01
4.270638940726917410e-01 3.053676725633021061e-01
4.181329423264907308e-01 3.076724343042572807e-01
4.121789744956900758e-01 3.105628181691231227e-01
4.092019905802897206e-01 3.127648866285229756e-01
3.972940549186883552e-01 3.243579489913800962e-01
3.943170710032880555e-01 3.269628099173553792e-01
3.913400870878877003e-01 3.289517431366961731e-01
3.883631031724873450e-01 3.302174093962950696e-01
3.824091353416866901e-01 3.317272042573711222e-01
3.794321514262863348e-01 3.317760072723776599e-01
3.705011996800853247e-01 3.304452146094375431e-01
3.615702479338843145e-01 3.302230516306762231e-01
3.585932640184840148e-01 3.298997190492791720e-01
3.496623122722829491e-01 3.277929304322266812e-01
3.466853283568825939e-01 3.274682306940371879e-01
3.347773926952812840e-01 3.272460677152759234e-01
3.318004087798809287e-01 3.269227351338788168e-01
3.228694570336799186e-01 3.248159465168263260e-01
3.198924731182796188e-01 3.244912467786368326e-01
2.097440682484670860e-01 3.242690837998756237e-01
2.037901004176664310e-01 3.233183673066371000e-01
1.948591486714654208e-01 3.203561017608419492e-01
1.859281969252644107e-01 3.165006635753234709e-01
1.799742290944637557e-01 3.144021339300412388e-01
1.710432773482627455e-01 3.105466957445227605e-01
1.621123256020616799e-01 3.075828808966639127e-01
1.561583577712610249e-01 3.066293432862348123e-01
1.204345507864569842e-01 3.066293432862348123e-01
1.174575668710566290e-01 3.069696565764281071e-01
1.144805829556563292e-01 3.077161208741421294e-01
1.115035990402559740e-01 3.089520572291832856e-01
1.085266151248556188e-01 3.105628181691231227e-01
1.055496312094553191e-01 3.128002467315905699e-01
1.025726472940549638e-01 3.155200279925353124e-01
9.842204471969873136e-02 3.198924731182796188e-01
9.189557998209030298e-02 3.288234248644805735e-01
8.768772771705329871e-02 3.332578904884623827e-01
8.471074380165294349e-02 3.359740234848049845e-01
8.173375988625258826e-02 3.382062402406977863e-01
7.577979205545193331e-02 3.415004147042269844e-01
6.982582422465122285e-02 3.440684634635065020e-01
6.089487247845021267e-02 3.462771934652552064e-01
3.410201723984718214e-02 3.552014544755278669e-01
3.112503332444688242e-02 3.565497411613024470e-01
2.814804940904652719e-02 3.582414386466639122e-01
2.517106549364617196e-02 3.605677941664535702e-01
2.173400224586580221e-02 3.645472318492846142e-01
1.578825011742901463e-02 3.734781835954856799e-01
1.079116997372137066e-02 3.824091353416866901e-01
6.857298371228004452e-03 3.883631031724873450e-01
3.612740306288719783e-03 3.943170710032880555e-01
1.043091018022523908e-03 4.002710388340887104e-01
3.403132901933503263e-04 4.032480227494890102e-01
0.000000000000000000e+00 4.062250066648893654e-01
0.000000000000000000e+00 4.151559584110903756e-01
9.535376104291559685e-04 4.211099262418910305e-01
4.788328847074529993e-03 4.330178619034923959e-01
8.385456186042750115e-03 4.479027814804941166e-01
8.708788767439801237e-03 4.508797653958944163e-01
8.930951746201010177e-03 4.598107171420954264e-01
9.271265036394360504e-03 4.627877010574957817e-01
1.001772933410838284e-02 4.657646849728961369e-01
1.125366568914959453e-02 4.687416688882964366e-01
1.286442662908948709e-02 4.717186528036967919e-01
1.506649508848928454e-02 4.746956367190971471e-01
2.044796601248222156e-02 4.806496045498978020e-01
2.270828789090595379e-02 4.836265884652981573e-01
3.066495399206681238e-02 4.955345241268994672e-01
3.309956347241643781e-02 4.985115080422998224e-01
3.707900115524753737e-02 5.019485712900801921e-01
4.898693681684890278e-02 5.099052373912411618e-01
5.791788856304991295e-02 5.167721147376572732e-01
6.982582422465122285e-02 5.230468171450576298e-01
7.577979205545193331e-02 5.257191889084587011e-01
8.173375988625258826e-02 5.278177185537408223e-01
9.066471163245359843e-02 5.316731567392593005e-01
9.661867946325430889e-02 5.337716863845415327e-01
1.055496312094553191e-01 5.376271245700600110e-01
1.115035990402559740e-01 5.397256542153421321e-01
1.204345507864569842e-01 5.435810924008607214e-01
1.472274060250600147e-01 5.525053534111333819e-01
1.621123256020616799e-01 5.561341891320563668e-01
1.680662934328623903e-01 5.569460938362564839e-01
1.769972451790634005e-01 5.591111730474567221e-01
1.829512130098640554e-01 5.599230777516568391e-01
2.037901004176664310e-01 5.650651408782574325e-01
2.097440682484670860e-01 5.658770455824574386e-01
2.186750199946680961e-01 5.680421247936576767e-01
2.246289878254688066e-01 5.688828278271094163e-01
2.276059717408691063e-01 5.695990029898836404e-01
2.335599395716698168e-01 5.721670517491631580e-01
2.395139074024704717e-01 5.754612262126924671e-01
2.424908913178708270e-01 5.776592054084722649e-01
2.499333511063716595e-01 5.848440415889095689e-01
2.526527114137084862e-01 5.878210255043099242e-01
2.591791761513169146e-01 5.967519772505109898e-01
2.764685827369112170e-01 6.146138807429130102e-01
2.829950474745196454e-01 6.235448324891139649e-01
2.857179128649594002e-01 6.265218164045143201e-01
3.079845374566781979e-01 6.487884409962332288e-01
3.109615213720785531e-01 6.515113063866728726e-01
3.139385052874789084e-01 6.537747509754974207e-01
3.347773926952812840e-01 6.676853849074589897e-01
3.437083444414822941e-01 6.746136383832997963e-01
3.585932640184840148e-01 6.844685471788419795e-01
3.615702479338843145e-01 6.861898129847365801e-01
3.645472318492846142e-01 6.874299469962131814e-01
3.794321514262863348e-01 6.924235974349493006e-01
4.062250066648893654e-01 6.990294170712725297e-01
4.121789744956900758e-01 6.998413217754726467e-01
4.211099262418910305e-01 7.019769087217766490e-01
4.240869101572913857e-01 7.023016084599662534e-01
4.330178619034923959e-01 7.025237714387274623e-01
4.359948458188927511e-01 7.028471040201245135e-01
4.449257975650937613e-01 7.049538926371770042e-01
4.479027814804941166e-01 7.052785923753666086e-01
4.568337332266951267e-01 7.055007553541278176e-01
4.598107171420954264e-01 7.058240879355248687e-01
4.687416688882964366e-01 7.079308765525773595e-01
4.717186528036967919e-01 7.082555762907668528e-01
4.955345241268994672e-01 7.084777392695280618e-01
4.985115080422998224e-01 7.088010718509252239e-01
5.074424597885008881e-01 7.109078604679777147e-01
5.104194437039011323e-01 7.112325602061672081e-01
5.848440415889095689e-01 7.114547231849284170e-01
5.878210255043099242e-01 7.117780557663255792e-01
5.967519772505109898e-01 7.138848443833780699e-01
5.997289611659113451e-01 7.142095441215675633e-01
6.681995912201190713e-01 7.142095441215675633e-01
6.711765751355194265e-01 7.138848443833780699e-01
6.801075268817203812e-01 7.117780557663255792e-01
6.830845107971207364e-01 7.114547231849284170e-01
7.009464142895227567e-01 7.112325602061672081e-01
7.039233982049231120e-01 7.109078604679777147e-01
7.128543499511241777e-01 7.088010718509252239e-01
7.158313338665244219e-01 7.084777392695280618e-01
7.336932373589264422e-01 7.082555762907668528e-01
7.366702212743267975e-01 7.079308765525773595e-01
7.456011730205278631e-01 7.057952896062733572e-01
7.545321247667289288e-01 7.049833849020732401e-01
7.694170443437304829e-01 7.013545491811502552e-01
7.813249800053319039e-01 6.975132796128917789e-01
7.902559317515329695e-01 6.954005813503495448e-01
8.081178352439348789e-01 6.894533042554772395e-01
8.140718030747355893e-01 6.867809324920761682e-01
8.200257709055362998e-01 6.834832140000761669e-01
8.230027548209366550e-01 6.812811455406763139e-01
8.349106904825379649e-01 6.699457067858827219e-01
8.438416422287389196e-01 6.634192420482742936e-01
8.587265618057406957e-01 6.491068193780803464e-01
8.676575135519416504e-01 6.425803546404719180e-01
8.855194170443436708e-01 6.252909480548776155e-01
8.884964009597440260e-01 6.230929688590978177e-01
8.914733848751443812e-01 6.213634218614499938e-01
9.063583044521460463e-01 6.138448265647679092e-01
9.123122722829466458e-01 6.111732681849503246e-01
9.301741757753487772e-01 6.052267782354812109e-01
9.450590953523504423e-01 6.016008525672614793e-01
9.539900470985513969e-01 6.007889478630614732e-01
9.629209988447524626e-01 5.986238686518611241e-01
9.688749666755531731e-01 5.977824716827648821e-01
9.718519505909535283e-01 5.970640804029319071e-01
9.778059184217541278e-01 5.944944311146657112e-01
9.837598862525548382e-01 5.910460914126602905e-01
9.867368701679550824e-01 5.881325703326657495e-01
9.931427016287719400e-01 5.788900737581089695e-01
9.963872596937113357e-01 5.729361059273082590e-01
9.989569089819776426e-01 5.669821380965075486e-01
9.996596867098065387e-01 5.640051541811073044e-01
1.000000000000000000e+00 5.610281702657069491e-01
1.000000000000000000e+00 4.895805562960988122e-01
9.990464623895709551e-01 4.836265884652981573e-01
9.960826475417119408e-01 4.746956367190971471e-01
9.934102757783109805e-01 4.687416688882964366e-01
9.901125572863108681e-01 4.627877010574957817e-01
9.877393239353857712e-01 4.598107171420954264e-01
9.837598862525548382e-01 4.563736538943150567e-01
9.658979827601528179e-01 4.444739339350776697e-01
9.569670310139517522e-01 4.394768537913699147e-01
9.480360792677507975e-01 4.335320682161524775e-01
9.439958868111361090e-01 4.300408779880920962e-01
9.416761590848501395e-01 4.270638940726917410e-01
9.386414988789875125e-01 4.211099262418910305e-01
9.356792333331921396e-01 4.121789744956900758e-01
9.347285168399537270e-01 4.062250066648893654e-01
9.345063538611926290e-01 3.972940549186883552e-01
9.341660405709990567e-01 3.943170710032880555e-01
9.334195762732852009e-01 3.913400870878877003e-01
9.321836399182439337e-01 3.883631031724873450e-01
9.305260011471687687e-01 3.853861192570869898e-01
9.281996456273791107e-01 3.824091353416866901e-01
9.242202079445480667e-01 3.790334482233309044e-01
9.182662401137473562e-01 3.757357297313309030e-01
9.123122722829466458e-01 3.731660804430646516e-01
9.093352883675464016e-01 3.724633027152355336e-01
8.974273527059450917e-01 3.715774938648839232e-01
8.944503687905447364e-01 3.709501099530425061e-01
8.825424331289433155e-01 3.671225592046706288e-01
8.795654492135429603e-01 3.664937213324310772e-01
8.676575135519416504e-01 3.656235260340832127e-01
8.587265618057406957e-01 3.636541366746645076e-01
8.557495778903403405e-01 3.636541366746645076e-01
8.527725939749399853e-01 3.642831445664668766e-01
8.468186261441392748e-01 3.668430414789578542e-01
8.438416422287389196e-01 3.686338188604251220e-01
8.413962625839459530e-01 3.705011996800853247e-01
8.334221985248377873e-01 3.794321514262863348e-01
8.230027548209366550e-01 3.895939715221239941e-01
8.200257709055362998e-01 3.917919507179037919e-01
8.170487869901359446e-01 3.933991676293728812e-01
8.140718030747355893e-01 3.946342906008306617e-01
8.110948191593352341e-01 3.953770577004381837e-01
8.081178352439348789e-01 3.957166977694837051e-01
7.843019639207322591e-01 3.957166977694837051e-01
7.813249800053319039e-01 3.953933651880865985e-01
7.723940282591308382e-01 3.932570843061379273e-01
7.664400604283301277e-01 3.924451796019378103e-01
7.575091086821291730e-01 3.902801003907375721e-01
7.485781569359282184e-01 3.894681956865374550e-01
7.396472051897271527e-01 3.873031164753372724e-01
7.336932373589264422e-01 3.864912117711371553e-01
7.247622856127254876e-01 3.843261325599369171e-01
7.158313338665244219e-01 3.835142278557368001e-01
7.069003821203234672e-01 3.813491486445366174e-01
6.979694303741224015e-01 3.805372439403365004e-01
6.890384786279214469e-01 3.783721647291362622e-01
6.830845107971207364e-01 3.775602600249361451e-01
6.681995912201190713e-01 3.739343343567163580e-01
6.503376877277170509e-01 3.679878444072473553e-01
6.354527681507153858e-01 3.611554223063285218e-01
6.294988003199146753e-01 3.590568926610463452e-01
6.205678485737136096e-01 3.552014544755278669e-01
5.788900737581089695e-01 3.411949891686443248e-01
5.729361059273082590e-01 3.382062402406977863e-01
5.699591220119079038e-01 3.359740234848049845e-01
5.657855073069839591e-01 3.318004087798809287e-01
5.635532905510911572e-01 3.288234248644805735e-01
5.571529584447978412e-01 3.169154892028792636e-01
5.553222844278562498e-01 3.139385052874789084e-01
5.524693415089309001e-01 3.109615213720785531e-01
5.461432506887051730e-01 3.062041843308015432e-01
5.431662667733049288e-01 3.033923814169649513e-01
5.367725172277291179e-01 2.960766017950768880e-01
5.312583311117035079e-01 2.917971874166889190e-01
5.282813471963031526e-01 2.901487478582709389e-01
5.253043632809029084e-01 2.891837390371115313e-01
5.133964276193014875e-01 2.882219442336744208e-01
