5.163934426229508379e-01 2.688524590163934302e-01
4.508196721311475419e-01 2.688524590163934302e-01
4.475409836065573632e-01 2.721311475409836089e-01
4.409836065573770614e-01 2.721311475409836089e-01
4.311475409836065253e-01 2.786885245901639108e-01
4.245901639344262235e-01 2.786885245901639108e-01
4.049180327868852625e-01 2.885245901639343913e-01
3.983606557377049051e-01 2.950819672131147486e-01
3.950819672131147264e-01 2.950819672131147486e-01
3.754098360655737654e-01 3.147540983606557097e-01
3.688524590163934080e-01 3.180327868852458884e-01
3.557377049180328044e-01 3.180327868852458884e-01
3.524590163934426257e-01 3.213114754098360670e-01
3.131147540983606481e-01 3.213114754098360670e-01
3.098360655737705249e-01 3.245901639344261902e-01
2.737704918032787260e-01 3.245901639344261902e-01
2.704918032786884918e-01 3.278688524590164244e-01
2.311475409836065698e-01 3.278688524590164244e-01
2.278688524590163911e-01 3.311475409836065475e-01
1.459016393442623127e-01 3.311475409836065475e-01
1.311475409836065364e-01 3.196721311475410054e-01
1.311475409836065364e-01 3.163934426229508268e-01
1.131147540983606370e-01 2.983606557377049273e-01
1.098360655737705138e-01 2.983606557377049273e-01
1.032786885245901565e-01 2.918032786885246255e-01
9.672131147540985463e-02 2.918032786885246255e-01
9.344262295081967595e-02 2.885245901639343913e-01
7.704918032786883808e-02 2.885245901639343913e-01
7.377049180327871492e-02 2.852459016393442681e-01
5.737704918032787704e-02 2.852459016393442681e-01
4.426229508196721785e-02 2.950819672131147486e-01
4.098360655737703917e-02 2.950819672131147486e-01
2.950819672131149707e-02 3.065573770491802907e-01
2.295081967213113971e-02 3.196721311475410054e-01
2.295081967213113971e-02 3.295081967213114860e-01
1.967213114754096104e-02 3.327868852459016091e-01
1.967213114754096104e-02 3.459016393442623238e-01
1.639344262295083787e-02 3.491803278688524470e-01
1.639344262295083787e-02 3.622950819672131062e-01
1.311475409836065920e-02 3.655737704918032849e-01
1.311475409836065920e-02 3.786885245901639441e-01
9.836065573770480519e-03 3.819672131147541227e-01
9.836065573770480519e-03 3.885245901639344246e-01
0.000000000000000000e+00 4.016393442622950838e-01
0.000000000000000000e+00 4.147540983606557430e-01
3.278688524590178677e-03 4.180327868852459217e-01
3.278688524590178677e-03 4.311475409836065253e-01
6.557377049180301842e-03 4.344262295081967040e-01
6.557377049180301842e-03 4.573770491803278437e-01
9.836065573770480519e-03 4.606557377049180224e-01
9.836065573770480519e-03 4.803278688524590390e-01
1.311475409836065920e-02 4.836065573770491621e-01
1.311475409836065920e-02 5.000000000000000000e-01
1.639344262295083787e-02 5.032786885245901232e-01
1.639344262295083787e-02 5.131147540983606037e-01
1.967213114754096104e-02 5.163934426229508379e-01
1.967213114754096104e-02 5.229508196721311952e-01
2.295081967213113971e-02 5.262295081967213184e-01
2.295081967213113971e-02 5.360655737704917989e-01
3.278688524590162023e-02 5.557377049180327599e-01
3.934426229508197759e-02 5.622950819672131173e-01
3.934426229508197759e-02 5.655737704918032405e-01
4.590163934426227943e-02 5.721311475409835978e-01
4.590163934426227943e-02 5.754098360655737210e-01
5.573770491803275995e-02 5.852459016393443125e-01
5.573770491803275995e-02 5.885245901639344357e-01
6.229508196721311730e-02 5.950819672131147930e-01
6.229508196721311730e-02 5.983606557377049162e-01
7.213114754098359782e-02 6.081967213114753967e-01
7.213114754098359782e-02 6.114754098360655199e-01
8.196721311475407834e-02 6.213114754098361114e-01
8.196721311475407834e-02 6.245901639344262346e-01
1.393442622950819554e-01 6.819672131147540561e-01
1.426229508196721341e-01 6.819672131147540561e-01
1.557377049180327933e-01 6.918032786885246477e-01
1.622950819672130951e-01 6.918032786885246477e-01
1.721311475409836311e-01 6.983606557377048940e-01
1.786885245901639330e-01 6.983606557377048940e-01
1.885245901639344135e-01 7.049180327868852514e-01
1.950819672131147708e-01 7.049180327868852514e-01
1.983606557377048940e-01 7.081967213114753745e-01
2.049180327868852514e-01 7.081967213114753745e-01
2.081967213114754300e-01 7.114754098360656087e-01
2.147540983606557319e-01 7.114754098360656087e-01
2.180327868852459106e-01 7.147540983606557319e-01
2.278688524590163911e-01 7.147540983606557319e-01
2.311475409836065698e-01 7.180327868852458550e-01
2.377049180327868716e-01 7.180327868852458550e-01
2.409836065573770503e-01 7.213114754098360892e-01
2.475409836065573521e-01 7.213114754098360892e-01
2.508196721311475308e-01 7.245901639344262124e-01
2.606557377049180113e-01 7.245901639344262124e-01
2.639344262295081900e-01 7.278688524590164466e-01
2.934426229508196871e-01 7.278688524590164466e-01
2.967213114754098102e-01 7.311475409836065698e-01
3.721311475409836422e-01 7.311475409836065698e-01
3.754098360655737654e-01 7.278688524590164466e-01
4.475409836065573632e-01 7.278688524590164466e-01
4.508196721311475419e-01 7.245901639344262124e-01
4.934426229508196982e-01 7.245901639344262124e-01
4.967213114754098213e-01 7.213114754098360892e-01
5.163934426229508379e-01 7.213114754098360892e-01
5.196721311475409610e-01 7.180327868852458550e-01
5.393442622950819221e-01 7.180327868852458550e-01
5.426229508196721563e-01 7.147540983606557319e-01
5.622950819672131173e-01 7.147540983606557319e-01
5.655737704918032405e-01 7.114754098360656087e-01
5.852459016393443125e-01 7.114754098360656087e-01
5.885245901639344357e-01 7.081967213114753745e-01
5.983606557377049162e-01 7.081967213114753745e-01
6.016393442622950394e-01 7.049180327868852514e-01
6.081967213114753967e-01 7.049180327868852514e-01
6.114754098360655199e-01 7.016393442622950172e-01
6.180327868852458773e-01 7.016393442622950172e-01
6.213114754098361114e-01 6.983606557377048940e-01
6.278688524590163578e-01 6.983606557377048940e-01
6.377049180327869493e-01 6.918032786885246477e-01
6.442622950819671956e-01 6.918032786885246477e-01
6.737704918032787482e-01 6.754098360655738098e-01
6.770491803278688714e-01 6.754098360655738098e-01
6.836065573770491177e-01 6.688524590163934525e-01
6.868852459016393519e-01 6.688524590163934525e-01
6.901639344262294751e-01 6.655737704918032183e-01
6.934426229508197093e-01 6.655737704918032183e-01
6.967213114754098324e-01 6.622950819672130951e-01
6.999999999999999556e-01 6.622950819672130951e-01
7.032786885245901898e-01 6.590163934426229719e-01
7.065573770491803129e-01 6.590163934426229719e-01
7.098360655737705471e-01 6.557377049180328488e-01
7.131147540983606703e-01 6.557377049180328488e-01
7.163934426229507935e-01 6.524590163934426146e-01
7.196721311475409166e-01 6.524590163934426146e-01
7.262295081967212740e-01 6.459016393442622572e-01
7.295081967213115082e-01 6.459016393442622572e-01
7.393442622950819887e-01 6.360655737704917767e-01
7.426229508196721119e-01 6.360655737704917767e-01
7.524590163934425924e-01 6.262295081967212962e-01
7.557377049180327155e-01 6.262295081967212962e-01
7.688524590163934302e-01 6.131147540983606925e-01
7.721311475409835534e-01 6.131147540983606925e-01
7.819672131147541450e-01 6.032786885245902120e-01
7.852459016393442681e-01 6.032786885245902120e-01
7.983606557377049828e-01 5.901639344262294973e-01
8.016393442622951060e-01 5.901639344262294973e-01
8.081967213114753523e-01 5.836065573770491399e-01
8.114754098360655865e-01 5.836065573770491399e-01
8.147540983606558207e-01 5.803278688524590168e-01
8.180327868852459439e-01 5.803278688524590168e-01
8.213114754098360670e-01 5.770491803278688936e-01
8.245901639344261902e-01 5.770491803278688936e-01
8.278688524590163134e-01 5.737704918032786594e-01
8.344262295081967817e-01 5.737704918032786594e-01
8.377049180327869049e-01 5.704918032786885362e-01
8.442622950819671512e-01 5.704918032786885362e-01
8.475409836065573854e-01 5.672131147540984131e-01
8.540983606557377428e-01 5.672131147540984131e-01
8.573770491803278659e-01 5.639344262295081789e-01
8.639344262295082233e-01 5.639344262295081789e-01
8.672131147540983465e-01 5.606557377049180557e-01
8.737704918032787038e-01 5.606557377049180557e-01
8.770491803278688270e-01 5.573770491803278215e-01
8.836065573770491843e-01 5.573770491803278215e-01
8.868852459016394185e-01 5.540983606557376984e-01
8.934426229508196649e-01 5.540983606557376984e-01
8.967213114754097880e-01 5.508196721311475752e-01
9.032786885245901454e-01 5.508196721311475752e-01
9.065573770491803796e-01 5.475409836065573410e-01
9.098360655737705027e-01 5.475409836065573410e-01
9.131147540983606259e-01 5.442622950819672178e-01
9.196721311475409832e-01 5.442622950819672178e-01
9.262295081967213406e-01 5.377049180327868605e-01
9.295081967213114638e-01 5.377049180327868605e-01
9.327868852459015869e-01 5.344262295081967373e-01
9.360655737704918211e-01 5.344262295081967373e-01
9.393442622950819443e-01 5.311475409836066142e-01
9.426229508196721785e-01 5.311475409836066142e-01
9.459016393442623016e-01 5.278688524590163800e-01
9.491803278688524248e-01 5.278688524590163800e-01
9.557377049180327822e-01 5.213114754098360226e-01
9.590163934426230163e-01 5.213114754098360226e-01
9.655737704918032627e-01 5.147540983606557763e-01
9.688524590163933858e-01 5.147540983606557763e-01
9.803278688524590390e-01 5.032786885245901232e-01
9.803278688524590390e-01 5.000000000000000000e-01
9.901639344262295195e-01 4.901639344262295195e-01
9.901639344262295195e-01 4.868852459016393408e-01
9.934426229508197537e-01 4.836065573770491621e-01
9.934426229508197537e-01 4.737704918032786816e-01
9.967213114754098768e-01 4.704918032786885029e-01
9.967213114754098768e-01 4.508196721311475419e-01
1.000000000000000000e+00 4.475409836065573632e-01
1.000000000000000000e+00 4.311475409836065253e-01
9.967213114754098768e-01 4.278688524590164022e-01
9.967213114754098768e-01 4.147540983606557430e-01
9.934426229508197537e-01 4.114754098360655643e-01
9.934426229508197537e-01 3.983606557377049051e-01
9.901639344262295195e-01 3.950819672131147264e-01
9.901639344262295195e-01 3.721311475409836422e-01
9.934426229508197537e-01 3.688524590163934080e-01
9.934426229508197537e-01 3.655737704918032849e-01
9.967213114754098768e-01 3.622950819672131062e-01
9.967213114754098768e-01 3.590163934426229275e-01
1.000000000000000000e+00 3.557377049180328044e-01
1.000000000000000000e+00 3.393442622950819665e-01
9.885245901639343469e-01 3.278688524590164244e-01
9.819672131147541005e-01 3.278688524590164244e-01
9.786885245901639774e-01 3.245901639344261902e-01
9.721311475409836200e-01 3.245901639344261902e-01
9.688524590163933858e-01 3.213114754098360670e-01
9.655737704918032627e-01 3.213114754098360670e-01
9.622950819672131395e-01 3.180327868852458884e-01
9.590163934426230163e-01 3.180327868852458884e-01
9.377049180327868827e-01 2.967213114754098102e-01
9.377049180327868827e-01 2.934426229508196871e-01
9.295081967213114638e-01 2.852459016393442681e-01
9.262295081967213406e-01 2.852459016393442681e-01
9.229508196721312174e-01 2.819672131147540894e-01
9.065573770491803796e-01 2.819672131147540894e-01
9.032786885245901454e-01 2.786885245901639108e-01
8.573770491803278659e-01 2.786885245901639108e-01
8.540983606557377428e-01 2.754098360655737876e-01
8.311475409836065475e-01 2.754098360655737876e-01
8.278688524590163134e-01 2.786885245901639108e-01
8.245901639344261902e-01 2.786885245901639108e-01
8.180327868852459439e-01 2.852459016393442681e-01
8.147540983606558207e-01 2.852459016393442681e-01
7.983606557377049828e-01 3.016393442622951060e-01
7.950819672131147486e-01 3.016393442622951060e-01
7.918032786885245145e-01 3.049180327868852292e-01
7.819672131147541450e-01 3.049180327868852292e-01
7.786885245901639108e-01 3.081967213114754078e-01
7.459016393442623460e-01 3.081967213114754078e-01
7.426229508196721119e-01 3.114754098360655865e-01
7.098360655737705471e-01 3.114754098360655865e-01
7.065573770491803129e-01 3.147540983606557097e-01
6.704918032786885140e-01 3.147540983606557097e-01
6.672131147540983909e-01 3.114754098360655865e-01
6.245901639344262346e-01 3.114754098360655865e-01
6.213114754098361114e-01 3.081967213114754078e-01
5.983606557377049162e-01 3.081967213114754078e-01
5.950819672131147930e-01 3.049180327868852292e-01
5.885245901639344357e-01 3.049180327868852292e-01
5.852459016393443125e-01 3.016393442622951060e-01
5.819672131147540783e-01 3.016393442622951060e-01
5.754098360655737210e-01 2.950819672131147486e-01
5.721311475409835978e-01 2.950819672131147486e-01
5.655737704918032405e-01 2.885245901639343913e-01
5.622950819672131173e-01 2.885245901639343913e-01
5.557377049180327599e-01 2.819672131147540894e-01
5.524590163934426368e-01 2.819672131147540894e-01
5.491803278688525136e-01 2.786885245901639108e-01
5.459016393442622794e-01 2.786885245901639108e-01
5.426229508196721563e-01 2.754098360655737876e-01
5.360655737704917989e-01 2.754098360655737876e-01
5.327868852459016757e-01 2.721311475409836089e-01
5.196721311475409610e-01 2.721311475409836089e-01
