4.849505840071877683e-01 2.658779392650361117e-01
4.803199944709378721e-01 2.650666943119773800e-01
4.687435206303131041e-01 2.653192235920828201e-01
4.617976363259382322e-01 2.669801372631561698e-01
4.571670467896882806e-01 2.676115812908266278e-01
4.455905729490635125e-01 2.705085288012859523e-01
4.409599834128136164e-01 2.727212928305282058e-01
4.363293938765636648e-01 2.755215669171427462e-01
4.316988043403137687e-01 2.776362168119864693e-01
4.201223304996890007e-01 2.860455642567398815e-01
4.053178014535053775e-01 3.008500933029235047e-01
3.989394143316685737e-01 3.101112723754233524e-01
3.966467597769793851e-01 3.147418619116732486e-01
3.900844273237520365e-01 3.309489252885479127e-01
3.884722510194208445e-01 3.332642200566728885e-01
3.853929089778146411e-01 3.358952368386330378e-01
3.807623194415647450e-01 3.381415213305098977e-01
3.552940769921901776e-01 3.433848646112797054e-01
3.483481926878153612e-01 3.440163086389501634e-01
3.321411293109406415e-01 3.480154541475296570e-01
3.275105397746907454e-01 3.486468981752001151e-01
3.205646554703158735e-01 3.503307489156545773e-01
3.159340659340659219e-01 3.509621929433250354e-01
3.089881816296911055e-01 3.526460436837795531e-01
3.020422973253161780e-01 3.532774877114500112e-01
2.950964130209413616e-01 3.549613384519044734e-01
2.881505287165664342e-01 3.555927824795749315e-01
2.719434653396917700e-01 3.595919279881544250e-01
2.649975810353168981e-01 3.602233720158248831e-01
2.580516967309420262e-01 3.619072227562794009e-01
2.534211071946921301e-01 3.625386667839498589e-01
2.464752228903172582e-01 3.642001201507732988e-01
2.372140438178174104e-01 3.648768986214560028e-01
2.302681595134425385e-01 3.665378122925292970e-01
2.233222752090676666e-01 3.671692563201997550e-01
2.163763909046927947e-01 3.688531070606542173e-01
2.117458013684428986e-01 3.694845510883246753e-01
2.047999170640680267e-01 3.711684018287791931e-01
1.955387379915681789e-01 3.725672976368924472e-01
1.932234432234432586e-01 3.724913863330194808e-01
1.885928536871933070e-01 3.708779494676520683e-01
1.839622641509434109e-01 3.682294586382636736e-01
1.773057916925841471e-01 3.610477572741723762e-01
1.677552007740687467e-01 3.537917888490664797e-01
1.584940217015688990e-01 3.491486603920875842e-01
1.469175478609441310e-01 3.452012725906942192e-01
1.399716635565692591e-01 3.422826666131596474e-01
1.353410740203193074e-01 3.414714216601009156e-01
1.191340106434446433e-01 3.417239509402064113e-01
1.075575368028198753e-01 3.445979613812846232e-01
1.029269472665699237e-01 3.465964590964590863e-01
9.366576819407013144e-02 3.514764940809415039e-01
8.208929435344530789e-02 3.601349968367384968e-01
7.654594437976153243e-02 3.656783468104222723e-01
7.016139184265868245e-02 3.749395258829221200e-01
6.563949846055755488e-02 3.842007049554219122e-01
6.127160087797695054e-02 4.004077683322966319e-01
5.978820040763799248e-02 4.027230631004216077e-01
5.662105190407079602e-02 4.058902116039887487e-01
5.430575713594587572e-02 4.073329803619560874e-01
5.199046236782089991e-02 4.081194809061282069e-01
4.041398852719613188e-02 4.086149699357246590e-01
3.578339899094618026e-02 4.093565663646526187e-01
2.883751468657130834e-02 4.116616191314613760e-01
1.957633561407151612e-02 4.162634030390094941e-01
1.263045130969664420e-02 4.208876029630746474e-01
9.535516466590787665e-03 4.235607160135461680e-01
7.726236028122834831e-03 4.258760107816711438e-01
5.441834489308683409e-03 4.305066003179210954e-01
2.544886978849247861e-03 4.420830741585458634e-01
0.000000000000000000e+00 4.559748427672956073e-01
0.000000000000000000e+00 5.045960328979196552e-01
1.891045577547767476e-03 5.138572119704195584e-01
2.639063887249659679e-03 5.346948648835441187e-01
3.431289061343045788e-03 5.370101596516690945e-01
4.876398076825327887e-03 5.393254544197940703e-01
1.031515654157166839e-02 5.447642128845403553e-01
1.263045130969664420e-02 5.462093219000226929e-01
1.494574607782156450e-02 5.470129565795839310e-01
1.957633561407151612e-02 5.477271680101868379e-01
3.115280945469628415e-02 5.506218522804037230e-01
4.041398852719613188e-02 5.551810891265068770e-01
4.735987283157100380e-02 5.605209256152652308e-01
5.662105190407079602e-02 5.667090770864355864e-01
7.282811528094551567e-02 5.790432837602649263e-01
8.208929435344530789e-02 5.852314352314351709e-01
8.903517865782017982e-02 5.905720234392740631e-01
9.598106296219505174e-02 5.945411001846311327e-01
1.029269472665699237e-01 5.998332025117739663e-01
1.098728315709447956e-01 6.038022792571310360e-01
1.168187158753196675e-01 6.090943815842737585e-01
1.237646001796945394e-01 6.130634583296308282e-01
1.307104844840694113e-01 6.183555606567735508e-01
1.422869583246941794e-01 6.253427895105792000e-01
1.561787269334439232e-01 6.322598681862523495e-01
1.608093164696938748e-01 6.338919612195207387e-01
1.654399060059437709e-01 6.361819522196880961e-01
1.700704955421936670e-01 6.392345581193290549e-01
1.793316746146935148e-01 6.438363420268771176e-01
1.839622641509434109e-01 6.454684350601455067e-01
2.094305066003179228e-01 6.576482201101798708e-01
2.163763909046927947e-01 6.593660194542726449e-01
2.233222752090676666e-01 6.616754984370202264e-01
2.302681595134425385e-01 6.646739949400017888e-01
2.372140438178174104e-01 6.669790477068104906e-01
2.464752228903172582e-01 6.686328296840425844e-01
2.557364019628171059e-01 6.716096372430604422e-01
2.603669914990670020e-01 6.723512336719883464e-01
2.719434653396917700e-01 6.727754828625656103e-01
2.788893496440666420e-01 6.744139991600077710e-01
2.927811182528163858e-01 6.750907776306904751e-01
3.020422973253161780e-01 6.769818232082382981e-01
3.506634874559403370e-01 6.771546063998894471e-01
3.599246665284401292e-01 6.790445886962577227e-01
3.784470246734397691e-01 6.794699011680143119e-01
3.853929089778146411e-01 6.805015017975116765e-01
3.900234985140645927e-01 6.806582324636976100e-01
3.923387932821895130e-01 6.812167053565498787e-01
3.942594355330204525e-01 6.828737300435413493e-01
3.953707269071150554e-01 6.851890248116663251e-01
3.984602923282168918e-01 7.013960881885410448e-01
4.024594378367963299e-01 7.176031515654156534e-01
4.031736492673992922e-01 7.222337411016656050e-01
4.039772839469605303e-01 7.245490358697905808e-01
4.054223929624428124e-01 7.268643306379155566e-01
4.108611514271891529e-01 7.323030891026618416e-01
4.131764461953141288e-01 7.337481981181441792e-01
4.154917409634391046e-01 7.345404232922374543e-01
4.201223304996890007e-01 7.349333056880226200e-01
4.340140991084387445e-01 7.348641924113621382e-01
4.386446886446886406e-01 7.341225959824342340e-01
4.455905729490635125e-01 7.313814253325906511e-01
4.479058677171884884e-01 7.293142355669779420e-01
4.504299185709640940e-01 7.245490358697905808e-01
4.512751399543852293e-01 7.199184463335406292e-01
4.514479231460363784e-01 7.083419724929158612e-01
4.521873255026894189e-01 7.037113829566659096e-01
4.571470873520320222e-01 6.875043195797911899e-01
4.586304878223710357e-01 6.851890248116663251e-01
4.617976363259382322e-01 6.820218763080991842e-01
4.641129310940631525e-01 6.805791075501317344e-01
4.664282258621881283e-01 6.797926070059596704e-01
4.780046997028128963e-01 6.790445886962577227e-01
4.849505840071877683e-01 6.774060723988154509e-01
5.034729421521874082e-01 6.767292939281327468e-01
5.173647107609371520e-01 6.739249320111853070e-01
5.266258898334370553e-01 6.709481244521675602e-01
5.358870689059368475e-01 6.692943424749354664e-01
5.428329532103116639e-01 6.669892897081266536e-01
5.544094270509364319e-01 6.621358743186980256e-01
5.636706061234363352e-01 6.568073697790679510e-01
5.729317851959361274e-01 6.528358268676044407e-01
5.798776695003109438e-01 6.477928798515051323e-01
5.868235538046858712e-01 6.438651476555788955e-01
5.960847328771856635e-01 6.374805951184761010e-01
6.076612067178104315e-01 6.263493702717215506e-01
6.284988596309351028e-01 6.120123526691015892e-01
6.655435759209343827e-01 5.755183169743511851e-01
6.678588706890593585e-01 5.740755482163837353e-01
6.701741654571843343e-01 5.732890476722116713e-01
6.817506392978091023e-01 5.725410293625097236e-01
6.886965236021840298e-01 5.709025130650674518e-01
6.979577026746838220e-01 5.702257345943847477e-01
7.049035869790586384e-01 5.685648209233115091e-01
7.095341765153085900e-01 5.679333768956410511e-01
7.164800608196834064e-01 5.662719235288176112e-01
7.326871241965581261e-01 5.655951450581349071e-01
7.396330085009330535e-01 5.639566287606926354e-01
7.512094823415578215e-01 5.632798502900099313e-01
7.581553666459326379e-01 5.616413339925676595e-01
7.743624300228073576e-01 5.609645555218849555e-01
7.813083143271821740e-01 5.593036418508116059e-01
7.882541986315571014e-01 5.586721978231412589e-01
7.952000829359320289e-01 5.570107444563177079e-01
8.044612620084318211e-01 5.563339659856350039e-01
8.114071463128067485e-01 5.546954496881928431e-01
8.206683253853064297e-01 5.540186712175101391e-01
8.276142096896813571e-01 5.523801549200678673e-01
8.368753887621811494e-01 5.517033764493851633e-01
8.438212730665560768e-01 5.500424627783118137e-01
8.484518626028059174e-01 5.494110187506413556e-01
8.553977469071808448e-01 5.477271680101868379e-01
8.623436312115557723e-01 5.465837197643127476e-01
8.739201050521805403e-01 5.431189758475679641e-01
8.831812841246803325e-01 5.424421973768852601e-01
9.202260004146796124e-01 5.303868983887541910e-01
9.294871794871795156e-01 5.252939697474505731e-01
9.341177690234293562e-01 5.232181882312005872e-01
9.480095376321791001e-01 5.142150302527660477e-01
9.595860114728038681e-01 5.055087933353535901e-01
9.674446562146126194e-01 4.976501485935448388e-01
9.725204947447327886e-01 4.907042642891699669e-01
9.807337485066595084e-01 4.814430852166701191e-01
9.853768769636384040e-01 4.721819061441702714e-01
9.876869681343205531e-01 4.652360218397953995e-01
9.904862916473946566e-01 4.536595479991706314e-01
9.911406727444462827e-01 4.374524846222959118e-01
9.924523442359527436e-01 4.305066003179210954e-01
9.911406727444462827e-01 4.235607160135461680e-01
9.909116041191512458e-01 4.166148317091713515e-01
9.916510064758041754e-01 4.119842421729213999e-01
9.939548543012817206e-01 4.050383578685465280e-01
9.991887550469412682e-01 3.934618840279217600e-01
1.000000000000000000e+00 3.888312944916718639e-01
1.000000000000000000e+00 3.842007049554219122e-01
9.992584035710720958e-01 3.795701154191720161e-01
9.943753113076470029e-01 3.656783468104222723e-01
9.928238488652131322e-01 3.633630520422973520e-01
9.873695486903033558e-01 3.578197020686135210e-01
9.711624853134286361e-01 3.457979792341185910e-01
9.642166010090538197e-01 3.399000202403167359e-01
9.595860114728038681e-01 3.375721865514627607e-01
9.480095376321791001e-01 3.330214875406598551e-01
9.294871794871795156e-01 3.294930960025299616e-01
9.132801161103047960e-01 3.254939504939505235e-01
9.063342318059298686e-01 3.248625064662800654e-01
8.901271684290552599e-01 3.208633609577006274e-01
8.854965788928053083e-01 3.202319169300301693e-01
8.785506945884303809e-01 3.185480661895756516e-01
8.739201050521805403e-01 3.179166221619051935e-01
8.669742207478056129e-01 3.162327714214506758e-01
8.577130416753058206e-01 3.150909936624222141e-01
8.507671573709310042e-01 3.127871458369447799e-01
8.461365678346810526e-01 3.104971548367774226e-01
8.345600939940562846e-01 3.030655908827671885e-01
8.252989149215563813e-01 2.984350013465172369e-01
8.183530306171815649e-01 2.959071227265297477e-01
8.137224410809316133e-01 2.951655262976018435e-01
7.952000829359320289e-01 2.954180555777072836e-01
7.743624300228073576e-01 2.996233326422005350e-01
7.558400718778077731e-01 2.996233326422005350e-01
7.465788928053078699e-01 2.977333503458322594e-01
7.373177137328080777e-01 2.970565718751495554e-01
7.280565346603082855e-01 2.951655262976018435e-01
7.211106503559333580e-01 2.954180555777072836e-01
7.141647660515584306e-01 2.970789692487805778e-01
7.072188817471836142e-01 2.977104132764510358e-01
6.979577026746838220e-01 2.996233326422005350e-01
6.632282811528094069e-01 2.997961158338516841e-01
6.516518073121846388e-01 3.019386274103255108e-01
6.238682700946851512e-01 3.021114106019766599e-01
6.146070910221853589e-01 3.040024561795243718e-01
6.007153224134356151e-01 3.046792346502070759e-01
5.937694381090607987e-01 3.063177509476493476e-01
5.798776695003109438e-01 3.069945294183320517e-01
5.729317851959361274e-01 3.086330457157743234e-01
5.636706061234363352e-01 3.092868871170758593e-01
5.590400165871863836e-01 3.100922945494550831e-01
5.567247218190614078e-01 3.100922945494550831e-01
5.474635427465616155e-01 3.078159370449546350e-01
5.451482479784366397e-01 3.063325365746156770e-01
5.196800055290621279e-01 2.814149747204899299e-01
5.173647107609371520e-01 2.797023562690678089e-01
5.034729421521874082e-01 2.725070265164604710e-01
4.988423526159375121e-01 2.705085288012859523e-01
4.918964683115626402e-01 2.687206339386976617e-01
