4.722342904538094355e-01 3.072320270274375709e-01
4.695880564003317992e-01 3.069434021880801389e-01
4.378332477586003302e-01 3.069434021880801389e-01
4.325407796516450576e-01 3.077909995442283386e-01
4.166633753307792953e-01 3.130717616977854445e-01
3.954935029029583160e-01 3.233750897865272922e-01
3.902010347960030434e-01 3.264511499927590377e-01
3.875548007425254071e-01 3.289871242940084484e-01
3.833564486384503645e-01 3.346103716576483977e-01
3.766154581821670178e-01 3.425490738180813066e-01
3.720790569476339904e-01 3.504877759785141600e-01
3.690311623681820086e-01 3.539901445787051459e-01
3.663849283147044278e-01 3.557561874122560086e-01
3.637386942612267915e-01 3.566555368877735166e-01
3.584462261542715744e-01 3.571033611122081952e-01
2.817054386034203994e-01 3.572218492041550064e-01
2.711205023895099098e-01 3.593831935275120237e-01
2.446581618547336578e-01 3.601567080969901302e-01
2.367194596943007490e-01 3.620294275809896600e-01
2.181958213199574059e-01 3.623168371578656122e-01
2.129033532130021333e-01 3.613546879522214206e-01
2.076108851060468607e-01 3.588281386649213589e-01
2.049646510525692800e-01 3.568743600883496070e-01
1.970259488921363711e-01 3.494445490920470299e-01
1.943797148386587348e-01 3.474871355785885685e-01
1.837947786247482451e-01 3.421803362860392772e-01
1.758560764643153917e-01 3.395458081859598631e-01
1.705636083573601192e-01 3.386982108298116634e-01
1.414550337691062309e-01 3.386982108298116634e-01
1.361625656621510139e-01 3.395458081859598631e-01
1.282238635017181050e-01 3.421803362860392772e-01
1.229313953947628879e-01 3.448409015251109877e-01
1.085784519960092398e-01 3.557802440854693771e-01
1.060421957005086568e-01 3.584264781389470134e-01
1.002094049163444467e-01 3.663651802993799222e-01
9.117658675303136340e-02 3.753979984626929500e-01
8.853035269955372710e-02 3.773517770392647019e-01
8.323788459259851003e-02 3.799164595248500365e-01
6.471424621825511148e-02 3.846113909100522532e-01
5.942177811129983889e-02 3.868955461642771265e-01
4.883684189738934922e-02 3.924258603081818841e-01
4.056736048027176356e-02 3.981199889411114468e-01
3.560567163000122326e-02 4.037358856546028330e-01
3.295943757652358697e-02 4.059808606882067128e-01
2.237450136261309730e-02 4.107116526455757421e-01
1.178956514870260763e-02 4.162892209690068901e-01
9.143331095224971339e-03 4.182780659955439573e-01
5.573411570250430547e-03 4.219360954224100624e-01
3.874919661483122724e-03 4.245823294758876987e-01
2.886248393575430171e-04 4.378134997432758246e-01
0.000000000000000000e+00 4.457522019037086780e-01
2.886248393575430171e-04 4.483984359571863143e-01
3.874919661483122724e-03 4.616296062245744403e-01
5.573411570250430547e-03 4.642758402780520766e-01
1.540941361808240151e-02 4.748607764919625662e-01
1.705840616589471281e-02 4.775070105454402025e-01
1.795732605796201975e-02 4.801532445989177833e-01
1.852363837434339855e-02 4.986768829732611819e-01
1.945083954546439342e-02 5.039693510802164544e-01
2.701662381235775401e-02 5.198467554010821612e-01
3.009268401858955500e-02 5.251392235080374338e-01
3.262865831983891018e-02 5.277854575615150701e-01
3.599659256971948773e-02 5.304316916149927064e-01
3.852142952225895423e-02 5.330779256684703427e-01
4.354437379043413214e-02 5.411669820364871653e-01
4.619060784391171293e-02 5.434338608585221886e-01
4.883684189738934922e-02 5.445659417577739525e-01
6.471424621825511148e-02 5.485498586424322198e-01
7.529918243216560114e-02 5.519585956214575484e-01
8.059165053912087373e-02 5.528061929776058037e-01
9.117658675303136340e-02 5.532910827077263116e-01
1.097002251273747619e-01 5.578100362452035332e-01
1.202851613412852516e-01 5.585835508146815842e-01
1.282238635017181050e-01 5.604562702986811695e-01
1.414550337691062309e-01 5.612442805558647274e-01
1.441012678225838672e-01 5.619045244969274044e-01
1.493937359295391398e-01 5.644310737842275216e-01
1.520399699830167761e-01 5.664152860480659024e-01
1.557498863521079580e-01 5.701252024171570287e-01
1.630738209024279461e-01 5.807101386310675739e-01
1.655531160102016730e-01 5.860026067380228465e-01
1.662133599512643500e-01 5.886488407915004828e-01
1.670827927947087788e-01 5.992337770054109169e-01
1.679882555731720406e-01 6.018800110588885532e-01
1.696399228858632147e-01 6.045262451123661895e-01
1.732098424108377555e-01 6.081842745392322946e-01
1.758560764643153917e-01 6.101731195657693618e-01
1.811485445712706088e-01 6.127035421464732678e-01
1.864410126782258814e-01 6.136695762075911054e-01
1.943797148386587348e-01 6.137485682688890165e-01
1.996721829456140074e-01 6.132995287819728025e-01
2.023184169990916437e-01 6.123927772531587710e-01
2.049646510525692800e-01 6.106229608238097351e-01
2.079236218578215389e-01 6.071724791658438258e-01
2.104918657287846440e-01 6.018800110588885532e-01
2.110509893755678212e-01 5.992337770054109169e-01
2.110509893755678212e-01 5.965875429519333917e-01
2.104918657287846440e-01 5.939413088984557554e-01
2.082503916689706913e-01 5.886488407915004828e-01
2.051893313023928078e-01 5.833563726845452102e-01
2.023184169990916437e-01 5.804004729439584676e-01
1.917334807851811540e-01 5.740556382907047173e-01
1.890872467317035177e-01 5.732363154259754179e-01
1.864410126782258814e-01 5.731647955866921995e-01
1.811485445712706088e-01 5.748628149967702772e-01
1.785023105177930280e-01 5.749596684763950138e-01
1.762265492318022542e-01 5.727714364706346650e-01
1.783297300360444648e-01 5.701252024171570287e-01
1.811485445712706088e-01 5.696841634082441264e-01
1.890872467317035177e-01 5.700951315756402904e-01
1.970259488921363711e-01 5.695817793526036787e-01
2.049646510525692800e-01 5.711880341271603490e-01
2.129033532130021333e-01 5.718147210820697657e-01
2.208420553734349867e-01 5.736874405660692400e-01
2.340732256408231682e-01 5.744609551355472910e-01
2.420119278012560216e-01 5.763336746195468763e-01
2.631818002290770009e-01 5.771071891890249272e-01
2.711205023895099098e-01 5.790061242784494411e-01
2.764129704964651824e-01 5.797278244748523823e-01
2.843516726568980357e-01 5.816261427265021489e-01
2.949366088708085254e-01 5.824141529836857067e-01
2.975828429242861617e-01 5.830362637264632220e-01
3.028753110312414343e-01 5.853189962742078034e-01
3.081677791381966514e-01 5.882471802655262483e-01
3.108140131916742877e-01 5.902009588420978892e-01
3.319838856194953225e-01 6.108823955349350632e-01
3.371188397946959237e-01 6.151111813262767347e-01
3.454355753913398996e-01 6.230498834867095326e-01
3.505075239938386655e-01 6.272267823358261829e-01
3.637386942612267915e-01 6.399705146940424250e-01
3.663849283147044278e-01 6.419279282075008863e-01
3.743236304751372812e-01 6.464643294420339137e-01
3.822623326355701900e-01 6.525674215195917949e-01
3.902010347960030434e-01 6.578525867078930389e-01
4.087246731703464420e-01 6.676342018698548930e-01
4.193096093842569316e-01 6.763289709027100471e-01
4.298945455981674213e-01 6.816357701952593384e-01
4.378332477586003302e-01 6.842760568691879097e-01
4.510644180259884006e-01 6.874755048656071565e-01
4.616493542398989458e-01 6.882490194350852075e-01
4.695880564003317992e-01 6.901217389190847928e-01
4.907579288281528340e-01 6.908952534885628438e-01
5.013428650420632682e-01 6.930565978119198611e-01
6.336545677159446388e-01 6.930565978119198611e-01
6.442395039298550730e-01 6.908952534885628438e-01
6.601169082507207797e-01 6.901217389190847928e-01
6.680556104111536886e-01 6.882490194350852075e-01
6.865792487854971426e-01 6.874755048656071565e-01
6.945179509459299405e-01 6.856027853816075712e-01
7.156878233737509198e-01 6.848292708121295203e-01
7.342114617480943739e-01 6.803103172746522986e-01
7.553813341759153532e-01 6.795368027051742477e-01
7.739049725502586963e-01 6.749922504000469559e-01
7.791974406572139689e-01 6.742705502036439036e-01
7.871361428176468777e-01 6.723460163465693196e-01
7.950748449780797866e-01 6.710391280279506265e-01
8.188909514593782912e-01 6.628574561015239119e-01
8.268296536198112001e-01 6.578598896265470675e-01
8.347683557802441090e-01 6.510643420720833019e-01
8.427070579406770179e-01 6.452629828009976976e-01
8.559382282080651994e-01 6.325407036977399589e-01
8.638769303684979972e-01 6.267393444266543545e-01
8.702126253619204554e-01 6.204036494332320073e-01
8.744618665824084314e-01 6.147202603865584702e-01
8.767171796961679142e-01 6.124649472727990984e-01
8.824005687428413403e-01 6.082157060523110115e-01
8.966749658966965963e-01 5.939413088984557554e-01
9.024763251677822007e-01 5.860026067380228465e-01
9.115091433310953395e-01 5.769697885747098187e-01
9.194478454915281374e-01 5.711684293036242144e-01
9.273865476519610462e-01 5.637386183073216372e-01
9.300327817054385715e-01 5.617848397307498853e-01
9.406177179193491167e-01 5.564819137316043829e-01
9.538488881867372982e-01 5.519703015748557151e-01
9.644338244006478433e-01 5.466635022823063128e-01
9.670800584541254796e-01 5.447060887688479625e-01
9.813544556079807357e-01 5.304316916149927064e-01
9.833118691214390861e-01 5.277854575615150701e-01
9.858422917021429921e-01 5.224929894545597975e-01
9.894545598167385769e-01 5.039693510802164544e-01
9.896520399699830772e-01 4.722145424384849299e-01
9.906141891756272688e-01 4.669220743315296573e-01
9.931013599799887182e-01 4.616296062245744403e-01
9.965832468924592513e-01 4.563371381176191677e-01
9.990734619695311736e-01 4.510446700106639506e-01
1.000000000000000000e+00 4.457522019037086780e-01
9.997508711912914681e-01 4.404597337967534054e-01
9.991918986745007558e-01 4.378134997432758246e-01
9.962570701299692244e-01 4.298747975828429158e-01
9.944838476425427176e-01 4.272285635293652795e-01
9.882499308819463479e-01 4.208928685359428767e-01
9.750187606145582775e-01 4.109967528620516175e-01
9.697262925076030049e-01 4.084274973913509243e-01
9.564951222402149345e-01 4.051164714006848522e-01
9.512026541332596619e-01 4.043014263004068298e-01
9.485564200797820256e-01 4.033884003748532399e-01
9.459101860263043893e-01 4.015865555511671237e-01
9.432880086460402325e-01 3.981199889411114468e-01
9.423749827204865870e-01 3.954737548876338105e-01
9.409747494979929794e-01 3.875350527272009016e-01
9.380855456785214264e-01 3.795963505667680482e-01
9.277409539984089459e-01 3.610727121924246497e-01
9.257835404849505956e-01 3.584264781389470134e-01
9.115091433310953395e-01 3.441520809850917573e-01
9.088629092776177032e-01 3.421946674716333514e-01
8.982779730637071580e-01 3.366170991482022590e-01
8.929855049567518854e-01 3.343329438939773857e-01
8.876930368497966128e-01 3.334057427228563908e-01
8.665231644219756335e-01 3.334057427228563908e-01
8.612306963150203609e-01 3.342533400790046461e-01
8.532919941545875631e-01 3.368878681790840601e-01
8.374145898337217453e-01 3.448409015251109877e-01
8.347683557802441090e-01 3.467983150385693936e-01
8.231401926798664892e-01 3.584264781389470134e-01
8.158430568799264204e-01 3.690114143528575585e-01
8.105835117669035750e-01 3.795963505667680482e-01
8.087181336636324325e-01 3.848888186737232653e-01
8.060206312901916359e-01 3.901812867806785379e-01
8.030135471385126955e-01 3.936836553808694683e-01
8.003673130850350592e-01 3.954496982144203865e-01
7.977210790315574229e-01 3.963490476899378945e-01
7.950748449780797866e-01 3.966783838224258174e-01
7.659662703898257874e-01 3.969153600063193843e-01
7.553813341759153532e-01 3.986781789367668249e-01
7.527351001224377169e-01 3.983930130894861033e-01
7.421501639085272828e-01 3.951167233089900033e-01
7.368576958015720102e-01 3.942691259528418035e-01
7.051028871598404857e-01 3.940716457995971367e-01
7.024566531063628494e-01 3.937842362227211290e-01
6.892254828389747789e-01 3.902040991432085271e-01
6.865792487854971426e-01 3.885086671431030592e-01
6.759943125715865975e-01 3.785531236803009181e-01
6.733480785181089612e-01 3.765957101668424567e-01
6.574706741972432544e-01 3.686426768208155846e-01
6.495319720368103455e-01 3.660081487207361151e-01
6.442395039298550730e-01 3.651605513645879153e-01
6.363008017694222751e-01 3.651605513645879153e-01
6.310083336624670025e-01 3.660081487207361151e-01
6.124846952881235485e-01 3.716812754960984178e-01
6.045459931276907506e-01 3.773517770392647019e-01
5.939610569137802054e-01 3.826547030384102044e-01
5.860223547533472965e-01 3.852878539675016478e-01
5.807298866463921350e-01 3.861329436391642278e-01
5.674987163790039535e-01 3.862119357004620834e-01
5.622062482720486809e-01 3.857641114760274048e-01
5.595600142185710446e-01 3.848651915839600424e-01
5.569137801650934083e-01 3.832161990361478421e-01
5.529719940229340658e-01 3.795963505667680482e-01
5.485734174786862649e-01 3.743038824598127756e-01
5.414380363702020471e-01 3.610727121924246497e-01
5.379412270852494959e-01 3.557802440854693771e-01
5.334520800302426924e-01 3.478415419250365237e-01
5.314946665167843420e-01 3.451953078715589429e-01
5.119278012559738134e-01 3.256284426107484142e-01
4.934041628816304148e-01 3.133264374171774724e-01
4.854654607211975614e-01 3.104372335977059749e-01
