4.726415599629861242e-01 2.866748931027115477e-01
4.679840525670421192e-01 2.858589323402180304e-01
4.377102544934063366e-01 2.858589323402180304e-01
4.330527470974623871e-01 2.866048397080592780e-01
4.260664860035464629e-01 2.889232918674246031e-01
4.097652101177425288e-01 2.956712692837748513e-01
4.051077027217985793e-01 2.982509184694449589e-01
3.934639342319386501e-01 3.070936477537085096e-01
3.815082790861002993e-01 3.218503421051431834e-01
3.789286299004301917e-01 3.265078495010871884e-01
3.751965794044043179e-01 3.358228642929751429e-01
3.728586224936329963e-01 3.404803716889190923e-01
3.711124649151291699e-01 3.428091253868910671e-01
3.678476435542468170e-01 3.459946846907206996e-01
3.655188898562748423e-01 3.474458403391030847e-01
3.631901361583028676e-01 3.482369128521641821e-01
3.608613824603308373e-01 3.485267370781804930e-01
3.282588306887230800e-01 3.487352821854615703e-01
3.189438158968351811e-01 3.506598480808117979e-01
3.119575548029192014e-01 3.512949627257132557e-01
3.049712937090032217e-01 3.529660742080458213e-01
2.886700178231993430e-01 3.536467868274529858e-01
2.723687419373954643e-01 3.576461091747277221e-01
2.653824808434795401e-01 3.582812238196292354e-01
2.583962197495636159e-01 3.599523353019617455e-01
2.444236975617316565e-01 3.606330479213689655e-01
2.374374364678157323e-01 3.623036165706716716e-01
2.304511753738997526e-01 3.629387312155731848e-01
2.211361605820118537e-01 3.648627704818645512e-01
2.001773773002639700e-01 3.648627704818645512e-01
1.955198699043200206e-01 3.640496127450065234e-01
1.838761014144600914e-01 3.587859028065841227e-01
1.768898403205441117e-01 3.564623829548397849e-01
1.652460718306842380e-01 3.537542677673594094e-01
1.629173181327122077e-01 3.537542677673594094e-01
1.559310570387962835e-01 3.552948279060177961e-01
1.466160422469083291e-01 3.557215432793775500e-01
1.419585348509643796e-01 3.564674506472188531e-01
1.279860126631324757e-01 3.613387776560991749e-01
1.163422441732725465e-01 3.681135294086044785e-01
1.140134904753005718e-01 3.698361034008543768e-01
9.771221458949669314e-02 3.856895420370483052e-01
9.538346089152471841e-02 3.874089171918009833e-01
9.072595349558071343e-02 3.897468741025723049e-01
8.373969240166478922e-02 3.920697782077016691e-01
6.743841651586091057e-02 3.960511958203634664e-01
5.346589432802900665e-02 4.007034693700798345e-01
4.415087953614105221e-02 4.053320036886924327e-01
3.483586474425309776e-02 4.118875641624477613e-01
2.881245373699864443e-02 4.196579974199665664e-01
1.853458885844921911e-02 4.299358622985159917e-01
1.620583516047724437e-02 4.316552374532686698e-01
9.219574066561264658e-03 4.356473866497920233e-01
6.890820368589289924e-03 4.375038548401395944e-01
4.250180014638893500e-03 4.406167807017143945e-01
1.700462550228043490e-03 4.452742880976583439e-01
7.635258026145175236e-05 4.499317954936023489e-01
5.551115123125782702e-17 4.522605491915743237e-01
1.908814506534461941e-03 4.592468102854903034e-01
3.999284526940760642e-03 4.639043176814342528e-01
8.844605250786119477e-03 4.732193324733222073e-01
9.085957051103876747e-03 4.755480861712941820e-01
8.159469771215843714e-03 4.825343472652101062e-01
7.732754397856089756e-03 4.895206083591260859e-01
6.192194259197703055e-03 4.965068694530420101e-01
6.192194259197703055e-03 4.988356231510139849e-01
6.684237379253055167e-03 5.011643768489859596e-01
1.331429931882865958e-02 5.174656527347898383e-01
1.585236361703501462e-02 5.221231601307338988e-01
2.227402989269267053e-02 5.314381749226217977e-01
3.716461844222507249e-02 5.465275483737668250e-01
4.182212583816907747e-02 5.504281028051751790e-01
4.880838693208500167e-02 5.548260892169093461e-01
6.045215542194493086e-02 5.596313651841350323e-01
6.743841651586091057e-02 5.614256508202773999e-01
7.442467760977683477e-02 5.642848702270815142e-01
8.373969240166478922e-02 5.660183191202851072e-01
9.538346089152471841e-02 5.695043411394715704e-01
1.023697219854406426e-01 5.701625261881407836e-01
1.093559830793566223e-01 5.718330948374434897e-01
1.186709978712445213e-01 5.725138074568507651e-01
1.256572589651605010e-01 5.741618485354155199e-01
1.349722737570483999e-01 5.748425611548226843e-01
1.419585348509643796e-01 5.765136726371552500e-01
1.489447959448803038e-01 5.771487872820566523e-01
1.559310570387962835e-01 5.788193559313594694e-01
1.652460718306842380e-01 5.795000685507666338e-01
1.722323329246001622e-01 5.811711800330991995e-01
1.768898403205441117e-01 5.818062946780007128e-01
1.838761014144600914e-01 5.834768633273034188e-01
1.978486236022919953e-01 5.841575759467105833e-01
2.048348846962079195e-01 5.858286874290432600e-01
2.094923920921519245e-01 5.864638020739446622e-01
2.164786531860678487e-01 5.881574411270151792e-01
2.211361605820118537e-01 5.887925557719165814e-01
2.281224216759277779e-01 5.904631244212193986e-01
2.374374364678157323e-01 5.911438370406265630e-01
2.444236975617316565e-01 5.927918781191913178e-01
2.560674660515915857e-01 5.934725907385985932e-01
2.630537271455075654e-01 5.951437022209311589e-01
2.700399882394234896e-01 5.962921171939209453e-01
2.770262493333394138e-01 5.989107491717574616e-01
2.793550030313114441e-01 6.005322971414505107e-01
2.816837567292834188e-01 6.030899502882719476e-01
2.854231977635268702e-01 6.082870469556972415e-01
2.919616216078328996e-01 6.152733080496132212e-01
2.983800890459932798e-01 6.245883228415011201e-01
3.023306533550528252e-01 6.315745839354170998e-01
3.146885477759954752e-01 6.478758598212209785e-01
3.226832569310786325e-01 6.595196283110809077e-01
3.268929270774126317e-01 6.641771357070248571e-01
3.319982717229665869e-01 6.711633968009408369e-01
3.538751213664149131e-01 6.932390313460017328e-01
3.585326287623589181e-01 6.971395857774100868e-01
3.655188898562748423e-01 7.014167672105593443e-01
3.678476435542468170e-01 7.021831237934582637e-01
3.748339046481627967e-01 7.034147873006322271e-01
3.841489194400506957e-01 7.064088991980247423e-01
3.911351805339666754e-01 7.075589943684877925e-01
3.981214416278826551e-01 7.092295630177904986e-01
4.097652101177425288e-01 7.099102756371977740e-01
4.167514712116585085e-01 7.115583167157625288e-01
4.446965155873223163e-01 7.122390293351696933e-01
4.540115303792102153e-01 7.141410676597820251e-01
4.772990673589300736e-01 7.141410676597820251e-01
4.866140821508180281e-01 7.123223542052486978e-01
4.889428358487900028e-01 7.123106832951073830e-01
4.936003432447339523e-01 7.130236989292405569e-01
4.959290969427059270e-01 7.130236989292405569e-01
5.005866043386498765e-01 7.123106832951073830e-01
5.029153580366219067e-01 7.123223542052486978e-01
5.099016191305378864e-01 7.135357980710717030e-01
5.192166339224257854e-01 7.119861015512108926e-01
5.704492152778094516e-01 7.118123139618099948e-01
5.727779689757814818e-01 7.115583167157625288e-01
5.890792448615853605e-01 7.075815219392257438e-01
6.193530429352210875e-01 7.069008093198185794e-01
6.263393040291370673e-01 7.052302406705157622e-01
6.333255651230530470e-01 7.045951260256143600e-01
6.403118262169689157e-01 7.029240145432817943e-01
6.566131021027727943e-01 7.022433019238746299e-01
6.635993631966887740e-01 7.005952608453098751e-01
6.752431316865487032e-01 6.999145482259025997e-01
6.822293927804646829e-01 6.982439795765998936e-01
6.892156538743806626e-01 6.976088649316984913e-01
6.962019149682965313e-01 6.959152258786278633e-01
7.055169297601845413e-01 6.944700219257260443e-01
7.125031908541004100e-01 6.949421552638266331e-01
7.194894519480163897e-01 6.935864721806559441e-01
7.288044667399042886e-01 6.929282871319866199e-01
7.357907278338202683e-01 6.912577184826839138e-01
7.404482352297643288e-01 6.906226038377825116e-01
7.474344963236801975e-01 6.889289647847118836e-01
7.544207574175961772e-01 6.882938501398104814e-01
7.614070185115121570e-01 6.866227386574779157e-01
7.707220333034000559e-01 6.861960232841182172e-01
7.753795406993440054e-01 6.853800625216246445e-01
7.823658017932599851e-01 6.825254612144331379e-01
7.846945554912319043e-01 6.819652312615339662e-01
7.916808165851478840e-01 6.813075890458946127e-01
7.986670776790638637e-01 6.796139499928239847e-01
8.056533387729798434e-01 6.789557649441547715e-01
8.079820924709517627e-01 6.783938014277086648e-01
8.126395998668958232e-01 6.763836863405613409e-01
8.266121220547276716e-01 6.691465297589471728e-01
8.335983831486436513e-01 6.637748964319205580e-01
8.405846442425595200e-01 6.591245718801749254e-01
8.475709053364754997e-01 6.551740075711153244e-01
8.568859201283633986e-01 6.475223882777787487e-01
8.638721812222793783e-01 6.435302390812553952e-01
8.662009349202514086e-01 6.418076650890055523e-01
8.848309645040273175e-01 6.236254727548395937e-01
8.918172255979432972e-01 6.185201281092856940e-01
9.011322403898311961e-01 6.096529505670077453e-01
9.081185014837471758e-01 6.045476059214537345e-01
9.253378437312514970e-01 5.873282636739494134e-01
9.304431883768053968e-01 5.803420025800334336e-01
9.346528585231395070e-01 5.756844951840894842e-01
9.397582031686934068e-01 5.686982340901735045e-01
9.486253807109713554e-01 5.593832192982856055e-01
9.537307253565252552e-01 5.523969582043696258e-01
9.672554102947472643e-01 5.384244360165377774e-01
9.736770765704048092e-01 5.291094212246497674e-01
9.775860559920007686e-01 5.221231601307338988e-01
9.806633376643207889e-01 5.174656527347898383e-01
9.899493793788773921e-01 4.988356231510139849e-01
9.922728992306217854e-01 4.918493620570980607e-01
9.951115657617763954e-01 4.802055935672381315e-01
9.957466804066776866e-01 4.732193324733222073e-01
9.976712463020280808e-01 4.639043176814342528e-01
9.976712463020280808e-01 4.313017659098264955e-01
9.966302301517478979e-01 4.243155048159105158e-01
9.966302301517478979e-01 4.219867511179385411e-01
9.980754341046498279e-01 4.126717363260505866e-01
9.997460027539525340e-01 4.056854752321346624e-01
1.000000000000000000e+00 3.893841993463307283e-01
9.991498653003733077e-01 3.847266919503867788e-01
9.969230286626609150e-01 3.800691845544428293e-01
9.951727941344057360e-01 3.777404308564708546e-01
9.919536346107384883e-01 3.745212713328036624e-01
9.896248809127665691e-01 3.727710368045484834e-01
9.849673735168226196e-01 3.701913876188782648e-01
9.803098661208786702e-01 3.681812725317310520e-01
9.779811124229066399e-01 3.676193090152849452e-01
9.709948513289907712e-01 3.669611239666156766e-01
9.593510828391307310e-01 3.638271142711297923e-01
9.523648217452147513e-01 3.593960031413142020e-01
9.500360680472428321e-01 3.571256680073779388e-01
9.369816122211114262e-01 3.381516179909471176e-01
9.244197773695510545e-01 3.256510438952295305e-01
9.220910236715790242e-01 3.241178128110633327e-01
9.174335162756350748e-01 3.219524804252296701e-01
9.104472551817190951e-01 3.171326083204585866e-01
8.964747329938871356e-01 3.122211303857511666e-01
8.871597182019992367e-01 3.110710352152880609e-01
8.801734571080832570e-01 3.095079475058916674e-01
8.778447034101113378e-01 3.095079475058916674e-01
8.708584423161953580e-01 3.110485076445500541e-01
8.615434275243074591e-01 3.114752230179098635e-01
8.568859201283633986e-01 3.122211303857511666e-01
8.498996590344475299e-01 3.145395825451163807e-01
8.452421516385035805e-01 3.168455644209051680e-01
8.335983831486436513e-01 3.238672091471367920e-01
8.312696294506716210e-01 3.256174436753920265e-01
8.256940556930272290e-01 3.311653568970311934e-01
8.192723894173694621e-01 3.404803716889190923e-01
8.167343251191632181e-01 3.451378790848630418e-01
8.127417381869822544e-01 3.544528938767509962e-01
8.111841288056633736e-01 3.567816475747229710e-01
8.079820924709517627e-01 3.599672068785526036e-01
8.056533387729798434e-01 3.614183625269350442e-01
8.033245850750079242e-01 3.622094350399961415e-01
7.986670776790638637e-01 3.626035318196529356e-01
7.590782648135401267e-01 3.625340167838925765e-01
7.474344963236801975e-01 3.603790506753214995e-01
7.194894519480163897e-01 3.602052630859206017e-01
7.078456834581564605e-01 3.580502969773495248e-01
6.705856242906047537e-01 3.578765093879485715e-01
6.612706094987168548e-01 3.559755405254250160e-01
6.519555947068288448e-01 3.557215432793775500e-01
6.426405799149409459e-01 3.576235816039897708e-01
6.309968114250810167e-01 3.578765093879485715e-01
6.193530429352210875e-01 3.557215432793775500e-01
5.704492152778094516e-01 3.555477556899766522e-01
5.611342004859215526e-01 3.536467868274529858e-01
5.494904319960616235e-01 3.528944202481081871e-01
5.471616782980895932e-01 3.521442156416925706e-01
5.448329246001175630e-01 3.508558011111335695e-01
5.404665114164201034e-01 3.474666327828350720e-01
5.384174364713908423e-01 3.451378790848630418e-01
5.242340396171472072e-01 3.241790958031152137e-01
5.223295597840006410e-01 3.218503421051431834e-01
5.145591265264818359e-01 3.158269310978887856e-01
5.075728654325658562e-01 3.092885072535828117e-01
4.866140821508180281e-01 2.935934110735010094e-01
4.772990673589300736e-01 2.886850081898588716e-01
