5.067013207479953429e-01 2.614132020283904123e-01
4.957970567780687898e-01 2.614132020283904123e-01
4.761693816322010164e-01 2.662974322454370046e-01
4.652651176622744633e-01 2.705876344631129582e-01
4.609034120743038532e-01 2.727802980816558254e-01
4.521800008983626329e-01 2.805166337141655752e-01
4.449030737184320183e-01 2.861574933447621483e-01
4.344079636561490321e-01 3.014234629026593115e-01
4.323236879595770965e-01 3.057851684906299217e-01
4.306352857964916847e-01 3.123277268725858646e-01
4.284880091818858427e-01 3.166894324605564748e-01
4.267886433683908409e-01 3.188702852545417521e-01
4.238289145765536392e-01 3.213485270658886783e-01
4.194672089885830291e-01 3.234643767959698435e-01
4.151055034006124189e-01 3.242573171561025092e-01
3.998395338427152557e-01 3.242573171561025092e-01
3.889352698727887025e-01 3.222392145706235445e-01
3.714884475209062620e-01 3.222392145706235445e-01
3.627650363449650417e-01 3.240204530064916821e-01
3.431373611990972683e-01 3.246579330539643427e-01
3.365948028171413808e-01 3.262224026282043443e-01
3.300522444351854379e-01 3.268171806629276421e-01
3.147862748772882746e-01 3.305630113884475696e-01
3.038820109073617215e-01 3.312004914359202301e-01
2.973394525254058340e-01 3.327649610101602873e-01
2.929777469374351684e-01 3.333597390448835851e-01
2.864351885554792809e-01 3.349247169764182352e-01
2.777117773795380051e-01 3.355736350630201814e-01
2.755309245855527278e-01 3.360884698135064297e-01
2.689883662035967848e-01 3.388376014093089084e-01
2.559032494396850099e-01 3.431938289164908062e-01
2.493606910577290670e-01 3.448081328289080427e-01
2.428181326757731240e-01 3.474851844143328483e-01
2.384564270878025138e-01 3.482466978899408927e-01
2.275521631178759607e-01 3.486473137878027262e-01
2.144670463539641303e-01 3.515652013217477334e-01
2.122861935599788530e-01 3.515652013217477334e-01
2.035627823840375772e-01 3.496660372083181811e-01
1.970202240020816897e-01 3.469889856228933755e-01
1.773925488562139163e-01 3.421047554058467832e-01
1.621265792983167531e-01 3.418668897164913734e-01
1.468606097404195898e-01 3.447462767387325377e-01
1.337754929765077594e-01 3.493458230049744095e-01
1.228712290065812063e-01 3.572658762717254022e-01
1.132880585560880893e-01 3.668490467222185192e-01
1.084818767482271795e-01 3.733916051041744621e-01
1.032435538607134884e-01 3.780843329912321193e-01
9.452014268477221259e-02 3.823788291180977850e-01
7.925417312687510485e-02 3.861777339850399615e-01
7.271161474491916188e-02 3.883536853383195431e-01
5.744564518702199862e-02 3.946730936188144190e-01
5.090308680506611116e-02 3.987020793574462263e-01
4.436052842311016819e-02 4.048252429713281031e-01
3.972621623589139839e-02 4.082852498079393433e-01
3.781797004115422522e-02 4.101934960026765165e-01
3.435796320454298503e-02 4.148278081898952863e-01
2.823479959066110823e-02 4.213703665718512292e-01
1.691114085266048894e-02 4.366363361297483925e-01
6.426271650808057512e-03 4.475406000996748901e-01
4.813099632180128928e-03 4.497214528936602229e-01
2.695687544471525587e-03 4.540831584816308331e-01
-1.110223024625156540e-16 4.649874224515573307e-01
-1.110223024625156540e-16 4.693491280395279963e-01
2.695687544471525587e-03 4.802533920094544939e-01
4.813099632180128928e-03 4.846150975974251041e-01
6.452175445306740365e-03 4.867959503914104369e-01
1.164773651333056437e-02 4.919915114594342609e-01
1.382858930731584168e-02 4.936305872725608168e-01
2.037114768927178465e-02 4.973691920622498874e-01
2.333087648110898638e-02 4.998810671553222673e-01
2.503024229460398820e-02 5.020619199493076001e-01
2.714609202468515337e-02 5.064236255372781548e-01
2.988302102919232484e-02 5.195087423011900407e-01
3.028263538730951998e-02 5.304130062711165383e-01
3.104677386628051927e-02 5.347747118590872040e-01
3.533322792341686558e-02 5.456789758290137016e-01
3.752589154195978827e-02 5.500406814169843672e-01
3.913906356058766134e-02 5.522215342109696445e-01
4.654138121709550102e-02 5.596238518674774287e-01
4.872223401108077834e-02 5.612370238861053018e-01
5.308393959905138848e-02 5.633544359738140717e-01
6.398820356897794159e-02 5.660831667424368607e-01
6.834990915694855174e-02 5.666779447771601586e-01
8.361587871484571499e-02 5.704448723304075264e-01
8.797758430281632513e-02 5.710396503651307132e-01
9.452014268477221259e-02 5.726257251243928037e-01
9.888184827274287825e-02 5.732205031591159905e-01
1.054244066546987657e-01 5.748065779183780810e-01
1.119669650366547087e-01 5.758820561901594193e-01
1.206903762125959290e-01 5.786860097824262361e-01
1.381371985644783695e-01 5.819439143350573218e-01
1.446797569464343125e-01 5.835299890943193013e-01
1.512223153283902000e-01 5.846054673661007506e-01
1.599457265043314758e-01 5.874141667977809123e-01
1.708499904742579734e-01 5.900725474762752443e-01
1.752116960622285835e-01 5.906673255109985421e-01
1.817542544441845265e-01 5.922534002702605216e-01
1.882968128261404694e-01 5.928481783049838194e-01
2.035627823840375772e-01 5.966151058582311872e-01
2.101053407659935202e-01 5.972098838929544851e-01
2.166478991479494631e-01 5.987959586522164646e-01
2.210096047359200733e-01 5.993907366869397624e-01
2.275521631178759607e-01 6.009768114462017419e-01
2.319138687058465709e-01 6.015715894809250397e-01
2.471798382637437341e-01 6.053385170341724075e-01
2.537223966456996771e-01 6.059332950688955943e-01
2.602649550276555646e-01 6.075193698281576848e-01
2.668075134096115075e-01 6.081141478628809827e-01
2.733500717915674505e-01 6.097002226221430732e-01
2.798926301735233935e-01 6.102950006568662600e-01
2.864351885554792809e-01 6.118594702311063172e-01
2.973394525254058340e-01 6.124969502785789777e-01
3.038820109073617215e-01 6.140403230250915945e-01
3.147862748772882746e-01 6.151374064818949661e-01
3.278713916412001050e-01 6.197339685489113847e-01
3.369169742526164635e-01 6.263705292064700725e-01
3.387756556111266582e-01 6.282292105649802672e-01
3.488201603065013146e-01 6.416364987643672357e-01
3.593050295083537460e-01 6.525407627342938444e-01
3.684478354523690324e-01 6.656258794982056193e-01
3.767518518602361866e-01 6.743492906741468396e-01
3.815329522162809184e-01 6.808918490561027825e-01
3.898369686241480725e-01 6.896152602320440028e-01
3.947434594567699739e-01 6.961578186139999458e-01
4.020203866367005885e-01 7.017986782445965188e-01
4.194672089885830291e-01 7.188261058284048932e-01
4.369140313404654696e-01 7.310319914178184941e-01
4.434565897224214126e-01 7.329641784731454335e-01
4.499991481043773001e-01 7.356455548591929183e-01
4.609034120743038532e-01 7.383489322822540668e-01
4.957970567780687898e-01 7.385867979716096432e-01
5.045204679540099546e-01 7.368055595357414500e-01
5.285098486878483381e-01 7.361680794882687895e-01
5.372332598637895584e-01 7.343878425921454012e-01
5.917545797134222685e-01 7.342250923836389775e-01
6.004779908893634888e-01 7.324438539477708954e-01
6.201056660352313177e-01 7.318063739002982349e-01
6.266482244171871496e-01 7.302630011537855070e-01
6.528184579450109215e-01 7.298633867956683119e-01
6.615418691209521418e-01 7.280821483598002297e-01
6.833503970608052480e-01 7.276825340016830346e-01
6.898929554427610800e-01 7.267076335723678948e-01
6.964355138247170229e-01 7.266361302020732937e-01
7.095206305886289089e-01 7.237204427718295641e-01
7.269674529405113494e-01 7.230829627243570146e-01
7.335100113224672924e-01 7.215184931501169574e-01
7.400525697044231244e-01 7.209237151153936596e-01
7.465951280863790673e-01 7.193587371838590094e-01
7.640419504382616189e-01 7.187212571363863489e-01
7.793079199961587822e-01 7.149970315958884548e-01
7.945738895540559454e-01 7.143595515484157943e-01
8.011164479360117774e-01 7.128161788019030665e-01
8.207441230818794953e-01 7.121786987544304059e-01
8.272866814638355493e-01 7.106142291801904598e-01
8.338292398457913812e-01 7.100194511454671620e-01
8.403717982277473242e-01 7.084544732139325118e-01
8.490952094036885445e-01 7.078169931664598513e-01
8.621803261676004304e-01 7.051754718335740968e-01
8.687228845495562624e-01 7.027943792715587445e-01
8.839888541074534256e-01 6.942690443192091054e-01
8.861697069014387029e-01 6.926558723005812324e-01
9.044762885278732067e-01 6.743492906741468396e-01
9.092573888839178275e-01 6.678067322921908966e-01
9.131996997038143160e-01 6.634450267042203420e-01
9.179808000598590478e-01 6.569024683222643990e-01
9.219231108797556473e-01 6.525407627342938444e-01
9.267042112358002681e-01 6.459982043523379014e-01
9.306465220556967566e-01 6.416364987643672357e-01
9.381334812017614322e-01 6.307322347944407381e-01
9.497514788133558650e-01 6.154662652365435749e-01
9.584688714020409561e-01 6.023811484726316889e-01
9.739308580860641662e-01 5.762109149448080281e-01
9.776339210629776399e-01 5.674875037688668078e-01
9.814434031132546199e-01 5.609449453869108648e-01
9.842124311924449476e-01 5.544023870049549219e-01
9.887261895841099602e-01 5.478598286229989789e-01
9.933257358503517764e-01 5.347747118590872040e-01
9.944027876089974738e-01 5.260513006831459837e-01
9.962051228725929963e-01 5.173278895072047634e-01
9.962051228725929963e-01 4.911576559793810470e-01
9.944238844367248031e-01 4.824342448034398267e-01
9.938080095742742870e-01 4.693491280395279963e-01
9.925714701704875242e-01 4.628065696575720533e-01
9.949442089620993412e-01 4.519023056876455002e-01
9.976970887184415382e-01 4.453597473056896128e-01
9.997644440992607962e-01 4.388171889237336698e-01
1.000000000000000000e+00 4.366363361297483925e-01
9.997323398914639281e-01 4.344554833357630597e-01
9.974872016702922561e-01 4.279129249538071167e-01
9.911427195119280054e-01 4.170086609838806191e-01
9.886697882187482911e-01 4.140934393919206147e-01
9.864889354247629027e-01 4.123548768967155165e-01
9.821272298367922371e-01 4.099390631767115267e-01
9.734038186608511278e-01 4.062000484522867438e-01
9.712229658668657395e-01 4.047413640177132677e-01
9.660588710433721804e-01 3.995618386319981230e-01
9.646616070297893142e-01 3.973809858380128457e-01
9.627319406443819449e-01 3.908384274560569027e-01
9.584417384267058804e-01 3.799341634861304051e-01
9.562822111992996810e-01 3.755724578981597395e-01
9.519323316073411423e-01 3.690298995162038520e-01
9.437316388196086425e-01 3.581256355462772989e-01
9.363293211631008583e-01 3.507233178897695147e-01
9.210633516052036951e-01 3.403535983040637536e-01
9.167016460172330294e-01 3.381940710766574987e-01
9.079782348412919202e-01 3.355621970238908958e-01
8.992548236653505889e-01 3.349247169764182352e-01
8.927122652833947569e-01 3.333813442299055629e-01
8.796271485194828710e-01 3.331434785405501531e-01
8.665420317555709850e-01 3.360228655627912620e-01
8.599994733736151531e-01 3.384415590350478009e-01
8.490952094036885445e-01 3.463616123017988491e-01
8.416928917471806493e-01 3.537639299583066888e-01
8.400797197285528872e-01 3.559447827522920216e-01
8.341602621448784838e-01 3.668490467222185192e-01
8.316483870518061039e-01 3.700018013048277377e-01
8.272866814638355493e-01 3.734856073797773179e-01
8.207441230818794953e-01 3.755188303704388164e-01
8.185632702878942180e-01 3.755545820555861170e-01
8.120207119059383860e-01 3.745796816262709772e-01
8.011164479360117774e-01 3.741800672681537820e-01
7.945738895540559454e-01 3.726150893366191319e-01
7.902121839660851688e-01 3.720203113018958341e-01
7.836696255841293368e-01 3.704558417276557769e-01
7.727653616142027282e-01 3.698183616801831164e-01
7.574993920563055649e-01 3.660941361396851668e-01
7.444142752923937900e-01 3.654566560922125618e-01
7.378717169104378470e-01 3.639132833456998339e-01
7.291483057344966268e-01 3.632758032982272289e-01
7.226057473525406838e-01 3.617324305517145566e-01
7.095206305886289089e-01 3.610949505042418961e-01
7.029780722066729659e-01 3.595299725727072460e-01
6.964355138247170229e-01 3.589351945379839481e-01
6.898929554427610800e-01 3.573491197787219686e-01
6.855312498547905253e-01 3.567543417439986708e-01
6.789886914728345824e-01 3.551898721697586137e-01
6.702652802968933621e-01 3.545523921222859531e-01
6.637227219149374191e-01 3.530090193757733363e-01
6.528184579450109215e-01 3.523715393283006758e-01
6.375524883871137583e-01 3.486257086027807484e-01
6.310099300051578153e-01 3.480309305680574505e-01
6.157439604472606520e-01 3.442640030148100827e-01
6.092014020653047091e-01 3.436481281523594555e-01
6.070205492713194317e-01 3.430920519418375614e-01
6.026588436833488771e-01 3.410098354934819609e-01
6.004779908893634888e-01 3.393745776999526620e-01
5.952984655036483996e-01 3.341362548124389154e-01
5.938397810690749790e-01 3.319554020184536380e-01
5.901007663446501406e-01 3.232319908425124177e-01
5.833232470366754852e-01 3.101468740786005318e-01
5.751675166360917801e-01 2.992426101086740342e-01
5.590417878036426647e-01 2.831168812762249187e-01
5.459566710397307787e-01 2.751592270992327949e-01
5.415949654517602241e-01 2.732039797666943048e-01
5.328715542758190038e-01 2.684067816691276809e-01
5.197864375119071179e-01 2.640547233612761668e-01
