6.138470649896999864e-01 4.528204472175056949e-04
6.087091806997027010e-01 0.000000000000000000e+00
3.929180405198148818e-01 2.744366346774107512e-05
3.863010683281516422e-01 9.115601159673247800e-04
3.826422719398201999e-01 3.786328706799069188e-03
3.808488594989720699e-01 6.049444405964665705e-03
3.775537903833805498e-01 1.118732869596195112e-02
3.728919687985752796e-01 1.632521298595929204e-02
3.672286190698282327e-01 2.000145777966422234e-02
3.518149661998362099e-01 2.792826834086992172e-02
3.415391976198415835e-01 3.253902816340992210e-02
3.312634290398469572e-01 3.665528961620728721e-02
3.261255447498495608e-01 3.962596893270159404e-02
3.055740075898603081e-01 5.316200838656515160e-02
2.901603547198683408e-01 6.178631415906060687e-02
2.850224704298709444e-01 6.499749184030895188e-02
2.798845861398736590e-01 6.774834799188084178e-02
2.747467018498763180e-01 6.943006388960354380e-02
2.593330489798842953e-01 7.127649105632133386e-02
2.541951646898870099e-01 7.328656477794887047e-02
2.490572803998896689e-01 7.758021124337188823e-02
2.449936810068917836e-01 8.311770875592455754e-02
2.345310802708971964e-01 9.853136162591658032e-02
2.225591179042553103e-01 1.139450144959085476e-01
2.191338617109237497e-01 1.190828987859058885e-01
2.071601694169114549e-01 1.344965516558978558e-01
1.831522373709239537e-01 1.704617416858791312e-01
1.711802750042820120e-01 1.858753945558711540e-01
1.677550188109504514e-01 1.910132788458684949e-01
1.598228938160681789e-01 2.012890474258631213e-01
1.567129850805626390e-01 2.064269317158604622e-01
1.549549535192463190e-01 2.115648160058578031e-01
1.543131603955359421e-01 2.167027002958550885e-01
1.538530513546407241e-01 2.321163531658471113e-01
1.532950216717086644e-01 2.372542374558443967e-01
1.522122392193844265e-01 2.423921217458417376e-01
1.469313016847788034e-01 2.629436589058310458e-01
1.406142308364214388e-01 2.783573117758230131e-01
1.353306194093932824e-01 2.989088489358123768e-01
1.342453276118724670e-01 3.040467332258096622e-01
1.336849383953974124e-01 3.091846175158070587e-01
1.333015141946514159e-01 3.245982703857990259e-01
1.327434845117193563e-01 3.297361546757963113e-01
1.316607020593951183e-01 3.348740389657936523e-01
1.301927351193959415e-01 3.400119232557909932e-01
1.291074433218751816e-01 3.451498075457883341e-01
1.285470541054000715e-01 3.502876918357856750e-01
1.285470541054000715e-01 4.016665347357589178e-01
1.291074433218751816e-01 4.068044190257562587e-01
1.301927351193959415e-01 4.119423033157535996e-01
1.316607020593951183e-01 4.170801876057509405e-01
1.327434845117193563e-01 4.222180718957482259e-01
1.333015141946514159e-01 4.273559561857455669e-01
1.336849383953974124e-01 4.376317247657402487e-01
1.342453276118724670e-01 4.427696090557375896e-01
1.379310709457808315e-01 4.581832619257295569e-01
1.393832119018698079e-01 4.735969147957215242e-01
1.406230611505105421e-01 4.787347990857188651e-01
1.470997569074017353e-01 4.941484519557108324e-01
1.507215441937932443e-01 5.044242205357054587e-01
1.553337078098550594e-01 5.146999891157001406e-01
1.758641999635717768e-01 5.558030634356787569e-01
1.815766751267997581e-01 5.660788320156734388e-01
1.853184328400171998e-01 5.712167163056707242e-01
1.934444402609371005e-01 5.814924848856654060e-01
1.968696964542686612e-01 5.866303691756628025e-01
2.007908097140493897e-01 5.917682534656600879e-01
2.054901187163408749e-01 5.969061377556573733e-01
2.490572803998896689e-01 6.404732994392061673e-01
2.541951646898870099e-01 6.451726084414977080e-01
2.593330489798842953e-01 6.490790173186302692e-01
2.731411130092521455e-01 6.585607492356253534e-01
2.795787596940404462e-01 6.636986335256227498e-01
2.854506274540374311e-01 6.688365178156200352e-01
2.918943906677423650e-01 6.739744021056173207e-01
3.004361232998629672e-01 6.798921438324893041e-01
3.158497761698549344e-01 6.886081975387347009e-01
3.209876604598522754e-01 6.924607112666861797e-01
3.232773697630032528e-01 6.945259392656066844e-01
3.280522513585986122e-01 6.996638235556039698e-01
3.314887748420398128e-01 7.048017078456012552e-01
3.362661058485285626e-01 7.150774764255959370e-01
3.399464534899424017e-01 7.202153607155933335e-01
3.415391976198415835e-01 7.218406098277353466e-01
3.466770819098389245e-01 7.259604495125903112e-01
3.518149661998362099e-01 7.288213169013387782e-01
3.569528504898336063e-01 7.309543811578008699e-01
3.620907347798308917e-01 7.322426807580870722e-01
3.672286190698282327e-01 7.328300169201389380e-01
3.877801562298175408e-01 7.328300169201389380e-01
3.929180405198148818e-01 7.322696277036639945e-01
3.980559248098122227e-01 7.311843359061431791e-01
4.031938090998095081e-01 7.297163689661438912e-01
4.083316933898068490e-01 7.286617311014222942e-01
4.134695776798041900e-01 7.283056113513353136e-01
4.186074619698015309e-01 7.286617311014222942e-01
4.237453462597988718e-01 7.297163689661438912e-01
4.288832305497961572e-01 7.311843359061431791e-01
4.391589991297908391e-01 7.332181601879711463e-01
4.442968834197881800e-01 7.346102951487754051e-01
4.460346972237578256e-01 7.356290135855853007e-01
4.494347677097854654e-01 7.383814515980838822e-01
4.513251213636524373e-01 7.407668978755825862e-01
4.544299329917273478e-01 7.459047821655799826e-01
4.579475367785065254e-01 7.510426664555772680e-01
4.608047153515388294e-01 7.561805507455745534e-01
4.613780952260073120e-01 7.613184350355719499e-01
4.595563997610802032e-01 7.664563193255692353e-01
4.552148875360324531e-01 7.715942036155665207e-01
4.494347677097854654e-01 7.758282008545458464e-01
4.391589991297908391e-01 7.827415775661857866e-01
4.134695776798041900e-01 7.965037676286785828e-01
3.980559248098122227e-01 8.067653569825483650e-01
3.877801562298175408e-01 8.148784552284686900e-01
3.768621521135732122e-01 8.229730465155398189e-01
3.723665033598255736e-01 8.274686952692875685e-01
3.613245590523751494e-01 8.435245836755291826e-01
3.585638820044937392e-01 8.486624679655265791e-01
3.562369157936864372e-01 8.538003522555238645e-01
3.511217595892810461e-01 8.692140051255158317e-01
3.500364677917602307e-01 8.743518894155131171e-01
3.494760785752851762e-01 8.794897737055105136e-01
3.494760785752851762e-01 8.949034265755024808e-01
3.500364677917602307e-01 9.000413108654998773e-01
3.511217595892810461e-01 9.051791951554970517e-01
3.545910810984638228e-01 9.154549637354918445e-01
3.567313899600922933e-01 9.205928480254891300e-01
3.598020408688320515e-01 9.257307323154864154e-01
3.635234140530032576e-01 9.308686166054838118e-01
3.672286190698282327e-01 9.352474952617315651e-01
3.775043876498228590e-01 9.451976050142540942e-01
3.834012775735698431e-01 9.514201537654730645e-01
3.980559248098122227e-01 9.637801584253722353e-01
4.031938090998095081e-01 9.675219161385897326e-01
4.083316933898068490e-01 9.705100514291700176e-01
4.237453462597988718e-01 9.783512305855424085e-01
4.340211148397934982e-01 9.827861086648923550e-01
4.494347677097854654e-01 9.865980873316644306e-01
4.699863048697747736e-01 9.932164346960068446e-01
4.751241891597721145e-01 9.943526262796174020e-01
4.853999577397667964e-01 9.957538674496166919e-01
5.008136106097588192e-01 9.994396107835250564e-01
5.059514948997561046e-01 1.000000000000000000e+00
5.470545692197347210e-01 1.000000000000000000e+00
5.521924535097320064e-01 9.994396107835250564e-01
5.676061063797240847e-01 9.957538674496166919e-01
5.778818749597186555e-01 9.943526262796174020e-01
5.830197592497160519e-01 9.932164346960068446e-01
6.138470649896999864e-01 9.829633942016042791e-01
6.241228335696946683e-01 9.783512305855424085e-01
6.343986021496893501e-01 9.727515483623370152e-01
6.652259078896732847e-01 9.522141904284726621e-01
6.703637921796705701e-01 9.480805289769748123e-01
6.721987508546696244e-01 9.462822694754757791e-01
6.857774450496625374e-01 9.302906046228590631e-01
6.890937158186608569e-01 9.257307323154864154e-01
6.920909469314389106e-01 9.205928480254891300e-01
6.972948689997399141e-01 9.103170794454944481e-01
7.017297470790897496e-01 9.000413108654998773e-01
7.029426493821536726e-01 8.949034265755024808e-01
7.035299855442056494e-01 8.897655422855050844e-01
7.035299855442056494e-01 8.640761208355185463e-01
7.029695963277304838e-01 8.589382365455211499e-01
7.018843045302097794e-01 8.538003522555238645e-01
6.984149830210268917e-01 8.435245836755291826e-01
6.962746741593984767e-01 8.383866993855317862e-01
6.932549016502836947e-01 8.332488150955345008e-01
6.863106217212661120e-01 8.229730465155398189e-01
6.812817962959148987e-01 8.178351622255425335e-01
6.652259078896732847e-01 8.067795362086732647e-01
6.549501393096786028e-01 8.011588089791952250e-01
6.343986021496893501e-01 7.909040854054731895e-01
6.241228335696946683e-01 7.864692073261233540e-01
6.189849492796972719e-01 7.852293580774825088e-01
6.087091806997027010e-01 7.835959801992322671e-01
6.035712964097053046e-01 7.818240982286862595e-01
5.984334121197080192e-01 7.787193827724496753e-01
5.881576435397133373e-01 7.708935830305669867e-01
5.808912071867171623e-01 7.664563193255692353e-01
5.778818749597186555e-01 7.643067963062846193e-01
5.745539271809704251e-01 7.613184350355719499e-01
5.720891622798197629e-01 7.561805507455745534e-01
5.730172823872744514e-01 7.510426664555772680e-01
5.778818749597186555e-01 7.439230267965809551e-01
5.830744175932266460e-01 7.356290135855853007e-01
5.881576435397133373e-01 7.307532662491592612e-01
5.932955278297107338e-01 7.281293599042182318e-01
6.035712964097053046e-01 7.244002503388975445e-01
6.189849492796972719e-01 7.194281042518033686e-01
6.343986021496893501e-01 7.156161255850311820e-01
6.395364864396866356e-01 7.135192656163344971e-01
6.549501393096786028e-01 7.062146260253505670e-01
6.703637921796705701e-01 6.998852840853452273e-01
6.806395607596652519e-01 6.936543338949821003e-01
6.960532136296572192e-01 6.850300281224865895e-01
7.268805193696412648e-01 6.644926701886222364e-01
7.320184036596385502e-01 6.605862613114896753e-01
7.474320565296305174e-01 6.461190098274945948e-01
7.572796680854587681e-01 6.380092120756359897e-01
7.679265060863976755e-01 6.277334434956414189e-01
7.782593622696145630e-01 6.170295178914803058e-01
7.906193669295137338e-01 6.020440220456547697e-01
7.944817561852542953e-01 5.969061377556573733e-01
7.979070123785858559e-01 5.917682534656600879e-01
8.098807046725980952e-01 5.763546005956681206e-01
8.268889863828348119e-01 5.506651791456814715e-01
8.298596656993291187e-01 5.455272948556841861e-01
8.344660447179472751e-01 5.352515262756895043e-01
8.401354342793236896e-01 5.249757576956948224e-01
8.507372218031012956e-01 4.992863362457081733e-01
8.546959195347387794e-01 4.838726833757162060e-01
8.610041600690069297e-01 4.684590305057241832e-01
8.622440093176477749e-01 4.633211462157268978e-01
8.636961502737368068e-01 4.479074933457348751e-01
8.673818936076450603e-01 4.324938404757429078e-01
8.679422828241201149e-01 4.273559561857455669e-01
8.683257070248662224e-01 3.965286504457615768e-01
8.688837367077981710e-01 3.913907661557642914e-01
8.707412794895663666e-01 3.833817112331213695e-01
8.714529458945998730e-01 3.759771132857723241e-01
8.714529458945998730e-01 3.708392289957749277e-01
8.707613493500742097e-01 3.605634604157803014e-01
8.707613493500742097e-01 3.554255761257829604e-01
8.714529458945998730e-01 3.451498075457883341e-01
8.714529458945998730e-01 3.400119232557909932e-01
8.707412794895663666e-01 3.326073253084419479e-01
8.688340345637339812e-01 3.245982703857990259e-01
8.674327933937346913e-01 3.091846175158070587e-01
8.636961502737368068e-01 2.937709646458150359e-01
8.622949091037374059e-01 2.834951960658204095e-01
8.611587175201269595e-01 2.783573117758230131e-01
8.560435613157215684e-01 2.629436589058310458e-01
8.495580352447413830e-01 2.475300060358390786e-01
8.455905071990148514e-01 2.321163531658471113e-01
8.411556291196651269e-01 2.218405845858524295e-01
8.309009055459430915e-01 2.012890474258631213e-01
8.252801783164651628e-01 1.910132788458684949e-01
7.944670518026060169e-01 1.447723202358925376e-01
7.906193669295137338e-01 1.396344359458951967e-01
7.649109373985429894e-01 1.088071302059112067e-01
7.601162083705614858e-01 1.036692459159138657e-01
7.525699408196278029e-01 9.650584955005220289e-02
7.474320565296305174e-01 9.258473629027141882e-02
7.422941722396332320e-01 8.915948009693991372e-02
7.268805193696412648e-01 7.717108342027945156e-02
7.217426350796438683e-01 7.374582722694794645e-02
7.063289822096519011e-01 6.177213493293565172e-02
6.909153293396599338e-01 5.151054557906598053e-02
6.806395607596652519e-01 4.588981834958794082e-02
6.549501393096786028e-01 3.308864901688279847e-02
6.446743707296840320e-01 2.747258693657850248e-02
6.343986021496893501e-01 2.012922346989959310e-02
6.300028567015805159e-01 1.632521298595929204e-02
6.220576055707741636e-01 6.049444405964665705e-03
6.189849492796972719e-01 2.784747096695572299e-03
6.159878501105322535e-01 9.115601159673247800e-04
