5.346420323325634660e-01 0.000000000000000000e+00
4.699769053117782702e-01 0.000000000000000000e+00
4.676674364896074021e-01 2.309468822170923641e-03
4.445727482678983877e-01 2.309468822170923641e-03
4.422632794457274641e-01 4.618937644341791771e-03
4.307159353348729569e-01 4.618937644341791771e-03
4.284064665127020888e-01 6.928406466512715411e-03
4.168591224018475816e-01 6.928406466512715411e-03
4.145496535796766580e-01 9.237875288683583541e-03
4.030023094688221508e-01 9.237875288683583541e-03
3.960739030023094909e-01 1.385681293302543082e-02
3.822170900692840600e-01 1.616628175519629895e-02
3.706697459584295529e-01 2.309468822170901436e-02
3.314087759815242396e-01 2.309468822170901436e-02
3.187066974595842983e-01 3.117782909930716384e-02
3.163972286374133747e-01 3.579676674364895561e-02
3.163972286374133747e-01 4.734411085450346279e-02
2.840646651270207768e-01 6.812933025404155352e-02
2.829099307159353427e-01 7.159353348729791122e-02
2.782909930715935509e-01 7.159353348729791122e-02
2.736720554272517036e-01 7.852193995381062663e-02
2.575057736720554047e-01 9.006928406466513382e-02
2.436489607390300294e-01 1.062355658198614328e-01
2.401847575057736717e-01 1.073903002309468668e-01
2.124711316397228655e-01 1.397228637413394647e-01
2.078521939953810738e-01 1.489607390300231038e-01
2.009237875288683584e-01 1.558891454965358192e-01
1.963048498845265666e-01 1.674364896073903264e-01
1.916859122401847748e-01 1.720554272517321182e-01
1.824480369515011358e-01 1.928406466512702089e-01
1.778290993071593440e-01 1.974595842956120006e-01
1.778290993071593440e-01 2.020785219399537924e-01
1.732101616628175522e-01 2.090069284064665078e-01
1.524249422632794615e-01 2.713625866050808355e-01
1.524249422632794615e-01 2.852193995381062663e-01
1.478060046189376697e-01 2.944572748267898499e-01
1.478060046189376697e-01 3.152424942263279406e-01
1.454965357967667461e-01 3.175519630484988642e-01
1.454965357967667461e-01 3.868360277136258518e-01
1.478060046189376697e-01 3.891454965357967755e-01
1.478060046189376697e-01 4.076212471131639425e-01
1.501154734411085379e-01 4.099307159353348662e-01
1.501154734411085379e-01 4.214780600461893734e-01
1.547344110854503296e-01 4.307159353348729569e-01
1.547344110854503296e-01 4.376443418013856723e-01
1.570438799076212533e-01 4.399538106235565960e-01
1.570438799076212533e-01 4.468822170900692559e-01
1.709006928406466286e-01 4.838337182448037010e-01
1.709006928406466286e-01 4.907621247113164165e-01
1.778290993071593440e-01 5.023094688221708681e-01
1.778290993071593440e-01 5.069284064665127154e-01
1.824480369515011358e-01 5.115473441108544517e-01
1.939953810623556429e-01 5.369515011547344452e-01
2.193995381062355809e-01 5.739030023094687794e-01
2.413394919168591057e-01 6.004618937644341514e-01
2.678983833718244778e-01 6.200923787528868081e-01
2.690531177829099674e-01 6.235565819861431658e-01
2.725173210161662696e-01 6.247113163972286554e-01
2.771362586605080613e-01 6.339491916859122389e-01
2.898383371824480026e-01 6.466512702078521801e-01
3.013856812933025653e-01 6.535796766743648956e-01
3.060046189376443015e-01 6.535796766743648956e-01
3.106235565819861488e-01 6.581986143187066318e-01
3.198614318706697324e-01 6.581986143187066318e-01
3.337182448036951632e-01 6.674364896073903264e-01
3.383371824480369550e-01 6.674364896073903264e-01
3.429561200923787467e-01 6.720554272517320626e-01
3.475750577367205940e-01 6.720554272517320626e-01
3.660508083140877611e-01 6.812933025404157572e-01
3.729792147806004765e-01 6.812933025404157572e-01
3.799076212471131919e-01 6.859122401847574935e-01
3.868360277136258518e-01 6.859122401847574935e-01
3.960739030023094909e-01 6.905311778290993407e-01
4.099307159353348662e-01 6.905311778290993407e-01
4.122401847575057898e-01 6.928406466512702089e-01
4.191685912240185052e-01 6.928406466512702089e-01
4.214780600461893734e-01 6.951501154734410770e-01
4.307159353348729569e-01 6.951501154734410770e-01
4.330254041570438805e-01 6.974595842956119451e-01
4.399538106235565960e-01 6.974595842956119451e-01
4.422632794457274641e-01 6.997690531177829243e-01
4.538106235565819713e-01 6.997690531177829243e-01
4.561200923787528949e-01 7.020785219399537924e-01
4.653579676674364785e-01 7.020785219399537924e-01
4.688221709006928362e-01 7.055427251732101501e-01
4.734411085450346279e-01 7.193995381062355809e-01
4.722863741339491939e-01 7.228637413394919387e-01
4.618937644341801207e-01 7.286374133949191645e-01
4.618937644341801207e-01 7.355658198614318799e-01
4.688221709006928362e-01 7.401847575057736162e-01
4.699769053117782702e-01 7.436489607390299739e-01
4.745958429561201175e-01 7.436489607390299739e-01
4.757505773672055516e-01 7.494226327944573107e-01
4.711316397228637598e-01 7.517321016166281789e-01
4.711316397228637598e-01 7.748267898383371932e-01
4.491916859122401795e-01 7.806004618937644191e-01
4.399538106235565960e-01 7.875288683602771345e-01
4.353348729792148042e-01 7.875288683602771345e-01
4.226327944572748074e-01 7.956120092378753395e-01
4.226327944572748074e-01 8.048498845265588120e-01
4.145496535796766580e-01 8.106235565819861488e-01
4.030023094688221508e-01 8.129330254041570170e-01
4.006928406466512826e-01 8.175519630484988642e-01
3.856812933025404178e-01 8.256351039260969582e-01
3.695150115473441188e-01 8.510392609699768407e-01
3.579676674364896116e-01 8.625866050808314034e-01
3.579676674364896116e-01 8.764434180138568342e-01
3.556581986143186880e-01 8.787528868360277023e-01
3.556581986143186880e-01 9.018475750577367167e-01
3.579676674364896116e-01 9.041570438799075848e-01
3.579676674364896116e-01 9.203233256351039948e-01
3.695150115473441188e-01 9.457274826789838773e-01
3.903002309468822095e-01 9.642032332563510444e-01
3.914549653579676436e-01 9.676674364896074021e-01
4.168591224018475816e-01 9.838337182448037010e-01
4.214780600461893734e-01 9.838337182448037010e-01
4.260969976905311651e-01 9.884526558891455483e-01
4.330254041570438805e-01 9.884526558891455483e-01
4.468822170900692559e-01 9.953810623556582637e-01
4.630484988452656103e-01 9.953810623556582637e-01
4.653579676674364785e-01 9.976905311778290208e-01
4.907621247113164165e-01 9.976905311778290208e-01
4.930715935334872846e-01 1.000000000000000000e+00
5.484988452655888969e-01 1.000000000000000000e+00
5.508083140877597650e-01 9.976905311778290208e-01
5.739030023094687794e-01 9.976905311778290208e-01
5.808314087759814948e-01 9.930715935334872846e-01
5.923787528868360575e-01 9.930715935334872846e-01
5.993071593533487729e-01 9.884526558891455483e-01
6.039260969976905091e-01 9.884526558891455483e-01
6.270207852193995235e-01 9.722863741339491384e-01
6.339491916859122389e-01 9.699769053117782702e-01
6.466512702078521801e-01 9.595842956120093081e-01
6.628175519630484791e-01 9.341801385681293146e-01
6.628175519630484791e-01 9.295612009237874673e-01
6.674364896073903264e-01 9.226327944572747519e-01
6.674364896073903264e-01 9.157043879907621475e-01
6.697459584295611945e-01 9.133949191685912794e-01
6.697459584295611945e-01 9.018475750577367167e-01
6.720554272517320626e-01 8.995381062355658486e-01
6.720554272517320626e-01 8.926096997690531332e-01
6.697459584295611945e-01 8.903002309468821540e-01
6.697459584295611945e-01 8.695150115473441188e-01
6.651270207852193472e-01 8.602771362586605353e-01
6.651270207852193472e-01 8.533487297921478199e-01
6.570438799076212533e-01 8.406466512702078786e-01
6.535796766743648956e-01 8.394919168591223890e-01
6.501154734411085379e-01 8.337182448036951632e-01
6.443418013856813120e-01 8.302540415704388055e-01
6.408775981524249543e-01 8.244803695150115797e-01
6.351039260969977285e-01 8.210161662817552219e-01
6.316397228637413708e-01 8.152424942263278851e-01
6.062355658198614883e-01 8.013856812933025653e-01
6.004618937644341514e-01 7.933025404157043603e-01
5.923787528868360575e-01 7.875288683602771345e-01
5.877598152424942102e-01 7.875288683602771345e-01
5.808314087759814948e-01 7.829099307159352872e-01
5.739030023094687794e-01 7.829099307159352872e-01
5.646651270207851958e-01 7.782909930715935509e-01
5.554272517321016123e-01 7.782909930715935509e-01
5.496535796766743864e-01 7.748267898383371932e-01
5.496535796766743864e-01 7.563510392609700261e-01
5.427251732101616710e-01 7.448036951501154634e-01
5.461893764434180287e-01 7.390300230946882376e-01
5.496535796766743864e-01 7.378752886836027480e-01
5.519630484988452546e-01 7.263279445727482964e-01
5.473441108545034073e-01 7.217090069284064491e-01
5.473441108545034073e-01 7.101616628175519974e-01
5.508083140877597650e-01 7.020785219399537924e-01
5.623556581986143277e-01 7.020785219399537924e-01
5.646651270207851958e-01 6.997690531177829243e-01
5.854503464203233420e-01 6.997690531177829243e-01
5.877598152424942102e-01 7.020785219399537924e-01
5.946882217090069256e-01 7.020785219399537924e-01
5.969976905311777937e-01 6.997690531177829243e-01
6.108545034642032245e-01 6.997690531177829243e-01
6.200923787528868081e-01 6.928406466512702089e-01
6.408775981524249543e-01 6.905311778290993407e-01
6.593533487297921214e-01 6.697459584295611945e-01
6.709006928406466841e-01 6.651270207852193472e-01
6.755196304849884203e-01 6.605080831408776110e-01
6.801385681293302676e-01 6.605080831408776110e-01
6.870669745958429830e-01 6.558891454965357637e-01
6.916859122401847193e-01 6.558891454965357637e-01
7.055427251732101501e-01 6.466512702078521801e-01
7.101616628175519974e-01 6.466512702078521801e-01
7.309468822170900326e-01 6.235565819861431658e-01
7.344110854503463903e-01 6.224018475750576762e-01
7.378752886836027480e-01 6.143187066974595822e-01
7.667436489607390993e-01 5.900692840646650783e-01
7.944572748267898499e-01 5.531177829099307441e-01
7.967667436489607180e-01 5.461893764434180287e-01
8.013856812933025653e-01 5.415704387990761814e-01
8.013856812933025653e-01 5.369515011547344452e-01
8.060046189376444126e-01 5.323325635103925979e-01
8.083140877598151697e-01 5.254041570438798825e-01
8.129330254041570170e-01 5.207852193995381462e-01
8.267898383371824478e-01 4.930715935334872846e-01
8.267898383371824478e-01 4.884526558891454928e-01
8.314087759815242951e-01 4.815242494226327774e-01
8.383371824480370105e-01 4.607390300230946867e-01
8.383371824480370105e-01 4.538106235565819713e-01
8.429561200923787467e-01 4.468822170900692559e-01
8.429561200923787467e-01 4.376443418013856723e-01
8.452655889145497259e-01 4.353348729792148042e-01
8.452655889145497259e-01 4.260969976905311651e-01
8.475750577367204830e-01 4.237875288683602970e-01
8.475750577367204830e-01 4.122401847575057898e-01
8.498845265588914621e-01 4.099307159353348662e-01
8.498845265588914621e-01 3.983833718244803590e-01
8.521939953810623303e-01 3.960739030023094909e-01
8.521939953810623303e-01 3.706697459584295529e-01
8.545034642032331984e-01 3.683602771362586292e-01
8.545034642032331984e-01 3.337182448036951632e-01
8.521939953810623303e-01 3.314087759815242396e-01
8.521939953810623303e-01 3.152424942263279406e-01
8.498845265588914621e-01 3.129330254041570170e-01
8.498845265588914621e-01 2.967667436489607180e-01
8.475750577367204830e-01 2.944572748267898499e-01
8.475750577367204830e-01 2.806004618937644191e-01
8.429561200923787467e-01 2.713625866050808355e-01
8.429561200923787467e-01 2.644341801385681201e-01
8.383371824480370105e-01 2.551963048498845366e-01
8.383371824480370105e-01 2.482678983833718211e-01
8.337182448036951632e-01 2.413394919168591057e-01
8.337182448036951632e-01 2.344110854503464458e-01
8.267898383371824478e-01 2.205542725173210150e-01
8.267898383371824478e-01 2.159353348729792232e-01
8.106235565819861488e-01 1.905311778290992852e-01
8.036951501154734334e-01 1.743648960739029863e-01
7.817551963048499086e-01 1.431870669745958224e-01
7.782909930715935509e-01 1.420323325635103884e-01
7.748267898383371932e-01 1.339491916859122389e-01
7.713625866050808355e-01 1.327944572748268048e-01
7.575057736720554047e-01 1.120092378752886586e-01
7.309468822170900326e-01 8.775981524249421017e-02
7.240184757505774282e-01 7.852193995381062663e-02
7.170900692840647128e-01 7.621247113163970299e-02
6.893764434180138512e-01 5.311778290993068863e-02
6.639722863741339687e-01 4.157043879907623696e-02
6.593533487297921214e-01 3.695150115473438968e-02
6.535796766743648956e-01 3.579676674364895561e-02
6.535796766743648956e-01 2.655889145496537207e-02
6.501154734411085379e-01 2.078521939953809072e-02
6.408775981524249543e-01 1.385681293302543082e-02
6.154734411085450718e-01 1.385681293302543082e-02
6.131639722863740927e-01 1.616628175519629895e-02
6.016166281755196410e-01 1.616628175519629895e-02
5.854503464203233420e-01 9.237875288683583541e-03
5.762124711316397585e-01 9.237875288683583541e-03
5.739030023094687794e-01 6.928406466512715411e-03
5.669745958429561750e-01 6.928406466512715411e-03
5.646651270207851958e-01 4.618937644341791771e-03
5.531177829099307441e-01 4.618937644341791771e-03
5.508083140877597650e-01 2.309468822170923641e-03
5.369515011547344452e-01 2.309468822170923641e-03
