5.004245853764321961e-01 0.000000000000000000e+00
4.971857737785861930e-01 0.000000000000000000e+00
4.874693389850483505e-01 2.142598441652043828e-03
4.842305273872024030e-01 2.494368335057506325e-03
4.583200346044348228e-01 2.736070693105663310e-03
4.550812230065888753e-01 3.089327985637657648e-03
4.453647882130510327e-01 5.412741200642612327e-03
4.356483534195131901e-01 6.296053454600492039e-03
4.259319186259753476e-01 8.651552798488559848e-03
4.162154838324375050e-01 1.025109575572191734e-02
4.032602374410537149e-01 1.442315938976229672e-02
3.935438026475158724e-01 1.682058219996068749e-02
3.838273678539779743e-01 2.090891815133988363e-02
3.773497446582860793e-01 2.319201485146082931e-02
3.708721214625941842e-01 2.609942345930860164e-02
3.643944982669022892e-01 2.968717844954160689e-02
3.546780634733645021e-01 3.709017638747519330e-02
3.482004402776726071e-01 4.018250192212807770e-02
3.384840054841347090e-01 4.203876241141613068e-02
3.352451938862888170e-01 4.316294813343635184e-02
3.320063822884428140e-01 4.512336761980090261e-02
3.231513335581618906e-01 5.279262904488901675e-02
3.182586607188626626e-01 5.927025224058091180e-02
3.158123242992131319e-01 6.161673819412238906e-02
3.007113652242563440e-01 7.222549863196470188e-02
2.772164860915488638e-01 9.165836821904038700e-02
2.698571864053322944e-01 9.813599141473228205e-02
2.477972807444481784e-01 1.210775735661410168e-01
2.400058000137810787e-01 1.305241073931917573e-01
2.278638675467962726e-01 1.467181653824214949e-01
2.213951826298646841e-01 1.564346001759593374e-01
2.159586060191946988e-01 1.661510349694971800e-01
2.116787478363268415e-01 1.726286581651890750e-01
2.013644999280567172e-01 1.920615277522647601e-01
1.927374835810670706e-01 2.028710614600756634e-01
1.890156913063493205e-01 2.082555857414944978e-01
1.859203075565687424e-01 2.147332089371863928e-01
1.834128405130751038e-01 2.244496437307242354e-01
1.762038727630308999e-01 2.406437017199539730e-01
1.737930062190633507e-01 2.535989481113377630e-01
1.696288198789757118e-01 2.665541945027215531e-01
1.689446753045834027e-01 2.697930061005675562e-01
1.680292769217422988e-01 2.795094408941053432e-01
1.657058637067374551e-01 2.892258756876432413e-01
1.653526064142054053e-01 2.924646872854891333e-01
1.651109040561572483e-01 3.086587452747189264e-01
1.647591341627516748e-01 3.118975568725648184e-01
1.624670521088915076e-01 3.216139916661027165e-01
1.621137948163594578e-01 3.248528032639486085e-01
1.621137948163594578e-01 3.637185424381000343e-01
1.624670521088915076e-01 3.669573540359459818e-01
1.647591341627516748e-01 3.766737888294838243e-01
1.657058637067374551e-01 3.928678468187135620e-01
1.680292769217422988e-01 4.025842816122514045e-01
1.689125891757002895e-01 4.090619048079432996e-01
1.712680885195882463e-01 4.187783396014811421e-01
1.721834869024293502e-01 4.252559627971730372e-01
1.729650611651849523e-01 4.284947743950189847e-01
1.769416401325560884e-01 4.382112091885568272e-01
1.793382065673979064e-01 4.479276439820946698e-01
1.858085505725605713e-01 4.673605135691703549e-01
1.887159591804083436e-01 4.738381367648622500e-01
2.048967508509463298e-01 5.062262527433217807e-01
2.084977721598710310e-01 5.127038759390136757e-01
2.155512179062450961e-01 5.224203107325514628e-01
2.185627444796808261e-01 5.288979339282433578e-01
2.206572391143502010e-01 5.321367455260893609e-01
2.256850306536999362e-01 5.386143687217812559e-01
2.316032227552184408e-01 5.472377046010460377e-01
2.432565938964876828e-01 5.612860499067028330e-01
2.542749039401400735e-01 5.739713953315994655e-01
2.739776744937029163e-01 5.936741658851623082e-01
2.866630199185995487e-01 6.046674398663125505e-01
3.028570779078292863e-01 6.168463906806601615e-01
3.222899474949050269e-01 6.297926987932837006e-01
3.320063822884428140e-01 6.352292754039536860e-01
3.384840054841347090e-01 6.395091335868214877e-01
3.579168750712103941e-01 6.495166758513561955e-01
3.643944982669022892e-01 6.524240844592039679e-01
3.805885562561320823e-01 6.579459927571709166e-01
3.903049910496698693e-01 6.620343287085501682e-01
4.000214258432077674e-01 6.644317515187484480e-01
4.129766722345915575e-01 6.686038151527888829e-01
4.226931070281294001e-01 6.702033581100222959e-01
4.518424114087429277e-01 6.772969308467883254e-01
4.528140548880966731e-01 6.778832674291570548e-01
4.556210249395631906e-01 6.811220790270029468e-01
4.564514894518313937e-01 6.843608906248489498e-01
4.568456502203407377e-01 7.135101950054624220e-01
4.571989075128727875e-01 7.167490066033084251e-01
4.596404731789412446e-01 7.264654413968462121e-01
4.607358694847953351e-01 7.329430645925381071e-01
4.606891653102666018e-01 7.361818761903841102e-01
4.590526229420428539e-01 7.394206877882300022e-01
4.550812230065888753e-01 7.419943862900897358e-01
4.356483534195131901e-01 7.516348501699372520e-01
4.295350965285789635e-01 7.556147457774597953e-01
4.194542954302834525e-01 7.640293053208830898e-01
4.081845530336969952e-01 7.750476153645354804e-01
4.027596938304774943e-01 7.815252385602273755e-01
3.901653871014869046e-01 8.009581081473030606e-01
3.833760580411633700e-01 8.171521661365328537e-01
3.801445256338467082e-01 8.268686009300706408e-01
3.762286175667240995e-01 8.430626589193004339e-01
3.758753602741920496e-01 8.463014705171463259e-01
3.758753602741920496e-01 8.851672096912976961e-01
3.762286175667240995e-01 8.884060212891435881e-01
3.785520307817289432e-01 8.981224560826814862e-01
3.794674291645699915e-01 9.046000792783733813e-01
3.802490034273255937e-01 9.078388908762193843e-01
3.869265755036409571e-01 9.240329488654490664e-01
3.905004365771261310e-01 9.305105720611409614e-01
3.934585707633619922e-01 9.369881952568328565e-01
3.955909760159656563e-01 9.402270068546787485e-01
4.013605498692401907e-01 9.467046300503707545e-01
4.105951931185283232e-01 9.596598764417545446e-01
4.129766722345915575e-01 9.624202272353732379e-01
4.259319186259753476e-01 9.738919620207506789e-01
4.291707302238212951e-01 9.762877038414101705e-01
4.453647882130510327e-01 9.857099731727051450e-01
4.518424114087429277e-01 9.886137352949118107e-01
4.583200346044348228e-01 9.920754399761280151e-01
4.615588462022807703e-01 9.932047108480162034e-01
4.680364693979726654e-01 9.947905344990350951e-01
4.809917157893564554e-01 9.989625981330756410e-01
4.874693389850483505e-01 9.999999999999998890e-01
5.263350781591997762e-01 9.999999999999998890e-01
5.295738897570456682e-01 9.996467427074680057e-01
5.392903245505835663e-01 9.973233294924630510e-01
5.490067593441213534e-01 9.957237865352296380e-01
5.684396289311970385e-01 9.889487847705511481e-01
5.846336869204268316e-01 9.795843513606461439e-01
5.975889333118106217e-01 9.706531504229047869e-01
6.150598304886526480e-01 9.531822532460625386e-01
6.239910314263941160e-01 9.402270068546787485e-01
6.333554648362991202e-01 9.240329488654490664e-01
6.368916550031316071e-01 9.143165140719111683e-01
6.408466973042530324e-01 8.981224560826814862e-01
6.417300095582110231e-01 8.884060212891435881e-01
6.440534227732158667e-01 8.786895864956058011e-01
6.444066800657478611e-01 8.754507748977597981e-01
6.444066800657478611e-01 8.592567169085301160e-01
6.440534227732158667e-01 8.560179053106842240e-01
6.417300095582110231e-01 8.463014705171463259e-01
6.408466973042530324e-01 8.365850357236084278e-01
6.384911979603651311e-01 8.268686009300706408e-01
6.368916550031316071e-01 8.171521661365328537e-01
6.301166532384531171e-01 7.977192965494570576e-01
6.240588571887516478e-01 7.880028617559192705e-01
6.202606144967321988e-01 7.826183374745003807e-01
6.116335981497426078e-01 7.718088037666894774e-01
6.075803615429014037e-01 7.653311805709976934e-01
6.044714079572331977e-01 7.620923689731516903e-01
5.911113101161187267e-01 7.518753905690376271e-01
5.749172521268889335e-01 7.411846833906282628e-01
5.716784405290430415e-01 7.393932402323161179e-01
5.619620057355051435e-01 7.364787672535200169e-01
5.587231941376592514e-01 7.347804673259314967e-01
5.566461301781709947e-01 7.329430645925381071e-01
5.547556499302979116e-01 7.297042529946922151e-01
5.540858048043797446e-01 7.264654413968462121e-01
5.539616576841095430e-01 7.167490066033084251e-01
5.543134275775151165e-01 7.135101950054624220e-01
5.566375957602583968e-01 7.037937602119246350e-01
5.575209080142163875e-01 6.973161370162327399e-01
5.598764073581043998e-01 6.875997022226948419e-01
5.605917392902626251e-01 6.811220790270029468e-01
5.614222038025308281e-01 6.778832674291570548e-01
5.642291738539972901e-01 6.746444558313110518e-01
5.652008173333511465e-01 6.740581192489424334e-01
5.813948753225808286e-01 6.702524310130200114e-01
5.846336869204268316e-01 6.700561394010292604e-01
5.878724985182727236e-01 6.703682123935300607e-01
5.911113101161187267e-01 6.713233015657232849e-01
5.975889333118106217e-01 6.746160452032597954e-01
6.008277449096565137e-01 6.755300683775971038e-01
6.040665565075025167e-01 6.755300683775971038e-01
6.073053681053484087e-01 6.746160452032597954e-01
6.137829913010403038e-01 6.713218818645553254e-01
6.234994260945782019e-01 6.680785014102232910e-01
6.267382376924240939e-01 6.658672764011486223e-01
6.300622811744238660e-01 6.616892094399272617e-01
6.332482490040944878e-01 6.552115862442353666e-01
6.361910482861372618e-01 6.519727746463894746e-01
6.396934840838078840e-01 6.497495226173595206e-01
6.494099188773457820e-01 6.456347553988805998e-01
6.623651652687295721e-01 6.381666540216732741e-01
6.785592232579593652e-01 6.297926987932837006e-01
7.077085276385728374e-01 6.103687674849682665e-01
7.109473392364187294e-01 6.079062514641585535e-01
7.239025856278025195e-01 5.955738534569758880e-01
7.303802088234945256e-01 5.907779208986270181e-01
7.372536867700342222e-01 5.839577310916245212e-01
7.444690392741243334e-01 5.774801078959326261e-01
7.517127659823836794e-01 5.677636731023947281e-01
7.640451639895662339e-01 5.548084267110109380e-01
7.762241148039139560e-01 5.386143687217812559e-01
7.891704229165374951e-01 5.191814991347055708e-01
7.985348563264424993e-01 5.029874411454757777e-01
8.014386184486490539e-01 4.965098179497838826e-01
8.053558562508229546e-01 4.900321947540919876e-01
8.085629969846117593e-01 4.835545715584000925e-01
8.108460936847327050e-01 4.770769483627081975e-01
8.150406201803037654e-01 4.673605135691703549e-01
8.173237168804246000e-01 4.608828903734784599e-01
8.215182433759955494e-01 4.511664555799406173e-01
8.279815392760425663e-01 4.317335859928649322e-01
8.302949761316469335e-01 4.187783396014811421e-01
8.344591624717345724e-01 4.058230932100973520e-01
8.351433070461269370e-01 4.025842816122514045e-01
8.360900365901126063e-01 3.896290352208676144e-01
8.372609915524107382e-01 3.846808508352696498e-01
8.378862051836404312e-01 3.766737888294838243e-01
8.378862051836404312e-01 3.086587452747189264e-01
8.372609915524107382e-01 3.006516832689331009e-01
8.360900365901126063e-01 2.957034988833351363e-01
8.351433070461269370e-01 2.827482524919513462e-01
8.328198938311219823e-01 2.730318176984134482e-01
8.319365815771639916e-01 2.665541945027215531e-01
8.295810822332760903e-01 2.568377597091837661e-01
8.286656838504349309e-01 2.503601365134918710e-01
8.278841095876793288e-01 2.471213249156458680e-01
8.239075306203083038e-01 2.374048901221080254e-01
8.214120528318038517e-01 2.276884553285701829e-01
8.173237168804246000e-01 2.179720205350323403e-01
8.150406201803037654e-01 2.114943973393404453e-01
8.090023603612048753e-01 1.985391509479566552e-01
8.050124795221342833e-01 1.888227161544188126e-01
8.014386184486490539e-01 1.823450929587269176e-01
7.985348563264424993e-01 1.758674697630350225e-01
7.891704229165374951e-01 1.596734117738052849e-01
7.762241148039139560e-01 1.402405421867295998e-01
7.640451639895662339e-01 1.240464841974998622e-01
7.516865086485399194e-01 1.110912378061160721e-01
7.465742668127242077e-01 1.048835155769112792e-01
7.398267426505451549e-01 9.813599141473228205e-02
7.336190204213404176e-01 9.302374957891662577e-02
7.141861508342647324e-01 7.418747104219824973e-02
7.012309044428809424e-01 6.525627010445683718e-02
6.915144696493431553e-01 5.976185757239682594e-02
6.817980348558052572e-01 5.229208543431290712e-02
6.720816000622673592e-01 4.583202517232537465e-02
6.688427884644214672e-01 4.409175382016722322e-02
6.591263536708835691e-01 4.003282818096148832e-02
6.526487304751916740e-01 3.610696572384330949e-02
6.396934840838078840e-01 2.933823505715454916e-02
6.332158608881159889e-01 2.643082644930683234e-02
5.943501217139646187e-01 1.348285924845232797e-02
5.846336869204268316e-01 1.118434779191634920e-02
5.716784405290430415e-01 7.012284157875914303e-03
5.684396289311970385e-01 6.328139583483605168e-03
5.554843825398132484e-01 5.381410039497991349e-03
5.457679477462754614e-01 3.089327985637657648e-03
5.425291361484294583e-01 2.736070693105663310e-03
5.133798317678159862e-01 2.494368335057506325e-03
5.101410201699699831e-01 2.142598441652043828e-03
