1.243523316062176143e-01 0.000000000000000000e+00
1.165803108808290411e-01 7.772020725388628648e-03
1.165803108808290411e-01 1.813471502590674467e-02
1.243523316062176143e-01 3.108808290155440357e-02
1.606217616580311036e-01 4.663212435233160535e-02
1.917098445595855072e-01 6.735751295336789291e-02
2.176165803108808250e-01 6.735751295336789291e-02
2.331606217616580268e-01 5.699481865284972137e-02
2.435233160621761428e-01 5.699481865284972137e-02
2.487046632124352286e-01 5.181347150259069112e-02
2.953367875647668339e-01 5.181347150259069112e-02
2.979274611398963768e-01 6.476683937823835002e-02
2.772020725388600892e-01 8.549222797927463757e-02
2.720207253886010035e-01 1.062176165803108696e-01
2.668393782383419732e-01 1.113989637305699554e-01
2.668393782383419732e-01 1.839378238341968785e-01
2.720207253886010035e-01 1.891191709844559643e-01
2.720207253886010035e-01 2.357512953367875697e-01
2.772020725388600892e-01 2.409326424870466554e-01
2.772020725388600892e-01 2.616580310880829430e-01
2.823834196891191750e-01 2.668393782383419732e-01
2.823834196891191750e-01 2.772020725388600892e-01
2.875647668393782608e-01 2.823834196891191750e-01
2.875647668393782608e-01 2.979274611398963768e-01
3.031088082901554071e-01 3.238341968911917501e-01
3.031088082901554071e-01 3.341968911917098106e-01
3.082901554404144928e-01 3.393782383419688964e-01
3.082901554404144928e-01 3.652849740932642142e-01
3.005181347150259197e-01 3.678756476683937571e-01
2.849740932642487179e-01 3.575129533678756411e-01
2.746113989637305464e-01 3.575129533678756411e-01
2.124352331606217392e-01 3.264248704663212375e-01
1.994818652849740803e-01 3.393782383419688964e-01
2.046632124352331661e-01 3.445595854922279822e-01
2.046632124352331661e-01 4.689119170984455964e-01
2.098445595854922519e-01 4.740932642487046822e-01
2.098445595854922519e-01 4.948186528497409142e-01
2.253886010362694536e-01 5.207253886010362320e-01
2.253886010362694536e-01 5.310880829015544036e-01
2.409326424870466554e-01 5.569948186528497214e-01
2.409326424870466554e-01 5.673575129533678929e-01
2.512953367875647714e-01 5.829015544041450392e-01
2.512953367875647714e-01 5.932642487046632107e-01
2.564766839378238572e-01 5.984455958549222965e-01
2.564766839378238572e-01 6.088082901554403570e-01
2.668393782383419732e-01 6.243523316062176143e-01
2.668393782383419732e-01 6.450777202072538463e-01
2.823834196891191750e-01 6.709844559585491641e-01
2.823834196891191750e-01 6.813471502590673357e-01
2.875647668393782608e-01 6.865284974093264214e-01
2.875647668393782608e-01 6.968911917098445929e-01
2.979274611398963768e-01 7.124352331606217392e-01
2.979274611398963768e-01 7.487046632124352286e-01
2.461139896373056857e-01 7.746113989637305464e-01
2.461139896373056857e-01 7.797927461139896321e-01
2.305699481865284839e-01 7.901554404145076926e-01
2.253886010362694536e-01 8.005181347150258642e-01
2.253886010362694536e-01 8.937823834196891859e-01
2.668393782383419732e-01 9.715025906735751393e-01
3.056994818652849499e-01 1.000000000000000000e+00
3.575129533678756411e-01 1.000000000000000000e+00
3.886010362694300446e-01 9.844559585492227427e-01
4.041450777202072464e-01 9.689119170984455964e-01
4.093264248704663322e-01 9.689119170984455964e-01
4.248704663212435340e-01 9.533678756476684502e-01
4.507772020725388518e-01 9.430051813471502786e-01
4.637305699481865107e-01 9.248704663212434784e-01
4.637305699481865107e-01 9.093264248704663322e-01
4.689119170984455964e-01 9.041450777202072464e-01
4.689119170984455964e-01 8.316062176165803788e-01
4.974093264248704571e-01 8.290155440414508359e-01
5.051813471502590858e-01 8.367875647668393535e-01
5.051813471502590858e-01 8.471502590673575250e-01
5.103626943005181715e-01 8.523316062176164998e-01
5.103626943005181715e-01 8.730569948186528428e-01
5.155440414507772573e-01 8.782383419689119286e-01
5.207253886010362320e-01 8.989637305699481606e-01
5.492227979274610927e-01 9.274611398963730213e-01
5.751295336787565216e-01 9.430051813471502786e-01
6.839378238341968785e-01 9.430051813471502786e-01
7.150259067357512821e-01 9.274611398963730213e-01
7.279792746113989965e-01 9.145077720207253069e-01
7.279792746113989965e-01 9.093264248704663322e-01
7.538860103626943143e-01 8.834196891191710144e-01
7.642487046632124859e-01 8.575129533678755855e-01
7.797927461139896321e-01 8.471502590673575250e-01
7.849740932642487179e-01 8.367875647668393535e-01
7.849740932642487179e-01 8.005181347150258642e-01
7.797927461139896321e-01 7.953367875647667784e-01
7.797927461139896321e-01 7.849740932642487179e-01
7.746113989637305464e-01 7.797927461139896321e-01
7.746113989637305464e-01 7.590673575129534001e-01
7.642487046632124859e-01 7.435233160621761428e-01
7.642487046632124859e-01 7.331606217616579713e-01
7.409326424870465999e-01 7.098445595854921963e-01
7.202072538860103679e-01 6.994818652849741358e-01
6.968911917098445929e-01 6.761658031088082499e-01
6.943005181347150501e-01 6.683937823834196212e-01
6.735751295336787070e-01 6.632124352331606465e-01
6.580310880829015607e-01 6.528497409326424750e-01
6.476683937823833892e-01 6.528497409326424750e-01
6.321243523316062429e-01 6.424870466321244145e-01
5.906735751295336678e-01 6.424870466321244145e-01
5.803108808290154963e-01 6.476683937823833892e-01
5.699481865284974358e-01 6.632124352331606465e-01
5.621761658031088071e-01 6.606217616580311036e-01
5.621761658031088071e-01 6.450777202072538463e-01
5.569948186528497214e-01 6.398963730569948716e-01
5.569948186528497214e-01 6.139896373056994427e-01
5.518134715025906356e-01 6.088082901554403570e-01
5.518134715025906356e-01 5.932642487046632107e-01
5.466321243523315498e-01 5.880829015544041249e-01
5.466321243523315498e-01 5.725388601036269787e-01
5.284974093264248607e-01 5.440414507772021180e-01
5.129533678756477144e-01 5.388601036269430322e-01
5.000000000000000000e-01 5.259067357512953178e-01
5.025906735751295429e-01 5.181347150259066892e-01
5.181347150259066892e-01 5.129533678756477144e-01
5.492227979274610927e-01 4.870466321243523411e-01
5.647668393782383500e-01 4.818652849740932553e-01
5.829015544041450392e-01 4.637305699481865107e-01
5.984455958549222965e-01 4.274611398963730768e-01
6.062176165803109251e-01 4.196891191709844482e-01
6.217616580310880714e-01 4.196891191709844482e-01
6.269430051813471572e-01 4.248704663212435340e-01
6.787564766839377928e-01 4.248704663212435340e-01
6.839378238341968785e-01 4.196891191709844482e-01
6.994818652849741358e-01 4.196891191709844482e-01
7.046632124352332216e-01 4.145077720207254179e-01
7.253886010362694536e-01 4.145077720207254179e-01
7.383419689119170570e-01 4.067357512953367893e-01
7.435233160621761428e-01 3.911917098445595875e-01
7.253886010362694536e-01 3.678756476683937571e-01
7.046632124352332216e-01 3.626943005181347268e-01
6.891191709844559643e-01 3.730569948186528428e-01
6.632124352331606465e-01 3.730569948186528428e-01
6.606217616580311036e-01 3.445595854922279822e-01
6.476683937823833892e-01 3.316062176165803232e-01
6.243523316062176143e-01 3.497409326424870679e-01
6.139896373056994427e-01 3.652849740932642142e-01
6.139896373056994427e-01 3.704663212435233000e-01
5.829015544041450392e-01 3.963730569948186733e-01
5.725388601036269787e-01 4.222797927461139911e-01
5.595854922279792643e-01 4.352331606217616500e-01
5.544041450777201785e-01 4.352331606217616500e-01
5.414507772020725751e-01 4.481865284974093089e-01
5.414507772020725751e-01 4.533678756476683946e-01
5.284974093264248607e-01 4.663212435233160535e-01
4.948186528497409142e-01 4.637305699481865107e-01
4.948186528497409142e-01 4.015544041450777035e-01
5.000000000000000000e-01 3.963730569948186733e-01
5.000000000000000000e-01 3.860103626943005017e-01
5.051813471502590858e-01 3.808290155440414715e-01
5.051813471502590858e-01 3.601036269430051839e-01
5.103626943005181715e-01 3.549222797927461537e-01
5.103626943005181715e-01 3.445595854922279822e-01
5.207253886010362320e-01 3.290155440414507804e-01
5.207253886010362320e-01 3.186528497409326643e-01
5.259067357512953178e-01 3.134715025906735786e-01
5.259067357512953178e-01 3.031088082901554071e-01
5.362694300518134893e-01 2.875647668393782608e-01
5.362694300518134893e-01 2.772020725388600892e-01
5.414507772020725751e-01 2.720207253886010035e-01
5.414507772020725751e-01 2.616580310880829430e-01
5.466321243523315498e-01 2.564766839378238572e-01
5.492227979274610927e-01 2.020725388601036232e-01
6.424870466321244145e-01 2.020725388601036232e-01
6.580310880829015607e-01 2.124352331606217392e-01
6.787564766839377928e-01 2.124352331606217392e-01
6.917098445595855072e-01 2.202072538860103679e-01
6.943005181347150501e-01 2.279792746113989410e-01
7.227979274611399108e-01 2.461139896373056857e-01
7.227979274611399108e-01 2.512953367875647714e-01
7.383419689119170570e-01 2.668393782383419732e-01
7.383419689119170570e-01 2.927461139896373465e-01
7.435233160621761428e-01 2.979274611398963768e-01
7.435233160621761428e-01 3.134715025906735786e-01
7.487046632124352286e-01 3.186528497409326643e-01
7.487046632124352286e-01 3.341968911917098106e-01
7.538860103626943143e-01 3.393782383419688964e-01
7.538860103626943143e-01 3.549222797927461537e-01
7.590673575129534001e-01 3.601036269430051839e-01
7.590673575129534001e-01 3.808290155440414715e-01
7.642487046632124859e-01 3.860103626943005017e-01
7.642487046632124859e-01 3.963730569948186733e-01
7.694300518134715716e-01 4.015544041450777035e-01
7.694300518134715716e-01 4.119170984455958751e-01
7.746113989637305464e-01 4.170984455958549053e-01
7.746113989637305464e-01 4.274611398963730768e-01
7.849740932642487179e-01 4.481865284974093089e-01
8.134715025906735786e-01 4.766839378238342251e-01
8.186528497409326643e-01 4.766839378238342251e-01
8.290155440414508359e-01 4.870466321243523411e-01
8.497409326424870679e-01 4.974093264248704571e-01
8.704663212435233000e-01 4.974093264248704571e-01
8.834196891191710144e-01 4.844559585492227982e-01
8.652849740932642142e-01 4.766839378238342251e-01
8.367875647668393535e-01 4.481865284974093089e-01
8.367875647668393535e-01 4.430051813471502786e-01
8.264248704663212930e-01 4.326424870466321071e-01
8.108808290155440357e-01 4.015544041450777035e-01
8.108808290155440357e-01 3.911917098445595875e-01
8.056994818652849499e-01 3.860103626943005017e-01
8.056994818652849499e-01 3.704663212435233000e-01
8.005181347150258642e-01 3.652849740932642142e-01
8.005181347150258642e-01 2.823834196891191750e-01
7.953367875647667784e-01 2.772020725388600892e-01
7.953367875647667784e-01 2.616580310880829430e-01
7.901554404145076926e-01 2.512953367875647714e-01
7.512953367875647714e-01 2.124352331606217392e-01
7.305699481865284284e-01 2.072538860103627090e-01
7.202072538860103679e-01 1.968911917098445374e-01
7.046632124352332216e-01 1.917098445595855072e-01
6.787564766839377928e-01 1.658031088082901339e-01
6.580310880829015607e-01 1.606217616580311036e-01
6.528497409326424750e-01 1.554404145077720178e-01
5.699481865284974358e-01 1.554404145077720178e-01
5.673575129533678929e-01 1.321243523316062429e-01
5.544041450777201785e-01 1.088082901554404125e-01
5.388601036269430322e-01 1.036269430051813267e-01
5.284974093264248607e-01 9.326424870466321071e-02
5.103626943005181715e-01 8.549222797927463757e-02
5.103626943005181715e-01 4.404145077720206247e-02
5.388601036269430322e-01 4.145077720207251959e-02
5.440414507772021180e-01 4.663212435233160535e-02
5.751295336787565216e-01 4.663212435233160535e-02
5.803108808290154963e-01 5.181347150259069112e-02
5.958549222797927536e-01 5.181347150259069112e-02
6.010362694300518394e-01 5.699481865284972137e-02
6.113989637305698999e-01 5.699481865284972137e-02
6.269430051813471572e-01 6.735751295336789291e-02
6.373056994818653287e-01 6.735751295336789291e-02
6.424870466321244145e-01 7.253886010362692316e-02
6.787564766839377928e-01 7.253886010362692316e-02
7.020725388601036787e-01 5.440414507772023400e-02
7.020725388601036787e-01 2.849740932642486069e-02
6.891191709844559643e-01 1.554404145077720178e-02
6.735751295336787070e-01 1.554404145077720178e-02
6.683937823834196212e-01 1.036269430051811602e-02
4.507772020725388518e-01 1.036269430051811602e-02
4.430051813471502786e-01 1.813471502590674467e-02
4.430051813471502786e-01 3.886010362694303222e-02
4.481865284974093089e-01 4.404145077720206247e-02
4.481865284974093089e-01 5.958549222797926426e-02
4.533678756476683946e-01 6.476683937823835002e-02
4.533678756476683946e-01 7.512953367875646604e-02
4.585492227979274804e-01 8.031088082901555181e-02
4.585492227979274804e-01 9.067357512953366783e-02
4.637305699481865107e-01 9.585492227979275359e-02
4.611398963730569678e-01 1.243523316062176143e-01
3.937823834196891304e-01 1.243523316062176143e-01
3.886010362694300446e-01 1.191709844559585285e-01
3.704663212435233000e-01 1.165803108808290411e-01
3.704663212435233000e-01 1.813471502590674467e-02
3.471502590673575250e-01 5.181347150259085765e-03
1.347150259067357303e-01 5.181347150259085765e-03
