6.980398350793496354e-01 1.967162642332098699e-03
6.877257956704826425e-01 0.000000000000000000e+00
6.670977168527486567e-01 5.624763167866309033e-04
6.516266577394481674e-01 4.261946745782896340e-03
6.361555986261476781e-01 5.668406665173930659e-03
6.155275198084136923e-01 9.929187192118105187e-03
4.762879877887092328e-01 1.039100985221663720e-02
4.659739483798421844e-01 1.291443301458516935e-02
4.602714746682090574e-01 1.781865763546791603e-02
4.579761974822885162e-01 2.297567733990141248e-02
4.577146590094604561e-01 2.813269704433490892e-02
4.601828688756833263e-01 3.844673645320190181e-02
4.665977814086043618e-01 5.391779556650239114e-02
4.683985173453594220e-01 6.423183497536938402e-02
4.682008432522112296e-01 1.364301108374383897e-01
4.671342778133397156e-01 1.415871305418718862e-01
4.641241478336867732e-01 1.467441502463053826e-01
4.556599089709751915e-01 1.523661471372042553e-01
4.453458695621081986e-01 1.543257389162560611e-01
4.298748104488077093e-01 1.537656309208032535e-01
4.144037513355072200e-01 1.501160477453580833e-01
3.834616331089062413e-01 1.483403706310109094e-01
3.783046134044727449e-01 1.462606796490147354e-01
3.736310642973298957e-01 1.415871305418718862e-01
3.707999951778718217e-01 1.312730911330048933e-01
3.703381725177731787e-01 5.907481527093588758e-02
3.685312292871995021e-01 4.876077586206889469e-02
3.583672068685825884e-01 2.813269704433490892e-02
3.525195148823052627e-01 2.140834782188727470e-02
3.422054754734382698e-01 1.619221295945433292e-02
1.462387267049653494e-01 1.547105911330048933e-02
1.359246872960983565e-01 1.735368044900253981e-02
1.256106478872313081e-01 2.228500505805758314e-02
1.144058505294166528e-01 3.328971674876840536e-02
1.126306915125131480e-01 3.844673645320190181e-02
1.129329744471656016e-01 4.360375615763539825e-02
1.152488582959158570e-01 4.876077586206889469e-02
1.200338707649950543e-01 5.391779556650239114e-02
1.307676675916648046e-01 5.953979245740131931e-02
1.410817070005318530e-01 6.142241379310331428e-02
2.390650813847682854e-01 6.142241379310331428e-02
2.493791207936352783e-01 5.977060364375630375e-02
2.700071996113693196e-01 5.312760706340369232e-02
2.957922981335368018e-01 4.689631489200452030e-02
3.215773966557042840e-01 4.657895983327009493e-02
3.267344163601377804e-01 4.790127257799670080e-02
3.318914360645712769e-01 5.247686359026365599e-02
3.340732520933701322e-01 5.907481527093588758e-02
3.335972195052684386e-01 7.454587438423637691e-02
3.319358931309888128e-01 7.970289408866987335e-02
3.222098613364367536e-01 9.517395320197041819e-02
3.112633572468372911e-01 1.064088889866290355e-01
3.049263415083385276e-01 1.158020320197044040e-01
2.900946231375094997e-01 1.467441502463053826e-01
2.882876799069358231e-01 1.570581896551723755e-01
2.888501562237224540e-01 1.725292487684728648e-01
2.924997393991676797e-01 1.880003078817733542e-01
2.934446996113693196e-01 2.498845443349753670e-01
2.976567591036011762e-01 2.705126231527092973e-01
2.986017193158028160e-01 2.911407019704433385e-01
3.004086625463764926e-01 3.014547413793103314e-01
3.223805390686897976e-01 3.530249384236452959e-01
3.311728349582157560e-01 3.788100369458127781e-01
3.414227135540152669e-01 3.994381157635468194e-01
3.482373467348738871e-01 4.097521551724138122e-01
3.627875094723825855e-01 4.406942733990147909e-01
3.626723974254086880e-01 4.458512931034482873e-01
3.586624354125863001e-01 4.510083128078817838e-01
3.473624951778717662e-01 4.527934350132625796e-01
3.061063375424037947e-01 4.414974158120003600e-01
2.442221010892017818e-01 4.141905737704917878e-01
2.287510419759012925e-01 4.090563667995933961e-01
2.184370025670342996e-01 4.074045566502463300e-01
1.874948843404333210e-01 4.074815270935959743e-01
1.771808449315663281e-01 4.100049502559645065e-01
1.714783712199331456e-01 4.149091748768473087e-01
1.693579082612816089e-01 4.200661945812808051e-01
1.694869042435001583e-01 4.252232142857143016e-01
1.764622438252108072e-01 4.458512931034482873e-01
1.878060838053560722e-01 4.664793719211822731e-01
1.942689356471045126e-01 4.819504310344827624e-01
2.032771429186565615e-01 4.974214901477832518e-01
2.171907228051295213e-01 5.335206280788177269e-01
2.288821526463530320e-01 5.541487068965517127e-01
2.333674063887410388e-01 5.696197660098522020e-01
2.383744091029244561e-01 5.799338054187191949e-01
2.496053058683910808e-01 5.954048645320196842e-01
2.589241309483324427e-01 6.160329433497536700e-01
2.760390708728048814e-01 6.418180418719212632e-01
3.221981490275342974e-01 7.191733374384237099e-01
3.230576523116064358e-01 7.243303571428572063e-01
3.207178933716320346e-01 7.294873768472907027e-01
3.002586455561264689e-01 7.501154556650246885e-01
2.900946231375094997e-01 7.707435344827586743e-01
2.831306602025023267e-01 8.068426724137931494e-01
2.836931365192889576e-01 8.945120073891625889e-01
2.900946231375094997e-01 9.202971059113300711e-01
3.002586455561264689e-01 9.409251847290640569e-01
3.267344163601377804e-01 9.761648193760263936e-01
3.318914360645712769e-01 9.802591804746978443e-01
3.576765345867387591e-01 9.930360370649928825e-01
3.834616331089062413e-01 9.994375236832133691e-01
3.989326922222067306e-01 1.000000000000000000e+00
4.092467316310737235e-01 9.981930567694263789e-01
4.247177907443742129e-01 9.918613219736736042e-01
4.608169286754086880e-01 9.826463195509973492e-01
4.711309680842756809e-01 9.760049117882919623e-01
4.896268176011381312e-01 9.460822044334975534e-01
5.144201815647607701e-01 9.202971059113300711e-01
5.239474448905154791e-01 9.048260467980295818e-01
5.283988401246380029e-01 8.945120073891625889e-01
5.302057833552116239e-01 8.841979679802955960e-01
5.309439425250412903e-01 8.171567118226601423e-01
5.330152045374776382e-01 8.094211822660098976e-01
5.381722242419111346e-01 8.066540009611919970e-01
5.639573227640786168e-01 8.253385219306555998e-01
6.103705001039801958e-01 8.707599647120121134e-01
6.309985789217141816e-01 8.849807298997185434e-01
6.619406971483151603e-01 9.003876281999516618e-01
6.774117562616156496e-01 9.055218351708500535e-01
6.877257956704826425e-01 9.071736453201970640e-01
7.392959927148176069e-01 9.071736453201970640e-01
7.599240715325515927e-01 9.029615858279651519e-01
7.857091700547190749e-01 9.012954717696097795e-01
7.960232094635860678e-01 8.960075431034482119e-01
8.012254661829707469e-01 8.893549876847290925e-01
8.223489632773475222e-01 8.429418103448276245e-01
8.287504498955680088e-01 8.171567118226601423e-01
8.293129262123546397e-01 7.655865147783251778e-01
8.275059829817810186e-01 7.552724753694581850e-01
8.158481458683346510e-01 7.294873768472907027e-01
8.070558499788085260e-01 7.037022783251232205e-01
7.915568620409962897e-01 6.727601600985222419e-01
7.753951306458520820e-01 6.552560451402046349e-01
7.547670518281180962e-01 6.410352799524983158e-01
7.341389730103841105e-01 6.309633471714604092e-01
7.238249336015171176e-01 6.291564039408866771e-01
6.619406971483151603e-01 6.291564039408866771e-01
6.516266577394481674e-01 6.309633471714604092e-01
6.309985789217141816e-01 6.384972337289147593e-01
6.155275198084136923e-01 6.378213516009851869e-01
6.103705001039801958e-01 6.348112216213321890e-01
6.045688529364924291e-01 6.263469827586207739e-01
5.961457207525844293e-01 6.057189039408866771e-01
5.865572032335077957e-01 5.902478448275861878e-01
5.691143424685121133e-01 5.740861134324419801e-01
5.227011651286106453e-01 5.498665387491203926e-01
5.088614081667126587e-01 5.386776477832512233e-01
5.060887983758044495e-01 5.335206280788177269e-01
5.061557269102198164e-01 5.232065886699507340e-01
5.090799065614656227e-01 5.180495689655172376e-01
5.175441454241771488e-01 5.124275720746183094e-01
5.433292439463446311e-01 5.095206517620309850e-01
5.691143424685121133e-01 5.030434870386821800e-01
5.794283818773792172e-01 4.965619868637110579e-01
5.992946282387763279e-01 4.767934113300492660e-01
6.162181920902575216e-01 4.561653325123152802e-01
6.309985789217141816e-01 4.229670181650246330e-01
6.361555986261476781e-01 4.191325961865125516e-01
6.413126183305811745e-01 4.178843785524819499e-01
7.083538744882166283e-01 4.172567733990146799e-01
7.186679138970836211e-01 4.152896107566825812e-01
7.278154845632811565e-01 4.097521551724138122e-01
7.317906872521153794e-01 4.045951354679803158e-01
7.335708267717601094e-01 3.942810960591132674e-01
7.317906872521153794e-01 3.891240763546797710e-01
7.278154845632811565e-01 3.839670566502462745e-01
7.186679138970836211e-01 3.786811114532019351e-01
7.135108941926501247e-01 3.778686762061146953e-01
6.928828153749161389e-01 3.812346059113300156e-01
6.774117562616156496e-01 3.809918529746116334e-01
6.722547365571821532e-01 3.796695402298849720e-01
6.670977168527486567e-01 3.750939492176180723e-01
6.649159008239498014e-01 3.684959975369457852e-01
6.635671418243287434e-01 3.530249384236452959e-01
6.617947437604537742e-01 3.478679187192117994e-01
6.567836774438816638e-01 3.415247844827586921e-01
6.516266577394481674e-01 3.386848046841240412e-01
6.464696380350146709e-01 3.381985067733990213e-01
6.413126183305811745e-01 3.394877616995073399e-01
6.309985789217141816e-01 3.458961170675166619e-01
6.186514836678300711e-01 3.581819581280787923e-01
6.073457097004182348e-01 3.736530172413792816e-01
5.877093654412290924e-01 3.942810960591132674e-01
5.764035914738172561e-01 4.097521551724138122e-01
5.619242669190616102e-01 4.252232142857143016e-01
5.477035017313551801e-01 4.458512931034482873e-01
5.389549861613341930e-01 4.613223522167487767e-01
5.330152045374776382e-01 4.681478194726165776e-01
5.227011651286106453e-01 4.733421750663129313e-01
5.123871257197436524e-01 4.737388688897309907e-01
5.059408510892018374e-01 4.716363916256157696e-01
5.014850051165115064e-01 4.664793719211822731e-01
5.007006536475999692e-01 4.613223522167487767e-01
5.090663175767372595e-01 4.200661945812808051e-01
5.105226647496793335e-01 4.045951354679803158e-01
5.182511561901075314e-01 3.788100369458127781e-01
5.296943963944712452e-01 3.272398399014778136e-01
5.311008563138621685e-01 3.117687807881773243e-01
5.348003267428584895e-01 2.962977216748768350e-01
5.363077632718468157e-01 2.705126231527092973e-01
5.480212864643128068e-01 2.189424261083743328e-01
5.536432833552116239e-01 2.104781872456628067e-01
5.588003030596451204e-01 2.074680572660098643e-01
5.639573227640786168e-01 2.064014918271382948e-01
6.619406971483151603e-01 2.062038177339901579e-01
6.722547365571821532e-01 2.080045536707452181e-01
6.825687759660491460e-01 2.124531763136289220e-01
7.190876713148863786e-01 2.344134852216748222e-01
7.236732565513867010e-01 2.395705049261083186e-01
7.400861812179162502e-01 2.859836822660097866e-01
7.437460016533208318e-01 3.014547413793103314e-01
7.592054704261961273e-01 3.427108990147783030e-01
7.797831210961156945e-01 3.891240763546797710e-01
8.004895568861758459e-01 4.252232142857143016e-01
8.424363868034876468e-01 4.785299587815421973e-01
8.475934065079211432e-01 4.826411033163265918e-01
8.682214853256551290e-01 4.927219479977753558e-01
8.785355247345221219e-01 4.934057780828555173e-01
8.836925444389556183e-01 4.910396782635467194e-01
8.868383264586601200e-01 4.871074507389162589e-01
8.873693084874869630e-01 4.819504310344827624e-01
8.851034271882816107e-01 4.767934113300492660e-01
8.682214853256551290e-01 4.592892963717316590e-01
8.527504262123546397e-01 4.479835224043198783e-01
8.353454847098915614e-01 4.303802339901477980e-01
8.320778903282031180e-01 4.252232142857143016e-01
8.251008667201225055e-01 3.942810960591132674e-01
8.235934301911345123e-01 3.633389778325122887e-01
8.147868273112555126e-01 3.220828201970443172e-01
8.132793907822675195e-01 3.014547413793103314e-01
8.017297476611149332e-01 2.550415640394088079e-01
7.864781993088889589e-01 2.189424261083743328e-01
7.702381109414185856e-01 1.965777998391474157e-01
7.496100321236845998e-01 1.820605262579168548e-01
7.186679138970836211e-01 1.668315737724455627e-01
6.774117562616156496e-01 1.598676108374384452e-01
5.742713621729456097e-01 1.592850845275414207e-01
5.639573227640786168e-01 1.555626539408866971e-01
5.428039919394116453e-01 1.364301108374383897e-01
5.226567080621931094e-01 1.003309729064039146e-01
5.203535666064432741e-01 9.001693349753692175e-02
5.212340819368321831e-01 5.907481527093588758e-02
5.243933122191278828e-01 5.391779556650239114e-02
5.278581848330441417e-01 5.190186968204196782e-02
5.433292439463446311e-01 5.200344734288692150e-02
5.845854015818127136e-01 6.085993747631668338e-02
6.103705001039801958e-01 6.236737400530500963e-02
6.516266577394481674e-01 7.117397688518367627e-02
6.877257956704826425e-01 7.101529935581646358e-02
6.980398350793496354e-01 6.572737068965506246e-02
7.032420917987342035e-01 5.907481527093588758e-02
7.139683717470757252e-01 3.328971674876840536e-02
7.150580001039802402e-01 2.297567733990141248e-02
7.114012043135636842e-01 1.266163793103441959e-02
7.071874057455471707e-01 7.504618226600923148e-03
