1.491938655668751390e-01 4.985558408215351456e-04
1.441040067735503416e-01 0.000000000000000000e+00
1.390141479802255997e-01 1.654603556113964924e-03
1.349530904323600899e-01 5.715661103979419178e-03
1.332984868762461250e-01 1.080551989730421658e-02
1.337156884166825765e-01 1.589537869062901398e-02
1.485121880499119529e-01 4.643453145057763187e-02
1.593735831535246783e-01 5.721577780371106536e-02
1.695533007401742176e-01 6.216302952503216517e-02
1.797330183268238124e-01 6.402113310214008202e-02
3.426084997132166077e-01 6.468644696726572052e-02
3.489708232048726044e-01 6.679396662387676598e-02
3.531121174048958977e-01 7.188382541720150787e-02
3.534463886955547252e-01 7.697368421052630527e-02
3.510742852572159567e-01 8.206354300385104716e-02
3.351327696105208531e-01 9.733311938382538386e-02
3.266572458162790848e-01 1.075128369704749787e-01
3.217154503115851050e-01 1.176925545571245180e-01
3.113826199732162570e-01 1.533215661103979333e-01
3.097523216816798763e-01 1.635012836970474726e-01
3.097523216816798763e-01 2.042201540436456852e-01
3.189993854641793858e-01 2.500288831835686398e-01
3.199320392683294156e-01 2.856578947368421106e-01
3.217154503115851050e-01 2.958376123234916499e-01
3.392022095976838236e-01 3.314666238767650652e-01
3.399116342331713891e-01 3.569159178433889412e-01
3.382164441415572709e-01 3.670956354300385360e-01
3.324287821265670684e-01 3.783054434867657578e-01
3.273389233332423265e-01 3.807806331290721769e-01
3.222490645399175291e-01 3.802151852507635321e-01
2.917099117799688557e-01 3.612467626061302561e-01
2.815301941933193164e-01 3.564569961489088001e-01
2.713504766066697771e-01 3.545988925718008833e-01
2.204518886734220251e-01 3.546748606134921822e-01
2.102721710867724303e-01 3.571654207254147395e-01
2.046439618441537323e-01 3.620057766367137386e-01
2.023785765174636597e-01 3.670956354300385360e-01
2.029157345495452569e-01 3.772753530166880753e-01
2.095629284680304849e-01 3.976347881899871539e-01
2.212445716002512941e-01 4.230840821566110299e-01
2.363472673640509836e-01 4.638029525032092426e-01
2.477413623576324997e-01 5.045218228498073998e-01
2.491787432266565627e-01 5.197913992297817920e-01
2.604729557983547772e-01 5.656001283697047466e-01
2.670281362028145700e-01 5.859595635430038252e-01
2.708168623783373530e-01 6.063189987163029038e-01
2.961180930563304115e-01 6.572175866495506558e-01
3.077520560125014404e-01 6.724871630295250480e-01
3.220258251191577270e-01 6.979364569961489240e-01
3.228748668505722064e-01 7.030263157894737214e-01
3.215288015031263491e-01 7.081161745827984078e-01
3.175550836527402110e-01 7.132060333761232052e-01
2.860873933454821660e-01 7.335654685494223948e-01
2.815301941933193164e-01 7.381226677015851889e-01
2.611707590200201823e-01 7.697150338429221694e-01
2.560809002266954404e-01 7.741346371668051951e-01
2.408113238467211037e-01 7.814192302402347412e-01
2.327138212209771129e-01 7.895539152759949442e-01
2.302561248736786914e-01 7.946437740693197416e-01
2.283145809884834510e-01 8.048234916559692254e-01
2.288697320623822584e-01 8.353626444159178988e-01
2.453675684117134770e-01 8.964409499358152456e-01
2.568735831535247094e-01 9.218902439024390105e-01
2.619382774094897726e-01 9.371598202824134027e-01
2.657270035850125556e-01 9.575192554557124813e-01
2.757586578830313329e-01 9.778786906290115599e-01
2.917099117799688557e-01 9.949249158330710774e-01
3.018896293666184505e-01 9.998433889602054148e-01
3.375186409198918103e-01 1.000000000000000000e+00
3.527882172998662025e-01 9.963979460847240954e-01
3.833273700598148204e-01 9.954652922805740101e-01
3.935070876464643597e-01 9.938349939890376294e-01
4.393158167863873698e-01 9.778324191854359526e-01
4.565919721137301490e-01 9.626091142490372787e-01
4.858971137788685724e-01 9.218902439024390105e-01
5.009277365346170852e-01 8.913510911424904481e-01
5.027111475778727190e-01 8.811713735558408533e-01
5.039085486159613492e-01 8.455423620025674936e-01
5.059611553614836721e-01 8.404525032092426962e-01
5.105738398929342559e-01 8.359339550968012400e-01
5.207535574795837396e-01 8.340901797175866994e-01
5.258434162729085370e-01 8.359339550968012400e-01
5.304561008043591208e-01 8.404525032092426962e-01
5.325087075498813327e-01 8.455423620025674936e-01
5.337061085879699629e-01 8.760815147625160559e-01
5.353364068795063435e-01 8.862612323491656507e-01
5.404037500341408728e-01 9.015308087291399319e-01
5.506110327225691714e-01 9.218902439024390105e-01
5.614724278261820078e-01 9.328565760298751508e-01
5.767420042061562890e-01 9.430222469282965037e-01
5.971014393794553676e-01 9.529630108907201080e-01
6.072811569661049624e-01 9.547464219339758529e-01
6.938087564526260742e-01 9.547464219339758529e-01
7.039884740392756690e-01 9.531161236424394723e-01
7.192580504192500612e-01 9.480487804878048319e-01
7.396174855925491398e-01 9.379323881349717063e-01
7.655994392003349081e-01 9.218902439024390105e-01
7.811089237917056005e-01 9.015308087291399319e-01
7.961395465474541133e-01 8.709916559691912585e-01
8.024576653101358481e-01 8.404525032092426962e-01
8.030128163840346556e-01 8.099133504492939117e-01
7.974182305258359360e-01 7.793741976893453494e-01
7.861354573512140398e-01 7.386553273427471922e-01
7.760190649983808031e-01 7.182958921694480026e-01
7.599769207658482184e-01 6.937555015587750784e-01
7.243479092125747476e-01 6.605307966187904389e-01
7.141681916259252638e-01 6.556123234916559905e-01
6.480000273127031196e-01 6.549005613779625978e-01
6.378203097260536358e-01 6.566839724212182317e-01
6.174608745527545572e-01 6.641197436495895889e-01
6.021912981727801650e-01 6.638828779265236735e-01
5.971014393794553676e-01 6.618302711810013506e-01
5.924887548480047839e-01 6.572175866495506558e-01
5.904361481024825720e-01 6.521277278562259694e-01
5.887340199995199086e-01 6.368581514762515772e-01
5.825185899795328748e-01 6.063189987163029038e-01
5.774512468248982344e-01 5.910494223363286226e-01
5.677269153264539181e-01 5.706899871630295440e-01
5.614724278261820078e-01 5.614191729323307900e-01
5.411129926528828182e-01 5.445590156794424264e-01
5.254385411416212515e-01 5.350609756097560732e-01
5.212919079288776958e-01 5.299711168164313868e-01
5.196931702309743883e-01 5.248812580231065894e-01
5.202536606338108438e-01 5.197913992297817920e-01
5.245709515745773377e-01 5.147015404364569946e-01
5.462028514462076156e-01 5.102984086231839855e-01
5.665622866195066942e-01 5.037543044603378650e-01
5.869217217928058838e-01 4.998908857509628545e-01
5.971014393794553676e-01 4.946782280136604593e-01
6.021912981727801650e-01 4.896764013692769257e-01
6.115984479068714563e-01 4.739826700898587819e-01
6.232324108630424853e-01 4.587130937098844452e-01
6.319578830801705349e-01 4.434435173299101640e-01
6.378203097260536358e-01 4.367069395152156641e-01
6.429101685193783222e-01 4.333100711868362320e-01
6.530898861060279170e-01 4.309467744716725113e-01
7.039884740392756690e-01 4.304909662215238852e-01
7.141681916259252638e-01 4.286328626444160239e-01
7.243479092125747476e-01 4.236856109230949241e-01
7.309846858744590836e-01 4.179942233632862880e-01
7.343004009602366322e-01 4.129043645699614906e-01
7.358606850546188793e-01 4.027246469833119513e-01
7.308400760407951502e-01 3.925449293966624120e-01
7.243479092125747476e-01 3.875938849340646586e-01
7.192580504192500612e-01 3.858498074454429494e-01
6.836290388659765904e-01 3.844253927501680712e-01
6.774484960455107174e-01 3.823652118100128172e-01
6.734003803293912016e-01 3.772753530166880753e-01
6.728906782410352116e-01 3.670956354300385360e-01
6.709043918826647079e-01 3.620057766367137386e-01
6.683594624860023092e-01 3.603697505960021252e-01
6.632696036926775118e-01 3.615184497309699152e-01
6.581797448993527144e-01 3.654555698188560742e-01
6.450146293666184638e-01 3.823652118100128172e-01
6.307238719853603959e-01 3.976347881899871539e-01
6.042957590200203066e-01 4.332637997432605692e-01
5.869217217928058838e-01 4.493059439757932094e-01
5.767420042061562890e-01 4.541655969191270570e-01
5.665622866195066942e-01 4.560162282298392267e-01
5.309332750662333344e-01 4.557766367137356389e-01
5.258434162729085370e-01 4.544715447154470955e-01
5.207535574795837396e-01 4.499555425507815731e-01
5.186784612023052077e-01 4.434435173299101640e-01
5.189133777619970855e-01 4.332637997432605692e-01
5.250758978834390023e-01 4.027246469833119513e-01
5.316200020462850118e-01 3.823652118100128172e-01
5.352556154700884861e-01 3.620057766367137386e-01
5.467452134487750248e-01 3.314666238767650652e-01
5.531050084462464378e-01 3.060173299101411892e-01
5.544931517535168775e-01 2.907477535301669080e-01
5.660199246169393961e-01 2.347593068035943586e-01
5.712199875907567614e-01 2.245795892169448194e-01
5.767420042061562890e-01 2.190575726015452918e-01
5.869217217928058838e-01 2.138575096277278709e-01
5.971014393794553676e-01 2.120068783170157012e-01
6.734493212793269956e-01 2.125596919127086259e-01
6.988986152459508716e-01 2.188740216986210241e-01
7.090783328326004664e-01 2.238070213643865158e-01
7.213039740518609744e-01 2.347593068035943586e-01
7.506606613673519890e-01 2.805680359435173132e-01
7.760391800726517131e-01 3.263767650834402678e-01
7.872663944500588595e-01 3.620057766367137386e-01
7.887541993281074193e-01 3.823652118100128172e-01
7.924054908051372248e-01 3.976347881899871539e-01
7.937936341124074424e-01 4.129043645699614906e-01
7.974461120367084543e-01 4.281739409499358273e-01
8.001621768841138405e-01 4.536232349165597033e-01
8.101938311821328398e-01 4.739826700898587819e-01
8.210552262857455652e-01 4.848440651934715628e-01
8.465045202523693302e-01 4.978359913839994211e-01
8.566842378390189250e-01 5.000577663671373907e-01
8.617740966323437224e-01 4.983330172715602635e-01
8.659550520697175680e-01 4.943421052631579160e-01
8.667015131237539860e-01 4.892522464698331186e-01
8.639941414251768315e-01 4.841623876765083212e-01
8.293622599767378478e-01 4.485333761232349059e-01
8.244352106406878100e-01 4.383536585365853666e-01
8.233722515573337342e-01 3.874550706033376146e-01
8.217419532657974646e-01 3.772753530166880753e-01
8.090353289815092053e-01 3.314666238767650652e-01
8.075475241034606455e-01 2.805680359435173132e-01
8.013825180924982750e-01 2.500288831835686398e-01
7.963151749378636346e-01 2.347593068035943586e-01
7.873723372122727326e-01 2.194897304236200219e-01
7.701566383524978132e-01 2.035384765266824991e-01
7.396174855925491398e-01 1.884169634353389799e-01
6.938087564526260742e-01 1.770089858793325033e-01
5.767420042061562890e-01 1.753645699614890252e-01
5.716521454128314916e-01 1.737248793767429689e-01
5.557315405825482557e-01 1.635012836970474726e-01
5.508605524174576828e-01 1.584114249037227307e-01
5.454101685193782911e-01 1.482317073170731359e-01
5.403454742634132835e-01 1.329621309370988547e-01
5.387199993396033504e-01 1.227824133504492599e-01
5.392355857209188974e-01 7.188382541720150787e-02
5.411129926528828182e-01 6.658762099712028926e-02
5.462028514462076156e-01 6.325102569911150718e-02
5.665622866195066942e-01 6.490454934453648850e-02
5.869217217928058838e-01 6.911099189546482391e-02
6.836290388659765904e-01 6.839922978177143120e-02
6.887188976593013878e-01 6.664991401651843006e-02
6.949794239750908265e-01 6.170410783055196857e-02
6.977824181421516947e-01 5.661424903722717117e-02
6.985168758364516117e-01 5.152439024390242928e-02
6.955981599346543476e-01 3.625481386392809258e-02
6.901949567093654814e-01 2.607509627727855328e-02
6.836290388659765904e-01 2.112405181468079984e-02
6.785391800726517930e-01 1.937997432605909065e-02
6.123710157594297598e-01 1.866821221236569794e-02
5.920115805861305702e-01 2.282541720154040998e-02
5.512927102395324130e-01 2.431322207958924730e-02
5.360231338595581319e-01 2.791527599486515188e-02
4.698549695463359877e-01 3.010456782199394388e-02
4.647651107530112458e-01 3.323640923067733288e-02
4.602456671692831680e-01 4.134467265725288998e-02
4.614692185835632676e-01 5.152439024390242928e-02
4.792621192804272789e-01 8.715340179717584457e-02
4.953481416060058207e-01 1.126026957637997206e-01
4.971731960386338023e-01 1.227824133504492599e-01
4.960632775435433461e-01 1.278722721437740573e-01
4.916365711471817335e-01 1.329621309370988547e-01
4.851245459263103244e-01 1.351155327342747348e-01
4.494955343730369091e-01 1.353551242503783780e-01
4.291360991997378305e-01 1.312002567394094932e-01
4.036868052331139545e-01 1.287205819426614495e-01
3.985969464397891571e-01 1.242045797779959271e-01
3.964435446426132215e-01 1.176925545571245180e-01
3.952422667805524092e-01 9.733311938382538386e-02
3.730088381424382371e-01 3.625481386392809258e-02
3.695338527299046327e-01 3.116495507060329517e-02
3.629679348865156863e-01 2.621391060800559725e-02
3.578780760931909444e-01 2.446983311938388805e-02
3.273389233332423265e-01 2.282541720154040998e-02
3.069794881599431924e-01 1.866821221236569794e-02
1.899127359134733517e-01 1.828837200390853734e-02
1.797330183268238124e-01 1.643774069319631215e-02
