6.661740909550422085e-01 8.487034017043426637e-04
6.561711049890821545e-01 0.000000000000000000e+00
6.311636400741822417e-01 6.948113099203290233e-04
6.161591611252422718e-01 4.234329420952254175e-03
5.911516962103422479e-01 5.696304292900300492e-03
5.711457242784222510e-01 9.779038518960836424e-03
4.561113856698824076e-01 1.034512789887531703e-02
4.511098926869023806e-01 1.145421603210672323e-02
4.443023050156240661e-01 1.743057629143024423e-02
4.430337113947133698e-01 2.243206927441027121e-02
4.451497802155179317e-01 3.243505524037026966e-02
4.718947856571553690e-01 8.745147805315017786e-02
4.790419594308330531e-01 1.074574499850701748e-01
4.793683280407394220e-01 1.124589429680501462e-01
4.761868227821215438e-01 1.174604359510301732e-01
4.711158646188223775e-01 1.193052489365554747e-01
3.760874979422024755e-01 1.195764522130601804e-01
3.710860049592225041e-01 1.182940181148601222e-01
3.660845119762424771e-01 1.138564189485886669e-01
3.639684957142124144e-01 1.074574499850701748e-01
3.633598180377533571e-01 4.243804120633021260e-02
3.614519815903676214e-01 3.243505524037026966e-02
3.549502359307988852e-01 2.243206927441027121e-02
3.460785400443225357e-01 1.706161369432512842e-02
3.360755540783625372e-01 1.515377724693944828e-02
1.610232996740627587e-01 1.478053150194080789e-02
1.410173277421427618e-01 1.181414564660848709e-02
1.360158347591627903e-01 1.373629170172907532e-02
1.326985179847373075e-01 1.743057629143024423e-02
1.315846874672242928e-01 2.243206927441027121e-02
1.353189054090753740e-01 3.743654822335024113e-02
1.406870404696818344e-01 4.743953418931023958e-02
1.456020296432077310e-01 5.244102717229021104e-02
1.660247926570427301e-01 6.296836320904647399e-02
1.760277786230027286e-01 6.472081218274106096e-02
2.360456944187626638e-01 6.472081218274106096e-02
2.460486803847226622e-01 6.311881774706495918e-02
2.760576382826026021e-01 5.314957201154579813e-02
3.010651031975025704e-01 4.222245961223619615e-02
3.060665961804825974e-01 4.142896806064133575e-02
3.113566368355576430e-01 4.243804120633021260e-02
3.143382961138725951e-01 4.743953418931023958e-02
3.123184624092075756e-01 5.244102717229021104e-02
2.906453261496275697e-01 7.244699910421020794e-02
2.855362741777663915e-01 8.244998507017020639e-02
2.793278452330126282e-01 1.074574499850701748e-01
2.787823322210917776e-01 2.224917885936100181e-01
2.803843266567678238e-01 2.324947745595700166e-01
2.953666808644351827e-01 2.825097043893699533e-01
3.018440242358355619e-01 2.975141833383099232e-01
3.153726527963551796e-01 3.375261272021499170e-01
3.353297174054620244e-01 3.825395640489698268e-01
3.705129172215892996e-01 4.375559868617497905e-01
3.711331888552883429e-01 4.425574798447297620e-01
3.660845119762424771e-01 4.480278627948641734e-01
3.610830189932625056e-01 4.471784244485699222e-01
3.460785400443225357e-01 4.367830288552892459e-01
3.310740610953825103e-01 4.284014684554025010e-01
3.010651031975025704e-01 4.068771861536492063e-01
2.660546523166426036e-01 3.867952203590493410e-01
2.110382295038626954e-01 3.622512497712364610e-01
2.010352435379026970e-01 3.621705805295755698e-01
1.860307645889627270e-01 3.668381557499424961e-01
1.760277786230027286e-01 3.713921686716500914e-01
1.660247926570427301e-01 3.785749659527052891e-01
1.608982623494882302e-01 3.875410570319498538e-01
1.608183204534487931e-01 3.975440429979098522e-01
1.666397303188845158e-01 4.125485219468498221e-01
1.705019355692264926e-01 4.275530008957897921e-01
2.018141645762356884e-01 4.975739026575097257e-01
2.103413001537752791e-01 5.225813675724096941e-01
2.252835532678860164e-01 5.525903254702896339e-01
2.461758369859848861e-01 5.876007763511496007e-01
2.555273162798863962e-01 6.226112272320095675e-01
2.652954971317259547e-01 6.426171991639295644e-01
2.819075988251953380e-01 6.676246640788294773e-01
3.023790547438787168e-01 7.026351149596894441e-01
3.116010351370587239e-01 7.226410868916094410e-01
3.127993751960325142e-01 7.276425798745894680e-01
3.126701298845733223e-01 7.376455658405494109e-01
3.111112054822813833e-01 7.426470588235294379e-01
2.978498577084440213e-01 7.626530307554494348e-01
2.810591312655825735e-01 7.756857672784068791e-01
2.640829098906600780e-01 7.926619886533293746e-01
2.503043366948021209e-01 8.126679605852493715e-01
2.455977260993719158e-01 8.226709465512094255e-01
2.437718813402318108e-01 8.326739325171693684e-01
2.443173943521526614e-01 8.776873693639892782e-01
2.505258232969064247e-01 9.026948342788891910e-01
2.703863024894019862e-01 9.427067781427291848e-01
2.910621172315426275e-01 9.646844925006317073e-01
3.160695821464425403e-01 9.833885648167897120e-01
3.360755540783625372e-01 9.934186373226165934e-01
3.510800330273025072e-01 9.983980055643238982e-01
3.610830189932625056e-01 1.000000000000000000e+00
4.411069067209424377e-01 1.000000000000000000e+00
4.511098926869023806e-01 9.982475510263053575e-01
4.611128786528623791e-01 9.938661173838889695e-01
4.702227408718617219e-01 9.877202149895492056e-01
4.831477581156138901e-01 9.727157360406091247e-01
5.017946653269229618e-01 9.477082711257092118e-01
5.216551445194185233e-01 9.076963272618692180e-01
5.234075934931131657e-01 8.976933412959092751e-01
5.228620804811923151e-01 8.726858763810092512e-01
5.187793462551317791e-01 8.526799044490893653e-01
5.188539954041314628e-01 7.926619886533293746e-01
5.215996844157767542e-01 7.826590026873694317e-01
5.261322874316023412e-01 7.782189017739076231e-01
5.311337804145823682e-01 7.763475948755136358e-01
5.361352733975622842e-01 7.763475948755136358e-01
5.411367663805423112e-01 7.780903312125320159e-01
5.461382593635223381e-01 7.822611566546323614e-01
5.495444485502070098e-01 7.876604956703494587e-01
5.529479844249642895e-01 7.976634816363094016e-01
5.543604107067545694e-01 8.126679605852493715e-01
5.606183882416660991e-01 8.376754255001492844e-01
5.654743884852216906e-01 8.476784114661093383e-01
5.761472172614022780e-01 8.595937329843852392e-01
5.911516962103422479e-01 8.682087334688255442e-01
6.161591611252422718e-01 8.744171624135792520e-01
6.761770769210021514e-01 8.749626754255002137e-01
7.361949927167621421e-01 8.633576950238640579e-01
7.511994716657020010e-01 8.583783267821567531e-01
7.812084295635820519e-01 8.438213278944891593e-01
7.902227483119761420e-01 8.376754255001492844e-01
7.965818711096270821e-01 8.276724395341893414e-01
7.984897075570129843e-01 8.176694535682293985e-01
7.984897075570129843e-01 7.526500447894894918e-01
7.943562936930824714e-01 7.326440728575694949e-01
7.929922501522698175e-01 7.176395939086295250e-01
7.879907571692899015e-01 6.926321289937295012e-01
7.767312866513984559e-01 6.476186921469095914e-01
7.618723004418825884e-01 6.176097342490296516e-01
7.581133002009978750e-01 6.126082412660496246e-01
7.461979786827220851e-01 6.019354124898690372e-01
7.361949927167621421e-01 5.971528080317589637e-01
7.261920067508020882e-01 5.953269632726186922e-01
6.561711049890821545e-01 5.953269632726186922e-01
6.461681190231222116e-01 5.970794122463133347e-01
6.311636400741822417e-01 6.032102746125468373e-01
6.211606541082221877e-01 6.049567034935802168e-01
5.861502032273622209e-01 6.047212715621196333e-01
5.811487102443823050e-01 6.034388374639196861e-01
5.761472172614022780e-01 5.992934558924406518e-01
5.668900679683427368e-01 5.775977903851896578e-01
5.531114947724847797e-01 5.575918184532696609e-01
5.440703343801747138e-01 5.475888324873097179e-01
5.261322874316023412e-01 5.234149497362396986e-01
5.061263154996823443e-01 5.095872926656479507e-01
4.948248650092948453e-01 4.975739026575097257e-01
4.930563762894420998e-01 4.925724096745297542e-01
4.942610715081446893e-01 4.875709166915497272e-01
5.002374608584316817e-01 4.825694237085697558e-01
5.261322874316023412e-01 4.732633670926971181e-01
5.965699802752373326e-01 4.375559868617497905e-01
6.011546821763023019e-01 4.329712849606848213e-01
6.140912361418946475e-01 4.125485219468498221e-01
6.311636400741822417e-01 3.957038710513416380e-01
6.361651330571622687e-01 3.925872062022779385e-01
6.561711049890821545e-01 3.880654071027460628e-01
7.061860348188820913e-01 3.671460800902425214e-01
7.103372739947555470e-01 3.625335921170498854e-01
7.118024654637038484e-01 3.575320991340699139e-01
7.112299133356162484e-01 3.525306061510898870e-01
7.061860348188820913e-01 3.436589102646134819e-01
7.011845418359021753e-01 3.395721925133690089e-01
6.911815558699421214e-01 3.360256793072558534e-01
6.811785699039821784e-01 3.370824463730145437e-01
6.661740909550422085e-01 3.429027321588533628e-01
6.611725979720621815e-01 3.435695978899174774e-01
6.561711049890821545e-01 3.423248569560901622e-01
6.524720841370865720e-01 3.375261272021499170e-01
6.509612164651447097e-01 3.275231412361899186e-01
6.471597943559543875e-01 3.175201552702299201e-01
6.411666260401421846e-01 3.096986715628037290e-01
6.361651330571622687e-01 3.075643532003358160e-01
6.311636400741822417e-01 3.081991910746762486e-01
6.261621470912022147e-01 3.110966691842458332e-01
6.054863323490616844e-01 3.375261272021499170e-01
5.869986707869749853e-01 3.725365780830098839e-01
5.804028735714817921e-01 3.825395640489698268e-01
5.717709109012947266e-01 4.025455359808898237e-01
5.661442312954423350e-01 4.107545081594765612e-01
5.611427383124623081e-01 4.136738578680203005e-01
5.561412453294822811e-01 4.147082575531366722e-01
5.261322874316023412e-01 4.145729357732940712e-01
5.200590459522694831e-01 4.125485219468498221e-01
5.161814003508816695e-01 4.075470289638698507e-01
5.160021448643801190e-01 4.025455359808898237e-01
5.218055990574370639e-01 3.825395640489698268e-01
5.234075934931131657e-01 3.725365780830098839e-01
5.237808392381118061e-01 3.075171693042699772e-01
5.253780940452800197e-01 2.975141833383099232e-01
5.353563523592292928e-01 2.675052254404299834e-01
5.503805971615856052e-01 2.374962675425499881e-01
5.618125811226828414e-01 2.224917885936100181e-01
5.764077116875991891e-01 1.924828306957300783e-01
5.811487102443823050e-01 1.879314720812182982e-01
5.911516962103422479e-01 1.852045386682592554e-01
6.411666260401421846e-01 1.856731056342880715e-01
6.661740909550422085e-01 1.918778113832728116e-01
6.861800628869620944e-01 2.019764053393495185e-01
7.230306857143902199e-01 2.374962675425499881e-01
7.262351230696209026e-01 2.424977605255300150e-01
7.404995563496546973e-01 2.925126903553299518e-01
7.654447954297254331e-01 3.425276201851298885e-01
7.720539111572346513e-01 3.525306061510898870e-01
7.904655788566414820e-01 3.925425500149298252e-01
8.193080378751060877e-01 4.375559868617497905e-01
8.362248523763620156e-01 4.531515513450419808e-01
8.462278383423219585e-01 4.580129130790204783e-01
8.562308243082819015e-01 4.593984444983577609e-01
8.612323172912619285e-01 4.587063682050295244e-01
8.662338102742419554e-01 4.556674538758743176e-01
8.684153125327757072e-01 4.525604658106897604e-01
8.678103678449640146e-01 4.475589728277097890e-01
8.626910860779645196e-01 4.425574798447297620e-01
8.512293313253019855e-01 4.346629664108103142e-01
8.342903126376620682e-01 4.175500149298297936e-01
8.310000784566419219e-01 4.125485219468498221e-01
8.156138611319847520e-01 3.775380710659898553e-01
8.094091553829998453e-01 3.475291131681098600e-01
8.079471805110520766e-01 3.175201552702299201e-01
8.044076624000198183e-01 3.025156763212899502e-01
8.029456875280720496e-01 2.825097043893699533e-01
7.968985970666402352e-01 2.575022394744699850e-01
7.813377785200383840e-01 2.124888026276500197e-01
7.779863138918545751e-01 2.074873096446700482e-01
7.662039506146420820e-01 1.955719881263942028e-01
7.562009646486820280e-01 1.890496024616506454e-01
7.411964856997420581e-01 1.827816589615016696e-01
7.161890207848421452e-01 1.682345209657467588e-01
7.011845418359021753e-01 1.568025370046495226e-01
6.911815558699421214e-01 1.517739574818027237e-01
6.761770769210021514e-01 1.467837052947919552e-01
6.511696120061021276e-01 1.407366148333601408e-01
6.211606541082221877e-01 1.401911018214392901e-01
5.961531891933222749e-01 1.448193490594206767e-01
5.611427383124623081e-01 1.446276364722169361e-01
5.561412453294822811e-01 1.435932367871005644e-01
5.511397523465022541e-01 1.406738870785568807e-01
5.456873050781715362e-01 1.324649148999701431e-01
5.415877206658930021e-01 1.124589429680501462e-01
5.368051162077829286e-01 1.024559570020901478e-01
5.050965963561275807e-01 6.744550612123018096e-02
5.037818656639104775e-01 6.244401313825020949e-02
5.061263154996823443e-01 5.794266945356818521e-02
5.111278084826623713e-01 5.578948433886155023e-02
6.611725979720621815e-01 5.401842111307614269e-02
6.711755839380221245e-01 4.888996715437438079e-02
6.762209496664668418e-01 4.243804120633021260e-02
6.817739857352893562e-01 2.743356225739024268e-02
6.825461656415157119e-01 1.743057629143024423e-02
6.809512293138467731e-01 1.242908330845027276e-02
6.775550392734558391e-01 7.427590325470245780e-03
6.711755839380221245e-01 2.562501696571573007e-03
