4.615572507254003809e-01 0.000000000000000000e+00
4.487323667350360257e-01 4.274961330121451741e-03
4.401824440747931222e-01 4.940460241079691617e-03
4.123951954290036026e-01 1.034645207688250634e-02
3.952953501085177956e-01 1.730585053000838203e-02
3.867454274482748922e-01 1.850010321005868263e-02
3.653706207976675779e-01 2.674660696103664526e-02
3.504082561422424691e-01 3.847834046231823901e-02
3.375833721518781139e-01 4.260162905727798988e-02
3.247584881615137586e-01 4.954110096918884487e-02
3.140710848362101015e-01 5.767884859908867234e-02
3.119336041711493479e-01 5.818407130173941511e-02
3.055211621759671425e-01 5.503614523137723147e-02
3.012462008458457463e-01 5.586473979450540250e-02
2.884213168554813356e-01 6.536667897011932959e-02
2.805475360382678751e-01 7.262178161210414151e-02
2.737210960552052263e-01 8.544666560246855225e-02
2.647977024218414188e-01 9.399658826271145573e-02
2.603069028017744313e-01 1.004090302578936611e-01
2.499466648843882144e-01 1.104338145770285551e-01
2.413967422241453109e-01 1.139536781456765291e-01
2.370296481067367123e-01 1.196463562434402217e-01
2.194684807584776354e-01 1.559835275494725892e-01
2.109466998684920158e-01 1.709458922048976981e-01
2.004570923893128076e-01 1.944581795205657104e-01
1.988048119228122967e-01 2.072830635109300657e-01
1.927322039790989039e-01 2.179704668362337228e-01
1.908729048911372850e-01 2.243829088314159281e-01
1.913016596533173019e-01 2.457577154820231868e-01
1.888883032635961245e-01 2.543076381422660903e-01
1.906230943628218211e-01 2.778199254579341027e-01
1.930074683989628226e-01 2.863698481181770616e-01
1.935463227903994610e-01 2.991947321085414169e-01
1.977442276075171423e-01 3.184320580940879775e-01
2.072164832255832811e-01 3.440818260748167434e-01
2.147588935586243752e-01 3.590441907302418523e-01
2.203647390764251202e-01 3.654566327254240576e-01
2.237524442814270431e-01 3.740065553856669611e-01
2.315764301120266655e-01 3.846939587109705627e-01
2.394882773446267987e-01 4.017938040314564252e-01
2.392592615590846128e-01 4.064504583374816127e-01
2.307093388988416538e-01 3.993174544804714010e-01
2.216818939623618201e-01 3.846939587109705627e-01
2.114720129132950932e-01 3.754622534248031052e-01
2.071970515831736415e-01 3.743806145020526222e-01
2.029220902530521897e-01 3.756193817056673323e-01
1.937225411161731525e-01 3.825564780459098646e-01
1.915834232876128529e-01 3.868314393760313163e-01
1.915834232876128529e-01 3.911064007061527681e-01
1.936260658512314881e-01 3.953813620362742198e-01
1.994075787749234885e-01 4.017938040314564252e-01
2.014258537875097121e-01 4.060687653615778769e-01
2.006064861992363779e-01 4.082062460266385751e-01
1.930934961235318825e-01 4.146186880218207804e-01
1.904195247756731435e-01 4.231686106820636839e-01
1.914832288814381500e-01 4.338560140073673410e-01
2.085193913166434321e-01 4.766056273085819139e-01
2.139339326078740222e-01 4.872930306338855710e-01
2.159918939029548124e-01 4.937054726290677764e-01
2.157469742434165449e-01 4.961830070362973077e-01
2.136094935783558468e-01 4.966585709163227613e-01
2.050595709181129433e-01 4.930605431180580256e-01
1.986471289229307380e-01 4.889058569538859422e-01
1.943721675928092862e-01 4.875558356336881505e-01
1.836847642675056291e-01 4.873455916338460536e-01
1.751348416072627256e-01 4.892064205840608859e-01
1.708598802771412739e-01 4.912817222320792765e-01
1.613480913176210674e-01 5.001179146242499263e-01
1.589482834800301503e-01 5.043928759543714335e-01
1.582412444211248048e-01 5.086678372844928298e-01
1.631305975150913468e-01 5.214927212748572405e-01
1.708598802771412739e-01 5.307624078325184902e-01
1.815472836024449310e-01 5.364016489136558263e-01
2.371217808940238592e-01 5.497380014917311319e-01
2.397763939780508946e-01 5.514174505857074582e-01
2.403280018916149618e-01 5.535549312507681563e-01
2.371217808940238592e-01 5.546236715832985054e-01
2.285718582337809557e-01 5.537611793851161535e-01
1.965096482578699844e-01 5.550077501403016811e-01
1.858222449325663828e-01 5.596111264684402453e-01
1.782285636224821834e-01 5.706547765712539633e-01
1.763910802437457792e-01 5.770672185664361686e-01
1.724191899426363306e-01 5.834796605616183740e-01
1.659146919588227465e-01 5.984420252170434829e-01
1.584803047586645364e-01 6.240917931977721933e-01
1.566909743534432575e-01 6.476040805134402056e-01
1.532625179053050957e-01 6.732538484941690271e-01
1.533921079569318113e-01 6.818037711544119306e-01
1.475716836763586448e-01 7.074535391351406410e-01
1.470592027130126489e-01 7.202784231255050518e-01
1.397306975756615888e-01 7.737154397520231708e-01
1.391602786283388515e-01 7.844028430773268834e-01
1.342343187226482937e-01 8.100526110580557049e-01
1.332702788939248428e-01 8.357023790387843043e-01
1.340050378725394786e-01 8.442523016990273188e-01
1.318426370603019704e-01 8.613521470195131258e-01
1.314121960629981434e-01 8.827269536701204400e-01
1.323677079727280104e-01 8.891393956653026454e-01
1.315480483788993293e-01 9.062392409857884523e-01
1.328695012692259758e-01 9.233390863062742593e-01
1.380187578554878947e-01 9.532638156171244770e-01
1.470288458447536750e-01 9.746386222677316802e-01
1.516225542915947133e-01 9.806096280386078501e-01
1.665849189470198222e-01 9.874100692414695679e-01
1.858222449325663828e-01 9.905740191662069094e-01
2.478091842193275163e-01 9.916859065882570601e-01
3.033836815109064444e-01 9.828955032238937406e-01
3.290334494916352104e-01 9.774831157681587168e-01
3.354458914868173602e-01 9.772937740313618615e-01
3.568206981374246745e-01 9.732800540484134455e-01
3.653706207976675779e-01 9.691862351475344362e-01
3.803329854530926868e-01 9.668988737305360681e-01
4.123951954290036026e-01 9.695908794663961050e-01
4.423199247398538203e-01 9.760823592081675493e-01
4.572822893952789292e-01 9.803769357454716893e-01
4.658322120555218326e-01 9.803223776725522587e-01
5.363690740025258696e-01 9.960651421602356725e-01
5.684312839784368965e-01 1.000000000000000000e+00
5.833936486338618943e-01 9.989565753725380137e-01
5.919435712941047978e-01 9.960312412572145391e-01
6.197308199398943174e-01 9.909750816364102377e-01
6.282807426001372209e-01 9.875556390453832378e-01
6.496555492507445351e-01 9.820180198018699791e-01
6.646179139061696439e-01 9.768682357200796362e-01
6.774427978965340547e-01 9.758349733862359265e-01
6.859927205567769581e-01 9.765132979329900209e-01
6.966801238820805597e-01 9.724477045860444591e-01
7.095050078724449705e-01 9.695054300645177259e-01
7.244673725278700793e-01 9.679717182886138360e-01
7.458421791784772825e-01 9.708479339007880515e-01
7.522546211736595989e-01 9.698383478928072066e-01
7.584845953071901459e-01 9.660886996074888877e-01
7.630533516169351049e-01 9.618137382773673805e-01
7.667107404084123612e-01 9.554012962821851751e-01
7.706405777417666414e-01 9.233390863062742593e-01
7.842624884207977098e-01 8.827269536701204400e-01
7.966888590668286252e-01 8.549397050243309204e-01
8.057097520431020232e-01 8.314274177086629081e-01
8.134881861276533899e-01 8.015026883978126904e-01
8.170531696429236268e-01 7.779904010821446780e-01
8.180584902194576458e-01 7.544781137664766657e-01
8.153741061859378636e-01 7.245533844556264480e-01
8.153103007929509705e-01 7.074535391351406410e-01
8.140519452401331346e-01 7.010410971399584357e-01
8.141881234437942094e-01 6.711163678291082180e-01
8.158192247608226921e-01 6.604289645038046164e-01
8.143662468325492121e-01 6.518790418435617129e-01
8.162213581255999273e-01 6.454665998483795075e-01
8.142941214603811595e-01 6.069919478772863863e-01
8.149598941265476792e-01 6.027169865471648791e-01
8.197748773433600755e-01 5.920295832218612775e-01
8.305859169251521568e-01 5.578298925808896636e-01
8.389884271257358472e-01 5.428675279254645547e-01
8.498360478065591916e-01 5.150802792796750351e-01
8.620895907578046691e-01 4.723306659784604622e-01
8.670653654207328698e-01 4.488183786627924499e-01
8.668057724820391607e-01 4.424059366676102445e-01
8.685878039370018566e-01 4.295810526772458893e-01
8.656657827940066330e-01 3.633191520603633040e-01
8.634036157568174552e-01 3.593113758133744673e-01
8.484412511013923464e-01 3.510108258973886342e-01
8.185165217905421287e-01 3.433634924086897966e-01
8.099665991302992252e-01 3.395090190782523720e-01
7.650795051640238986e-01 3.268943790877300026e-01
7.522546211736595989e-01 3.256172815604845283e-01
7.287423338579914756e-01 3.203109725496655624e-01
6.710303559013518493e-01 3.185182468305823855e-01
6.218683006049550155e-01 3.147081659979275026e-01
5.748437259736189908e-01 3.126133607280893179e-01
5.363690740025258696e-01 3.146413697271443488e-01
5.043068640266149538e-01 3.180991717610047731e-01
4.786570960458862434e-01 3.256830501963323687e-01
4.679696927205825863e-01 3.266391772514438130e-01
4.658322120555218326e-01 3.280010122341854295e-01
4.483243022444335368e-01 3.504942680699989488e-01
4.457797451383843090e-01 3.654566327254240576e-01
4.459115930704887210e-01 3.718690747206062075e-01
4.429921968845100255e-01 3.889689200410920700e-01
4.423199247398538203e-01 4.068406333795164254e-01
4.401824440747931222e-01 4.069037187463672156e-01
4.336762529276345646e-01 3.975188427013349735e-01
4.276850772831073400e-01 3.804189973808491110e-01
4.264993292113362089e-01 3.526317487350596469e-01
4.268316719842947249e-01 3.312569420844523327e-01
4.229798352607947454e-01 3.098821354338450740e-01
4.209451180892465616e-01 3.074722307624531137e-01
4.081202340988821509e-01 3.025968888337630114e-01
4.038452727687606991e-01 3.024359937727728043e-01
3.940639753775588838e-01 3.098821354338450740e-01
3.834145200785552543e-01 3.227070194242094292e-01
3.812810615545308979e-01 3.333944227495130863e-01
3.838445608314068336e-01 3.526317487350596469e-01
3.824704661181534404e-01 3.546356368585540930e-01
3.696455821277890852e-01 3.461938605414838777e-01
3.589581788024853726e-01 3.320852158421633837e-01
3.311709301566959640e-01 3.141389825210423314e-01
3.183460461663315533e-01 3.097945337672441957e-01
3.119336041711493479e-01 3.115248289079195487e-01
3.068952568892205912e-01 3.162945774290272238e-01
3.033836815109064444e-01 3.237757597567397783e-01
2.905587975205420892e-01 3.091216855818523235e-01
2.862838361904206375e-01 3.068455557588778415e-01
2.820088748602991302e-01 3.062687752619566717e-01
2.777339135301777340e-01 3.075728929296276393e-01
2.731620798854644816e-01 3.120196160989058276e-01
2.696659718042131448e-01 3.184320580940879775e-01
2.713214715349955286e-01 3.315241271675849477e-01
2.670465102048740214e-01 3.279362131940901648e-01
2.635603810249536050e-01 3.184320580940879775e-01
2.579719331995707909e-01 3.120196160989058276e-01
2.486243251509184238e-01 2.820948867880556099e-01
2.430889144173183913e-01 2.735449641278127064e-01
2.417587349174217248e-01 2.692700027976911992e-01
2.427407641574789721e-01 2.500326768121446941e-01
2.451206343203057858e-01 2.372077928217802834e-01
2.436893626148959324e-01 2.265203894964766262e-01
2.442754460230577296e-01 2.179704668362337228e-01
2.477154350673511640e-01 2.094205441759908193e-01
2.521394252218212007e-01 2.030081021808086139e-01
2.548957547319519179e-01 1.944581795205657104e-01
2.547107107734642439e-01 1.859082568603228069e-01
2.626425629725506194e-01 1.688084115398369445e-01
2.744322692886106418e-01 1.517085662193511375e-01
2.790203602267420369e-01 1.431586435591082340e-01
2.841463555253598838e-01 1.368207648429397572e-01
2.991087201807849927e-01 1.300751933592607101e-01
3.055211621759671425e-01 1.284203696185685639e-01
3.140710848362101015e-01 1.242839259006702224e-01
3.179452685416326307e-01 1.196463562434402217e-01
3.175826602145241928e-01 1.132339142482580163e-01
3.183749310401836619e-01 1.110964335831972627e-01
3.382721159217309537e-01 9.827154959283290747e-02
3.390677337248370060e-01 9.613406892777220936e-02
3.375632072399435968e-01 8.758414626752925036e-02
3.418583334819995656e-01 8.250762968801000907e-02
3.525457368073032227e-01 7.569156767362766880e-02
3.610956594675461262e-01 6.748801108619950639e-02
3.717830627928497833e-01 6.408967129073672719e-02
3.931578694434570975e-01 6.267427544009068763e-02
4.081202340988821509e-01 5.546759356284569620e-02
4.230825987543072597e-01 4.943393332595419354e-02
4.283424776457802063e-01 4.483453296631467744e-02
4.282481770282040578e-01 3.628461030607177396e-02
4.316325214145502187e-01 3.517395858795202557e-02
4.572822893952789292e-01 4.260945063465315652e-02
4.786570960458862434e-01 3.829310506893063293e-02
5.064443446916756519e-01 2.908375331148205234e-02
5.107193060217971592e-01 2.851038627427832095e-02
5.235441900121615699e-01 3.061206546417977181e-02
5.299566320073436643e-01 2.930094502970953529e-02
5.344534073687450260e-01 2.559720698076811685e-02
5.345284656520570277e-01 2.132224565064666510e-02
5.278191513422829662e-01 1.255050895912390718e-02
5.214067093471007608e-01 8.479247417358115602e-03
5.085818253567364611e-01 3.998309615275419393e-03
4.786570960458862434e-01 1.370542203271152282e-04
