1.327077747989275913e-01 4.423592493297584527e-02
1.085790884718498828e-01 5.764075067024126975e-02
1.058981233243967979e-01 5.495978552278818485e-02
8.981233243967828850e-02 6.568364611260052444e-02
8.713136729222520360e-02 6.300268096514743954e-02
4.021447721179627344e-02 1.045576407506702554e-01
2.412868632707776406e-02 1.286863270777479640e-01
2.680965147453084896e-02 1.313672922252010489e-01
1.072386058981233958e-02 1.554959785522788129e-01
1.340482573726542448e-02 1.608579088471849827e-01
8.042895442359254687e-03 1.635388739946380676e-01
0.000000000000000000e+00 1.930294906166220015e-01
5.361930294906169792e-03 1.957104557640750864e-01
0.000000000000000000e+00 2.010723860589812562e-01
2.680965147453084896e-03 2.171581769436997100e-01
1.742627345844505182e-02 2.238605898123324223e-01
2.278820375335122161e-02 2.050938337801608835e-01
2.815013404825739141e-02 2.077747989276139684e-01
4.557640750670238772e-02 1.930294906166220015e-01
4.557640750670238772e-02 1.823056300268096619e-01
4.021447721179627344e-02 1.796246648793565770e-01
4.557640750670238772e-02 1.501340482573726431e-01
5.764075067024126975e-02 1.327077747989275913e-01
7.372654155495977912e-02 1.514745308310991856e-01
9.115281501340483095e-02 1.367292225201072187e-01
8.847184986595174605e-02 1.340482573726541338e-01
9.383378016085791584e-02 1.313672922252010489e-01
9.651474530831100074e-02 1.045576407506702554e-01
1.246648793565683921e-01 8.445040214477211871e-02
1.782841823056300345e-01 8.445040214477211871e-02
1.809651474530831194e-01 8.981233243967828850e-02
1.863270777479892892e-01 8.713136729222520360e-02
1.997319034852547137e-01 9.785522788203754319e-02
2.024128686327077986e-01 9.517426273458445829e-02
2.345844504021447618e-01 1.139410187667560526e-01
2.453083109919571014e-01 1.273458445040214215e-01
2.479892761394101863e-01 1.246648793565683921e-01
3.002680965147452863e-01 1.823056300268096619e-01
2.975871313672922014e-01 1.849865951742627468e-01
3.109919571045576259e-01 1.957104557640750864e-01
3.083109919571045410e-01 1.983914209115281713e-01
3.270777479892761352e-01 2.198391420911527949e-01
3.243967828418230503e-01 2.225201072386058798e-01
3.404825737265415597e-01 2.412868632707774741e-01
3.351206434316353899e-01 2.680965147453083230e-01
3.431635388739946446e-01 2.788203753351206071e-01
3.378016085790884748e-01 3.029490616621983712e-01
3.431635388739946446e-01 3.083109919571045410e-01
3.404825737265415597e-01 3.190348525469168806e-01
3.458445040214477295e-01 3.243967828418230503e-01
3.310991957104557626e-01 3.257372654155495928e-01
3.243967828418230503e-01 3.378016085790884748e-01
3.324396782841823050e-01 3.431635388739946446e-01
3.297587131367292201e-01 3.485254691689008144e-01
3.364611260053619324e-01 3.579088471849866115e-01
3.391420911528150173e-01 3.552278820375335266e-01
3.471849865951742720e-01 3.659517426273458662e-01
3.498659517426273569e-01 3.632707774798927813e-01
3.619302949061662389e-01 3.780160857908847483e-01
3.579088471849866115e-01 3.766756032171582058e-01
3.351206434316353899e-01 3.994638069705093719e-01
3.378016085790884748e-01 4.021447721179624568e-01
3.163538873994637957e-01 4.530831099195710698e-01
3.190348525469168806e-01 4.611260053619302690e-01
3.083109919571045410e-01 4.825737265415549482e-01
3.083109919571045410e-01 4.986595174262734576e-01
3.029490616621983712e-01 5.040214477211796273e-01
3.056300268096514561e-01 5.067024128686327122e-01
3.002680965147452863e-01 5.120643431635388820e-01
3.029490616621983712e-01 5.201072386058981367e-01
2.975871313672922014e-01 5.254691689008043065e-01
2.922252010723860316e-01 5.603217158176944102e-01
2.868632707774798618e-01 5.630026809651474951e-01
2.895442359249329467e-01 5.656836461126005799e-01
2.841823056300267769e-01 5.710455764075067497e-01
2.868632707774798618e-01 5.790884718498658934e-01
2.815013404825736920e-01 5.817694369973189783e-01
2.788203753351206071e-01 6.032171581769436575e-01
2.734584450402144373e-01 6.058981233243967424e-01
2.761394101876675222e-01 6.085790884718498273e-01
2.654155495978552382e-01 6.300268096514745064e-01
2.680965147453083230e-01 6.327077747989275913e-01
2.627345844504021533e-01 6.353887399463806762e-01
2.654155495978552382e-01 6.380697050938337611e-01
2.573726541554959835e-01 6.514745308310991856e-01
2.600536193029490684e-01 6.541554959785522705e-01
2.546916890080428986e-01 6.595174262734584403e-01
2.573726541554959835e-01 6.675603217158176950e-01
2.439678284182305590e-01 6.890080428954423741e-01
2.466487935656836439e-01 6.970509383378016288e-01
2.359249329758713043e-01 7.184986595174263080e-01
2.386058981233243892e-01 7.211796246648793929e-01
2.332439678284182194e-01 7.238605898123324778e-01
2.359249329758713043e-01 7.265415549597855627e-01
2.252010723860589647e-01 7.479892761394102418e-01
2.278820375335120496e-01 7.506702412868633267e-01
2.225201072386058798e-01 7.533512064343164116e-01
2.252010723860589647e-01 7.560321715817694965e-01
2.171581769436997100e-01 7.694369973190349210e-01
2.198391420911527949e-01 7.721179624664880059e-01
2.117962466487935402e-01 7.828418230563003455e-01
2.117962466487935402e-01 8.069705093833779985e-01
2.064343163538874260e-01 8.123324396782841683e-01
2.064343163538874260e-01 8.284182305630026777e-01
2.117962466487935402e-01 8.310991957104557626e-01
2.091152815013404553e-01 8.418230563002681022e-01
2.319034852546916770e-01 8.699731903485254936e-01
2.345844504021447618e-01 8.672922252010724087e-01
2.533512064343163561e-01 8.780160857908847483e-01
3.203753351206434230e-01 8.887399463806970878e-01
3.257372654155495928e-01 8.833780160857909181e-01
3.284182305630026777e-01 8.887399463806970878e-01
4.249329758713136784e-01 8.887399463806970878e-01
4.302949061662198482e-01 8.833780160857909181e-01
4.919571045576407453e-01 8.860589812332440030e-01
5.134048257372654245e-01 8.806970509383378332e-01
5.214477211796246792e-01 8.860589812332440030e-01
5.268096514745308490e-01 8.806970509383378332e-01
5.482573726541555281e-01 8.806970509383378332e-01
5.589812332439678677e-01 8.860589812332440030e-01
5.697050938337802073e-01 8.833780160857909181e-01
5.750670241286863771e-01 8.887399463806970878e-01
6.206434316353887093e-01 8.887399463806970878e-01
6.233243967828417942e-01 8.941018766756032576e-01
6.286863270777479640e-01 8.887399463806970878e-01
6.313672922252010489e-01 8.941018766756032576e-01
6.501340482573726431e-01 8.941018766756032576e-01
6.554959785522788129e-01 8.994638069705094274e-01
6.689008042895442374e-01 8.967828418230563425e-01
7.198391420911528504e-01 9.101876675603217670e-01
7.412868632707774186e-01 9.101876675603217670e-01
7.573726541554959280e-01 9.182305630026810217e-01
7.707774798927613524e-01 9.155495978552279368e-01
7.761394101876675222e-01 9.209115281501341066e-01
7.815013404825736920e-01 9.182305630026810217e-01
7.922252010723860316e-01 9.235924932975871915e-01
8.217158176943699655e-01 9.235924932975871915e-01
8.780160857908847483e-01 9.396782841823057009e-01
9.021447721179625123e-01 9.396782841823057009e-01
9.048257372654155972e-01 9.450402144772118707e-01
9.101876675603217670e-01 9.423592493297587858e-01
9.611260053619302690e-01 9.557640750670242102e-01
9.678284182305629813e-01 9.490616621983913870e-01
9.624664879356568115e-01 9.356568364611259625e-01
9.651474530831098964e-01 9.195710455764074531e-01
9.597855227882037266e-01 8.981233243967827740e-01
9.597855227882037266e-01 7.989276139410187438e-01
9.651474530831098964e-01 7.855227882037534304e-01
9.597855227882037266e-01 7.828418230563003455e-01
9.651474530831098964e-01 7.747989276139410908e-01
9.651474530831098964e-01 6.970509383378016288e-01
9.597855227882037266e-01 6.943699731903485439e-01
9.624664879356568115e-01 6.621983914209115252e-01
9.571045576407506417e-01 6.595174262734584403e-01
9.624664879356568115e-01 6.461126005361930158e-01
9.571045576407506417e-01 6.434316353887399309e-01
9.571045576407506417e-01 6.300268096514745064e-01
9.624664879356568115e-01 6.246648793565683366e-01
9.624664879356568115e-01 5.630026809651474951e-01
9.678284182305629813e-01 5.576407506702413253e-01
9.651474530831098964e-01 5.254691689008043065e-01
9.705093833780160661e-01 5.201072386058981367e-01
9.678284182305629813e-01 5.040214477211796273e-01
9.731903485254691510e-01 4.986595174262734576e-01
9.678284182305629813e-01 4.959785522788203727e-01
9.731903485254691510e-01 4.906166219839142029e-01
9.758713136729222359e-01 4.530831099195710698e-01
9.812332439678284057e-01 4.477211796246649000e-01
9.812332439678284057e-01 4.075067024128686266e-01
9.865951742627345755e-01 4.048257372654155417e-01
9.839142091152814906e-01 3.941018766756032021e-01
9.892761394101876604e-01 3.806970509383378332e-01
9.865951742627345755e-01 3.646112600536193238e-01
9.919571045576407453e-01 3.565683646112600691e-01
9.892761394101876604e-01 3.485254691689008144e-01
9.946380697050938302e-01 3.378016085790884748e-01
9.946380697050938302e-01 2.975871313672922014e-01
1.000000000000000000e+00 2.949061662198391165e-01
9.973190348525469151e-01 2.493297587131367288e-01
9.919571045576407453e-01 2.439678284182305590e-01
9.946380697050938302e-01 2.412868632707774741e-01
9.892761394101876604e-01 2.359249329758713043e-01
9.919571045576407453e-01 2.332439678284182194e-01
9.638069705093833539e-01 2.050938337801608835e-01
9.611260053619302690e-01 2.077747989276139684e-01
9.584450402144771841e-01 2.024128686327077986e-01
9.316353887399464462e-01 1.943699731903485439e-01
8.780160857908847483e-01 1.943699731903485439e-01
8.726541554959785785e-01 1.997319034852547137e-01
8.565683646112600691e-01 1.970509383378016288e-01
8.378016085790884748e-01 2.077747989276139684e-01
8.270777479892761352e-01 2.050938337801608835e-01
8.029490616621983712e-01 2.131367292225200827e-01
7.868632707774798618e-01 2.104557640750669978e-01
7.815013404825736920e-01 2.158176943699731676e-01
7.707774798927613524e-01 2.131367292225200827e-01
7.654155495978551826e-01 2.184986595174262525e-01
7.573726541554959280e-01 2.158176943699731676e-01
7.466487935656835884e-01 2.211796246648793374e-01
7.412868632707774186e-01 2.184986595174262525e-01
6.689008042895442374e-01 2.345844504021447618e-01
6.581769436997318978e-01 2.319034852546916770e-01
6.474530831099195582e-01 2.372654155495978467e-01
6.420911528150133885e-01 2.345844504021447618e-01
6.313672922252010489e-01 2.399463806970509316e-01
6.018766756032171150e-01 2.399463806970509316e-01
5.965147453083109452e-01 2.453083109919571014e-01
5.804289544235925469e-01 2.426273458445040165e-01
5.616621983914209526e-01 2.479892761394101863e-01
5.348525469168901036e-01 2.453083109919571014e-01
5.321715817694370187e-01 2.506702412868632712e-01
5.214477211796246792e-01 2.479892761394101863e-01
5.026809651474530849e-01 2.560321715817694410e-01
4.932975871313672878e-01 2.466487935656836439e-01
4.959785522788203727e-01 2.439678284182305590e-01
4.597855227882037266e-01 2.050938337801608835e-01
4.477211796246649000e-01 2.171581769436997100e-01
4.504021447721179849e-01 2.198391420911527949e-01
4.436997319034852727e-01 2.292225201072385921e-01
4.222520107238605935e-01 2.184986595174262525e-01
4.115281501340482539e-01 2.265415549597855072e-01
4.008042895442359144e-01 2.158176943699731676e-01
3.981233243967828295e-01 2.184986595174262525e-01
3.900804289544235748e-01 2.077747989276139684e-01
3.873994638069704899e-01 2.104557640750669978e-01
3.713136729222520360e-01 1.836461126005362043e-01
3.686327077747989511e-01 1.863270777479892892e-01
3.646112600536193238e-01 1.796246648793565770e-01
3.726541554959785785e-01 1.742627345844504072e-01
3.538873994638069842e-01 1.581769436997318978e-01
3.525469168900804418e-01 1.514745308310991856e-01
3.471849865951742720e-01 1.568364611260053554e-01
3.418230563002681022e-01 1.487935656836461007e-01
3.378016085790884748e-01 1.501340482573726431e-01
3.391420911528150173e-01 1.434316353887399309e-01
3.190348525469168806e-01 1.286863270777479640e-01
3.190348525469168806e-01 1.233243967828418497e-01
2.868632707774798618e-01 9.919571045576408563e-02
2.868632707774798618e-01 9.383378016085791584e-02
2.788203753351206071e-01 9.115281501340483095e-02
2.841823056300267769e-01 8.579088471849866115e-02
2.774798927613940647e-01 7.908847184986594891e-02
2.747989276139409798e-01 8.176943699731903381e-02
2.721179624664878949e-01 7.640750670241286402e-02
2.506702412868632712e-01 7.104557640750669423e-02
2.426273458445040165e-01 6.300268096514743954e-02
2.399463806970509316e-01 6.568364611260052444e-02
2.345844504021447618e-01 6.032171581769435464e-02
2.292225201072385921e-01 6.300268096514743954e-02
2.158176943699731676e-01 5.227882037533509996e-02
2.050938337801608835e-01 5.495978552278818485e-02
2.024128686327077986e-01 4.959785522788201506e-02
1.970509383378016288e-01 5.227882037533509996e-02
1.916890080428954590e-01 4.691689008042893017e-02
1.863270777479892892e-01 4.959785522788201506e-02
1.809651474530831194e-01 4.423592493297584527e-02
