3.979933110367893101e-01 0.000000000000000000e+00
3.678929765886287395e-01 0.000000000000000000e+00
3.645484949832775712e-01 3.344481605351168341e-03
3.478260869565217295e-01 3.344481605351168341e-03
3.444816053511705611e-01 6.688963210702336681e-03
3.377926421404682245e-01 6.688963210702336681e-03
3.344481605351170561e-01 1.003344481605350502e-02
3.244147157190635511e-01 1.003344481605350502e-02
2.775919732441471943e-01 3.678929765886285175e-02
2.658862876254180496e-01 4.849498327759199645e-02
2.591973244147157129e-01 6.187290969899666981e-02
2.591973244147157129e-01 7.190635451505017484e-02
2.642140468227424654e-01 7.692307692307692735e-02
2.775919732441471943e-01 7.692307692307692735e-02
2.842809364548495310e-01 7.023411371237459067e-02
2.909698996655518677e-01 7.357859531772575901e-02
3.076923076923077094e-01 7.357859531772575901e-02
3.160535117056856302e-01 6.521739130434783815e-02
3.193979933110367986e-01 5.518394648829433313e-02
3.411371237458193928e-01 3.678929765886285175e-02
3.428093645484949770e-01 5.183946488294316479e-02
3.478260869565217295e-01 5.685618729096991730e-02
3.678929765886287395e-01 5.685618729096991730e-02
3.779264214046822445e-01 4.682274247491641228e-02
3.979933110367893101e-01 3.678929765886285175e-02
4.080267558528428151e-01 3.678929765886285175e-02
4.214046822742474885e-01 4.347826086956524394e-02
4.314381270903009935e-01 5.351170568561874896e-02
4.347826086956521618e-01 5.351170568561874896e-02
4.481605351170568352e-01 7.023411371237459067e-02
4.531772575250836432e-01 7.190635451505017484e-02
4.531772575250836432e-01 7.859531772575251152e-02
4.632107023411371483e-01 9.197324414715718488e-02
4.632107023411371483e-01 1.020066889632106899e-01
4.698996655518394849e-01 1.120401337792641949e-01
4.698996655518394849e-01 1.220735785953176999e-01
4.732441471571906533e-01 1.254180602006689238e-01
4.732441471571906533e-01 1.421404682274247655e-01
4.765886287625418216e-01 1.454849498327759338e-01
4.765886287625418216e-01 1.889632107023411223e-01
4.799331103678929900e-01 1.956521739130434590e-01
4.765886287625418216e-01 1.989966555183946273e-01
4.765886287625418216e-01 2.290969899665551979e-01
4.732441471571906533e-01 2.324414715719063662e-01
4.732441471571906533e-01 2.391304347826087029e-01
4.598662207357859799e-01 2.525083612040133763e-01
4.598662207357859799e-01 2.591973244147157129e-01
4.431438127090300827e-01 2.725752508361204418e-01
4.347826086956521618e-01 2.909698996655518677e-01
4.280936454849498252e-01 2.876254180602006993e-01
4.180602006688963201e-01 2.876254180602006993e-01
4.130434782608695676e-01 2.926421404682274519e-01
4.130434782608695676e-01 3.160535117056856302e-01
4.163879598662207360e-01 3.193979933110367986e-01
4.163879598662207360e-01 3.294314381270903036e-01
4.197324414715719043e-01 3.327759197324414719e-01
4.197324414715719043e-01 3.494983277591973136e-01
4.147157190635451518e-01 3.511705685618728978e-01
4.113712374581939835e-01 3.478260869565217295e-01
3.913043478260869734e-01 3.478260869565217295e-01
3.879598662207358051e-01 3.511705685618728978e-01
3.812709030100334129e-01 3.511705685618728978e-01
3.779264214046822445e-01 3.545150501672240662e-01
3.712374581939799079e-01 3.545150501672240662e-01
3.678929765886287395e-01 3.578595317725752345e-01
3.612040133779264028e-01 3.578595317725752345e-01
3.026755852842809569e-01 3.996655518394648943e-01
3.010033444816053727e-01 4.046822742474916468e-01
2.976588628762542044e-01 4.046822742474916468e-01
2.842809364548495310e-01 4.180602006688963201e-01
2.525083612040133763e-01 4.397993311036789144e-01
2.508361204013377921e-01 4.448160535117056669e-01
2.458193979933110396e-01 4.464882943143812510e-01
2.458193979933110396e-01 4.498327759197324194e-01
2.341137123745819504e-01 4.615384615384615641e-01
2.307692307692307820e-01 4.615384615384615641e-01
2.006688963210702115e-01 4.916387959866220791e-01
1.973244147157190431e-01 4.916387959866220791e-01
1.806020066889632014e-01 5.083612040133779209e-01
1.755852842809364489e-01 5.100334448160535050e-01
1.755852842809364489e-01 5.133779264214046734e-01
1.655518394648829439e-01 5.200668896321070100e-01
1.605351170568561914e-01 5.284280936454849309e-01
1.571906354515050230e-01 5.284280936454849309e-01
1.454849498327759338e-01 5.401337792642140201e-01
1.387959866220735972e-01 5.535117056856186935e-01
1.387959866220735972e-01 5.602006688963210301e-01
1.321070234113712605e-01 5.702341137123745352e-01
1.321070234113712605e-01 5.802675585284280402e-01
1.254180602006689238e-01 5.869565217391303769e-01
1.254180602006689238e-01 6.036789297658863296e-01
1.220735785953176999e-01 6.070234113712374979e-01
1.220735785953176999e-01 6.304347826086956763e-01
1.321070234113712605e-01 6.404682274247491813e-01
1.321070234113712605e-01 6.438127090301003497e-01
1.505016722408026864e-01 6.622073578595317755e-01
1.555183946488294389e-01 6.638795986622073597e-01
1.571906354515050230e-01 6.688963210702341122e-01
1.605351170568561914e-01 6.688963210702341122e-01
1.705685618729096964e-01 6.789297658862876172e-01
2.240802675585284454e-01 7.157190635451504690e-01
2.341137123745819504e-01 7.190635451505016373e-01
2.508361204013377921e-01 7.324414715719063107e-01
2.759197324414716102e-01 7.441471571906355109e-01
2.775919732441471943e-01 7.491638795986621524e-01
2.943143812709030360e-01 7.558528428093644891e-01
3.143812709030100461e-01 7.725752508361203308e-01
3.294314381270903036e-01 7.809364548494983627e-01
3.311036789297658878e-01 7.859531772575250042e-01
3.344481605351170561e-01 7.859531772575250042e-01
3.478260869565217295e-01 8.026755852842809569e-01
3.695652173913043237e-01 8.177257525083612144e-01
3.712374581939799079e-01 8.227424749163879669e-01
3.762541806020066604e-01 8.244147157190635511e-01
3.762541806020066604e-01 8.277591973244147194e-01
3.862876254180602209e-01 8.377926421404682245e-01
3.862876254180602209e-01 8.411371237458193928e-01
3.996655518394648943e-01 8.545150501672240662e-01
3.996655518394648943e-01 8.578595317725752345e-01
4.096989966555183993e-01 8.678929765886287395e-01
4.096989966555183993e-01 8.712374581939799079e-01
4.230769230769230727e-01 8.846153846153845812e-01
4.230769230769230727e-01 8.879598662207357496e-01
4.531772575250836432e-01 9.180602006688962646e-01
4.933110367892976633e-01 9.816053511705685741e-01
4.933110367892976633e-01 9.882943143812709108e-01
4.983277591973244158e-01 9.966555183946488317e-01
5.050167224080267525e-01 1.000000000000000000e+00
5.217391304347825942e-01 1.000000000000000000e+00
5.367892976588628517e-01 9.749163879598662374e-01
5.367892976588628517e-01 9.648829431438127324e-01
5.434782608695651884e-01 9.581939799331102847e-01
5.434782608695651884e-01 9.515050167224079480e-01
5.702341137123745352e-01 9.080267558528427596e-01
5.903010033444815452e-01 8.879598662207357496e-01
5.969899665551839929e-01 8.745819397993310762e-01
6.170568561872910029e-01 8.511705685618728978e-01
6.170568561872910029e-01 8.478260869565217295e-01
6.371237458193980130e-01 8.277591973244147194e-01
6.387959866220735972e-01 8.227424749163879669e-01
6.438127090301003497e-01 8.210702341137123828e-01
6.488294314381271022e-01 8.093645484949832936e-01
6.538461538461538547e-01 8.076923076923077094e-01
6.555183946488294389e-01 8.026755852842809569e-01
6.605351170568561914e-01 8.010033444816053727e-01
6.655518394648829439e-01 7.892976588628761725e-01
6.839464882943143698e-01 7.775919732441471943e-01
6.856187290969899539e-01 7.725752508361203308e-01
6.906354515050167064e-01 7.709030100334448576e-01
6.923076923076922906e-01 7.658862876254179941e-01
6.956521739130434590e-01 7.658862876254179941e-01
7.023411371237457956e-01 7.558528428093644891e-01
7.240802675585283898e-01 7.408026755852843426e-01
7.257525083612039740e-01 7.357859531772574790e-01
7.290969899665551424e-01 7.357859531772574790e-01
7.424749163879598157e-01 7.224080267558528057e-01
7.458193979933109841e-01 7.224080267558528057e-01
7.692307692307691624e-01 7.023411371237457956e-01
7.725752508361203308e-01 7.023411371237457956e-01
7.859531772575250042e-01 6.889632107023411223e-01
7.892976588628761725e-01 6.889632107023411223e-01
8.076923076923077094e-01 6.739130434782608647e-01
8.093645484949832936e-01 6.688963210702341122e-01
8.143812709030100461e-01 6.672240802675585281e-01
8.160535117056856302e-01 6.622073578595317755e-01
8.210702341137123828e-01 6.605351170568561914e-01
8.227424749163879669e-01 6.555183946488294389e-01
8.277591973244147194e-01 6.538461538461538547e-01
8.294314381270903036e-01 6.488294314381271022e-01
8.327759197324414719e-01 6.488294314381271022e-01
8.394648829431438086e-01 6.387959866220735972e-01
8.428093645484949770e-01 6.387959866220735972e-01
8.494983277591973136e-01 6.287625418060200921e-01
8.545150501672240662e-01 6.270903010033445080e-01
8.561872909698996503e-01 6.220735785953177555e-01
8.612040133779264028e-01 6.204013377926421713e-01
8.612040133779264028e-01 6.170568561872910029e-01
8.779264214046822445e-01 5.969899665551839929e-01
8.779264214046822445e-01 5.836120401337792085e-01
8.745819397993310762e-01 5.802675585284280402e-01
8.745819397993310762e-01 5.568561872909698618e-01
8.712374581939799079e-01 5.535117056856186935e-01
8.712374581939799079e-01 5.434782608695651884e-01
8.678929765886287395e-01 5.401337792642140201e-01
8.678929765886287395e-01 5.334448160535116834e-01
8.595317725752508187e-01 5.183946488294314259e-01
8.561872909698996503e-01 5.183946488294314259e-01
8.461538461538461453e-01 5.050167224080267525e-01
8.411371237458193928e-01 5.033444816053511683e-01
8.411371237458193928e-01 5.000000000000000000e-01
8.260869565217391353e-01 4.849498327759197425e-01
8.227424749163879669e-01 4.849498327759197425e-01
7.993311036789297885e-01 4.615384615384615641e-01
7.943143812709030360e-01 4.598662207357859799e-01
7.926421404682274519e-01 4.548494983277592274e-01
7.826086956521738358e-01 4.515050167224080035e-01
7.725752508361203308e-01 4.414715719063544985e-01
7.692307692307691624e-01 4.414715719063544985e-01
7.591973244147156574e-01 4.314381270903009935e-01
7.491638795986621524e-01 4.280936454849498252e-01
7.424749163879598157e-01 4.214046822742474885e-01
7.357859531772574790e-01 4.214046822742474885e-01
7.056856187290969640e-01 3.979933110367893101e-01
6.939799331103678748e-01 3.929765886287625576e-01
6.923076923076922906e-01 3.879598662207358051e-01
6.588628762541806072e-01 3.745819397993310762e-01
6.521739130434782705e-01 3.645484949832775712e-01
6.454849498327759338e-01 3.645484949832775712e-01
6.354515050167224288e-01 3.578595317725752345e-01
6.287625418060200921e-01 3.578595317725752345e-01
6.120401337792642504e-01 3.478260869565217295e-01
5.953177257525084087e-01 3.478260869565217295e-01
5.919732441471572404e-01 3.444816053511705611e-01
5.819397993311037354e-01 3.444816053511705611e-01
5.785953177257525670e-01 3.478260869565217295e-01
5.735785953177257035e-01 3.461538461538461453e-01
5.769230769230768718e-01 3.394648829431438086e-01
5.769230769230768718e-01 3.260869565217391353e-01
5.802675585284280402e-01 3.227424749163879669e-01
5.802675585284280402e-01 2.792642140468227785e-01
5.752508361204013987e-01 2.742474916387960260e-01
5.618729096989966143e-01 2.742474916387960260e-01
5.551839464882942776e-01 2.809364548494983627e-01
5.451505016722407726e-01 2.675585284280936338e-01
5.367892976588628517e-01 2.658862876254180496e-01
5.367892976588628517e-01 2.558528428093645446e-01
5.301003344481605151e-01 2.491638795986622079e-01
5.301003344481605151e-01 2.424749163879598712e-01
5.267558528428093467e-01 2.391304347826087029e-01
5.267558528428093467e-01 2.324414715719063662e-01
5.301003344481605151e-01 2.290969899665551979e-01
5.301003344481605151e-01 2.157190635451505245e-01
5.367892976588628517e-01 2.123745819397993562e-01
5.367892976588628517e-01 1.923076923076922906e-01
5.301003344481605151e-01 1.889632107023411223e-01
5.301003344481605151e-01 1.822742474916387856e-01
5.267558528428093467e-01 1.789297658862876172e-01
5.267558528428093467e-01 1.488294314381271022e-01
5.234113712374581784e-01 1.454849498327759338e-01
5.234113712374581784e-01 1.287625418060200921e-01
5.200668896321070100e-01 1.254180602006689238e-01
5.200668896321070100e-01 1.153846153846153633e-01
5.234113712374581784e-01 1.120401337792641949e-01
5.234113712374581784e-01 1.020066889632106899e-01
5.100334448160535050e-01 8.862876254180601654e-02
5.000000000000000000e-01 6.521739130434783815e-02
4.899665551839464950e-01 5.518394648829433313e-02
4.816053511705685741e-01 4.013377926421402009e-02
4.765886287625418216e-01 3.846153846153843592e-02
4.749163879598662374e-01 3.344481605351168341e-02
4.715719063545150691e-01 3.344481605351168341e-02
4.615384615384615641e-01 2.341137123745817838e-02
4.314381270903009935e-01 6.688963210702336681e-03
4.214046822742474885e-01 6.688963210702336681e-03
4.180602006688963201e-01 3.344481605351168341e-03
4.013377926421404784e-01 3.344481605351168341e-03
