7.424568965517241992e-01 0.000000000000000000e+00
7.101293103448276245e-01 0.000000000000000000e+00
6.971982758620689502e-01 6.465517241379337143e-03
6.842672413793102759e-01 6.465517241379337143e-03
6.821120689655172376e-01 8.620689655172431021e-03
6.648706896551723755e-01 8.620689655172431021e-03
6.627155172413793371e-01 1.077586206896552490e-02
6.584051724137931494e-01 6.465517241379337143e-03
6.390086206896551380e-01 1.077586206896552490e-02
6.196120689655172376e-01 2.155172413793104980e-02
6.153017241379310498e-01 2.155172413793104980e-02
6.109913793103448620e-01 2.586206896551723755e-02
6.045258620689655249e-01 2.586206896551723755e-02
5.678879310344827624e-01 4.310344827586204408e-02
5.571120689655172376e-01 5.387931034482756898e-02
5.506465517241379004e-01 5.387931034482756898e-02
5.409482758620689502e-01 6.142241379310342531e-02
5.269396551724138122e-01 7.974137931034480653e-02
5.226293103448276245e-01 7.974137931034480653e-02
5.086206896551723755e-01 1.002155172413793371e-01
5.043103448275861878e-01 1.109913793103448065e-01
4.978448275862069061e-01 1.174568965517241437e-01
4.870689655172413812e-01 1.368534482758620441e-01
4.849137931034482873e-01 1.497844827586206629e-01
4.806034482758620441e-01 1.519396551724138122e-01
4.784482758620689502e-01 1.713362068965517127e-01
4.741379310344827624e-01 1.778017241379310498e-01
4.762931034482758563e-01 1.885775862068965747e-01
4.719827586206896686e-01 1.950431034482758563e-01
4.698275862068965747e-01 2.209051724137930939e-01
4.655172413793103314e-01 2.295258620689655249e-01
4.655172413793103314e-01 2.403017241379310498e-01
4.622844827586206629e-01 2.478448275862069061e-01
4.612068965517241437e-01 2.144396551724138122e-01
4.633620689655172376e-01 2.122844827586206629e-01
4.633620689655172376e-01 1.907327586206896686e-01
4.579741379310344751e-01 1.831896551724138122e-01
4.407327586206896686e-01 1.831896551724138122e-01
4.353448275862069061e-01 1.885775862068965747e-01
4.353448275862069061e-01 2.101293103448275690e-01
4.375000000000000000e-01 2.122844827586206629e-01
4.364224137931034253e-01 2.219827586206896686e-01
4.321120689655172376e-01 2.068965517241379559e-01
4.213362068965517127e-01 2.068965517241379559e-01
4.148706896551724310e-01 2.112068965517241437e-01
4.030172413793103314e-01 2.338362068965517127e-01
4.030172413793103314e-01 2.403017241379310498e-01
3.868534482758620996e-01 2.909482758620689502e-01
3.793103448275861878e-01 2.747844827586206629e-01
3.793103448275861878e-01 2.661637931034482873e-01
3.674568965517241437e-01 2.564655172413793371e-01
3.566810344827586188e-01 2.521551724137930939e-01
3.351293103448276245e-01 2.543103448275861878e-01
3.297413793103448620e-01 2.683189655172413812e-01
3.297413793103448620e-01 2.855603448275861878e-01
3.706896551724138122e-01 3.415948275862069061e-01
3.717672413793103314e-01 3.534482758620689502e-01
3.502155172413793371e-01 3.297413793103448620e-01
3.415948275862069061e-01 3.254310344827586188e-01
3.329741379310344751e-01 3.168103448275861878e-01
3.178879310344827624e-01 3.146551724137930939e-01
3.092672413793103314e-01 3.168103448275861878e-01
3.049568965517241437e-01 3.232758620689655249e-01
2.984913793103448620e-01 3.232758620689655249e-01
2.941810344827586188e-01 3.275862068965517127e-01
2.898706896551723755e-01 3.275862068965517127e-01
2.618534482758620996e-01 3.448275862068965747e-01
2.122844827586206629e-01 3.943965517241379004e-01
1.918103448275861878e-01 4.084051724137930939e-01
1.691810344827586188e-01 4.331896551724138122e-01
1.454741379310344751e-01 4.525862068965517127e-01
1.411637931034482873e-01 4.590517241379310498e-01
1.303879310344827624e-01 4.655172413793103314e-01
1.034482758620689502e-01 4.924568965517241437e-01
9.806034482758618775e-02 5.021551724137931494e-01
7.758620689655171265e-02 5.204741379310344751e-01
5.926724137931033143e-02 5.452586206896551380e-01
5.603448275862066286e-02 5.463362068965517127e-01
3.017241379310342531e-02 5.872844827586206629e-01
3.017241379310342531e-02 5.937500000000000000e-01
2.586206896551723755e-02 5.980603448275861878e-01
2.370689655172414367e-02 6.217672413793103869e-01
2.801724137931033143e-02 6.260775862068965747e-01
2.801724137931033143e-02 6.303879310344827624e-01
5.064655172413795592e-02 6.551724137931034253e-01
1.002155172413793371e-01 6.961206896551723755e-01
1.153017241379310498e-01 7.025862068965517127e-01
1.260775862068965747e-01 7.112068965517241992e-01
1.303879310344827624e-01 7.112068965517241992e-01
1.562500000000000000e-01 7.284482758620689502e-01
1.659482758620689502e-01 7.316810344827586743e-01
1.670258620689655249e-01 7.349137931034482873e-01
1.831896551724138122e-01 7.424568965517241992e-01
1.842672413793103314e-01 7.456896551724138122e-01
1.993534482758620441e-01 7.478448275862068506e-01
2.015086206896551935e-01 7.521551724137931494e-01
2.079741379310344751e-01 7.543103448275861878e-01
2.370689655172413812e-01 7.834051724137931494e-01
2.489224137931034253e-01 8.017241379310344751e-01
2.521551724137930939e-01 8.028017241379310498e-01
2.575431034482758563e-01 8.146551724137931494e-01
2.737068965517241437e-01 8.286637931034482873e-01
2.984913793103448620e-01 8.642241379310344751e-01
3.017241379310344751e-01 8.653017241379310498e-01
3.114224137931034253e-01 8.814655172413793371e-01
3.254310344827586188e-01 8.933189655172413257e-01
3.329741379310344751e-01 9.051724137931034253e-01
3.480603448275861878e-01 9.137931034482758008e-01
3.523706896551723755e-01 9.137931034482758008e-01
3.803879310344827624e-01 9.310344827586206629e-01
3.911637931034482873e-01 9.331896551724138122e-01
4.105603448275861878e-01 9.439655172413793371e-01
4.213362068965517127e-01 9.461206896551723755e-01
4.407327586206896686e-01 9.633620689655172376e-01
4.493534482758620996e-01 9.633620689655172376e-01
4.709051724137930939e-01 9.762931034482758008e-01
4.946120689655172376e-01 1.000000000000000000e+00
5.161637931034482873e-01 9.978448275862068506e-01
5.377155172413793371e-01 9.741379310344827624e-01
5.528017241379310498e-01 9.676724137931034253e-01
5.657327586206896131e-01 9.568965517241379004e-01
6.260775862068965747e-01 9.267241379310344751e-01
6.616379310344827624e-01 8.997844827586206629e-01
6.831896551724138122e-01 8.782327586206897241e-01
7.295258620689655249e-01 8.146551724137931494e-01
7.456896551724138122e-01 8.006465517241379004e-01
7.456896551724138122e-01 7.963362068965517127e-01
7.564655172413793371e-01 7.877155172413793371e-01
7.790948275862068506e-01 7.564655172413793371e-01
7.898706896551723755e-01 7.521551724137931494e-01
8.221982758620689502e-01 7.306034482758620996e-01
8.372844827586206629e-01 7.262931034482758008e-01
8.415948275862068506e-01 7.219827586206897241e-01
8.459051724137931494e-01 7.219827586206897241e-01
8.502155172413793371e-01 7.176724137931034253e-01
8.545258620689655249e-01 7.176724137931034253e-01
9.191810344827586743e-01 6.724137931034482873e-01
9.418103448275861878e-01 6.497844827586206629e-01
9.730603448275861878e-01 6.056034482758620996e-01
9.762931034482758008e-01 6.045258620689655249e-01
9.762931034482758008e-01 5.980603448275861878e-01
9.719827586206897241e-01 5.915948275862068506e-01
9.719827586206897241e-01 5.851293103448276245e-01
9.504310344827586743e-01 5.571120689655172376e-01
9.461206896551723755e-01 5.463362068965517127e-01
9.245689655172413257e-01 5.183189655172413257e-01
9.224137931034482873e-01 5.118534482758620996e-01
9.040948275862068506e-01 4.892241379310344751e-01
7.877155172413793371e-01 3.814655172413793371e-01
7.834051724137931494e-01 3.750000000000000000e-01
7.510775862068965747e-01 3.512931034482758563e-01
7.446120689655172376e-01 3.491379310344827624e-01
7.252155172413793371e-01 3.340517241379310498e-01
7.209051724137931494e-01 3.340517241379310498e-01
7.165948275862068506e-01 3.297413793103448620e-01
6.971982758620689502e-01 3.232758620689655249e-01
6.928879310344827624e-01 3.168103448275861878e-01
6.756465517241379004e-01 3.189655172413793371e-01
6.691810344827586743e-01 3.232758620689655249e-01
6.584051724137931494e-01 3.232758620689655249e-01
6.206896551724138122e-01 3.631465517241379004e-01
6.174568965517241992e-01 3.706896551724138122e-01
6.163793103448276245e-01 3.588362068965517127e-01
6.228448275862068506e-01 3.372844827586206629e-01
6.637931034482758008e-01 2.855603448275861878e-01
6.637931034482758008e-01 2.812500000000000000e-01
6.681034482758620996e-01 2.769396551724138122e-01
6.681034482758620996e-01 2.704741379310344751e-01
6.605603448275861878e-01 2.586206896551723755e-01
6.411637931034482873e-01 2.564655172413793371e-01
6.303879310344827624e-01 2.586206896551723755e-01
6.142241379310344751e-01 2.747844827586206629e-01
6.142241379310344751e-01 2.790948275862069061e-01
6.066810344827586743e-01 2.909482758620689502e-01
6.056034482758620996e-01 2.747844827586206629e-01
6.034482758620689502e-01 2.726293103448276245e-01
6.034482758620689502e-01 2.467672413793103314e-01
5.948275862068965747e-01 2.187500000000000000e-01
5.872844827586206629e-01 2.068965517241379559e-01
5.721982758620689502e-01 2.047413793103448065e-01
5.689655172413793371e-01 2.079741379310344751e-01
5.646551724137931494e-01 2.252155172413793371e-01
5.592672413793103869e-01 2.349137931034482873e-01
5.581896551724138122e-01 2.273706896551724310e-01
5.646551724137931494e-01 2.165948275862069061e-01
5.646551724137931494e-01 2.058189655172413812e-01
5.668103448275861878e-01 2.036637931034482873e-01
5.646551724137931494e-01 1.842672413793103314e-01
5.571120689655172376e-01 1.788793103448275690e-01
5.441810344827586743e-01 1.810344827586206629e-01
5.387931034482759118e-01 1.928879310344827624e-01
5.387931034482759118e-01 1.993534482758620441e-01
5.344827586206896131e-01 2.079741379310344751e-01
5.387931034482759118e-01 2.252155172413793371e-01
5.387931034482759118e-01 2.467672413793103314e-01
5.355603448275861878e-01 2.521551724137930939e-01
5.323275862068965747e-01 2.467672413793103314e-01
5.301724137931034253e-01 2.316810344827586188e-01
5.323275862068965747e-01 2.295258620689655249e-01
5.323275862068965747e-01 2.058189655172413812e-01
5.344827586206896131e-01 2.036637931034482873e-01
5.344827586206896131e-01 1.864224137931034253e-01
5.387931034482759118e-01 1.821120689655172376e-01
5.387931034482759118e-01 1.670258620689655249e-01
5.431034482758620996e-01 1.627155172413793371e-01
5.452586206896551380e-01 1.519396551724138122e-01
5.495689655172413257e-01 1.476293103448275690e-01
5.538793103448276245e-01 1.260775862068965747e-01
5.797413793103448620e-01 1.023706896551724310e-01
5.818965517241379004e-01 9.590517241379309388e-02
5.959051724137931494e-01 8.405172413793104980e-02
6.045258620689655249e-01 8.405172413793104980e-02
6.196120689655172376e-01 6.896551724137933714e-02
6.346982758620689502e-01 6.250000000000000000e-02
6.756465517241379004e-01 5.172413793103447510e-02
7.015086206896551380e-01 6.250000000000000000e-02
7.133620689655172376e-01 5.926724137931033143e-02
7.144396551724138122e-01 5.172413793103447510e-02
7.230603448275861878e-01 5.603448275862066286e-02
7.338362068965517127e-01 5.603448275862066286e-02
7.359913793103448620e-01 5.818965517241381225e-02
7.435344827586206629e-01 5.711206896551723755e-02
7.446120689655172376e-01 4.741379310344828735e-02
7.575431034482758008e-01 4.741379310344828735e-02
7.596982758620689502e-01 4.956896551724138122e-02
7.790948275862068506e-01 4.741379310344828735e-02
7.812500000000000000e-01 5.172413793103447510e-02
7.877155172413793371e-01 5.172413793103447510e-02
7.963362068965517127e-01 6.034482758620690612e-02
8.114224137931034253e-01 6.896551724137933714e-02
8.221982758620689502e-01 6.896551724137933714e-02
8.351293103448276245e-01 7.543103448275861878e-02
8.459051724137931494e-01 7.543103448275861878e-02
8.469827586206897241e-01 6.573275862068966857e-02
8.502155172413793371e-01 6.465517241379309388e-02
8.577586206896552490e-01 7.435344827586204408e-02
8.577586206896552490e-01 7.866379310344828735e-02
8.696120689655172376e-01 9.482758620689657469e-02
8.803879310344827624e-01 9.698275862068966857e-02
9.084051724137931494e-01 1.120689655172413812e-01
9.148706896551723755e-01 1.120689655172413812e-01
9.321120689655172376e-01 1.293103448275861878e-01
9.418103448275861878e-01 1.282327586206896686e-01
9.396551724137931494e-01 1.066810344827586188e-01
9.234913793103447510e-01 8.405172413793104980e-02
8.933189655172413257e-01 5.818965517241381225e-02
8.868534482758620996e-01 5.818965517241381225e-02
8.803879310344827624e-01 5.172413793103447510e-02
8.415948275862068506e-01 3.232758620689657469e-02
8.351293103448276245e-01 3.232758620689657469e-02
8.265086206896552490e-01 2.586206896551723755e-02
8.006465517241379004e-01 1.939655172413795592e-02
7.984913793103447510e-01 2.155172413793104980e-02
7.640086206896552490e-01 1.077586206896552490e-02
7.413793103448276245e-01 9.698275862068950204e-03
7.435344827586206629e-01 7.543103448275856326e-03
