4.906666666666666399e-01 0.000000000000000000e+00
4.879999999999999893e-01 2.666666666666650531e-03
4.533333333333333104e-01 2.666666666666650531e-03
4.506666666666666599e-01 8.000000000000007105e-03
4.186666666666666869e-01 8.000000000000007105e-03
4.133333333333333304e-01 1.600000000000001421e-02
4.000000000000000222e-01 1.600000000000001421e-02
3.613333333333333397e-01 3.599999999999997646e-02
3.546666666666666856e-01 4.533333333333333659e-02
3.359999999999999654e-01 5.333333333333334370e-02
3.213333333333333597e-01 6.800000000000000488e-02
3.173333333333333561e-01 7.733333333333330950e-02
3.026666666666666394e-01 8.400000000000001910e-02
2.946666666666666323e-01 1.026666666666666838e-01
2.866666666666666252e-01 1.079999999999999849e-01
2.866666666666666252e-01 1.159999999999999920e-01
2.760000000000000231e-01 1.213333333333333486e-01
2.760000000000000231e-01 1.346666666666666567e-01
2.706666666666666665e-01 1.373333333333333073e-01
2.706666666666666665e-01 1.506666666666666710e-01
2.653333333333333099e-01 1.533333333333333215e-01
2.573333333333333028e-01 1.693333333333333357e-01
2.573333333333333028e-01 1.880000000000000004e-01
2.493333333333333512e-01 1.933333333333333570e-01
2.466666666666666452e-01 2.199999999999999734e-01
2.386666666666666936e-01 2.253333333333333299e-01
2.413333333333333441e-01 2.520000000000000018e-01
2.386666666666666936e-01 2.546666666666667078e-01
2.413333333333333441e-01 2.680000000000000160e-01
2.386666666666666936e-01 2.786666666666666736e-01
2.413333333333333441e-01 2.893333333333333313e-01
2.359999999999999876e-01 2.973333333333333384e-01
2.413333333333333441e-01 3.346666666666666679e-01
2.386666666666666936e-01 3.613333333333333397e-01
2.466666666666666452e-01 3.666666666666666963e-01
2.439999999999999947e-01 3.773333333333333539e-01
2.493333333333333512e-01 3.800000000000000044e-01
2.466666666666666452e-01 3.880000000000000115e-01
2.506666666666667043e-01 3.973333333333333162e-01
2.546666666666667078e-01 3.986666666666666692e-01
2.573333333333333028e-01 4.279999999999999916e-01
2.666666666666666630e-01 4.453333333333333588e-01
2.706666666666666665e-01 4.466666666666666563e-01
2.733333333333333171e-01 4.546666666666666634e-01
2.706666666666666665e-01 4.626666666666666705e-01
2.786666666666666736e-01 4.679999999999999716e-01
2.880000000000000338e-01 4.879999999999999893e-01
2.920000000000000373e-01 4.893333333333333424e-01
2.946666666666666323e-01 5.026666666666667060e-01
3.039999999999999925e-01 5.173333333333333117e-01
3.106666666666666465e-01 5.213333333333333153e-01
3.106666666666666465e-01 5.293333333333333224e-01
3.213333333333333597e-01 5.373333333333333295e-01
3.213333333333333597e-01 5.453333333333333366e-01
3.319999999999999618e-01 5.533333333333333437e-01
3.319999999999999618e-01 5.613333333333333508e-01
3.373333333333333739e-01 5.693333333333333579e-01
3.373333333333333739e-01 5.773333333333333650e-01
3.573333333333333361e-01 5.999999999999999778e-01
3.653333333333333433e-01 6.026666666666666838e-01
3.773333333333333539e-01 6.173333333333332895e-01
3.800000000000000044e-01 6.306666666666667087e-01
3.906666666666666621e-01 6.386666666666667158e-01
3.946666666666666656e-01 6.480000000000000204e-01
3.986666666666666692e-01 6.493333333333333179e-01
4.053333333333333233e-01 6.640000000000000346e-01
4.146666666666666834e-01 6.706666666666666332e-01
4.213333333333333375e-01 6.853333333333333499e-01
4.253333333333333410e-01 6.866666666666666474e-01
4.279999999999999916e-01 6.999999999999999556e-01
4.386666666666666492e-01 7.079999999999999627e-01
4.426666666666666528e-01 7.173333333333333783e-01
4.466666666666666563e-01 7.186666666666666758e-01
4.533333333333333104e-01 7.333333333333333925e-01
4.693333333333333246e-01 7.493333333333332957e-01
4.773333333333333317e-01 7.520000000000000018e-01
4.893333333333333424e-01 7.666666666666666075e-01
4.919999999999999929e-01 7.853333333333333277e-01
5.013333333333332975e-01 8.026666666666666394e-01
5.106666666666667131e-01 8.093333333333333490e-01
5.173333333333333117e-01 8.240000000000000657e-01
5.213333333333333153e-01 8.253333333333332522e-01
5.240000000000000213e-01 8.333333333333332593e-01
5.346666666666666234e-01 8.413333333333332664e-01
5.346666666666666234e-01 8.493333333333332735e-01
5.453333333333333366e-01 8.573333333333332806e-01
5.466666666666666341e-01 8.666666666666666963e-01
5.573333333333333472e-01 8.666666666666666963e-01
5.706666666666666554e-01 8.906666666666667176e-01
5.786666666666666625e-01 8.906666666666667176e-01
5.973333333333332718e-01 9.173333333333333339e-01
6.173333333333332895e-01 9.266666666666667496e-01
6.239999999999999991e-01 9.386666666666666492e-01
6.320000000000000062e-01 9.386666666666666492e-01
6.400000000000000133e-01 9.493333333333333623e-01
6.493333333333333179e-01 9.533333333333333659e-01
6.506666666666667265e-01 9.573333333333333695e-01
6.613333333333333286e-01 9.573333333333333695e-01
6.666666666666666297e-01 9.653333333333333766e-01
6.799999999999999378e-01 9.653333333333333766e-01
7.053333333333333677e-01 9.853333333333333943e-01
7.093333333333333712e-01 9.946666666666665879e-01
7.439999999999999947e-01 1.000000000000000000e+00
7.560000000000000053e-01 9.933333333333334014e-01
7.640000000000000124e-01 9.746666666666666812e-01
7.533333333333334103e-01 9.666666666666666741e-01
7.560000000000000053e-01 9.533333333333333659e-01
7.506666666666665932e-01 9.506666666666666599e-01
7.426666666666666972e-01 9.346666666666666456e-01
7.426666666666666972e-01 9.266666666666667496e-01
7.319999999999999840e-01 9.186666666666667425e-01
7.319999999999999840e-01 9.106666666666667354e-01
7.213333333333333819e-01 9.026666666666667282e-01
7.173333333333333783e-01 8.933333333333333126e-01
7.133333333333333748e-01 8.920000000000000151e-01
7.013333333333333641e-01 8.666666666666666963e-01
6.973333333333333606e-01 8.653333333333332877e-01
6.906666666666666510e-01 8.506666666666666821e-01
6.866666666666666474e-01 8.493333333333332735e-01
6.893333333333333535e-01 8.253333333333332522e-01
6.839999999999999414e-01 8.173333333333333561e-01
6.839999999999999414e-01 8.093333333333333490e-01
6.680000000000000382e-01 7.853333333333333277e-01
6.680000000000000382e-01 7.720000000000000195e-01
6.573333333333333250e-01 7.560000000000000053e-01
6.466666666666667229e-01 7.479999999999999982e-01
6.426666666666667194e-01 7.386666666666666936e-01
6.386666666666667158e-01 7.373333333333333961e-01
6.360000000000000098e-01 7.293333333333333890e-01
6.173333333333332895e-01 7.159999999999999698e-01
6.146666666666666945e-01 7.079999999999999627e-01
6.066666666666666874e-01 7.026666666666666616e-01
6.093333333333332824e-01 6.946666666666666545e-01
6.053333333333332789e-01 6.853333333333333499e-01
5.973333333333332718e-01 6.826666666666666439e-01
5.893333333333333757e-01 6.719999999999999307e-01
5.746666666666666590e-01 6.626666666666666261e-01
5.719999999999999529e-01 6.546666666666667300e-01
5.613333333333333508e-01 6.466666666666667229e-01
5.613333333333333508e-01 6.386666666666667158e-01
5.506666666666666377e-01 6.306666666666667087e-01
5.466666666666666341e-01 6.213333333333332931e-01
5.386666666666666270e-01 6.186666666666666980e-01
5.213333333333333153e-01 5.986666666666666803e-01
5.146666666666667167e-01 5.839999999999999636e-01
5.106666666666667131e-01 5.826666666666666661e-01
5.040000000000000036e-01 5.680000000000000604e-01
5.000000000000000000e-01 5.666666666666666519e-01
4.933333333333333459e-01 5.520000000000000462e-01
4.893333333333333424e-01 5.506666666666666377e-01
4.826666666666666883e-01 5.360000000000000320e-01
4.733333333333333282e-01 5.293333333333333224e-01
4.706666666666666776e-01 5.160000000000000142e-01
4.613333333333333175e-01 4.986666666666666470e-01
4.386666666666666492e-01 4.813333333333333353e-01
4.239999999999999880e-01 4.506666666666666599e-01
4.146666666666666834e-01 4.440000000000000058e-01
4.120000000000000329e-01 4.359999999999999987e-01
4.013333333333333197e-01 4.279999999999999916e-01
4.013333333333333197e-01 4.199999999999999845e-01
3.906666666666666621e-01 4.120000000000000329e-01
3.866666666666666585e-01 4.026666666666666727e-01
3.826666666666666550e-01 4.013333333333333197e-01
3.773333333333333539e-01 3.906666666666666621e-01
3.773333333333333539e-01 3.773333333333333539e-01
3.706666666666666998e-01 3.653333333333333433e-01
3.613333333333333397e-01 3.586666666666666892e-01
3.613333333333333397e-01 3.453333333333333255e-01
3.559999999999999831e-01 3.426666666666666750e-01
3.426666666666666750e-01 3.079999999999999960e-01
3.479999999999999760e-01 2.813333333333333242e-01
3.399999999999999689e-01 2.760000000000000231e-01
3.479999999999999760e-01 2.359999999999999876e-01
3.479999999999999760e-01 2.120000000000000218e-01
3.559999999999999831e-01 2.040000000000000147e-01
3.559999999999999831e-01 1.906666666666666510e-01
3.666666666666666963e-01 1.826666666666666439e-01
3.693333333333333468e-01 1.693333333333333357e-01
3.773333333333333539e-01 1.639999999999999791e-01
3.773333333333333539e-01 1.533333333333333215e-01
3.880000000000000115e-01 1.453333333333333144e-01
4.000000000000000222e-01 1.199999999999999956e-01
4.080000000000000293e-01 1.173333333333333450e-01
4.159999999999999809e-01 1.066666666666666874e-01
4.319999999999999951e-01 9.866666666666668029e-02
4.426666666666666528e-01 9.866666666666668029e-02
4.480000000000000093e-01 9.066666666666667318e-02
4.640000000000000235e-01 8.800000000000002265e-02
4.773333333333333317e-01 9.066666666666667318e-02
4.853333333333333388e-01 8.533333333333331661e-02
4.933333333333333459e-01 8.533333333333331661e-02
5.013333333333332975e-01 9.066666666666667318e-02
5.253333333333333188e-01 8.800000000000002265e-02
5.413333333333333330e-01 9.066666666666667318e-02
5.493333333333333401e-01 9.866666666666668029e-02
5.626666666666666483e-01 9.599999999999997424e-02
5.813333333333333686e-01 1.253333333333333521e-01
5.853333333333333721e-01 1.266666666666666496e-01
5.919999999999999707e-01 1.413333333333333108e-01
6.013333333333332753e-01 1.480000000000000204e-01
6.079999999999999849e-01 1.626666666666666816e-01
6.119999999999999885e-01 1.639999999999999791e-01
6.146666666666666945e-01 1.719999999999999862e-01
6.253333333333332966e-01 1.799999999999999933e-01
6.400000000000000133e-01 2.106666666666666687e-01
6.493333333333333179e-01 2.173333333333333228e-01
6.560000000000000275e-01 2.319999999999999840e-01
6.600000000000000311e-01 2.333333333333333370e-01
6.626666666666666261e-01 2.413333333333333441e-01
6.733333333333333393e-01 2.493333333333333512e-01
6.733333333333333393e-01 2.573333333333333028e-01
6.839999999999999414e-01 2.653333333333333099e-01
6.893333333333333535e-01 2.840000000000000302e-01
6.839999999999999414e-01 2.946666666666666323e-01
6.919999999999999485e-01 2.999999999999999889e-01
6.893333333333333535e-01 3.106666666666666465e-01
6.973333333333333606e-01 3.160000000000000031e-01
6.946666666666666545e-01 3.266666666666666607e-01
6.986666666666666581e-01 3.306666666666666643e-01
7.293333333333333890e-01 3.160000000000000031e-01
7.319999999999999840e-01 3.026666666666666394e-01
7.293333333333333890e-01 2.920000000000000373e-01
7.319999999999999840e-01 2.813333333333333242e-01
7.293333333333333890e-01 2.786666666666666736e-01
7.319999999999999840e-01 2.653333333333333099e-01
7.293333333333333890e-01 2.626666666666666594e-01
7.319999999999999840e-01 2.493333333333333512e-01
7.266666666666666829e-01 2.413333333333333441e-01
7.266666666666666829e-01 2.333333333333333370e-01
7.213333333333333819e-01 2.253333333333333299e-01
7.213333333333333819e-01 2.173333333333333228e-01
7.159999999999999698e-01 2.093333333333333157e-01
7.159999999999999698e-01 2.013333333333333086e-01
7.106666666666666687e-01 1.933333333333333570e-01
7.106666666666666687e-01 1.799999999999999933e-01
7.013333333333333641e-01 1.626666666666666816e-01
6.973333333333333606e-01 1.613333333333333286e-01
6.999999999999999556e-01 1.480000000000000204e-01
6.893333333333333535e-01 1.400000000000000133e-01
6.919999999999999485e-01 1.293333333333333557e-01
6.839999999999999414e-01 1.239999999999999991e-01
6.839999999999999414e-01 1.159999999999999920e-01
6.733333333333333393e-01 1.079999999999999849e-01
6.693333333333333357e-01 9.866666666666668029e-02
6.600000000000000311e-01 9.200000000000002620e-02
6.573333333333333250e-01 8.400000000000001910e-02
6.440000000000000169e-01 7.600000000000001199e-02
6.400000000000000133e-01 6.133333333333335080e-02
6.293333333333333002e-01 6.133333333333335080e-02
6.213333333333332931e-01 4.799999999999998712e-02
6.079999999999999849e-01 4.266666666666668606e-02
5.999999999999999778e-01 3.199999999999997291e-02
5.799999999999999600e-01 2.266666666666666829e-02
5.786666666666666625e-01 1.866666666666666474e-02
5.493333333333333401e-01 1.066666666666665764e-02
5.413333333333333330e-01 5.333333333333356574e-03
