3.514492753623188470e-01 0.000000000000000000e+00
3.224637681159420177e-01 0.000000000000000000e+00
3.152173913043478382e-01 7.246376811594179568e-03
2.934782608695651884e-01 7.246376811594179568e-03
2.862318840579710089e-01 1.449275362318841465e-02
2.789855072463768293e-01 1.449275362318841465e-02
2.644927536231884146e-01 2.898550724637682929e-02
2.572463768115942351e-01 2.173913043478259421e-02
2.500000000000000000e-01 2.173913043478259421e-02
2.427536231884058204e-01 1.449275362318841465e-02
2.065217391304347561e-01 5.072463768115942351e-02
1.992753623188405765e-01 4.347826086956524394e-02
1.920289855072463969e-01 4.347826086956524394e-02
1.811594202898550998e-01 5.434782608695654105e-02
1.811594202898550998e-01 6.159420289855072062e-02
1.739130434782608647e-01 6.884057971014490018e-02
1.739130434782608647e-01 8.333333333333331483e-02
1.594202898550724501e-01 9.782608695652172948e-02
1.594202898550724501e-01 1.050724637681159646e-01
1.521739130434782705e-01 1.123188405797101441e-01
1.521739130434782705e-01 1.485507246376811530e-01
1.485507246376811530e-01 1.521739130434782705e-01
1.268115942028985588e-01 1.521739130434782705e-01
1.231884057971014412e-01 1.557971014492753881e-01
1.304347826086956763e-01 1.630434782608695676e-01
1.304347826086956763e-01 2.137681159420289911e-01
1.231884057971014412e-01 2.210144927536231707e-01
1.231884057971014412e-01 2.282608695652174058e-01
1.304347826086956763e-01 2.355072463768115854e-01
1.304347826086956763e-01 2.500000000000000000e-01
1.376811594202898559e-01 2.572463768115942351e-01
1.376811594202898559e-01 2.934782608695651884e-01
1.521739130434782705e-01 3.079710144927536586e-01
1.521739130434782705e-01 3.369565217391304324e-01
1.594202898550724501e-01 3.442028985507246119e-01
1.594202898550724501e-01 3.586956521739130821e-01
1.666666666666666852e-01 3.659420289855072062e-01
1.666666666666666852e-01 3.731884057971014412e-01
1.739130434782608647e-01 3.804347826086956763e-01
1.739130434782608647e-01 3.876811594202898559e-01
1.811594202898550998e-01 3.949275362318840354e-01
1.811594202898550998e-01 4.021739130434782705e-01
1.884057971014492794e-01 4.094202898550724501e-01
1.884057971014492794e-01 4.166666666666666852e-01
2.028985507246376940e-01 4.311594202898550998e-01
2.028985507246376940e-01 4.384057971014492794e-01
2.101449275362318736e-01 4.456521739130434590e-01
2.101449275362318736e-01 4.528985507246376940e-01
2.173913043478261087e-01 4.601449275362318736e-01
2.173913043478261087e-01 4.673913043478261087e-01
2.318840579710144678e-01 4.818840579710144678e-01
2.318840579710144678e-01 4.891304347826087029e-01
2.681159420289854767e-01 5.253623188405797118e-01
2.681159420289854767e-01 5.326086956521739468e-01
2.826086956521739468e-01 5.471014492753623060e-01
2.826086956521739468e-01 5.543478260869565410e-01
3.550724637681159646e-01 6.268115942028985588e-01
3.550724637681159646e-01 6.340579710144927938e-01
3.623188405797101441e-01 6.413043478260869179e-01
3.623188405797101441e-01 6.485507246376811530e-01
3.840579710144927383e-01 6.702898550724637472e-01
3.840579710144927383e-01 6.775362318840579823e-01
4.094202898550724501e-01 7.028985507246376940e-01
4.166666666666666852e-01 7.028985507246376940e-01
5.072463768115942351e-01 7.934782608695651884e-01
5.072463768115942351e-01 8.007246376811594235e-01
5.507246376811594235e-01 8.442028985507246119e-01
5.507246376811594235e-01 8.514492753623188470e-01
5.942028985507246119e-01 8.949275362318840354e-01
5.942028985507246119e-01 9.021739130434782705e-01
6.123188405797101996e-01 9.202898550724637472e-01
6.195652173913043237e-01 9.202898550724637472e-01
6.268115942028985588e-01 9.275362318840579823e-01
6.413043478260869179e-01 9.275362318840579823e-01
6.485507246376811530e-01 9.347826086956521063e-01
6.775362318840579823e-01 9.347826086956521063e-01
6.847826086956521063e-01 9.420289855072463414e-01
6.992753623188405765e-01 9.420289855072463414e-01
7.065217391304348116e-01 9.492753623188405765e-01
7.210144927536231707e-01 9.492753623188405765e-01
7.282608695652174058e-01 9.565217391304348116e-01
7.355072463768115298e-01 9.565217391304348116e-01
7.427536231884057649e-01 9.637681159420290466e-01
7.572463768115942351e-01 9.637681159420290466e-01
7.644927536231884702e-01 9.710144927536231707e-01
7.717391304347825942e-01 9.710144927536231707e-01
7.789855072463768293e-01 9.782608695652174058e-01
7.862318840579709534e-01 9.782608695652174058e-01
7.934782608695651884e-01 9.855072463768115298e-01
8.007246376811594235e-01 9.855072463768115298e-01
8.079710144927536586e-01 9.927536231884057649e-01
8.152173913043478937e-01 9.927536231884057649e-01
8.224637681159420177e-01 1.000000000000000000e+00
8.369565217391303769e-01 1.000000000000000000e+00
8.586956521739130821e-01 9.782608695652174058e-01
8.659420289855073172e-01 9.782608695652174058e-01
8.768115942028985588e-01 9.673913043478261642e-01
8.768115942028985588e-01 9.601449275362319291e-01
8.695652173913043237e-01 9.528985507246376940e-01
8.695652173913043237e-01 9.456521739130434590e-01
8.514492753623188470e-01 9.275362318840579823e-01
8.442028985507246119e-01 9.275362318840579823e-01
8.260869565217391353e-01 9.094202898550725056e-01
8.260869565217391353e-01 9.021739130434782705e-01
8.079710144927536586e-01 8.840579710144926828e-01
8.007246376811594235e-01 8.840579710144926828e-01
7.681159420289855877e-01 8.514492753623188470e-01
7.681159420289855877e-01 8.442028985507246119e-01
7.608695652173913526e-01 8.369565217391303769e-01
7.608695652173913526e-01 8.297101449275362528e-01
7.500000000000000000e-01 8.188405797101449002e-01
7.427536231884057649e-01 8.188405797101449002e-01
7.065217391304348116e-01 7.826086956521738358e-01
6.992753623188405765e-01 7.826086956521738358e-01
6.884057971014492239e-01 7.717391304347825942e-01
6.884057971014492239e-01 7.644927536231884702e-01
6.195652173913043237e-01 6.956521739130434590e-01
6.123188405797101996e-01 6.956521739130434590e-01
6.014492753623188470e-01 6.847826086956521063e-01
6.014492753623188470e-01 6.775362318840579823e-01
5.942028985507246119e-01 6.702898550724637472e-01
5.942028985507246119e-01 6.630434782608696231e-01
5.797101449275362528e-01 6.485507246376811530e-01
5.797101449275362528e-01 6.413043478260869179e-01
5.652173913043477826e-01 6.268115942028985588e-01
5.652173913043477826e-01 6.195652173913043237e-01
5.362318840579710644e-01 5.905797101449274944e-01
5.362318840579710644e-01 5.833333333333333703e-01
4.420289855072463969e-01 4.891304347826087029e-01
4.420289855072463969e-01 4.818840579710144678e-01
4.202898550724637472e-01 4.601449275362318736e-01
4.202898550724637472e-01 4.528985507246376940e-01
3.623188405797101441e-01 3.949275362318840354e-01
3.623188405797101441e-01 3.876811594202898559e-01
3.369565217391304324e-01 3.623188405797101441e-01
3.297101449275362528e-01 3.623188405797101441e-01
2.898550724637681264e-01 3.224637681159420177e-01
2.898550724637681264e-01 3.152173913043478382e-01
2.608695652173912971e-01 2.862318840579710089e-01
2.608695652173912971e-01 2.789855072463768293e-01
2.536231884057971175e-01 2.717391304347825942e-01
2.536231884057971175e-01 2.644927536231884146e-01
2.463768115942028825e-01 2.572463768115942351e-01
2.463768115942028825e-01 2.500000000000000000e-01
2.318840579710144678e-01 2.355072463768115854e-01
2.318840579710144678e-01 2.282608695652174058e-01
2.173913043478261087e-01 2.137681159420289911e-01
2.173913043478261087e-01 2.065217391304347561e-01
2.101449275362318736e-01 1.992753623188405765e-01
2.101449275362318736e-01 1.920289855072463969e-01
2.028985507246376940e-01 1.847826086956521618e-01
2.028985507246376940e-01 1.630434782608695676e-01
2.101449275362318736e-01 1.557971014492753881e-01
2.101449275362318736e-01 1.123188405797101441e-01
2.173913043478261087e-01 1.050724637681159646e-01
2.173913043478261087e-01 9.782608695652172948e-02
2.246376811594202882e-01 9.057971014492754991e-02
2.246376811594202882e-01 8.333333333333331483e-02
2.427536231884058204e-01 6.521739130434783815e-02
2.500000000000000000e-01 6.521739130434783815e-02
2.644927536231884146e-01 5.072463768115942351e-02
2.717391304347825942e-01 5.072463768115942351e-02
2.789855072463768293e-01 4.347826086956524394e-02
3.152173913043478382e-01 4.347826086956524394e-02
3.224637681159420177e-01 3.623188405797100886e-02
3.369565217391304324e-01 3.623188405797100886e-02
3.442028985507246119e-01 4.347826086956524394e-02
3.586956521739130821e-01 4.347826086956524394e-02
3.659420289855072062e-01 5.072463768115942351e-02
3.731884057971014412e-01 5.072463768115942351e-02
3.949275362318840354e-01 7.246376811594201772e-02
4.021739130434782705e-01 7.246376811594201772e-02
4.057971014492753881e-01 7.608695652173913526e-02
4.057971014492753881e-01 8.333333333333331483e-02
4.746376811594202882e-01 1.521739130434782705e-01
4.818840579710144678e-01 1.521739130434782705e-01
4.927536231884058204e-01 1.630434782608695676e-01
4.927536231884058204e-01 1.702898550724637472e-01
5.289855072463768293e-01 2.065217391304347561e-01
5.289855072463768293e-01 2.282608695652174058e-01
5.507246376811594235e-01 2.500000000000000000e-01
5.507246376811594235e-01 2.717391304347825942e-01
6.268115942028985588e-01 3.478260869565217295e-01
6.340579710144927938e-01 3.478260869565217295e-01
6.449275362318840354e-01 3.586956521739130821e-01
6.449275362318840354e-01 3.731884057971014412e-01
6.485507246376811530e-01 3.768115942028985588e-01
6.557971014492753881e-01 3.768115942028985588e-01
6.594202898550725056e-01 3.731884057971014412e-01
6.594202898550725056e-01 3.152173913043478382e-01
6.449275362318840354e-01 3.007246376811594235e-01
6.449275362318840354e-01 2.934782608695651884e-01
5.362318840579710644e-01 1.847826086956521618e-01
5.362318840579710644e-01 1.775362318840579823e-01
5.217391304347825942e-01 1.630434782608695676e-01
5.217391304347825942e-01 1.557971014492753881e-01
4.782608695652174058e-01 1.123188405797101441e-01
4.782608695652174058e-01 1.050724637681159646e-01
4.746376811594202882e-01 1.014492753623188470e-01
4.673913043478261087e-01 1.014492753623188470e-01
4.637681159420289911e-01 9.782608695652172948e-02
4.637681159420289911e-01 9.057971014492754991e-02
4.565217391304348116e-01 8.333333333333331483e-02
4.565217391304348116e-01 7.608695652173913526e-02
4.094202898550724501e-01 2.898550724637682929e-02
4.021739130434782705e-01 2.898550724637682929e-02
3.949275362318840354e-01 2.173913043478259421e-02
3.876811594202898559e-01 2.173913043478259421e-02
3.804347826086956763e-01 1.449275362318841465e-02
3.731884057971014412e-01 1.449275362318841465e-02
3.659420289855072062e-01 7.246376811594179568e-03
3.586956521739130821e-01 7.246376811594179568e-03
