3.091216216216216006e-01 1.182432432432434233e-02
3.057432432432432567e-01 1.520270270270268620e-02
2.820945945945946276e-01 1.858108108108108558e-02
2.787162162162162282e-01 1.520270270270268620e-02
2.347972972972973138e-01 1.520270270270268620e-02
2.280405405405405150e-01 2.195945945945948496e-02
2.179054054054054279e-01 1.858108108108108558e-02
2.145270270270270285e-01 2.195945945945948496e-02
2.010135135135134865e-01 2.195945945945948496e-02
1.908783783783783994e-01 2.871621621621622822e-02
1.739864864864865135e-01 3.209459459459457209e-02
1.672297297297297147e-01 3.885135135135137086e-02
1.570945945945945721e-01 3.885135135135137086e-02
1.368243243243243423e-01 5.574324324324325675e-02
1.165540540540540571e-01 6.250000000000000000e-02
8.108108108108108558e-02 9.121621621621622822e-02
8.108108108108108558e-02 9.797297297297297147e-02
5.405405405405405705e-02 1.182432432432432567e-01
4.391891891891891442e-02 1.418918918918918859e-01
2.702702702702702853e-02 1.587837837837837718e-01
2.364864864864862914e-02 1.722972972972973138e-01
1.689189189189188589e-02 1.790540540540540571e-01
6.756756756756743254e-03 2.263513513513513709e-01
1.013513513513514264e-02 2.297297297297297147e-01
6.756756756756743254e-03 2.331081081081081141e-01
6.756756756756743254e-03 2.432432432432432567e-01
3.378378378378399383e-03 2.466216216216216006e-01
3.378378378378399383e-03 2.601351351351351426e-01
0.000000000000000000e+00 2.635135135135134865e-01
0.000000000000000000e+00 2.972972972972972583e-01
3.378378378378399383e-03 3.006756756756756577e-01
3.378378378378399383e-03 3.243243243243243423e-01
6.756756756756743254e-03 3.277027027027027417e-01
6.756756756756743254e-03 3.851351351351351426e-01
2.702702702702702853e-02 4.189189189189189144e-01
2.702702702702702853e-02 4.256756756756756577e-01
3.378378378378377178e-02 4.324324324324324564e-01
3.378378378378377178e-02 4.425675675675675436e-01
4.054054054054051504e-02 4.493243243243243423e-01
4.054054054054051504e-02 4.729729729729729715e-01
4.391891891891891442e-02 4.763513513513513709e-01
4.391891891891891442e-02 4.864864864864865135e-01
5.067567567567565767e-02 4.932432432432432567e-01
5.067567567567565767e-02 5.000000000000000000e-01
6.081081081081080031e-02 5.067567567567567988e-01
9.628378378378377178e-02 5.625000000000000000e-01
1.131756756756756577e-01 5.793918918918918859e-01
1.250000000000000000e-01 5.878378378378378288e-01
1.334459459459459429e-01 5.996621621621621712e-01
1.368243243243243423e-01 5.996621621621621712e-01
1.655405405405405150e-01 6.317567567567567988e-01
1.790540540540540571e-01 6.554054054054053724e-01
2.060810810810810856e-01 6.756756756756756577e-01
2.111486486486486291e-01 6.841216216216216006e-01
2.195945945945945721e-01 6.891891891891892552e-01
2.195945945945945721e-01 6.925675675675675436e-01
2.398648648648648574e-01 7.094594594594594295e-01
2.398648648648648574e-01 7.128378378378378288e-01
2.567567567567567433e-01 7.263513513513513153e-01
2.618243243243243423e-01 7.347972972972972583e-01
2.753378378378378288e-01 7.381756756756756577e-01
3.057432432432432567e-01 7.111486486486486847e-01
3.175675675675675436e-01 7.060810810810811411e-01
3.175675675675675436e-01 7.027027027027027417e-01
3.277027027027027417e-01 6.959459459459459429e-01
3.277027027027027417e-01 6.891891891891892552e-01
3.192567567567567433e-01 6.739864864864865135e-01
3.158783783783783994e-01 6.739864864864865135e-01
2.787162162162162282e-01 6.334459459459459429e-01
2.702702702702702853e-01 6.283783783783783994e-01
2.601351351351351426e-01 6.148648648648649129e-01
2.601351351351351426e-01 6.081081081081081141e-01
2.432432432432432567e-01 5.945945945945946276e-01
2.381756756756756577e-01 5.861486486486486847e-01
2.347972972972973138e-01 5.861486486486486847e-01
2.094594594594594850e-01 5.540540540540540571e-01
2.094594594594594850e-01 5.472972972972972583e-01
1.925675675675675436e-01 5.304054054054053724e-01
1.790540540540540571e-01 5.067567567567567988e-01
1.689189189189189144e-01 4.966216216216216006e-01
1.689189189189189144e-01 4.898648648648648574e-01
1.520270270270270285e-01 4.695945945945945721e-01
1.520270270270270285e-01 4.628378378378378288e-01
1.452702702702702853e-01 4.560810810810810856e-01
1.486486486486486291e-01 4.493243243243243423e-01
1.351351351351351426e-01 4.324324324324324564e-01
1.317567567567567433e-01 4.121621621621621712e-01
1.216216216216216006e-01 3.952702702702702853e-01
1.216216216216216006e-01 3.885135135135134865e-01
1.148648648648648574e-01 3.817567567567567433e-01
1.148648648648648574e-01 3.682432432432432567e-01
1.114864864864865135e-01 3.648648648648648574e-01
1.114864864864865135e-01 3.513513513513513153e-01
1.081081081081081141e-01 3.479729729729729715e-01
1.081081081081081141e-01 3.378378378378378288e-01
1.047297297297297147e-01 3.344594594594594295e-01
1.047297297297297147e-01 2.533783783783783994e-01
1.081081081081081141e-01 2.500000000000000000e-01
1.081081081081081141e-01 2.364864864864865135e-01
1.250000000000000000e-01 2.128378378378378288e-01
1.250000000000000000e-01 2.027027027027026862e-01
1.435810810810810856e-01 1.773648648648648574e-01
1.537162162162162282e-01 1.739864864864865135e-01
1.672297297297297147e-01 1.604729729729729715e-01
1.773648648648648574e-01 1.638513513513513709e-01
1.807432432432432567e-01 1.604729729729729715e-01
1.908783783783783994e-01 1.604729729729729715e-01
2.010135135135134865e-01 1.537162162162162282e-01
2.449324324324324564e-01 1.537162162162162282e-01
2.516891891891891997e-01 1.469594594594594850e-01
2.618243243243243423e-01 1.537162162162162282e-01
2.719594594594594295e-01 1.537162162162162282e-01
2.905405405405405705e-01 1.655405405405405150e-01
2.989864864864865135e-01 1.773648648648648574e-01
3.378378378378378288e-01 2.094594594594594850e-01
3.412162162162162282e-01 2.195945945945945721e-01
3.513513513513513153e-01 2.297297297297297147e-01
3.513513513513513153e-01 2.364864864864865135e-01
3.665540540540540571e-01 2.550675675675675436e-01
3.750000000000000000e-01 2.601351351351351426e-01
3.986486486486486291e-01 2.905405405405405705e-01
3.986486486486486291e-01 2.972972972972972583e-01
4.104729729729729715e-01 3.125000000000000000e-01
4.138513513513513709e-01 3.125000000000000000e-01
4.358108108108108003e-01 3.412162162162162282e-01
4.358108108108108003e-01 3.513513513513513153e-01
4.527027027027026862e-01 3.716216216216216006e-01
4.527027027027026862e-01 3.817567567567567433e-01
4.594594594594594295e-01 3.885135135135134865e-01
4.594594594594594295e-01 3.952702702702702853e-01
4.763513513513513709e-01 4.155405405405405705e-01
4.797297297297297147e-01 4.256756756756756577e-01
4.966216216216216006e-01 4.459459459459459429e-01
4.966216216216216006e-01 4.527027027027026862e-01
5.101351351351350871e-01 4.695945945945945721e-01
5.101351351351350871e-01 4.763513513513513709e-01
5.304054054054053724e-01 5.067567567567567988e-01
5.304054054054053724e-01 5.168918918918918859e-01
5.371621621621621712e-01 5.236486486486486847e-01
5.405405405405405705e-01 5.439189189189189699e-01
5.540540540540540571e-01 5.641891891891891442e-01
5.574324324324324564e-01 5.810810810810811411e-01
5.777027027027027417e-01 6.047297297297297147e-01
5.844594594594594295e-01 6.216216216216216006e-01
6.148648648648649129e-01 6.621621621621621712e-01
6.182432432432432012e-01 6.722972972972972583e-01
6.334459459459459429e-01 6.908783783783783994e-01
6.368243243243243423e-01 6.908783783783783994e-01
6.638513513513513153e-01 7.212837837837837718e-01
6.858108108108107448e-01 7.398648648648649129e-01
7.060810810810811411e-01 7.770270270270269730e-01
7.060810810810811411e-01 7.905405405405405705e-01
7.229729729729730270e-01 8.141891891891892552e-01
7.229729729729730270e-01 8.209459459459459429e-01
7.483108108108107448e-01 8.530405405405405705e-01
7.550675675675675436e-01 8.530405405405405705e-01
7.567567567567567988e-01 8.614864864864865135e-01
7.770270270270269730e-01 8.783783783783783994e-01
7.787162162162162282e-01 8.834459459459459429e-01
7.854729729729730270e-01 8.834459459459459429e-01
8.057432432432432012e-01 9.070945945945945166e-01
8.226351351351350871e-01 9.206081081081081141e-01
8.462837837837837718e-01 9.273648648648649129e-01
8.530405405405405705e-01 9.375000000000000000e-01
8.699324324324324564e-01 9.375000000000000000e-01
8.800675675675675436e-01 9.476351351351350871e-01
8.918918918918918859e-01 9.527027027027026307e-01
9.003378378378378288e-01 9.645270270270269730e-01
9.273648648648649129e-01 9.814189189189188589e-01
9.341216216216216006e-01 9.814189189189188589e-01
9.408783783783783994e-01 9.881756756756756577e-01
9.543918918918918859e-01 9.881756756756756577e-01
9.628378378378378288e-01 9.797297297297297147e-01
9.594594594594594295e-01 9.729729729729730270e-01
9.628378378378378288e-01 9.662162162162162282e-01
9.493243243243243423e-01 9.493243243243243423e-01
9.510135135135134865e-01 9.442567567567567988e-01
9.645270270270269730e-01 9.510135135135134865e-01
9.780405405405405705e-01 9.645270270270269730e-01
9.847972972972973693e-01 9.645270270270269730e-01
9.966216216216216006e-01 9.560810810810811411e-01
1.000000000000000000e+00 9.358108108108107448e-01
9.966216216216216006e-01 9.324324324324324564e-01
9.966216216216216006e-01 9.222972972972973693e-01
9.932432432432432012e-01 9.189189189189188589e-01
9.932432432432432012e-01 9.087837837837837718e-01
9.898648648648649129e-01 9.054054054054054834e-01
9.898648648648649129e-01 8.952702702702702853e-01
9.864864864864865135e-01 8.918918918918918859e-01
9.864864864864865135e-01 8.817567567567567988e-01
9.831081081081081141e-01 8.783783783783783994e-01
9.831081081081081141e-01 8.581081081081081141e-01
9.695945945945945166e-01 8.277027027027026307e-01
9.695945945945945166e-01 8.175675675675675436e-01
9.594594594594594295e-01 8.040540540540540571e-01
9.594594594594594295e-01 7.905405405405405705e-01
9.256756756756756577e-01 7.466216216216216006e-01
9.222972972972973693e-01 7.364864864864865135e-01
8.986486486486486847e-01 7.162162162162162282e-01
8.885135135135134865e-01 6.959459459459459429e-01
8.783783783783783994e-01 6.858108108108107448e-01
8.665540540540540571e-01 6.638513513513513153e-01
8.547297297297297147e-01 6.587837837837837718e-01
8.310810810810811411e-01 6.317567567567567988e-01
8.175675675675675436e-01 6.047297297297297147e-01
7.905405405405405705e-01 5.709459459459459429e-01
7.905405405405405705e-01 5.608108108108108558e-01
7.837837837837837718e-01 5.540540540540540571e-01
7.837837837837837718e-01 5.472972972972972583e-01
7.770270270270269730e-01 5.405405405405405705e-01
7.804054054054054834e-01 5.337837837837837718e-01
7.736486486486486847e-01 5.270270270270269730e-01
7.770270270270269730e-01 5.202702702702702853e-01
7.466216216216216006e-01 4.966216216216216006e-01
7.415540540540540571e-01 4.847972972972973138e-01
7.347972972972972583e-01 4.847972972972973138e-01
7.195945945945946276e-01 4.628378378378378288e-01
7.195945945945946276e-01 4.560810810810810856e-01
7.060810810810811411e-01 4.391891891891891997e-01
7.027027027027027417e-01 4.189189189189189144e-01
6.925675675675675436e-01 4.087837837837837718e-01
6.925675675675675436e-01 3.986486486486486291e-01
6.790540540540540571e-01 3.817567567567567433e-01
6.756756756756756577e-01 3.716216216216216006e-01
6.621621621621621712e-01 3.547297297297297147e-01
6.621621621621621712e-01 3.445945945945946276e-01
6.520270270270269730e-01 3.344594594594594295e-01
6.520270270270269730e-01 3.277027027027027417e-01
6.385135135135134865e-01 3.108108108108108003e-01
6.385135135135134865e-01 3.006756756756756577e-01
6.114864864864865135e-01 2.668918918918918859e-01
6.081081081081081141e-01 2.567567567567567433e-01
5.912162162162162282e-01 2.364864864864865135e-01
5.912162162162162282e-01 2.297297297297297147e-01
5.810810810810811411e-01 2.195945945945945721e-01
5.709459459459459429e-01 1.993243243243243423e-01
5.506756756756756577e-01 1.824324324324324564e-01
5.405405405405405705e-01 1.621621621621621712e-01
5.202702702702702853e-01 1.452702702702702853e-01
5.084459459459459429e-01 1.300675675675675436e-01
4.983108108108108003e-01 1.266891891891891997e-01
4.898648648648648574e-01 1.182432432432432567e-01
4.898648648648648574e-01 1.114864864864865135e-01
4.814189189189189144e-01 1.097972972972973138e-01
4.611486486486486291e-01 8.614864864864862914e-02
4.510135135135134865e-01 8.277027027027028527e-02
4.408783783783783994e-01 6.925675675675674325e-02
4.307432432432432567e-01 6.250000000000000000e-02
4.138513513513513709e-01 5.912162162162160062e-02
4.070945945945946276e-01 4.898648648648651349e-02
3.969594594594594295e-01 4.898648648648651349e-02
3.631756756756756577e-01 2.871621621621622822e-02
3.564189189189189144e-01 2.871621621621622822e-02
3.496621621621621712e-01 2.195945945945948496e-02
3.395270270270270285e-01 2.195945945945948496e-02
3.293918918918918859e-01 1.520270270270268620e-02
