3.306451612903226200e-01 2.488479262672810832e-01
2.776497695852534475e-01 2.488479262672810832e-01
2.753456221198156695e-01 2.511520737327188613e-01
2.523041474654377780e-01 2.511520737327188613e-01
2.500000000000000000e-01 2.534562211981566948e-01
2.338709677419354982e-01 2.534562211981566948e-01
2.315668202764977202e-01 2.557603686635944729e-01
2.200460829493087744e-01 2.557603686635944729e-01
2.177419354838709409e-01 2.580645161290322509e-01
2.016129032258064391e-01 2.557603686635944729e-01
1.993087557603686610e-01 2.580645161290322509e-01
1.877880184331797153e-01 2.580645161290322509e-01
1.854838709677419373e-01 2.603686635944700845e-01
1.785714285714285476e-01 2.603686635944700845e-01
1.693548387096774355e-01 2.672811059907834186e-01
1.601382488479262678e-01 2.672811059907834186e-01
1.578341013824884898e-01 2.695852534562211966e-01
1.509216589861751001e-01 2.695852534562211966e-01
1.486175115207373221e-01 2.718894009216589747e-01
1.417050691244239879e-01 2.718894009216589747e-01
1.324884792626728203e-01 2.764976958525345863e-01
1.255760368663594306e-01 2.764976958525345863e-01
1.232718894009216526e-01 2.788018433179723088e-01
1.163594470046083185e-01 2.788018433179723088e-01
8.870967741935481543e-02 2.880184331797235320e-01
8.179723502304148131e-02 2.926267281105990881e-01
7.027649769585253559e-02 2.949308755760368661e-01
6.336405529953914595e-02 3.018433179723502002e-01
5.875576036866358987e-02 3.018433179723502002e-01
4.262672811059908806e-02 3.110599078341014234e-01
1.612903225806450180e-02 3.352534562211981761e-01
2.304147465437778042e-03 3.629032258064516236e-01
2.304147465437778042e-03 3.721198156682027358e-01
0.000000000000000000e+00 3.744239631336405694e-01
0.000000000000000000e+00 4.135944700460829626e-01
2.304147465437778042e-03 4.158986175115207407e-01
2.304147465437778042e-03 4.228110599078340748e-01
4.608294930875556084e-03 4.251152073732719083e-01
4.608294930875556084e-03 4.320276497695852425e-01
2.073732718894011340e-02 4.642857142857143016e-01
5.414746543778803378e-02 4.930875576036866104e-01
8.870967741935481543e-02 5.115207373271889457e-01
1.163594470046083185e-01 5.207373271889400579e-01
1.232718894009216526e-01 5.207373271889400579e-01
1.255760368663594306e-01 5.230414746543778914e-01
1.324884792626728203e-01 5.230414746543778914e-01
1.417050691244239879e-01 5.276497695852534475e-01
1.509216589861751001e-01 5.276497695852534475e-01
1.601382488479262678e-01 5.322580645161290036e-01
1.670506912442396574e-01 5.322580645161290036e-01
1.762672811059907696e-01 5.368663594470045597e-01
1.854838709677419373e-01 5.368663594470045597e-01
1.877880184331797153e-01 5.391705069124423932e-01
1.970046082949308830e-01 5.391705069124423932e-01
1.993087557603686610e-01 5.414746543778802268e-01
2.108294930875576068e-01 5.414746543778802268e-01
2.246543778801843305e-01 5.483870967741935054e-01
2.292626728110598866e-01 5.483870967741935054e-01
2.361751152073732762e-01 5.529953917050691725e-01
2.407834101382488323e-01 5.529953917050691725e-01
2.476958525345622220e-01 5.576036866359447286e-01
2.592165898617511122e-01 5.599078341013824511e-01
2.707373271889400579e-01 5.668202764976958408e-01
2.914746543778801713e-01 5.737327188940092304e-01
2.983870967741935609e-01 5.737327188940092304e-01
3.006912442396313390e-01 5.760368663594470640e-01
3.099078341013824511e-01 5.760368663594470640e-01
3.122119815668202847e-01 5.783410138248847865e-01
3.283410138248847865e-01 5.783410138248847865e-01
3.306451612903226200e-01 5.806451612903226200e-01
3.536866359447004560e-01 5.806451612903226200e-01
3.559907834101382340e-01 5.829493087557603426e-01
3.882488479262672931e-01 5.829493087557603426e-01
3.905529953917050712e-01 5.852534562211981761e-01
4.135944700460829626e-01 5.852534562211981761e-01
4.158986175115207407e-01 5.875576036866358987e-01
4.412442396313364101e-01 5.875576036866358987e-01
4.677419354838709964e-01 6.094470046082949288e-01
4.677419354838709964e-01 6.140552995391704849e-01
4.746543778801843305e-01 6.278801843317972642e-01
4.907834101382488323e-01 6.417050691244239324e-01
4.953917050691244439e-01 6.532258064516128782e-01
5.011520737327188613e-01 6.589861751152074065e-01
5.103686635944700845e-01 6.589861751152074065e-01
5.207373271889400579e-01 6.693548387096773800e-01
5.207373271889400579e-01 6.716589861751152135e-01
5.403225806451612545e-01 6.889400921658985766e-01
5.472350230414746441e-01 6.912442396313364101e-01
5.518433179723502002e-01 6.958525345622119662e-01
5.587557603686635899e-01 6.981566820276497998e-01
5.771889400921659252e-01 7.165898617511521351e-01
6.094470046082949288e-01 7.350230414746543595e-01
6.209677419354838745e-01 7.373271889400921930e-01
6.278801843317972642e-01 7.419354838709677491e-01
6.347926267281105428e-01 7.419354838709677491e-01
6.370967741935483764e-01 7.442396313364054716e-01
6.440092165898617660e-01 7.442396313364054716e-01
6.463133640552995995e-01 7.465437788018433052e-01
6.555299539170507117e-01 7.465437788018433052e-01
6.578341013824884342e-01 7.488479262672811387e-01
6.739631336405529360e-01 7.488479262672811387e-01
6.762672811059907696e-01 7.511520737327188613e-01
7.384792626728110543e-01 7.511520737327188613e-01
7.407834101382488878e-01 7.488479262672811387e-01
7.546082949308755561e-01 7.488479262672811387e-01
7.569124423963133896e-01 7.465437788018433052e-01
7.707373271889401689e-01 7.465437788018433052e-01
7.730414746543778914e-01 7.442396313364054716e-01
7.799539170506912811e-01 7.442396313364054716e-01
7.822580645161290036e-01 7.419354838709677491e-01
7.914746543778801158e-01 7.419354838709677491e-01
7.937788018433179493e-01 7.396313364055299155e-01
7.983870967741935054e-01 7.396313364055299155e-01
8.006912442396313390e-01 7.373271889400921930e-01
8.052995391705068950e-01 7.373271889400921930e-01
8.076036866359446176e-01 7.350230414746543595e-01
8.122119815668202847e-01 7.350230414746543595e-01
8.145161290322580072e-01 7.327188940092166369e-01
8.214285714285713969e-01 7.327188940092166369e-01
8.237327188940092304e-01 7.304147465437788034e-01
8.283410138248847865e-01 7.304147465437788034e-01
8.306451612903225090e-01 7.281105990783409698e-01
8.375576036866358987e-01 7.281105990783409698e-01
8.444700460829492883e-01 7.235023041474654137e-01
8.490783410138249554e-01 7.235023041474654137e-01
8.559907834101382340e-01 7.188940092165898577e-01
8.605990783410137901e-01 7.188940092165898577e-01
8.629032258064516236e-01 7.165898617511521351e-01
8.675115207373271797e-01 7.165898617511521351e-01
8.698156682027649023e-01 7.142857142857143016e-01
8.744239631336405694e-01 7.142857142857143016e-01
8.905529953917050712e-01 7.050691244239630784e-01
8.951612903225806273e-01 7.050691244239630784e-01
9.182027649769585187e-01 6.912442396313364101e-01
9.354838709677419928e-01 6.762672811059907696e-01
9.447004608294931050e-01 6.624423963133641013e-01
9.550691244239630784e-01 6.520737327188940169e-01
9.688940092165898577e-01 6.520737327188940169e-01
9.781105990783409698e-01 6.474654377880184608e-01
9.838709677419354982e-01 6.417050691244239324e-01
1.000000000000000000e+00 5.979262672811059831e-01
1.000000000000000000e+00 5.817972350230414813e-01
9.884792626728110543e-01 5.725806451612903691e-01
9.884792626728110543e-01 5.495391705069124777e-01
9.827188940092166369e-01 5.460829493087557829e-01
9.758064516129032473e-01 5.460829493087557829e-01
9.723502304147465525e-01 5.426267281105990881e-01
9.723502304147465525e-01 5.334101382488479759e-01
9.746543778801843860e-01 5.311059907834101423e-01
9.746543778801843860e-01 5.103686635944700845e-01
9.723502304147465525e-01 5.080645161290322509e-01
9.723502304147465525e-01 4.758064516129032473e-01
9.700460829493087189e-01 4.735023041474654137e-01
9.700460829493087189e-01 4.619815668202764680e-01
9.677419354838709964e-01 4.596774193548386900e-01
9.677419354838709964e-01 4.527649769585253559e-01
9.654377880184331628e-01 4.504608294930875778e-01
9.654377880184331628e-01 4.435483870967741882e-01
9.631336405529953293e-01 4.412442396313364101e-01
9.631336405529953293e-01 4.366359447004608541e-01
9.608294930875576068e-01 4.343317972350230205e-01
9.608294930875576068e-01 4.251152073732719083e-01
9.585253456221198842e-01 4.228110599078340748e-01
9.585253456221198842e-01 4.182027649769585187e-01
9.562211981566820507e-01 4.158986175115207407e-01
9.562211981566820507e-01 4.089861751152074065e-01
9.539170506912442171e-01 4.066820276497695730e-01
9.539170506912442171e-01 4.020737327188940169e-01
9.516129032258064946e-01 3.997695852534562388e-01
9.516129032258064946e-01 3.882488479262672931e-01
9.493087557603686610e-01 3.859447004608295151e-01
9.493087557603686610e-01 3.813364055299539035e-01
9.470046082949308275e-01 3.790322580645161255e-01
9.470046082949308275e-01 3.721198156682027358e-01
9.447004608294931050e-01 3.698156682027650133e-01
9.447004608294931050e-01 3.652073732718894017e-01
9.423963133640553824e-01 3.629032258064516236e-01
9.423963133640553824e-01 3.582949308755760676e-01
9.400921658986174378e-01 3.559907834101382340e-01
9.400921658986174378e-01 3.513824884792626779e-01
9.354838709677419928e-01 3.444700460829492883e-01
9.354838709677419928e-01 3.398617511520737322e-01
9.331797235023041592e-01 3.375576036866359542e-01
9.331797235023041592e-01 3.329493087557603426e-01
9.193548387096774910e-01 3.076036866359447286e-01
9.020737327188940169e-01 2.903225806451612545e-01
8.859447004608295151e-01 2.811059907834101423e-01
8.813364055299539590e-01 2.811059907834101423e-01
8.790322580645161255e-01 2.788018433179723088e-01
8.744239631336405694e-01 2.788018433179723088e-01
8.721198156682028468e-01 2.764976958525345863e-01
8.652073732718894572e-01 2.764976958525345863e-01
8.629032258064516236e-01 2.741935483870967527e-01
8.490783410138249554e-01 2.741935483870967527e-01
8.467741935483871218e-01 2.718894009216589747e-01
7.707373271889401689e-01 2.718894009216589747e-01
7.684331797235022243e-01 2.741935483870967527e-01
7.500000000000000000e-01 2.741935483870967527e-01
7.476958525345622775e-01 2.764976958525345863e-01
7.361751152073732207e-01 2.764976958525345863e-01
7.338709677419354982e-01 2.788018433179723088e-01
7.177419354838709964e-01 2.788018433179723088e-01
7.154377880184331628e-01 2.811059907834101423e-01
7.039170506912442171e-01 2.811059907834101423e-01
7.016129032258064946e-01 2.834101382488479204e-01
6.923963133640552714e-01 2.834101382488479204e-01
6.900921658986175489e-01 2.857142857142856984e-01
6.808755760368663257e-01 2.857142857142856984e-01
6.785714285714286031e-01 2.880184331797235320e-01
6.739631336405529360e-01 2.880184331797235320e-01
6.647465437788018239e-01 2.926267281105990881e-01
6.589861751152074065e-01 2.983870967741935609e-01
6.589861751152074065e-01 3.076036866359447286e-01
6.555299539170507117e-01 3.133640552995391459e-01
6.509216589861751556e-01 3.156682027649769795e-01
5.633640552995391459e-01 3.156682027649769795e-01
5.610599078341014234e-01 3.133640552995391459e-01
5.380184331797235320e-01 3.133640552995391459e-01
5.357142857142856984e-01 3.110599078341014234e-01
5.264976958525345863e-01 3.110599078341014234e-01
5.241935483870967527e-01 3.087557603686635899e-01
5.103686635944700845e-01 3.087557603686635899e-01
5.080645161290322509e-01 3.064516129032258118e-01
5.011520737327188613e-01 3.064516129032258118e-01
4.988479262672810832e-01 3.041474654377880338e-01
4.919354838709677491e-01 3.041474654377880338e-01
4.896313364055299711e-01 3.018433179723502002e-01
4.827188940092165814e-01 3.018433179723502002e-01
4.804147465437788034e-01 2.995391705069124777e-01
4.758064516129032473e-01 2.995391705069124777e-01
4.735023041474654137e-01 2.972350230414746441e-01
4.688940092165898577e-01 2.972350230414746441e-01
4.665898617511520796e-01 2.949308755760368661e-01
4.619815668202764680e-01 2.949308755760368661e-01
4.596774193548386900e-01 2.926267281105990881e-01
4.550691244239631339e-01 2.926267281105990881e-01
4.435483870967741882e-01 2.857142857142856984e-01
4.389400921658986321e-01 2.857142857142856984e-01
4.320276497695852425e-01 2.811059907834101423e-01
4.274193548387096864e-01 2.811059907834101423e-01
4.158986175115207407e-01 2.741935483870967527e-01
4.112903225806451291e-01 2.741935483870967527e-01
3.997695852534562388e-01 2.672811059907834186e-01
3.951612903225806273e-01 2.672811059907834186e-01
3.882488479262672931e-01 2.626728110599078070e-01
3.836405529953916815e-01 2.626728110599078070e-01
3.813364055299539035e-01 2.603686635944700845e-01
3.767281105990783474e-01 2.603686635944700845e-01
3.744239631336405694e-01 2.580645161290322509e-01
3.675115207373271797e-01 2.580645161290322509e-01
3.652073732718894017e-01 2.557603686635944729e-01
3.582949308755760676e-01 2.557603686635944729e-01
3.559907834101382340e-01 2.534562211981566948e-01
3.467741935483871218e-01 2.534562211981566948e-01
3.444700460829492883e-01 2.511520737327188613e-01
3.329493087557603426e-01 2.511520737327188613e-01
