8.669255247044767021e-01 2.922688492697698703e-01
8.644747977192921429e-01 2.920015483930850086e-01
7.934037151489390371e-01 2.920015483930850086e-01
7.909529881637544779e-01 2.922688492697698703e-01
7.836008072082008002e-01 2.940032099054389336e-01
7.811500802230161300e-01 2.942693853047483321e-01
7.517413564008010862e-01 2.944522753782695679e-01
7.468399024304318568e-01 2.952372511858908921e-01
7.370369944896935088e-01 2.983941464306313351e-01
7.247833595637706017e-01 3.013790983598004791e-01
7.198819055934013722e-01 3.020474784466690155e-01
7.125297246378476945e-01 3.038298253449850383e-01
7.076282706674784651e-01 3.044982054318535747e-01
6.953746357415555579e-01 3.074855529885742178e-01
6.806702738304479805e-01 3.126596128527346918e-01
6.782195468452634213e-01 3.143018274538813550e-01
6.749440559708339560e-01 3.176244476934104166e-01
6.735115713210929611e-01 3.200751746785950314e-01
6.729425782561966329e-01 3.225259016637795906e-01
6.738350430983315320e-01 3.298780826193333793e-01
6.734587083576506483e-01 3.323288096045179385e-01
6.725081068374179072e-01 3.347795365897025532e-01
6.708673658897096326e-01 3.374252077668905003e-01
6.684166389045249623e-01 3.395160377822228348e-01
6.659659119193404031e-01 3.404659890475136841e-01
6.586137309637867254e-01 3.412591102096224072e-01
6.512615500082328257e-01 3.430177496091307288e-01
6.316557341267561299e-01 3.434668150819614185e-01
6.292050071415715706e-01 3.437341159586462247e-01
6.218528261860177819e-01 3.454684765943153435e-01
6.194020992008332227e-01 3.457346519936246865e-01
5.997962833193565269e-01 3.459175420671459777e-01
5.973455563341719676e-01 3.461848429438308394e-01
5.899933753786181789e-01 3.479192035794999027e-01
5.875426483934336197e-01 3.481853789788093012e-01
5.654861055267722536e-01 3.481853789788093012e-01
5.630353785415876944e-01 3.479192035794999027e-01
5.556831975860339057e-01 3.461848429438308394e-01
5.360773817045572098e-01 3.454684765943153435e-01
5.287252007490034211e-01 3.437341159586462247e-01
5.140208388378958437e-01 3.430177496091307288e-01
5.066686578823421661e-01 3.412591102096224072e-01
4.993164769267883218e-01 3.405907301227538708e-01
4.919642959712345887e-01 3.388326619882771062e-01
4.821613880304962407e-01 3.381162956387615548e-01
4.699077531045732781e-01 3.351550512084001676e-01
4.601048451638349301e-01 3.319928228404200876e-01
4.184424864156969237e-01 3.216532943281457113e-01
4.135410324453276942e-01 3.209849142412771750e-01
4.061888514897739610e-01 3.192025673429611521e-01
4.012873975194047871e-01 3.185341872560926157e-01
3.939352165638509984e-01 3.167518403577765373e-01
3.890337625934818244e-01 3.160834602709080010e-01
3.718786736971896878e-01 3.118503863874073634e-01
3.669772197268205138e-01 3.111820063005388270e-01
3.596250387712667251e-01 3.093996594022228042e-01
3.547235848008976067e-01 3.087312793153542678e-01
3.473714038453438180e-01 3.069732111808773922e-01
3.375684959046054701e-01 3.062568448313618963e-01
3.302163149490516814e-01 3.045224841956928330e-01
3.130612260527595447e-01 3.038061178461772815e-01
3.057090450972057560e-01 3.020717572105082738e-01
3.032583181120211968e-01 3.018044563338233566e-01
2.934554101712828489e-01 3.018044563338233566e-01
2.910046831860982341e-01 3.020717572105082738e-01
2.836525022305445010e-01 3.038061178461772815e-01
2.640466863490677496e-01 3.045224841956928330e-01
2.566945053935140164e-01 3.062805523301696531e-01
2.493423244379602277e-01 3.069489324170381894e-01
2.419901434824064390e-01 3.087312793153542678e-01
2.346379625268527058e-01 3.093996594022228042e-01
2.272857815712989171e-01 3.111820063005388270e-01
2.223843276009297432e-01 3.118503863874073634e-01
2.052292387046376065e-01 3.160834602709080010e-01
2.003277847342684326e-01 3.167518403577765373e-01
1.929756037787146439e-01 3.185341872560926157e-01
1.856234228231609107e-01 3.197445210377367619e-01
1.684683339268687741e-01 3.253521432676618197e-01
1.611161529713149854e-01 3.270913688700509137e-01
1.317074291490999416e-01 3.368887688310499007e-01
1.243552481935461529e-01 3.400626611561250456e-01
1.121016132676231902e-01 3.442409497866036894e-01
1.072001592972540163e-01 3.464409124942058327e-01
7.288998150466979853e-02 3.638162750659520439e-01
6.798852753430062457e-02 3.670547357249460685e-01
5.573489260837766190e-02 3.736629459885687510e-01
4.838271165282387321e-02 3.793159297113752881e-01
3.857980371208552528e-02 3.858660545626867444e-01
3.367834974171635132e-02 3.899709085927881569e-01
1.310638187569568291e-02 4.107520731304248329e-01
1.129358451096779126e-02 4.132028001156093922e-01
6.128093883266239050e-03 4.230057080563477401e-01
4.012694864602928124e-03 4.279071620267169695e-01
9.705703625220163389e-04 4.401607969526398767e-01
0.000000000000000000e+00 4.597666128341166281e-01
5.203794123158633766e-04 4.671187937896703612e-01
7.032694858371546509e-04 4.916260636415162866e-01
9.705703625220163389e-04 4.940767906267008458e-01
6.463421849787487350e-03 5.161333334933622119e-01
8.578820868450853787e-03 5.210347874637313303e-01
1.619503848133696522e-02 5.357391493748389077e-01
2.536001680161864558e-02 5.479927843007618149e-01
3.122762275653173658e-02 5.540695869272910246e-01
3.612907672690096605e-02 5.581744409573923260e-01
5.083343863800848794e-02 5.679705855282040083e-01
9.004507040096193515e-02 5.877966750851348898e-01
9.494652437133110912e-02 5.899120741037982008e-01
1.022987053268848423e-01 5.917303554153867662e-01
1.096508862824386310e-01 5.941749264232156769e-01
1.170030672379923642e-01 5.972684670438586085e-01
1.292567021639153269e-01 6.003306583252721040e-01
1.366088831194691156e-01 6.015392239056283064e-01
1.464117910602074635e-01 6.046901586008656126e-01
1.537639720157612522e-01 6.059004923825097588e-01
1.611161529713149854e-01 6.076828392808258927e-01
1.660176069416841593e-01 6.083512193676944291e-01
1.733697878972379480e-01 6.101335662660104520e-01
1.782712418676071220e-01 6.108019463528789883e-01
1.856234228231609107e-01 6.125842932511951222e-01
1.929756037787146439e-01 6.132526733380635475e-01
2.003277847342684326e-01 6.150107414725404231e-01
2.125814196601913952e-01 6.157271078220558636e-01
2.199336006157451284e-01 6.174857472215642407e-01
2.248350545861143024e-01 6.181541273084327770e-01
2.321872355416680911e-01 6.199364742067487999e-01
2.370886895120372651e-01 6.206048542936173362e-01
2.493423244379602277e-01 6.235898062227864802e-01
2.591452323786985756e-01 6.267467014675269787e-01
2.640466863490677496e-01 6.275316772751482475e-01
2.738495942898061530e-01 6.279807427479788817e-01
2.812017752453598862e-01 6.297151033836478895e-01
2.836525022305445010e-01 6.299824042603328067e-01
3.008075911268366376e-01 6.301652943338540425e-01
3.057090450972057560e-01 6.309479477278433501e-01
3.155119530379441040e-01 6.340988824230806564e-01
3.204134070083133334e-01 6.348838582307020362e-01
3.375684959046054701e-01 6.353329237035326704e-01
3.449206768601592032e-01 6.370672843392016782e-01
3.547235848008976067e-01 6.375174752894078312e-01
3.596250387712667251e-01 6.383001286833971388e-01
3.767801276675588618e-01 6.439071234870586968e-01
3.841323086231126505e-01 6.456463490894477353e-01
3.914844895786664392e-01 6.480909200972766460e-01
3.988366705342201723e-01 6.511802487334129586e-01
4.086395784749585203e-01 6.530044905945047162e-01
4.233439403860660422e-01 6.578938280380149939e-01
4.454004832527274083e-01 6.684199013186439275e-01
4.527526642082811414e-01 6.708597872008494889e-01
4.601048451638349301e-01 6.721565694485904796e-01
4.625555721490194894e-01 6.730017420361150693e-01
4.650062991342041041e-01 6.745289049603397924e-01
4.699077531045732781e-01 6.788474665000889807e-01
4.772599340601270668e-01 6.842202141214552835e-01
4.846121150156808000e-01 6.911011014260119989e-01
4.968657499416037626e-01 7.003166060980985375e-01
5.042179308971574958e-01 7.052047706398398841e-01
5.091193848675267253e-01 7.075074415380587789e-01
5.115701118527112845e-01 7.079984516069151024e-01
5.140208388378958437e-01 7.079318954053084312e-01
5.164715658230805140e-01 7.070257442511225232e-01
5.188956544714695696e-01 7.048393113525754927e-01
5.201476563008573528e-01 7.023885843673909335e-01
5.206144614408925175e-01 6.999378573822063743e-01
5.199531541591759787e-01 6.950364034118372558e-01
5.190261371720440442e-01 6.925856764266525856e-01
5.164507969503246976e-01 6.876842224562834671e-01
5.157908083271959265e-01 6.852334954710987969e-01
5.158297087555321347e-01 6.827827684859142376e-01
5.168104961508187545e-01 6.803320415007296784e-01
5.189222928082650732e-01 6.782642406069800955e-01
5.213730197934496324e-01 6.774996439194916897e-01
5.238237467786341917e-01 6.776639113152463922e-01
5.287252007490034211e-01 6.787539218511789985e-01
5.385281086897417691e-01 6.794460094368552916e-01
5.556831975860339057e-01 6.836310970577088586e-01
5.703875594971414831e-01 6.843474634072244100e-01
5.777397404526951608e-01 6.860818240428935288e-01
5.801904674378798310e-01 6.863491249195783350e-01
6.120499182452794340e-01 6.865320149930996818e-01
6.145006452304639932e-01 6.867981903924089693e-01
6.218528261860177819e-01 6.885325510280780881e-01
6.243035531712024522e-01 6.887998519047630053e-01
6.708673658897096326e-01 6.887998519047630053e-01
6.733180928748941918e-01 6.885325510280780881e-01
6.806702738304479805e-01 6.867981903924089693e-01
6.831210008156325397e-01 6.865320149930996818e-01
7.051775436822937948e-01 6.863491249195783350e-01
7.076282706674784651e-01 6.860818240428935288e-01
7.149804516230322537e-01 6.843474634072244100e-01
7.345862675045089496e-01 6.836310970577088586e-01
7.419384484600627383e-01 6.818967364220398508e-01
7.541920833859856454e-01 6.811803700725242994e-01
7.615442643415394341e-01 6.794223019380475348e-01
7.664457183119086636e-01 6.787539218511789985e-01
7.737978992674623413e-01 6.769715749528628645e-01
7.786993532378315708e-01 6.763031948659943282e-01
7.860515341933853595e-01 6.745208479676783053e-01
7.934037151489390371e-01 6.738524678808097690e-01
8.007558961044928258e-01 6.720701209824937461e-01
8.081080770600466145e-01 6.714017408956252098e-01
8.154602580156004032e-01 6.696193939973091869e-01
8.203617119859696327e-01 6.689510139104406505e-01
8.277138929415233104e-01 6.671686670121245166e-01
8.326153469118925399e-01 6.665002869252560913e-01
8.399675278674463286e-01 6.647179400269399574e-01
8.448689818378154470e-01 6.640495599400714211e-01
8.767284326452151610e-01 6.561607584129816040e-01
8.865313405859533979e-01 6.529985300450015240e-01
8.938835215415072977e-01 6.512593044426124855e-01
9.232922453637223414e-01 6.414619044816134430e-01
9.281936993340915709e-01 6.392619417740112997e-01
9.379966072748298078e-01 6.340964511463096365e-01
9.404473342600143670e-01 6.322836537815818003e-01
9.477995152155682668e-01 6.254027664770250849e-01
9.551516961711219444e-01 6.200300188556588932e-01
9.609901928122970283e-01 6.141624129007456911e-01
9.628320994907628716e-01 6.117116859155611319e-01
9.704483171036490941e-01 5.970073240044536655e-01
9.726482798112512373e-01 5.921058700340844361e-01
9.743758414565454329e-01 5.872044160637153176e-01
9.767997845402525137e-01 5.823029620933460881e-01
9.800244253102321501e-01 5.774015081229768587e-01
9.823306601953412098e-01 5.725000541526077402e-01
9.832253224566320782e-01 5.675986001822385107e-01
9.836743879294624904e-01 5.504435112859463741e-01
9.903344812993402080e-01 5.234855144489158896e-01
9.910028613862086333e-01 5.161333334933622119e-01
9.927609295206856199e-01 5.087811525378084232e-01
9.932111204708916619e-01 4.940767906267008458e-01
9.939937738648808585e-01 4.891753366563316718e-01
9.995565351169665158e-01 4.720202477600395352e-01
1.000000000000000000e+00 4.695695207748549760e-01
1.000000000000000000e+00 4.671187937896703612e-01
9.983787498405700678e-01 4.597666128341166281e-01
9.981125744412608913e-01 4.524144318785628394e-01
9.992045181261204334e-01 4.450622509230090507e-01
9.992045181261204334e-01 4.426115239378244914e-01
9.970709859741584413e-01 4.303578890119015288e-01
9.922540956927280442e-01 4.181042540859786216e-01
9.841787493972837808e-01 4.009491651896864850e-01
9.792834514042703109e-01 3.862448032785789076e-01
9.775442258018811614e-01 3.788926223230251744e-01
9.750990067964359076e-01 3.715404413674713857e-01
9.728990440888337643e-01 3.666389873971022118e-01
9.653265894578259010e-01 3.519346254859946344e-01
9.620881287988319874e-01 3.470331715156255159e-01
9.554799185352091939e-01 3.347795365897025532e-01
9.536671211704813578e-01 3.323288096045179385e-01
9.428980612451990373e-01 3.215597496792356735e-01
9.306444263192761301e-01 3.123947713589539932e-01
9.257429723489069007e-01 3.096800077164370002e-01
9.208415183785376712e-01 3.074800450088348569e-01
9.159400644081685527e-01 3.057524833635408279e-01
9.036864294822455346e-01 3.002124277422199006e-01
8.816298866155842795e-01 2.946952974911152268e-01
8.742777056600306018e-01 2.940269174042466904e-01
