8.666656212757950506e-01 3.026925248119503031e-01
8.267421438875994788e-01 3.026925248119503031e-01
8.183372012795584460e-01 3.044087349644647444e-01
7.994260804114659003e-01 3.050229423088985370e-01
7.931223734554349036e-01 3.065099706164750026e-01
7.847174308473938709e-01 3.071241779609088507e-01
7.784137238913629853e-01 3.086112062684853163e-01
7.700087812833218415e-01 3.092254136129191089e-01
7.637050743272909559e-01 3.107327685590873245e-01
7.574013673712600703e-01 3.113058328278174303e-01
7.510976604152292957e-01 3.128340042110976382e-01
7.447939534591984101e-01 3.134070684798276885e-01
7.384902465031675245e-01 3.149352398631078964e-01
7.342877751991470081e-01 3.155083041318380022e-01
7.279840682431161225e-01 3.170364755151181546e-01
7.237815969390954951e-01 3.176095397838483159e-01
7.174778899830647205e-01 3.191173845285367738e-01
7.090729473750234657e-01 3.197315918729705664e-01
7.069717117230132075e-01 3.201754426273023535e-01
6.943642978109514363e-01 3.243686188477725718e-01
6.859593552029104035e-01 3.285824697945221029e-01
6.838581195509000343e-01 3.301617073039899708e-01
6.809534702672388473e-01 3.330663565876512133e-01
6.793742327577709794e-01 3.351675922396615270e-01
6.749453783269564466e-01 3.435725348477026708e-01
6.731280391312082223e-01 3.477750061517231872e-01
6.712688197392867595e-01 3.540787131077540728e-01
6.699225661229450957e-01 3.561799487597643310e-01
6.670482343348177467e-01 3.591257987424846809e-01
6.649469986828074886e-01 3.607013576181079539e-01
6.607445273787868611e-01 3.627075578754356266e-01
6.586432917267766030e-01 3.632318229555261402e-01
6.502383491187354592e-01 3.638575405651865990e-01
6.418334065106943154e-01 3.655727857415118076e-01
5.872012795584269362e-01 3.655727857415118076e-01
5.787963369503856814e-01 3.638575405651865990e-01
5.661889230383240212e-01 3.632433332207527510e-01
5.598852160822931356e-01 3.617354884760642930e-01
5.556827447782726193e-01 3.611624242073342428e-01
5.493790378222417337e-01 3.596342528240540348e-01
5.430753308662108481e-01 3.590611885553239291e-01
5.325691526061594461e-01 3.565019122870884960e-01
5.241642099981183023e-01 3.537906404780429837e-01
5.178605030420874167e-01 3.522994409830679796e-01
5.031518534780153873e-01 3.474869335220121536e-01
4.968481465219845572e-01 3.459957340270370940e-01
4.842407326099228415e-01 3.417985408136283709e-01
4.779370256538920114e-01 3.390772684118446012e-01
4.674308473938405539e-01 3.354948338575975408e-01
4.569246691337891519e-01 3.312923625535769689e-01
4.422160195697171226e-01 3.243686188477725718e-01
4.106974847895628056e-01 3.138671630898475229e-01
4.001913065295114036e-01 3.113058328278174303e-01
3.959888352254908317e-01 3.107327685590873245e-01
3.896851282694599461e-01 3.092045971758071721e-01
3.854826569654393742e-01 3.086315329070770108e-01
3.791789500094085441e-01 3.071241779609088507e-01
3.602678291413159428e-01 3.067381874852238011e-01
3.518628865332747990e-01 3.051199224159143464e-01
3.497616508812645408e-01 3.051199224159143464e-01
3.413567082732233970e-01 3.067381874852238011e-01
3.182431161011102239e-01 3.071241779609088507e-01
3.119394091450793383e-01 3.086112062684853163e-01
2.993319952330176781e-01 3.092254136129191089e-01
2.930282882769867925e-01 3.107327685590873245e-01
2.867245813209559069e-01 3.113058328278174303e-01
2.804208743649250213e-01 3.128340042110976382e-01
2.741171674088941912e-01 3.134278849169397363e-01
2.636109891488427337e-01 3.165733243667133157e-01
2.573072821928119036e-01 3.176095397838483159e-01
2.510035752367810735e-01 3.191173845285367738e-01
2.425986326287399297e-01 3.197315918729705664e-01
2.278899830646679003e-01 3.233401824711490402e-01
2.236875117606473284e-01 3.239132467398791460e-01
2.131813335005958709e-01 3.264745770019092941e-01
2.047763908925547272e-01 3.291858488109548064e-01
1.984726839365238971e-01 3.306770483059298660e-01
1.837640343724518677e-01 3.354895557669856920e-01
1.774603274164210376e-01 3.370449257320313752e-01
1.711566204603901520e-01 3.396973051616181127e-01
1.480430282882770343e-01 3.474822110198857450e-01
1.417393213322461487e-01 3.502034834216695147e-01
1.249294361161638611e-01 3.558871536279268888e-01
1.144232578561124036e-01 3.607096616817209722e-01
1.039170795960610016e-01 3.648432400135444564e-01
9.761337264003011605e-02 3.667048880524230725e-01
9.130966568399928596e-02 3.712515390273654070e-01
8.500595872796840036e-02 3.752178683309955187e-01
7.660101611992725656e-02 3.787857423159750048e-01
6.399360220786554088e-02 3.852783103335853943e-01
5.348742394781413889e-02 3.916195393548306813e-01
3.457630307972153760e-02 4.057812326605840791e-01
2.114051742023270730e-02 4.192170183200729650e-01
1.114936874897531904e-02 4.339256678841449388e-01
9.068680123760608502e-03 4.381281391881655107e-01
4.935101791937124283e-03 4.486343174482169682e-01
2.291818449380311762e-04 4.675454383163095695e-01
5.551115123125782702e-17 4.843553235323918571e-01
1.716210152514496823e-03 4.927602661404330009e-01
2.330417496948289369e-03 5.011652087484741447e-01
7.039948769102910564e-03 5.200763296165666905e-01
8.853676639695606809e-03 5.242788009205873179e-01
1.538376672252039778e-02 5.368862148326489780e-01
2.324175307224296549e-02 5.473923930927003800e-01
3.667753873173185131e-02 5.608281787521892658e-01
4.928495264379356700e-02 5.687236871671262906e-01
5.768989525183471079e-02 5.729000160486613646e-01
8.290472307595814216e-02 5.812956635731520993e-01
9.130966568399928596e-02 5.823333950333260400e-01
9.761337264003011605e-02 5.838615664166062480e-01
1.039170795960610016e-01 5.844346306853362982e-01
1.102207865520918317e-01 5.859628020686165062e-01
1.165244935081227173e-01 5.865358663373465564e-01
1.228282004641535474e-01 5.880640377206267644e-01
1.291319074201844330e-01 5.886371019893569256e-01
1.354356143762153186e-01 5.901652733726371336e-01
1.396380856802358905e-01 5.907383376413671838e-01
1.459417926362667206e-01 5.922456925875353440e-01
1.543467352443078644e-01 5.928598999319691920e-01
1.606504422003387500e-01 5.943677446766576500e-01
1.669541491563695801e-01 5.949408089453877002e-01
1.732578561124004657e-01 5.964481638915559714e-01
1.816627987204416095e-01 5.970623712359897084e-01
1.879665056764724396e-01 5.985493995435662296e-01
2.005739195885341553e-01 5.991636068880000776e-01
2.068776265445650409e-01 6.006506351955764877e-01
2.320924543686884722e-01 6.012648425400103358e-01
2.404973969767296160e-01 6.029810526925247771e-01
2.678134604528633611e-01 6.033660781920205940e-01
2.741171674088941912e-01 6.048739229367090520e-01
2.804208743649250213e-01 6.059101383538441077e-01
2.888258169729662206e-01 6.086162996307098449e-01
3.077369378410588219e-01 6.132580491076382589e-01
3.182431161011102239e-01 6.138722564520719960e-01
3.329517656651822533e-01 6.174813368487708232e-01
3.392554726212130833e-01 6.180544011175008734e-01
3.455591795772439134e-01 6.195617560636691445e-01
3.539641221852850572e-01 6.201759634081028816e-01
3.623690647933262010e-01 6.218921735606173229e-01
3.959888352254908317e-01 6.220489821913643969e-01
4.064950134855422337e-01 6.239934092126276921e-01
4.401147839177068644e-01 6.241502178433746550e-01
4.485197265257480082e-01 6.258654630197000301e-01
4.695320830458508676e-01 6.262514534953849132e-01
4.737345543498714395e-01 6.270154457094508915e-01
4.779370256538920114e-01 6.291621767204591542e-01
4.802166681065446752e-01 6.314418191731119290e-01
4.823633991175529934e-01 6.356442904771324454e-01
4.828876641976434514e-01 6.377455261291427036e-01
4.835244022740102232e-01 6.461504687371839584e-01
4.840512769363808920e-01 6.482517043891942166e-01
4.860605527728246167e-01 6.524541756932147329e-01
4.876397902822924291e-01 6.545554113452249911e-01
4.905444395659537271e-01 6.574600606288862892e-01
4.926456752179639853e-01 6.590392981383541571e-01
5.157592673900771585e-01 6.710463590069843942e-01
5.220629743461080441e-01 6.758491833544364447e-01
5.262654456501285605e-01 6.778892943518231018e-01
5.325691526061594461e-01 6.794482756420243685e-01
5.388728595621903317e-01 6.815442332034227224e-01
5.493790378222417337e-01 6.863667412572168613e-01
5.598852160822931356e-01 6.905692125612373777e-01
5.661889230383240212e-01 6.926657257111212829e-01
5.766951012983754232e-01 6.952270559731514865e-01
5.829988082544063088e-01 6.958001202418815367e-01
5.893025152104371944e-01 6.973074751880496969e-01
5.956062221664680800e-01 6.973074751880496969e-01
6.019099291224988546e-01 6.958001202418815367e-01
6.082136360785297402e-01 6.952270559731514865e-01
6.166185786865708840e-01 6.934909943597141746e-01
6.586432917267766030e-01 6.933341857289671006e-01
6.670482343348177467e-01 6.916179755764526593e-01
6.796556482468795179e-01 6.910037682320188113e-01
6.943642978109514363e-01 6.873951776338402819e-01
7.006680047669823219e-01 6.868221133651102317e-01
7.069717117230132075e-01 6.852939419818300237e-01
7.132754186790440931e-01 6.847208777130999735e-01
7.195791256350749787e-01 6.831927063298197655e-01
7.237815969390954951e-01 6.826196420610897153e-01
7.300853038951263807e-01 6.810914706778095074e-01
7.363890108511572663e-01 6.805184064090794571e-01
7.426927178071880409e-01 6.790105616643908881e-01
7.553001317192498121e-01 6.783963543199571511e-01
7.616038386752805867e-01 6.769093260123806299e-01
7.721100169353320997e-01 6.765243005128848131e-01
7.763124882393526160e-01 6.757880586998128436e-01
7.826161951953836127e-01 6.732123504812195236e-01
7.868186664994041291e-01 6.725727230180594818e-01
7.889199021514143872e-01 6.727183649735866133e-01
7.952236091074452728e-01 6.741938830159365237e-01
8.015273160634761584e-01 6.744230648608745549e-01
8.141347299755378186e-01 6.721134638010383133e-01
8.204384369315687042e-01 6.706056190563497443e-01
8.330458508436304754e-01 6.699914117119160073e-01
8.393495577996612500e-01 6.685043834043394861e-01
8.540582073637332794e-01 6.678901760599056381e-01
8.603619143197640540e-01 6.664031477523292279e-01
8.729693282318258252e-01 6.657889404078953799e-01
8.792730351878567108e-01 6.643019121003188587e-01
8.876779777958978546e-01 6.636877047558851217e-01
8.981841560559493676e-01 6.611471909309669659e-01
9.107915699680110277e-01 6.569494421290728026e-01
9.212977482280624297e-01 6.527469708250522862e-01
9.465125760521858611e-01 6.403631671532572511e-01
9.507150473562064885e-01 6.380269416182512421e-01
9.528162830082167467e-01 6.364726622245595600e-01
9.591199899642475213e-01 6.305730390477615188e-01
9.635851157247694587e-01 6.272393478690913016e-01
9.654236969202785179e-01 6.254007666735823534e-01
9.687573880989486241e-01 6.209356409130604160e-01
9.746570112757466653e-01 6.146319339570296414e-01
9.762112906694384584e-01 6.125306983050192722e-01
9.867288485722187641e-01 5.915183417849164682e-01
9.888253617221026692e-01 5.852146348288855826e-01
9.924177968690881535e-01 5.705059852648135532e-01
9.951244960967096098e-01 5.621010426567724094e-01
9.961622275568835505e-01 5.557973357007415238e-01
9.976903989401637585e-01 5.494936287447107492e-01
9.982634632088938087e-01 5.431899217886798636e-01
1.000000000000000000e+00 5.347849791806387199e-01
1.000000000000000000e+00 5.137726226605358049e-01
9.993269674007301262e-01 5.095701513565152885e-01
9.966253787052883339e-01 5.011652087484741447e-01
9.959543373267264466e-01 4.969627374444535728e-01
9.957975286959794836e-01 4.885577948364124290e-01
9.950612868829074031e-01 4.843553235323918571e-01
9.924855786643140831e-01 4.780516165763609715e-01
9.906557479874511518e-01 4.696466739683198277e-01
9.906557479874511518e-01 4.675454383163095695e-01
9.913866919841328729e-01 4.633429670122889421e-01
9.913658755470209361e-01 4.570392600562581120e-01
9.898903575046709147e-01 4.507355531002272264e-01
9.898903575046709147e-01 4.465330817962066545e-01
9.910489223326851560e-01 4.402293748401758244e-01
9.907571428860476592e-01 4.381281391881655107e-01
9.882100474744556218e-01 4.318244322321346806e-01
9.840179647932265627e-01 4.192170183200729650e-01
9.835751402834134183e-01 4.171157826680626513e-01
9.829499124722733683e-01 4.087108400600215075e-01
9.824230378099026995e-01 4.066096044080112493e-01
9.804456886429835372e-01 4.024071331039906774e-01
9.776746512128027256e-01 3.982046617999701055e-01
9.714001622583733342e-01 3.855972478879083898e-01
9.657164920521159601e-01 3.687873626718261022e-01
9.573376918665603696e-01 3.519774774557438146e-01
9.489385481231431552e-01 3.393700635436820434e-01
9.454190758659356542e-01 3.351675922396615270e-01
9.402088690961549755e-01 3.301367491882137850e-01
9.297026908361035735e-01 3.222787628384912173e-01
9.191965125760521715e-01 3.159375338172458747e-01
9.107915699680110277e-01 3.117612049357108006e-01
9.044878630119801421e-01 3.096646917858270065e-01
8.939816847519287402e-01 3.071033615237968584e-01
8.897792134479081128e-01 3.065302972550667526e-01
8.834755064918773382e-01 3.050229423088985370e-01
8.750705638838360834e-01 3.044087349644647444e-01
