8.766094420600858417e-01 2.993562231759656633e-01
8.572961373390557416e-01 2.993562231759656633e-01
8.551502145922746934e-01 3.015021459227468226e-01
8.229613733905578599e-01 3.015021459227468226e-01
8.208154506437768116e-01 3.036480686695278708e-01
8.036480686695278708e-01 3.036480686695278708e-01
8.015021459227467115e-01 3.057939914163090300e-01
7.886266094420600892e-01 3.057939914163090300e-01
7.864806866952789299e-01 3.079399141630901338e-01
7.757510729613734668e-01 3.079399141630901338e-01
7.736051502145921965e-01 3.100858369098712375e-01
7.650214592274677816e-01 3.100858369098712375e-01
7.628755364806867334e-01 3.122317596566523967e-01
7.542918454935622075e-01 3.122317596566523967e-01
7.521459227467810482e-01 3.143776824034334449e-01
7.435622317596566333e-01 3.143776824034334449e-01
7.414163090128755851e-01 3.165236051502146042e-01
7.349785407725322184e-01 3.165236051502146042e-01
7.328326180257510591e-01 3.186695278969957079e-01
7.221030042918454850e-01 3.186695278969957079e-01
7.199570815450644368e-01 3.208154506437768116e-01
7.113733905579399108e-01 3.208154506437768116e-01
7.006437768240343367e-01 3.251072961373390191e-01
6.909871244635192866e-01 3.347639484978540692e-01
6.834763948497853958e-01 3.530042918454935341e-01
6.748927038626609809e-01 3.572961373390557971e-01
6.684549356223176142e-01 3.572961373390557971e-01
6.663090128755364550e-01 3.594420600858369008e-01
6.577253218884120400e-01 3.594420600858369008e-01
6.555793991416308808e-01 3.615879828326180601e-01
6.427038626609442584e-01 3.615879828326180601e-01
6.405579399141630992e-01 3.637339055793991083e-01
6.298283261802575250e-01 3.637339055793991083e-01
6.276824034334763658e-01 3.658798283261802675e-01
6.083690987124463767e-01 3.658798283261802675e-01
6.062231759656652175e-01 3.680257510729613712e-01
5.461373390557939800e-01 3.680257510729613712e-01
5.311158798283261984e-01 3.594420600858369008e-01
5.182403433476394650e-01 3.487124463519313267e-01
5.075107296137338908e-01 3.444206008583691192e-01
5.032188841201716833e-01 3.401287553648068562e-01
4.967811158798283167e-01 3.401287553648068562e-01
4.774678111587982721e-01 3.572961373390557971e-01
4.688841201716738016e-01 3.594420600858369008e-01
4.023605150214591974e-01 3.358369098712446488e-01
3.959227467811158863e-01 3.358369098712446488e-01
3.809012875536480491e-01 3.293991416309012821e-01
3.744635193133046824e-01 3.293991416309012821e-01
3.723175965665236342e-01 3.272532188841201783e-01
3.658798283261802675e-01 3.272532188841201783e-01
3.637339055793991083e-01 3.251072961373390191e-01
3.551502145922746934e-01 3.251072961373390191e-01
3.530042918454935341e-01 3.229613733905579709e-01
3.422746781115879600e-01 3.229613733905579709e-01
3.401287553648068562e-01 3.208154506437768116e-01
3.186695278969957079e-01 3.208154506437768116e-01
3.165236051502146042e-01 3.186695278969957079e-01
2.843347639484978817e-01 3.186695278969957079e-01
2.821888412017167225e-01 3.208154506437768116e-01
2.628755364806867334e-01 3.208154506437768116e-01
2.607296137339055742e-01 3.229613733905579709e-01
2.500000000000000000e-01 3.229613733905579709e-01
2.478540772532188963e-01 3.251072961373390191e-01
2.371244635193133221e-01 3.251072961373390191e-01
2.349785407725321629e-01 3.272532188841201783e-01
2.263948497854077480e-01 3.272532188841201783e-01
2.242489270386265887e-01 3.293991416309012821e-01
2.156652360515021183e-01 3.293991416309012821e-01
2.135193133047210146e-01 3.315450643776823858e-01
2.070815450643777034e-01 3.315450643776823858e-01
2.049356223175965441e-01 3.336909871244635450e-01
1.984978540772532329e-01 3.336909871244635450e-01
1.963519313304721292e-01 3.358369098712446488e-01
1.899141630901287625e-01 3.358369098712446488e-01
1.748927038626609254e-01 3.422746781115879600e-01
1.684549356223176142e-01 3.422746781115879600e-01
1.427038626609442029e-01 3.530042918454935341e-01
1.384120171673819955e-01 3.530042918454935341e-01
1.319742489270386288e-01 3.572961373390557971e-01
1.276824034334764213e-01 3.572961373390557971e-01
1.169527896995707916e-01 3.637339055793991083e-01
1.126609442060085842e-01 3.637339055793991083e-01
9.978540772532190628e-02 3.701716738197424750e-01
9.549356223175964331e-02 3.744635193133046824e-01
7.618025751072959872e-02 3.830472103004292084e-01
6.545064377682402457e-02 3.916309012875536233e-01
5.901287553648071338e-02 3.937768240343347825e-01
3.540772532188840582e-02 4.109442060085837234e-01
8.583690987124470428e-03 4.377682403433476588e-01
0.000000000000000000e+00 4.549356223175965441e-01
0.000000000000000000e+00 5.000000000000000000e-01
2.145922746781103729e-03 5.021459227467811592e-01
4.291845493562207459e-03 5.150214592274677816e-01
2.253218884120172794e-02 5.418454935622317725e-01
2.467811158798283167e-02 5.418454935622317725e-01
4.613733905579397998e-02 5.633047210300429208e-01
5.257510729613734668e-02 5.654506437768240801e-01
5.686695278969955414e-02 5.697424892703862875e-01
9.549356223175964331e-02 5.847639484978540692e-01
1.019313304721030100e-01 5.847639484978540692e-01
1.040772532188841137e-01 5.869098712446352284e-01
1.105150214592274804e-01 5.869098712446352284e-01
1.126609442060085842e-01 5.890557939914162766e-01
1.190987124463519509e-01 5.890557939914162766e-01
1.212446351931330546e-01 5.912017167381974359e-01
1.298283261802575250e-01 5.912017167381974359e-01
1.319742489270386288e-01 5.933476394849785951e-01
1.405579399141630992e-01 5.933476394849785951e-01
1.427038626609442029e-01 5.954935622317596433e-01
1.534334763948497771e-01 5.954935622317596433e-01
1.555793991416308808e-01 5.976394849785408026e-01
1.663090128755364550e-01 5.976394849785408026e-01
1.684549356223176142e-01 5.997854077253218508e-01
1.791845493562231884e-01 5.997854077253218508e-01
1.813304721030042921e-01 6.019313304721030100e-01
1.920600858369098662e-01 6.019313304721030100e-01
1.942060085836909700e-01 6.040772532188840582e-01
2.070815450643777034e-01 6.040772532188840582e-01
2.092274678111588071e-01 6.062231759656652175e-01
2.199570815450643813e-01 6.062231759656652175e-01
2.221030042918454850e-01 6.083690987124463767e-01
2.349785407725321629e-01 6.083690987124463767e-01
2.371244635193133221e-01 6.105150214592274249e-01
2.564377682403433667e-01 6.105150214592274249e-01
2.585836909871244704e-01 6.126609442060085842e-01
2.671673819742489409e-01 6.126609442060085842e-01
2.693133047210300446e-01 6.148068669527897434e-01
2.778969957081545150e-01 6.148068669527897434e-01
2.800429184549356187e-01 6.169527896995707916e-01
2.907725321888411929e-01 6.169527896995707916e-01
2.929184549356222966e-01 6.190987124463519509e-01
3.036480686695278708e-01 6.190987124463519509e-01
3.057939914163090300e-01 6.212446351931329991e-01
3.229613733905579709e-01 6.212446351931329991e-01
3.251072961373390191e-01 6.233905579399141583e-01
3.379828326180257525e-01 6.233905579399141583e-01
3.401287553648068562e-01 6.255364806866953176e-01
3.830472103004292084e-01 6.255364806866953176e-01
3.851931330472103121e-01 6.276824034334763658e-01
3.959227467811158863e-01 6.276824034334763658e-01
4.012875536480686733e-01 6.330472103004292084e-01
3.991416309012875696e-01 6.459227467811159418e-01
4.109442060085837234e-01 6.598712446351930883e-01
4.495708154506437570e-01 6.877682403433476033e-01
4.560085836909871237e-01 6.899141630901287625e-01
4.635193133047210146e-01 6.866952789699570792e-01
4.656652360515021183e-01 6.759656652360515050e-01
4.688841201716738016e-01 6.727467811158798217e-01
4.753218884120171683e-01 6.748927038626609809e-01
4.924892703862661092e-01 6.899141630901287625e-01
4.989270386266094204e-01 6.899141630901287625e-01
5.010729613733905241e-01 6.920600858369099218e-01
5.096566523605150500e-01 6.877682403433476033e-01
5.203862660944206242e-01 6.877682403433476033e-01
5.332618025751072466e-01 6.920600858369099218e-01
5.354077253218884058e-01 6.942060085836909700e-01
5.396995708154506133e-01 6.942060085836909700e-01
5.418454935622317725e-01 6.963519313304721292e-01
5.504291845493561874e-01 6.963519313304721292e-01
5.525751072961373467e-01 6.984978540772531774e-01
5.568669527896995541e-01 6.984978540772531774e-01
5.590128755364807134e-01 7.006437768240343367e-01
5.783261802575107025e-01 7.006437768240343367e-01
5.847639484978540692e-01 6.963519313304721292e-01
5.890557939914162766e-01 6.963519313304721292e-01
5.912017167381974359e-01 6.942060085836909700e-01
5.954935622317596433e-01 6.942060085836909700e-01
5.976394849785408026e-01 6.920600858369099218e-01
6.062231759656652175e-01 6.920600858369099218e-01
6.083690987124463767e-01 6.899141630901287625e-01
6.169527896995707916e-01 6.899141630901287625e-01
6.190987124463519509e-01 6.877682403433476033e-01
6.276824034334763658e-01 6.877682403433476033e-01
6.298283261802575250e-01 6.856223175965665551e-01
6.384120171673819399e-01 6.856223175965665551e-01
6.405579399141630992e-01 6.834763948497853958e-01
6.491416309012875141e-01 6.834763948497853958e-01
6.512875536480686733e-01 6.813304721030042366e-01
6.555793991416308808e-01 6.813304721030042366e-01
6.577253218884120400e-01 6.791845493562231884e-01
6.684549356223176142e-01 6.791845493562231884e-01
6.706008583690987734e-01 6.770386266094420291e-01
6.770386266094420291e-01 6.770386266094420291e-01
6.791845493562231884e-01 6.748927038626609809e-01
6.899141630901287625e-01 6.748927038626609809e-01
6.963519313304721292e-01 6.706008583690987734e-01
7.092274678111587516e-01 6.706008583690987734e-01
7.113733905579399108e-01 6.684549356223176142e-01
7.285407725321888517e-01 6.684549356223176142e-01
7.306866952789698999e-01 6.706008583690987734e-01
7.371244635193132666e-01 6.706008583690987734e-01
7.392703862660944258e-01 6.684549356223176142e-01
7.435622317596566333e-01 6.684549356223176142e-01
7.457081545064377925e-01 6.663090128755364550e-01
7.693133047210301001e-01 6.663090128755364550e-01
7.757510729613734668e-01 6.620171673819742475e-01
7.907725321888412484e-01 6.620171673819742475e-01
7.929184549356222966e-01 6.598712446351930883e-01
8.701716738197424750e-01 6.598712446351930883e-01
8.723175965665235232e-01 6.577253218884120400e-01
8.766094420600858417e-01 6.577253218884120400e-01
8.830472103004292084e-01 6.534334763948497216e-01
9.195278969957081383e-01 6.534334763948497216e-01
9.345493562231759199e-01 6.448497854077253066e-01
9.581545064377682275e-01 6.233905579399141583e-01
9.645922746781115942e-01 6.212446351931329991e-01
9.763948497854078035e-01 6.072961373390557416e-01
9.763948497854078035e-01 6.008583690987124859e-01
9.785407725321888517e-01 5.987124463519313267e-01
9.785407725321888517e-01 5.922746781115879600e-01
9.806866952789698999e-01 5.901287553648069117e-01
9.806866952789698999e-01 5.858369098712445933e-01
9.914163090128755851e-01 5.665236051502146042e-01
9.914163090128755851e-01 5.600858369098712375e-01
9.935622317596566333e-01 5.579399141630900782e-01
9.935622317596566333e-01 5.536480686695278708e-01
9.957081545064377925e-01 5.515021459227468226e-01
9.957081545064377925e-01 5.407725321888412484e-01
9.978540772532189518e-01 5.386266094420600892e-01
9.978540772532189518e-01 5.257510729613733558e-01
1.000000000000000000e+00 5.236051502145923076e-01
1.000000000000000000e+00 4.785407725321888517e-01
9.978540772532189518e-01 4.763948497854077480e-01
9.978540772532189518e-01 4.656652360515021183e-01
9.957081545064377925e-01 4.635193133047210146e-01
9.957081545064377925e-01 4.570815450643777034e-01
9.935622317596566333e-01 4.549356223175965441e-01
9.935622317596566333e-01 4.463519313304721292e-01
9.914163090128755851e-01 4.442060085836909700e-01
9.914163090128755851e-01 4.399141630901287625e-01
9.935622317596566333e-01 4.377682403433476588e-01
9.935622317596566333e-01 4.141630901287553512e-01
9.892703862660944258e-01 4.077253218884120400e-01
9.892703862660944258e-01 3.991416309012875696e-01
9.871244635193132666e-01 3.969957081545064659e-01
9.871244635193132666e-01 3.905579399141630992e-01
9.849785407725322184e-01 3.884120171673819399e-01
9.849785407725322184e-01 3.819742489270386288e-01
9.828326180257510591e-01 3.798283261802575250e-01
9.828326180257510591e-01 3.755364806866952621e-01
9.806866952789698999e-01 3.733905579399141583e-01
9.806866952789698999e-01 3.583690987124463767e-01
9.763948497854078035e-01 3.497854077253218508e-01
9.635193133047210701e-01 3.369098712446352284e-01
9.635193133047210701e-01 3.347639484978540692e-01
9.474248927038626533e-01 3.208154506437768116e-01
9.281115879828325532e-01 3.100858369098712375e-01
9.238197424892704568e-01 3.100858369098712375e-01
9.216738197424892975e-01 3.079399141630901338e-01
9.173819742489270901e-01 3.079399141630901338e-01
9.152360515021459308e-01 3.057939914163090300e-01
9.066523605150214049e-01 3.057939914163090300e-01
9.045064377682403567e-01 3.036480686695278708e-01
8.980686695278969900e-01 3.036480686695278708e-01
8.959227467811159418e-01 3.015021459227468226e-01
8.787553648068668899e-01 3.015021459227468226e-01
