8.851010101010101661e-01 2.752525252525252486e-01
8.219696969696970168e-01 2.752525252525252486e-01
8.194444444444444198e-01 2.777777777777777901e-01
8.093434343434343647e-01 2.777777777777777901e-01
8.068181818181818787e-01 2.803030303030302761e-01
7.765151515151514916e-01 2.803030303030302761e-01
7.739898989898990056e-01 2.828282828282828176e-01
7.689393939393939226e-01 2.828282828282828176e-01
7.664141414141414366e-01 2.853535353535353591e-01
7.411616161616161325e-01 2.853535353535353591e-01
7.386363636363636465e-01 2.878787878787878451e-01
7.335858585858585634e-01 2.878787878787878451e-01
7.260101010101009944e-01 2.929292929292929282e-01
7.184343434343434254e-01 2.929292929292929282e-01
7.159090909090909394e-01 2.954545454545454142e-01
6.931818181818181213e-01 2.954545454545454142e-01
6.906565656565656353e-01 2.979797979797980112e-01
6.830808080808080662e-01 2.979797979797980112e-01
6.805555555555555802e-01 3.005050505050504972e-01
6.755050505050504972e-01 3.005050505050504972e-01
6.654040404040404422e-01 3.055555555555555802e-01
6.578282828282828731e-01 3.131313131313131493e-01
6.553030303030302761e-01 3.131313131313131493e-01
6.426767676767677351e-01 3.257575757575757458e-01
6.250000000000000000e-01 3.358585858585858563e-01
6.148989898989899450e-01 3.358585858585858563e-01
6.123737373737373479e-01 3.383838383838383423e-01
5.593434343434343647e-01 3.383838383838383423e-01
5.568181818181817677e-01 3.358585858585858563e-01
5.366161616161616577e-01 3.358585858585858563e-01
5.340909090909090606e-01 3.333333333333333703e-01
5.265151515151514916e-01 3.333333333333333703e-01
5.239898989898990056e-01 3.308080808080807733e-01
5.138888888888888395e-01 3.308080808080807733e-01
5.113636363636363535e-01 3.282828282828282873e-01
5.037878787878787845e-01 3.282828282828282873e-01
5.012626262626262985e-01 3.257575757575757458e-01
4.936868686868686740e-01 3.257575757575757458e-01
4.911616161616161880e-01 3.232323232323232043e-01
4.861111111111111049e-01 3.232323232323232043e-01
4.835858585858585634e-01 3.207070707070707183e-01
4.760101010101009944e-01 3.207070707070707183e-01
4.734848484848485084e-01 3.181818181818181768e-01
4.684343434343434254e-01 3.181818181818181768e-01
4.608585858585858563e-01 3.131313131313131493e-01
4.558080808080808288e-01 3.131313131313131493e-01
4.532828282828282873e-01 3.106060606060606077e-01
4.482323232323232043e-01 3.106060606060606077e-01
4.457070707070707183e-01 3.080808080808080662e-01
4.406565656565656353e-01 3.080808080808080662e-01
4.330808080808080662e-01 3.030303030303030387e-01
4.280303030303030387e-01 3.030303030303030387e-01
4.255050505050504972e-01 3.005050505050504972e-01
4.204545454545454697e-01 3.005050505050504972e-01
4.078282828282828176e-01 2.929292929292929282e-01
4.027777777777777901e-01 2.929292929292929282e-01
4.002525252525252486e-01 2.904040404040404422e-01
3.901515151515151381e-01 2.904040404040404422e-01
3.876262626262626521e-01 2.878787878787878451e-01
3.724747474747475140e-01 2.878787878787878451e-01
3.699494949494949170e-01 2.853535353535353591e-01
3.472222222222222099e-01 2.853535353535353591e-01
3.446969696969697239e-01 2.828282828282828176e-01
3.320707070707070718e-01 2.803030303030302761e-01
3.295454545454545858e-01 2.828282828282828176e-01
2.840909090909090606e-01 2.828282828282828176e-01
2.815656565656565746e-01 2.853535353535353591e-01
2.613636363636363535e-01 2.853535353535353591e-01
2.588383838383838675e-01 2.878787878787878451e-01
2.436868686868686740e-01 2.878787878787878451e-01
2.411616161616161880e-01 2.904040404040404422e-01
2.310606060606060774e-01 2.904040404040404422e-01
2.285353535353535359e-01 2.929292929292929282e-01
2.209595959595959669e-01 2.929292929292929282e-01
2.184343434343434254e-01 2.954545454545454142e-01
2.108585858585858563e-01 2.954545454545454142e-01
2.083333333333333148e-01 2.979797979797980112e-01
2.032828282828282873e-01 2.979797979797980112e-01
2.007575757575757458e-01 3.005050505050504972e-01
1.906565656565656353e-01 3.005050505050504972e-01
1.881313131313131493e-01 3.030303030303030387e-01
1.830808080808080662e-01 3.030303030303030387e-01
1.805555555555555802e-01 3.055555555555555802e-01
1.755050505050504972e-01 3.055555555555555802e-01
1.729797979797979557e-01 3.080808080808080662e-01
1.679292929292929282e-01 3.080808080808080662e-01
1.654040404040403867e-01 3.106060606060606077e-01
1.578282828282828176e-01 3.106060606060606077e-01
1.502525252525252486e-01 3.156565656565656353e-01
1.452020202020202211e-01 3.156565656565656353e-01
1.376262626262626521e-01 3.207070707070707183e-01
1.325757575757575690e-01 3.207070707070707183e-01
1.300505050505050275e-01 3.232323232323232043e-01
1.250000000000000000e-01 3.232323232323232043e-01
8.712121212121209934e-02 3.434343434343434254e-01
8.207070707070707183e-02 3.434343434343434254e-01
4.166666666666668517e-02 3.686868686868686740e-01
1.262626262626265206e-02 3.977272727272727071e-01
2.525252525252541513e-03 4.179292929292929282e-01
2.525252525252541513e-03 4.229797979797980112e-01
0.000000000000000000e+00 4.255050505050504972e-01
0.000000000000000000e+00 4.633838383838383979e-01
2.525252525252541513e-03 4.659090909090909394e-01
2.525252525252541513e-03 4.785353535353535359e-01
5.050505050505027516e-03 4.810606060606060774e-01
5.050505050505027516e-03 4.886363636363636465e-01
1.262626262626265206e-02 4.962121212121212155e-01
1.262626262626265206e-02 4.987373737373737570e-01
4.924242424242425420e-02 5.353535353535353591e-01
6.944444444444441977e-02 5.454545454545454142e-01
7.449494949494950280e-02 5.454545454545454142e-01
7.702020202020204431e-02 5.479797979797980112e-01
8.459595959595961334e-02 5.479797979797980112e-01
8.712121212121209934e-02 5.505050505050504972e-01
9.722222222222220989e-02 5.505050505050504972e-01
9.974747474747475140e-02 5.530303030303029832e-01
1.073232323232323204e-01 5.530303030303029832e-01
1.098484848484848619e-01 5.555555555555555802e-01
1.174242424242424310e-01 5.555555555555555802e-01
1.250000000000000000e-01 5.606060606060605522e-01
1.300505050505050275e-01 5.606060606060605522e-01
1.376262626262626521e-01 5.656565656565656353e-01
1.729797979797979557e-01 5.656565656565656353e-01
1.755050505050504972e-01 5.681818181818181213e-01
1.805555555555555802e-01 5.681818181818181213e-01
1.830808080808080662e-01 5.707070707070707183e-01
1.931818181818181768e-01 5.707070707070707183e-01
1.957070707070707183e-01 5.732323232323232043e-01
2.007575757575757458e-01 5.732323232323232043e-01
2.032828282828282873e-01 5.757575757575758013e-01
2.209595959595959669e-01 5.757575757575758013e-01
2.234848484848485084e-01 5.782828282828282873e-01
2.386363636363636465e-01 5.782828282828282873e-01
2.411616161616161880e-01 5.808080808080807733e-01
2.512626262626262985e-01 5.808080808080807733e-01
2.537878787878787845e-01 5.833333333333333703e-01
2.664141414141414366e-01 5.833333333333333703e-01
2.689393939393939226e-01 5.858585858585858563e-01
2.840909090909090606e-01 5.858585858585858563e-01
2.866161616161616577e-01 5.883838383838383423e-01
2.941919191919192267e-01 5.883838383838383423e-01
2.967171717171717127e-01 5.909090909090909394e-01
3.042929292929292817e-01 5.909090909090909394e-01
3.068181818181818232e-01 5.934343434343434254e-01
3.295454545454545858e-01 5.934343434343434254e-01
3.320707070707070718e-01 5.959595959595959114e-01
3.547979797979797789e-01 5.959595959595959114e-01
3.573232323232323204e-01 5.984848484848485084e-01
3.648989898989898895e-01 5.984848484848485084e-01
3.674242424242424310e-01 6.010101010101009944e-01
3.750000000000000000e-01 6.010101010101009944e-01
3.775252525252525415e-01 6.035353535353535914e-01
4.229797979797980112e-01 6.035353535353535914e-01
4.255050505050504972e-01 6.060606060606060774e-01
4.305555555555555802e-01 6.060606060606060774e-01
4.558080808080808288e-01 6.338383838383838675e-01
4.659090909090909394e-01 6.388888888888888395e-01
4.734848484848485084e-01 6.464646464646464086e-01
4.760101010101009944e-01 6.464646464646464086e-01
4.861111111111111049e-01 6.565656565656565746e-01
4.886363636363636465e-01 6.565656565656565746e-01
5.037878787878787845e-01 6.717171717171717127e-01
5.138888888888888395e-01 6.767676767676767957e-01
5.404040404040404422e-01 7.032828282828282873e-01
5.404040404040404422e-01 7.058080808080807733e-01
5.593434343434343647e-01 7.247474747474746959e-01
5.681818181818181213e-01 7.234848484848485084e-01
5.681818181818181213e-01 7.159090909090909394e-01
5.606060606060605522e-01 7.032828282828282873e-01
5.606060606060605522e-01 6.957070707070707183e-01
5.580808080808080662e-01 6.931818181818181213e-01
5.580808080808080662e-01 6.755050505050504972e-01
5.606060606060605522e-01 6.729797979797980112e-01
5.606060606060605522e-01 6.679292929292929282e-01
5.643939393939394478e-01 6.641414141414141437e-01
5.770202020202019888e-01 6.641414141414141437e-01
5.795454545454545858e-01 6.616161616161616577e-01
6.300505050505050830e-01 6.616161616161616577e-01
6.325757575757575690e-01 6.590909090909090606e-01
7.209595959595960224e-01 6.590909090909090606e-01
7.234848484848485084e-01 6.565656565656565746e-01
7.335858585858585634e-01 6.565656565656565746e-01
7.361111111111111605e-01 6.590909090909090606e-01
7.815656565656565746e-01 6.590909090909090606e-01
7.840909090909091717e-01 6.565656565656565746e-01
8.573232323232322649e-01 6.565656565656565746e-01
8.598484848484848619e-01 6.540404040404039776e-01
8.750000000000000000e-01 6.540404040404039776e-01
8.775252525252525970e-01 6.515151515151514916e-01
8.926767676767677351e-01 6.515151515151514916e-01
8.952020202020202211e-01 6.489898989898990056e-01
9.078282828282828731e-01 6.489898989898990056e-01
9.103535353535353591e-01 6.464646464646464086e-01
9.179292929292929282e-01 6.464646464646464086e-01
9.204545454545454142e-01 6.439393939393939226e-01
9.255050505050504972e-01 6.439393939393939226e-01
9.280303030303029832e-01 6.414141414141414366e-01
9.356060606060605522e-01 6.414141414141414366e-01
9.381313131313131493e-01 6.388888888888888395e-01
9.482323232323233153e-01 6.388888888888888395e-01
9.507575757575756903e-01 6.363636363636363535e-01
9.558080808080808843e-01 6.363636363636363535e-01
9.659090909090908283e-01 6.313131313131312705e-01
9.797979797979797789e-01 6.174242424242424310e-01
9.848484848484848619e-01 6.073232323232322649e-01
9.848484848484848619e-01 5.997474747474746959e-01
9.873737373737373479e-01 5.972222222222222099e-01
9.873737373737373479e-01 5.896464646464646409e-01
9.898989898989898339e-01 5.871212121212121549e-01
9.898989898989898339e-01 5.694444444444444198e-01
9.873737373737373479e-01 5.669191919191919338e-01
9.873737373737373479e-01 5.618686868686868507e-01
9.898989898989898339e-01 5.593434343434343647e-01
9.898989898989898339e-01 5.542929292929292817e-01
9.873737373737373479e-01 5.517676767676767957e-01
9.873737373737373479e-01 5.416666666666666297e-01
9.898989898989898339e-01 5.391414141414141437e-01
9.898989898989898339e-01 5.340909090909090606e-01
9.924242424242424310e-01 5.315656565656565746e-01
9.924242424242424310e-01 5.265151515151514916e-01
9.949494949494950280e-01 5.239898989898990056e-01
9.949494949494950280e-01 5.164141414141414366e-01
9.974747474747474030e-01 5.138888888888888395e-01
9.974747474747474030e-01 5.088383838383838675e-01
1.000000000000000000e+00 5.063131313131312705e-01
1.000000000000000000e+00 4.886363636363636465e-01
9.974747474747474030e-01 4.861111111111111049e-01
9.974747474747474030e-01 4.734848484848485084e-01
9.949494949494950280e-01 4.709595959595959669e-01
9.949494949494950280e-01 4.659090909090909394e-01
9.898989898989898339e-01 4.583333333333333148e-01
9.898989898989898339e-01 4.532828282828282873e-01
9.873737373737373479e-01 4.507575757575757458e-01
9.873737373737373479e-01 3.901515151515151381e-01
9.848484848484848619e-01 3.876262626262626521e-01
9.848484848484848619e-01 3.800505050505050830e-01
9.823232323232322649e-01 3.775252525252525415e-01
9.823232323232322649e-01 3.724747474747475140e-01
9.797979797979797789e-01 3.699494949494949170e-01
9.797979797979797789e-01 3.623737373737373479e-01
9.772727272727272929e-01 3.598484848484848619e-01
9.772727272727272929e-01 3.497474747474747514e-01
9.747474747474746959e-01 3.472222222222222099e-01
9.747474747474746959e-01 3.421717171717171824e-01
9.722222222222222099e-01 3.396464646464646409e-01
9.722222222222222099e-01 3.345959595959595578e-01
9.696969696969697239e-01 3.320707070707070718e-01
9.696969696969697239e-01 3.270202020202019888e-01
9.595959595959595578e-01 3.093434343434343647e-01
9.431818181818181213e-01 2.929292929292929282e-01
9.229797979797980112e-01 2.828282828282828176e-01
9.154040404040404422e-01 2.828282828282828176e-01
9.128787878787878451e-01 2.803030303030302761e-01
9.053030303030302761e-01 2.803030303030302761e-01
9.027777777777777901e-01 2.777777777777777901e-01
8.876262626262626521e-01 2.777777777777777901e-01
