3.188559322033898136e-01 2.627118644067796271e-01
2.849576271186440302e-01 2.627118644067796271e-01
2.828389830508474256e-01 2.648305084745762317e-01
2.531779661016949068e-01 2.648305084745762317e-01
2.510593220338983023e-01 2.669491525423728917e-01
2.383474576271186196e-01 2.669491525423728917e-01
2.362288135593220151e-01 2.690677966101694962e-01
2.256355932203389925e-01 2.690677966101694962e-01
2.235169491525423879e-01 2.711864406779661008e-01
2.150423728813559143e-01 2.711864406779661008e-01
2.129237288135593098e-01 2.733050847457627053e-01
2.023305084745762872e-01 2.733050847457627053e-01
2.002118644067796827e-01 2.754237288135593098e-01
1.917372881355932090e-01 2.754237288135593098e-01
1.896186440677966045e-01 2.775423728813559698e-01
1.832627118644067910e-01 2.775423728813559698e-01
1.811440677966101864e-01 2.796610169491525744e-01
1.747881355932203173e-01 2.796610169491525744e-01
1.726694915254237128e-01 2.817796610169491789e-01
1.663135593220338992e-01 2.817796610169491789e-01
1.578389830508474811e-01 2.860169491525423879e-01
1.514830508474576121e-01 2.860169491525423879e-01
1.069915254237288060e-01 3.029661016949152241e-01
9.639830508474578341e-02 3.029661016949152241e-01
8.368644067796610075e-02 3.135593220338983023e-01
6.461864406779660452e-02 3.220338983050847759e-01
3.283898305084748115e-02 3.453389830508474256e-01
1.694915254237289171e-02 3.633474576271186196e-01
4.237288135593209049e-03 3.887711864406779849e-01
4.237288135593209049e-03 3.951271186440677985e-01
2.118644067796604524e-03 3.972457627118644030e-01
2.118644067796604524e-03 4.141949152542372947e-01
0.000000000000000000e+00 4.163135593220338992e-01
0.000000000000000000e+00 4.226694915254237128e-01
2.118644067796604524e-03 4.247881355932203729e-01
2.118644067796604524e-03 4.502118644067796827e-01
4.237288135593209049e-03 4.523305084745762872e-01
4.237288135593209049e-03 4.608050847457627053e-01
8.474576271186418097e-03 4.692796610169491789e-01
8.474576271186418097e-03 4.756355932203389925e-01
2.118644067796610075e-02 4.989406779661016977e-01
3.495762711864408567e-02 5.148305084745762317e-01
3.707627118644069020e-02 5.148305084745762317e-01
4.766949152542371282e-02 5.254237288135593653e-01
4.978813559322031734e-02 5.254237288135593653e-01
6.250000000000000000e-02 5.381355932203389925e-01
9.427966101694917889e-02 5.593220338983050377e-01
9.851694915254238794e-02 5.593220338983050377e-01
1.048728813559322015e-01 5.635593220338983578e-01
1.239406779661016977e-01 5.699152542372881713e-01
1.302966101694915113e-01 5.699152542372881713e-01
1.387711864406779849e-01 5.741525423728813804e-01
1.451271186440677985e-01 5.741525423728813804e-01
1.472457627118644030e-01 5.762711864406779849e-01
1.536016949152542166e-01 5.762711864406779849e-01
1.557203389830508211e-01 5.783898305084745894e-01
1.620762711864406902e-01 5.783898305084745894e-01
1.641949152542372947e-01 5.805084745762711940e-01
1.726694915254237128e-01 5.805084745762711940e-01
1.747881355932203173e-01 5.826271186440677985e-01
1.832627118644067910e-01 5.826271186440677985e-01
1.853813559322033955e-01 5.847457627118644030e-01
1.938559322033898136e-01 5.847457627118644030e-01
1.959745762711864181e-01 5.868644067796610075e-01
2.044491525423728917e-01 5.868644067796610075e-01
2.065677966101694962e-01 5.889830508474576121e-01
2.129237288135593098e-01 5.889830508474576121e-01
2.150423728813559143e-01 5.911016949152542166e-01
2.213983050847457834e-01 5.911016949152542166e-01
2.235169491525423879e-01 5.932203389830508211e-01
2.298728813559322015e-01 5.932203389830508211e-01
2.319915254237288060e-01 5.953389830508474256e-01
2.404661016949152796e-01 5.953389830508474256e-01
2.489406779661016977e-01 5.995762711864406347e-01
2.552966101694915668e-01 5.995762711864406347e-01
2.574152542372881713e-01 6.016949152542372392e-01
2.637711864406779849e-01 6.016949152542372392e-01
2.658898305084745894e-01 6.038135593220339548e-01
2.743644067796610075e-01 6.038135593220339548e-01
2.764830508474576121e-01 6.059322033898304483e-01
2.849576271186440302e-01 6.059322033898304483e-01
2.870762711864406902e-01 6.080508474576271638e-01
3.019067796610169774e-01 6.080508474576271638e-01
3.040254237288135819e-01 6.101694915254237683e-01
3.167372881355932090e-01 6.101694915254237683e-01
3.188559322033898136e-01 6.122881355932203729e-01
3.358050847457627053e-01 6.122881355932203729e-01
3.379237288135593098e-01 6.144067796610169774e-01
3.527542372881355970e-01 6.144067796610169774e-01
3.675847457627118287e-01 6.228813559322033955e-01
3.739406779661016977e-01 6.228813559322033955e-01
4.110169491525423879e-01 6.536016949152542166e-01
4.110169491525423879e-01 6.557203389830508211e-01
4.247881355932203729e-01 6.673728813559322015e-01
4.375000000000000000e-01 6.716101694915254106e-01
4.459745762711864181e-01 6.716101694915254106e-01
4.480932203389830226e-01 6.694915254237288060e-01
4.565677966101694962e-01 6.694915254237288060e-01
4.650423728813559143e-01 6.737288135593220151e-01
4.798728813559322015e-01 6.758474576271186196e-01
4.968220338983050932e-01 6.927966101694915668e-01
5.074152542372881713e-01 6.970338983050847759e-01
5.169491525423728362e-01 7.065677966101695517e-01
5.169491525423728362e-01 7.086864406779660452e-01
5.434322033898305593e-01 7.351694915254237683e-01
5.519067796610169774e-01 7.372881355932203729e-01
5.593220338983050377e-01 7.319915254237288060e-01
5.572033898305084332e-01 7.213983050847457834e-01
5.381355932203389925e-01 7.002118644067796271e-01
5.476694915254237683e-01 6.991525423728813804e-01
5.540254237288135819e-01 7.033898305084745894e-01
5.603813559322033955e-01 7.033898305084745894e-01
5.625000000000000000e-01 7.055084745762711940e-01
6.006355932203389925e-01 7.055084745762711940e-01
6.027542372881355970e-01 7.033898305084745894e-01
6.133474576271186196e-01 7.033898305084745894e-01
6.154661016949152241e-01 7.012711864406779849e-01
6.218220338983050377e-01 7.012711864406779849e-01
6.239406779661016422e-01 6.991525423728813804e-01
6.345338983050847759e-01 6.991525423728813804e-01
6.430084745762711940e-01 6.949152542372881713e-01
6.620762711864407457e-01 6.949152542372881713e-01
6.641949152542372392e-01 6.927966101694915668e-01
6.726694915254237683e-01 6.927966101694915668e-01
6.747881355932203729e-01 6.906779661016948513e-01
6.832627118644067910e-01 6.906779661016948513e-01
6.853813559322033955e-01 6.885593220338983578e-01
6.980932203389830226e-01 6.885593220338983578e-01
7.002118644067796271e-01 6.864406779661016422e-01
7.108050847457627608e-01 6.864406779661016422e-01
7.129237288135592543e-01 6.843220338983051487e-01
7.213983050847457834e-01 6.843220338983051487e-01
7.235169491525423879e-01 6.822033898305084332e-01
7.383474576271186196e-01 6.822033898305084332e-01
7.404661016949152241e-01 6.800847457627118287e-01
7.701271186440677985e-01 6.800847457627118287e-01
7.722457627118644030e-01 6.779661016949152241e-01
7.955508474576271638e-01 6.779661016949152241e-01
7.976694915254236573e-01 6.758474576271186196e-01
8.125000000000000000e-01 6.758474576271186196e-01
8.146186440677966045e-01 6.737288135593220151e-01
8.252118644067796271e-01 6.737288135593220151e-01
8.273305084745763427e-01 6.716101694915254106e-01
8.358050847457627608e-01 6.716101694915254106e-01
8.379237288135592543e-01 6.694915254237288060e-01
8.485169491525423879e-01 6.694915254237288060e-01
8.506355932203389925e-01 6.673728813559322015e-01
8.633474576271186196e-01 6.673728813559322015e-01
8.654661016949152241e-01 6.652542372881355970e-01
8.718220338983051487e-01 6.652542372881355970e-01
8.739406779661016422e-01 6.631355932203389925e-01
8.824152542372880603e-01 6.631355932203389925e-01
8.845338983050847759e-01 6.610169491525423879e-01
8.951271186440677985e-01 6.610169491525423879e-01
8.972457627118644030e-01 6.588983050847457834e-01
9.036016949152542166e-01 6.588983050847457834e-01
9.057203389830508211e-01 6.567796610169491789e-01
9.120762711864407457e-01 6.567796610169491789e-01
9.141949152542372392e-01 6.546610169491525744e-01
9.205508474576271638e-01 6.546610169491525744e-01
9.226694915254236573e-01 6.525423728813559698e-01
9.290254237288135819e-01 6.525423728813559698e-01
9.417372881355932090e-01 6.461864406779660452e-01
9.459745762711864181e-01 6.461864406779660452e-01
9.618644067796610075e-01 6.366525423728813804e-01
9.851694915254236573e-01 6.048728813559322015e-01
9.851694915254236573e-01 6.006355932203389925e-01
9.936440677966101864e-01 5.815677966101695517e-01
9.936440677966101864e-01 5.667372881355932090e-01
9.957627118644067910e-01 5.603813559322033955e-01
9.936440677966101864e-01 5.582627118644067910e-01
9.936440677966101864e-01 5.413135593220339548e-01
9.957627118644067910e-01 5.391949152542372392e-01
9.957627118644067910e-01 5.286016949152542166e-01
9.978813559322033955e-01 5.264830508474576121e-01
9.978813559322033955e-01 5.158898305084745894e-01
9.957627118644067910e-01 5.137711864406779849e-01
9.957627118644067910e-01 5.010593220338983578e-01
9.978813559322033955e-01 4.989406779661016977e-01
9.978813559322033955e-01 4.883474576271186196e-01
9.957627118644067910e-01 4.862288135593220151e-01
9.957627118644067910e-01 4.586864406779661008e-01
1.000000000000000000e+00 4.502118644067796827e-01
1.000000000000000000e+00 4.184322033898305038e-01
9.978813559322033955e-01 4.163135593220338992e-01
9.978813559322033955e-01 4.099576271186440857e-01
9.915254237288135819e-01 3.951271186440677985e-01
9.915254237288135819e-01 3.824152542372881158e-01
9.872881355932203729e-01 3.697033898305084332e-01
9.788135593220339548e-01 3.569915254237288060e-01
9.788135593220339548e-01 3.463983050847457834e-01
9.597457627118644030e-01 3.146186440677966045e-01
9.396186440677966045e-01 2.966101694915254106e-01
9.226694915254236573e-01 2.881355932203389925e-01
9.184322033898304483e-01 2.881355932203389925e-01
9.057203389830508211e-01 2.817796610169491789e-01
8.993644067796610075e-01 2.754237288135593098e-01
8.866525423728813804e-01 2.796610169491525744e-01
8.781779661016948513e-01 2.754237288135593098e-01
8.675847457627119397e-01 2.754237288135593098e-01
8.654661016949152241e-01 2.775423728813559698e-01
7.764830508474576121e-01 2.775423728813559698e-01
7.743644067796610075e-01 2.796610169491525744e-01
7.595338983050847759e-01 2.796610169491525744e-01
7.574152542372880603e-01 2.817796610169491789e-01
7.425847457627118287e-01 2.817796610169491789e-01
7.404661016949152241e-01 2.838983050847457834e-01
7.192796610169491789e-01 2.838983050847457834e-01
7.171610169491525744e-01 2.860169491525423879e-01
7.044491525423728362e-01 2.860169491525423879e-01
7.023305084745762317e-01 2.881355932203389925e-01
6.896186440677966045e-01 2.881355932203389925e-01
6.832627118644067910e-01 2.902542372881355970e-01
6.694915254237288060e-01 2.997881355932203729e-01
6.673728813559322015e-01 3.061440677966101864e-01
6.599576271186440302e-01 3.114406779661016977e-01
6.514830508474576121e-01 3.114406779661016977e-01
6.493644067796610075e-01 3.135593220338983023e-01
6.430084745762711940e-01 3.135593220338983023e-01
6.408898305084745894e-01 3.156779661016949068e-01
5.582627118644067910e-01 3.156779661016949068e-01
5.561440677966101864e-01 3.135593220338983023e-01
5.349576271186440302e-01 3.135593220338983023e-01
5.328389830508474256e-01 3.114406779661016977e-01
5.222457627118644030e-01 3.114406779661016977e-01
5.201271186440677985e-01 3.093220338983050932e-01
5.095338983050847759e-01 3.093220338983050932e-01
5.074152542372881713e-01 3.072033898305084332e-01
4.968220338983050932e-01 3.072033898305084332e-01
4.947033898305084887e-01 3.050847457627118287e-01
4.819915254237288060e-01 3.050847457627118287e-01
4.671610169491525189e-01 2.966101694915254106e-01
4.608050847457627053e-01 2.966101694915254106e-01
4.586864406779661008e-01 2.944915254237288060e-01
4.523305084745762872e-01 2.944915254237288060e-01
4.502118644067796827e-01 2.923728813559322015e-01
4.438559322033898136e-01 2.923728813559322015e-01
4.417372881355932090e-01 2.902542372881355970e-01
4.353813559322033955e-01 2.902542372881355970e-01
4.269067796610169774e-01 2.860169491525423879e-01
4.205508474576271083e-01 2.860169491525423879e-01
4.078389830508474256e-01 2.796610169491525744e-01
4.014830508474576121e-01 2.775423728813559698e-01
3.951271186440677985e-01 2.775423728813559698e-01
3.930084745762711940e-01 2.754237288135593098e-01
3.866525423728813804e-01 2.754237288135593098e-01
3.845338983050847759e-01 2.733050847457627053e-01
3.781779661016949068e-01 2.733050847457627053e-01
3.760593220338983023e-01 2.711864406779661008e-01
3.697033898305084332e-01 2.711864406779661008e-01
3.675847457627118287e-01 2.690677966101694962e-01
3.569915254237288060e-01 2.690677966101694962e-01
3.548728813559322015e-01 2.669491525423728917e-01
3.442796610169491789e-01 2.669491525423728917e-01
3.421610169491525744e-01 2.648305084745762317e-01
3.209745762711864181e-01 2.648305084745762317e-01
