5.064875790571820025e-01 1.399251317749039547e-03
5.021190584860142359e-01 4.764746891629534353e-04
4.977505379148464137e-01 0.000000000000000000e+00
4.890134967725108806e-01 0.000000000000000000e+00
4.846449762013431140e-01 4.764746891629534353e-04
4.802764556301754029e-01 1.399251317749039547e-03
4.715394144878398697e-01 3.769667119735586880e-03
4.671708939166721031e-01 4.684851176892435021e-03
4.628023733455043365e-01 5.899185398162143379e-03
4.540653322031688033e-01 9.669970224511437173e-03
4.409597704896655035e-01 1.633698538355521368e-02
4.365912499184977369e-01 1.887766745219299214e-02
4.322227293473299703e-01 2.210905251754174961e-02
4.278542087761622037e-01 2.610467150934175917e-02
4.213905814004547667e-01 3.256829888504919612e-02
4.173949624086547572e-01 3.693681945621696272e-02
4.140610095653454725e-01 4.130534002738472932e-02
4.111486625179002763e-01 4.567386059855249592e-02
4.078661665401587255e-01 5.004238116972026251e-02
4.042394702169251341e-01 5.441090174088802911e-02
4.009554478518421727e-01 5.877942231205579571e-02
3.980431008043969765e-01 6.314794288322350679e-02
3.947122594429759435e-01 6.751646345439127339e-02
3.907217839212361876e-01 7.188498402555903999e-02
3.820738962599449229e-01 8.062202516789457318e-02
3.780782772681448578e-01 8.499054573906233978e-02
3.748468922027962114e-01 8.935906631023010638e-02
3.699898218885756540e-01 9.809610745256563957e-02
3.569021538327791232e-01 1.243072308795722392e-01
3.531313690064297184e-01 1.330442720219077724e-01
3.520771788685983505e-01 1.374127925930755389e-01
3.508424862829244151e-01 1.461498337354110721e-01
3.498795836606359844e-01 1.505183543065788387e-01
3.475070342710688820e-01 1.592553954489143719e-01
3.455216880114923006e-01 1.679924365912499051e-01
3.411641407204478171e-01 1.810979983047532049e-01
3.356572867217586520e-01 1.942035600182564492e-01
3.346260084051047023e-01 1.985720805894242158e-01
3.341266218947642752e-01 2.029406011605919824e-01
3.341266218947642752e-01 3.121536154397861473e-01
3.346030965839272842e-01 3.165221360109539139e-01
3.355258732125133703e-01 3.208906565821216805e-01
3.367740219471326846e-01 3.252591771532894471e-01
3.376946649881382712e-01 3.296276977244572137e-01
3.381691334680837491e-01 3.339962182956249803e-01
3.384951424659320418e-01 3.558388211514637578e-01
3.389716171550950508e-01 3.602073417226315244e-01
3.398943937836811369e-01 3.645758622937992910e-01
3.422648095856675732e-01 3.733129034361348242e-01
3.431799936428244768e-01 3.776814240073025908e-01
3.443868198303255967e-01 3.820499445784703574e-01
3.499011818627833503e-01 3.951555062919736572e-01
3.542587291538278338e-01 4.082610680054769570e-01
3.574923815438288965e-01 4.213666297189802568e-01
3.630067435762865946e-01 4.344721914324835010e-01
3.660861925035032161e-01 4.432092325748190342e-01
3.680647111284000017e-01 4.475777531459868008e-01
3.704119953008948585e-01 4.519462737171545674e-01
3.791253474959545011e-01 4.650518354306578672e-01
3.823968673610863567e-01 4.694203560018256338e-01
3.860235636843199480e-01 4.737888765729934004e-01
3.893060596620614433e-01 4.781573971441611670e-01
3.922184067095066395e-01 4.825259177153289336e-01
3.956042480890119561e-01 4.868944382864967002e-01
4.016430853491556041e-01 4.929332755466403482e-01
4.060116059203233707e-01 4.962165491481851376e-01
4.191171676338266705e-01 5.036274322599875175e-01
4.278542087761622037e-01 5.095710314331948210e-01
4.326595814044467136e-01 5.131055617135032998e-01
4.362972148800537409e-01 5.174740822846710664e-01
4.379905416639499061e-01 5.218426028558388330e-01
4.386451066049423253e-01 5.262111234270065996e-01
4.394043124075072693e-01 5.349481645693421328e-01
4.403703669205397131e-01 5.393166851405098994e-01
4.416185156551590274e-01 5.436852057116776660e-01
4.425391586961646140e-01 5.480537262828454326e-01
4.430136271761100364e-01 5.524222468540131992e-01
4.430136271761100364e-01 6.616352611332072531e-01
4.425391586961646140e-01 6.660037817043750197e-01
4.416185156551590274e-01 6.703723022755427863e-01
4.359923398401924777e-01 6.878463845602138527e-01
4.327511794164228265e-01 7.009519462737171525e-01
4.308757688378865858e-01 7.053204668448849191e-01
4.285172877914287248e-01 7.096889874160526857e-01
4.253402488248297919e-01 7.140575079872204523e-01
4.217135525015962005e-01 7.184260285583882188e-01
4.185320979144738773e-01 7.227945491295559854e-01
4.159914158458359323e-01 7.271630697007237520e-01
4.093244006867923224e-01 7.402686314142270518e-01
4.055536158604428620e-01 7.490056725565625850e-01
4.043392816391732092e-01 7.533741931277303516e-01
4.034240975820162500e-01 7.577427136988981182e-01
4.010536817800298137e-01 7.664797548412336514e-01
4.001309051514437276e-01 7.708482754124014180e-01
3.996544304622807187e-01 7.752167959835691846e-01
3.993284214644324259e-01 7.970593988394080176e-01
3.988539529844869480e-01 8.014279194105757842e-01
3.979333099434813614e-01 8.057964399817435508e-01
3.966851612088620471e-01 8.101649605529113174e-01
3.957623845802759610e-01 8.145334811240789730e-01
3.952859098911129521e-01 8.189020016952468506e-01
3.952859098911129521e-01 8.756927691204277053e-01
3.957623845802759610e-01 8.800612896915955830e-01
3.966851612088620471e-01 8.844298102627632385e-01
3.990555770108485389e-01 8.931668514050987717e-01
3.999707610680054426e-01 8.975353719762666493e-01
4.011775872555065625e-01 9.019038925474343049e-01
4.066919492879642606e-01 9.150094542609377157e-01
4.141399187863486486e-01 9.368520571167764377e-01
4.161184374112453788e-01 9.412205776879442043e-01
4.184657215837402355e-01 9.455890982591119709e-01
4.242267765161746862e-01 9.543261394014475041e-01
4.316376596279771771e-01 9.674317011149508039e-01
4.349209332295218555e-01 9.718002216861185705e-01
4.409597704896655035e-01 9.778390589462622184e-01
4.453282910608332701e-01 9.812123978258164847e-01
4.584338527743365699e-01 9.899373829860562690e-01
4.671708939166721031e-01 9.946985503466563294e-01
4.759079350590076363e-01 9.984693351730056232e-01
4.802764556301754029e-01 9.995006134896595729e-01
4.846449762013431140e-01 1.000000000000000000e+00
4.933820173436786471e-01 1.000000000000000000e+00
4.977505379148464137e-01 9.995235253108369911e-01
5.021190584860142359e-01 9.986007486822510160e-01
5.064875790571820025e-01 9.973525999476315906e-01
5.108560996283497690e-01 9.963896973253432154e-01
5.195931407706853022e-01 9.951550047396693355e-01
5.239616613418530688e-01 9.940367075442757550e-01
5.283301819130208354e-01 9.922230553563278210e-01
5.326987024841886020e-01 9.898593736901424300e-01
5.370672230553563686e-01 9.866279886247937281e-01
5.414357436265240242e-01 9.826323696329937185e-01
5.522678915733992833e-01 9.718002216861185705e-01
5.562635105651992928e-01 9.674317011149508039e-01
5.595974634085085775e-01 9.630631805437830373e-01
5.625098104559538292e-01 9.586946599726152707e-01
5.657923064336952690e-01 9.543261394014475041e-01
5.694190027569289159e-01 9.499576188302797375e-01
5.726004573440512946e-01 9.455890982591119709e-01
5.774575276582718519e-01 9.368520571167764377e-01
5.905451957140683827e-01 9.106409336897698381e-01
5.943159805404176765e-01 9.019038925474343049e-01
5.953701706782491554e-01 8.975353719762666493e-01
5.966048632639230354e-01 8.887983308339311161e-01
5.975677658862115216e-01 8.844298102627632385e-01
5.988159146208308359e-01 8.800612896915955830e-01
5.997386912494169220e-01 8.756927691204277053e-01
6.002151659385798199e-01 8.713242485492600498e-01
6.003455695377192258e-01 8.494816456934211057e-01
6.002151659385798199e-01 8.451131251222534502e-01
5.997386912494169220e-01 8.407446045510855726e-01
5.988159146208308359e-01 8.363760839799179170e-01
5.975677658862115216e-01 8.320075634087500394e-01
5.966471228452059350e-01 8.276390428375823838e-01
5.961726543652605681e-01 8.232705222664145062e-01
5.958466453674120533e-01 8.014279194105757842e-01
5.953701706782491554e-01 7.970593988394080176e-01
5.944473940496630693e-01 7.926908782682402510e-01
5.920769782476764664e-01 7.839538371259047178e-01
5.912032741334429797e-01 7.795853165547369512e-01
5.888307247438759884e-01 7.708482754124014180e-01
5.878678221215875022e-01 7.664797548412336514e-01
5.866331295359136222e-01 7.577427136988981182e-01
5.855789393980821433e-01 7.533741931277303516e-01
5.818081545717328495e-01 7.446371519853948184e-01
5.752553737149812552e-01 7.315315902718915186e-01
5.714869375556055342e-01 7.227945491295559854e-01
5.704599295425403227e-01 7.184260285583882188e-01
5.699615309382539685e-01 7.140575079872204523e-01
5.696355219404054537e-01 6.266870965638651203e-01
5.691590472512425558e-01 6.223185759926974647e-01
5.682362706226564697e-01 6.179500554215295871e-01
5.669881218880371554e-01 6.135815348503619315e-01
5.660674788470315688e-01 6.092130142791941649e-01
5.655930103670862019e-01 6.048444937080263983e-01
5.652670013692376871e-01 5.830018908521875654e-01
5.647905266800747892e-01 5.786333702810197988e-01
5.638677500514887031e-01 5.742648497098520322e-01
5.626196013168693888e-01 5.698963291386842656e-01
5.616989582758638022e-01 5.655278085675164990e-01
5.612244897959184353e-01 5.611592879963487324e-01
5.611262076715669567e-01 5.087370411423355332e-01
5.613919398720859100e-01 5.043685205711677666e-01
5.622954293538501291e-01 5.000000000000000000e-01
5.648119760445813320e-01 4.956314794288322334e-01
5.676468670535306238e-01 4.930189328127417281e-01
5.701344968232234800e-01 4.912629588576644668e-01
5.763839081958661570e-01 4.874901456371104613e-01
5.807524287670339236e-01 4.841962344043048150e-01
5.867912660271775716e-01 4.781573971441611670e-01
5.901771074066829437e-01 4.737888765729934004e-01
5.930894544541280844e-01 4.694203560018256338e-01
5.964202958155491174e-01 4.650518354306578672e-01
6.043172368480447254e-01 4.563147942883223340e-01
6.076511896913540101e-01 4.519462737171545674e-01
6.105635367387991508e-01 4.475777531459868008e-01
6.138460327165407016e-01 4.432092325748190342e-01
6.174727290397743484e-01 4.388407120036512676e-01
6.206541836268967272e-01 4.344721914324835010e-01
6.255112539411172845e-01 4.257351502901479678e-01
6.385989219969138153e-01 3.995240268631414238e-01
6.425204450396929667e-01 3.907869857208058906e-01
6.455998939669095327e-01 3.820499445784703574e-01
6.495202234248331763e-01 3.733129034361348242e-01
6.560730042815848817e-01 3.602073417226315244e-01
6.598437891079341755e-01 3.514703005802959912e-01
6.608750674245882362e-01 3.471017800091282246e-01
6.613744539349285523e-01 3.427332594379605135e-01
6.617004629327769560e-01 3.339962182956249803e-01
6.621749314127223229e-01 3.296276977244572137e-01
6.630955744537279095e-01 3.252591771532894471e-01
6.643437231883473348e-01 3.208906565821216805e-01
6.652664998169334210e-01 3.165221360109539139e-01
6.657429745060963189e-01 3.121536154397861473e-01
6.658733781052357248e-01 2.466258068722696484e-01
6.657429745060963189e-01 2.422572863011018818e-01
6.652664998169334210e-01 2.378887657299341152e-01
6.643437231883473348e-01 2.335202451587663486e-01
6.630955744537279095e-01 2.291517245875985820e-01
6.621749314127223229e-01 2.247832040164308154e-01
6.617004629327769560e-01 2.204146834452630488e-01
6.613744539349285523e-01 1.985720805894242158e-01
6.608979792457656544e-01 1.942035600182564492e-01
6.599752026171794572e-01 1.898350394470886826e-01
6.576047868151929654e-01 1.810979983047532049e-01
6.567310827009594787e-01 1.767294777335854383e-01
6.543585333113923763e-01 1.679924365912499051e-01
6.533956306891040011e-01 1.636239160200821385e-01
6.522042159878763679e-01 1.548868748777466053e-01
6.512381614748440350e-01 1.505183543065788387e-01
6.488677456728574322e-01 1.417813131642433055e-01
6.479525616157005841e-01 1.374127925930755389e-01
6.467382273944308757e-01 1.330442720219077724e-01
6.429674425680815819e-01 1.243072308795722392e-01
6.363004274090378054e-01 1.112016691660689394e-01
6.337597453404000269e-01 1.068331485949011728e-01
6.305782907532775372e-01 1.024646280237334062e-01
6.269515944300440013e-01 9.809610745256563957e-02
6.237745554634450684e-01 9.372758688139787298e-02
6.212365633705283496e-01 8.935906631023010638e-02
6.144578245531989724e-01 7.625350459672680659e-02
6.119171424845611940e-01 7.188498402555903999e-02
6.086857574192124920e-01 6.751646345439127339e-02
6.046901384274124824e-01 6.314794288322350679e-02
5.763839081958661570e-01 3.484171265167729237e-02
5.720153876246983904e-01 3.084609365987722729e-02
5.676468670535306238e-01 2.761470859452852533e-02
5.632783464823628572e-01 2.507402652589074687e-02
5.545413053400273240e-01 2.061039935549674462e-02
5.458042641976919018e-01 1.583530491155837883e-02
5.370672230553563686e-01 1.007424997912398368e-02
5.326987024841886020e-01 7.776944643672067947e-03
5.283301819130208354e-01 5.963292455724134022e-03
5.239616613418530688e-01 4.844995260330720033e-03
5.152246201995175356e-01 3.610302674656840072e-03
5.108560996283497690e-01 2.647400052368353851e-03
