8.984562824243957913e-01 1.485246517247407194e-03
8.942173858028596989e-01 4.845685757997042487e-04
8.899784891813236065e-01 0.000000000000000000e+00
8.815006959382513108e-01 0.000000000000000000e+00
8.772617993167152184e-01 4.845685757997042487e-04
8.730229026951790150e-01 1.547451372481412069e-03
8.687840060736429226e-01 3.307288371504402136e-03
8.645451094521068303e-01 5.536427428180723531e-03
8.560673162090346455e-01 1.112653874658808828e-02
8.433506263444261464e-01 1.831752408669390375e-02
8.306339364798178693e-01 2.800643065020513856e-02
8.179172466152093701e-01 3.527311057283843976e-02
8.052005567506010930e-01 4.496201713634967456e-02
7.840060736429204091e-01 5.646759368051906813e-02
7.712893837783121320e-01 6.625882810559508007e-02
7.670504871567759286e-01 6.908475918661916015e-02
7.585726939137036329e-01 7.567859837567542103e-02
7.543337972921675405e-01 7.841570267564385022e-02
7.416171074275591524e-01 8.379782832951226945e-02
7.373782108060230600e-01 8.607546323736708915e-02
7.246615209414146719e-01 9.453027043815348529e-02
7.119448310768062838e-01 1.044088976994202445e-01
7.034670378337339880e-01 1.104698556536465870e-01
6.992281412121978956e-01 1.143469155345295807e-01
6.887174077526746485e-01 1.248576489940528278e-01
6.848403478717915993e-01 1.290965456155889757e-01
6.787793899175653678e-01 1.375743388586612159e-01
6.688886311339810042e-01 1.502910287232696041e-01
6.628306923368925130e-01 1.587688219663418443e-01
6.589586233076046851e-01 1.630077185878779922e-01
6.378506482942410960e-01 1.842022016955586206e-01
6.339735884133581578e-01 1.884410983170947684e-01
6.246806227430674596e-01 2.011577881817031010e-01
6.127791053056774739e-01 2.138744780463114892e-01
6.059724155384031974e-01 2.233344546529103525e-01
6.017335189168669940e-01 2.281050595614685372e-01
5.984768056588575247e-01 2.308300645324560252e-01
5.890168290522586059e-01 2.376367542997303572e-01
5.847779324307225135e-01 2.415138141806133509e-01
5.742671989711992664e-01 2.520245476401365980e-01
5.703901390903162172e-01 2.562634442616727459e-01
5.610971734200255190e-01 2.689801341262811341e-01
5.508667594584335525e-01 2.795773756801214205e-01
5.466278628368973491e-01 2.834494447094093039e-01
5.381500695938251644e-01 2.895073835064976842e-01
5.321142494044639459e-01 2.944135138554978548e-01
5.280515217601655653e-01 2.986524104770340582e-01
5.187082072046642622e-01 3.113691003416423908e-01
5.025677931457381842e-01 3.283246868277869268e-01
4.932748274754474860e-01 3.410413766923953149e-01
4.894027584461596581e-01 3.452802733139314073e-01
4.788055168923193716e-01 3.555106872755234293e-01
4.703277236492471314e-01 3.615686260726118650e-01
4.642919034598858574e-01 3.664747564216120357e-01
4.602291758155875323e-01 3.707136530431481836e-01
4.570433244156830166e-01 3.749525496646842759e-01
4.547012827139232383e-01 3.791914462862204238e-01
4.507776400930244565e-01 3.876692395292926641e-01
4.478892165330722319e-01 3.919081361508287564e-01
4.448943439200303551e-01 3.945074595508273885e-01
4.364165506769581149e-01 3.998078980364189183e-01
4.321776540554219670e-01 4.029537225396392364e-01
4.279387574338858746e-01 4.068307824205222856e-01
4.174280239743625720e-01 4.173415158800455327e-01
4.135509640934795783e-01 4.215804125015816806e-01
4.067442743262052463e-01 4.310403891081805439e-01
4.040192693552177028e-01 4.342971023661900687e-01
3.992486644466596291e-01 4.385359989877261611e-01
3.897886878400607102e-01 4.453426887550004931e-01
3.855497912185246179e-01 4.492197486358835423e-01
3.219663418954826772e-01 5.127166898646083881e-01
3.177274452739465849e-01 5.165887588938962161e-01
3.092496520308743446e-01 5.226466976909845963e-01
3.032138318415130707e-01 5.275528280399848224e-01
2.991511041972148011e-01 5.317917246615209148e-01
2.958657284388019337e-01 5.360306212830571182e-01
2.930397973577778536e-01 5.402695179045932106e-01
2.831490385741936011e-01 5.529862077692015987e-01
2.770910997771050543e-01 5.614640010122737834e-01
2.609506857181790318e-01 5.784195874984183749e-01
2.578151832034850655e-01 5.826584841199544673e-01
2.553498889553071916e-01 5.868973807414905597e-01
2.487722907494753222e-01 5.996140706060989478e-01
2.463096066593156164e-01 6.038529672276350402e-01
2.366207000958044926e-01 6.165696570922434283e-01
2.341554058476265632e-01 6.208085537137796317e-01
2.275778076417946383e-01 6.335252435783880198e-01
2.251151235516349880e-01 6.377641401999241122e-01
2.219854436971354650e-01 6.420030368214602046e-01
2.058450296382093869e-01 6.589586233076046851e-01
1.997840716839830444e-01 6.674364165506769808e-01
1.898933129003987919e-01 6.801531064152853689e-01
1.870673818193747118e-01 6.843920030368214613e-01
1.771887545581079526e-01 6.971086929014298494e-01
1.687226595686989739e-01 7.098253827660382376e-01
1.640854041696244159e-01 7.183031760091105333e-01
1.598638702602386830e-01 7.267809692521827181e-01
1.525963935525261328e-01 7.437365557383273096e-01
1.498111536340390737e-01 7.479754523598634020e-01
1.422615803151675018e-01 7.564532456029355867e-01
1.391260778004735910e-01 7.606921422244716791e-01
1.344131278188715473e-01 7.691699354675439748e-01
1.238518091177561731e-01 7.903644185752245477e-01
1.191427080132318461e-01 7.988422118182969545e-01
1.094538014497206668e-01 8.115589016829052316e-01
1.047408514681186786e-01 8.200366949259775273e-01
9.204152431566064996e-02 8.454700746551941926e-01
8.823636178832272581e-02 8.539478678982664883e-01
8.524828712068249770e-02 8.624256611413387841e-01
7.989754876235000136e-02 8.751423510059471722e-01
7.036213712475886117e-02 9.132924205997723366e-01
6.920607440979448244e-02 9.217702138428445213e-01
6.616523423432191242e-02 9.344869037074529095e-01
6.570289763380987580e-02 9.387258003289891128e-01
6.570289763380987580e-02 9.641591800582057781e-01
6.618746620960963556e-02 9.683980766797419815e-01
6.725034900629139889e-02 9.726369733012780738e-01
6.901018600531438896e-02 9.768758699228141662e-01
7.130373185589555796e-02 9.811147665443502586e-01
7.448958325580007367e-02 9.853536631658863509e-01
8.034923446792352486e-02 9.912133143780098576e-01
8.458813108945967274e-02 9.943991657779143178e-01
8.882702771099576511e-02 9.966927116284955979e-01
9.306592433253191299e-02 9.984525486275185324e-01
9.730482095406806087e-02 9.995154314242002958e-01
1.015437175756041532e-01 1.000000000000000000e+00
1.100215108186763935e-01 1.000000000000000000e+00
1.142604074402125414e-01 9.995154314242002958e-01
1.184993040617486892e-01 9.984525486275185324e-01
1.227382006832847816e-01 9.966927116284955979e-01
1.269770973048209295e-01 9.943991657779143178e-01
1.312159939263570219e-01 9.912133143780098576e-01
1.370756451384804731e-01 9.853536631658863509e-01
1.402614965383850443e-01 9.811147665443502586e-01
1.425550423889661578e-01 9.768758699228141662e-01
1.443148793879891478e-01 9.726369733012780738e-01
1.453777621846709112e-01 9.683980766797419815e-01
1.458623307604706709e-01 9.641591800582057781e-01
1.461786663292420352e-01 9.472035935720612976e-01
1.466390562493308236e-01 9.429646969505252052e-01
1.506823114883344417e-01 9.260091104643806137e-01
1.540734287855634044e-01 9.132924205997723366e-01
1.559998653022738879e-01 9.048146273567000408e-01
1.602281142458870655e-01 8.920979374920916527e-01
1.640321186047492552e-01 8.836201442490194680e-01
1.767302483287830905e-01 8.581867645198026917e-01
1.814393494333073620e-01 8.497089712767303959e-01
1.911282559968185413e-01 8.369922814121220078e-01
1.935935502449963597e-01 8.327533847905859155e-01
2.044100450723644880e-01 8.115589016829052316e-01
2.068727291625241382e-01 8.073200050613691392e-01
2.100024090170236613e-01 8.030811084398330468e-01
2.176650298328774991e-01 7.946033151967607511e-01
2.208005323475714099e-01 7.903644185752245477e-01
2.231425740493311882e-01 7.861255219536884553e-01
2.250623855228248704e-01 7.818866253321523629e-01
2.280504601904650985e-01 7.734088320890801782e-01
2.318544645493272327e-01 7.649310388460078824e-01
2.360748010302888278e-01 7.564532456029355867e-01
2.407082075522857245e-01 7.479754523598634020e-01
2.491729262765577935e-01 7.352587624952550138e-01
2.590501262999048704e-01 7.225420726306466257e-01
2.651080650969933616e-01 7.140642793875743299e-01
2.812484791559193287e-01 6.971086929014298494e-01
2.873094371101456712e-01 6.886308996583576647e-01
2.971006715352216832e-01 6.759142097937491656e-01
2.995659657833995571e-01 6.716753131722130732e-01
3.061435639892314819e-01 6.589586233076046851e-01
3.086062480793911877e-01 6.547197266860685927e-01
3.182951546429023115e-01 6.420030368214602046e-01
3.255618345655356682e-01 6.292863469568518164e-01
3.286915144200352468e-01 6.250474503353157241e-01
3.363541352358889736e-01 6.165696570922434283e-01
3.424150931901153161e-01 6.080918638491712436e-01
3.491192740277754281e-01 5.996140706060989478e-01
3.558775148677717493e-01 5.901540939995000290e-01
3.586025198387592372e-01 5.868973807414905597e-01
3.633731247473173109e-01 5.826584841199544673e-01
3.728331013539162297e-01 5.758517943526800797e-01
3.770719979754523221e-01 5.719747344717971416e-01
4.406554472984942628e-01 5.084777932430722958e-01
4.448943439200303551e-01 5.046057242137843568e-01
4.533721371631025954e-01 4.985477854166960321e-01
4.594079573524638693e-01 4.936416550676958059e-01
4.634706849967621944e-01 4.894027584461596581e-01
4.667560607551750063e-01 4.851638618246235657e-01
4.695819918361990863e-01 4.809249652030874178e-01
4.728627500601657596e-01 4.766860685815513254e-01
4.788055168923193716e-01 4.707433017493977134e-01
4.830444135138555195e-01 4.675648713869958728e-01
4.957611033784638521e-01 4.602981914643625716e-01
5.000000000000000000e-01 4.571626889496686053e-01
5.042388966215360924e-01 4.532856290687855561e-01
5.147496300810594505e-01 4.427748956092623089e-01
5.186266899619423887e-01 4.385359989877261611e-01
5.279196556322330869e-01 4.258193091231178284e-01
5.393422592686322181e-01 4.131026192585094403e-01
5.423889662153612568e-01 4.101777805896494877e-01
5.466278628368973491e-01 4.078561160630015947e-01
5.508667594584335525e-01 4.069690642985594464e-01
5.593445527015057372e-01 4.061341301155295125e-01
5.890168290522586059e-01 3.988534052307303179e-01
5.932557256737948093e-01 3.983930153106415295e-01
6.102113121599392898e-01 3.980766797418701097e-01
6.144502087814753821e-01 3.976143431413581286e-01
6.271668986460837703e-01 3.945735029658855586e-01
6.356446918891560660e-01 3.934174402509211799e-01
6.483613817537643431e-01 3.903346063443494662e-01
6.568391749968366389e-01 3.891785436293850320e-01
6.865114513475895075e-01 3.818568131012771705e-01
6.949892445906618033e-01 3.806587566552136481e-01
6.992281412121978956e-01 3.796358467384781665e-01
7.077059344552701914e-01 3.759769496815555390e-01
7.204226243198785795e-01 3.695077600387456362e-01
7.246615209414146719e-01 3.670424657905678179e-01
7.373782108060230600e-01 3.572512313654917504e-01
7.458560040490953558e-01 3.511902734112654079e-01
7.500949006706314481e-01 3.473132135303824142e-01
7.606056341301546952e-01 3.368024800708591115e-01
7.718192458560040325e-01 3.240857902062507789e-01
7.840060736429204091e-01 3.138084653785641054e-01
7.924838668859927049e-01 3.077974374475703767e-01
7.985196870753539233e-01 3.028913070985701506e-01
8.025824147196523040e-01 2.986524104770340582e-01
8.058556589557475114e-01 2.944135138554978548e-01
8.256628668054708520e-01 2.647412375047449862e-01
8.354405424703097438e-01 2.520245476401365980e-01
8.469461190144791374e-01 2.308300645324560252e-01
8.566350255779904277e-01 2.181133746678476371e-01
8.639017055006236179e-01 2.053966848032392489e-01
8.670313853551232519e-01 2.011577881817031010e-01
8.746940061709769232e-01 1.926799949386308608e-01
8.778295086856710006e-01 1.884410983170947684e-01
8.802948029338487634e-01 1.842022016955586206e-01
8.868724011396806883e-01 1.714855118309502324e-01
8.893350852298403941e-01 1.672466152094141401e-01
8.990239917933515734e-01 1.545299253448057519e-01
9.013175376439328534e-01 1.502910287232696041e-01
9.031395794981897929e-01 1.460521321017335117e-01
9.064213059148629181e-01 1.333354422371251236e-01
9.100779239951073407e-01 1.248576489940528278e-01
9.206751655489477937e-01 1.036631658863721994e-01
9.243340626058703657e-01 9.518537264329995917e-02
9.296378628752410833e-01 7.399088953561933080e-02
9.307939255902055731e-01 6.551309629254709055e-02
9.338347657656780321e-01 5.279640642793870242e-02
9.342971023661901242e-01 4.855750980640261005e-02
9.342971023661901242e-01 4.007971656333031429e-02
9.338125337903904200e-01 3.584081994179422193e-02
9.327496509937086566e-01 3.160192332025807405e-02
9.309898139946857221e-01 2.736302669872198168e-02
9.286962681441044420e-01 2.312413007718583380e-02
9.255104167441998708e-01 1.888523345564968592e-02
9.196507655320764751e-01 1.302558224352629024e-02
9.154118689105403828e-01 9.839730843621663503e-03
9.069340756674680870e-01 5.144143574170090272e-03
