9.527908265527609277e-01 2.463638946258678297e-02
9.486696348642071897e-01 2.418689094316933685e-02
9.404272514870997135e-01 2.418689094316933685e-02
9.363060597985459754e-01 2.465800410430990519e-02
9.321848681099922374e-01 2.569137295915213670e-02
9.280636764214383883e-01 2.740234311509681664e-02
9.239424847328846502e-01 2.963220218943929396e-02
9.198212930443308011e-01 3.272958943015391586e-02
9.141243515925066010e-01 3.842653088197817146e-02
9.110269643517919791e-01 4.254772257053196505e-02
9.087971052774495018e-01 4.666891425908570312e-02
9.070861351215048218e-01 5.079010594763949671e-02
9.060527662666626458e-01 5.491129763619323478e-02
9.055816531055220775e-01 5.903248932474702837e-02
9.055816531055220775e-01 6.727487270185456003e-02
9.060527662666626458e-01 7.139606439040829811e-02
9.070861351215048218e-01 7.551725607896209169e-02
9.087971052774495018e-01 7.963844776751582977e-02
9.133502990772157659e-01 8.788083114462336143e-02
9.149666689366277028e-01 9.200202283317715501e-02
9.152536389228504987e-01 9.612321452173089309e-02
9.142233410007121197e-01 1.002444062102846867e-01
9.121308549826547818e-01 1.043655978988384248e-01
9.027845809746843919e-01 1.167291729644997500e-01
8.915984892486099600e-01 1.373351314072686069e-01
8.885557137917451387e-01 1.414563230958223450e-01
8.786093761587931983e-01 1.517593023172067457e-01
8.744881844702394602e-01 1.555238524173280235e-01
8.621246094045781350e-01 1.645587726576189236e-01
8.456398426503630716e-01 1.802510025486506184e-01
8.332762675847018574e-01 1.892859227889415186e-01
8.167915008304866831e-01 2.049781526799732134e-01
8.085491174533792069e-01 2.108678757021121286e-01
7.961855423877178817e-01 2.204839896420709433e-01
7.879431590106102945e-01 2.263766479859254388e-01
7.714583922563953422e-01 2.420688778769571337e-01
7.590948171907340170e-01 2.511037981172480338e-01
7.549736255021801679e-01 2.548732004838785148e-01
7.447547522336234183e-01 2.650920737524353199e-01
7.409853498669929373e-01 2.692132654409891135e-01
7.319504296267019816e-01 2.815768405066503832e-01
7.162581997356702868e-01 2.980616072608654465e-01
7.096405169280888270e-01 3.072589009072719812e-01
7.055193252395350889e-01 3.118970365010102497e-01
7.023530438202802983e-01 3.145463740150805654e-01
6.931557501738737637e-01 3.211640568226620251e-01
6.890345584853199146e-01 3.249334591892925617e-01
6.788156852167631650e-01 3.351523324578493668e-01
6.750462828501326840e-01 3.392735241464031049e-01
6.660113626098417283e-01 3.516370992120644301e-01
6.560650249768897879e-01 3.619400784334488308e-01
6.519438332883360498e-01 3.657046285335701086e-01
6.437014499112285737e-01 3.715943515557089682e-01
6.313378748455672484e-01 3.812104654956678385e-01
6.230954914684596613e-01 3.871031238395222784e-01
6.189742997799059232e-01 3.908725262061528150e-01
5.818835745829220585e-01 4.278791454503090841e-01
5.777623828943683204e-01 4.316436955504303619e-01
5.653988078287069952e-01 4.406786157907212620e-01
5.571564244515994080e-01 4.481284623046454252e-01
5.530352327630456699e-01 4.511712377615103020e-01
5.406716576973844557e-01 4.582361377990309959e-01
5.365504660088306066e-01 4.612845742334900634e-01
5.324292743202768685e-01 4.650539766001205999e-01
5.159445075660618052e-01 4.814546374015080676e-01
5.118233158775080671e-01 4.852191875016292899e-01
5.077021241889542180e-01 4.882619629584942222e-01
4.953385491232929483e-01 4.953268629960148606e-01
4.912173574347392102e-01 4.984242502367294825e-01
4.855204159829148991e-01 5.041211916885537381e-01
4.764365449363684446e-01 5.164847667542150633e-01
4.664902073034166152e-01 5.267877459755995195e-01
4.623690156148628216e-01 5.305522960757207418e-01
4.500054405492015519e-01 5.396361671222671408e-01
4.458842488606477583e-01 5.435860816626392200e-01
4.411143510729698125e-01 5.494543002626451900e-01
4.352246280508307863e-01 5.576966836397527771e-01
4.314600779507096195e-01 5.618178753283065152e-01
3.964299485980025683e-01 5.968480046810135109e-01
3.923087569094488303e-01 6.006125547811347332e-01
3.881875652208950367e-01 6.037416344145943858e-01
3.799451818437875050e-01 6.088500717038192178e-01
3.758239901552337670e-01 6.103839877270391678e-01
3.717027984666799734e-01 6.103129326979263025e-01
3.675816067781262353e-01 6.084339964092118080e-01
3.593392234010186481e-01 6.014050916443181016e-01
3.510968400239111720e-01 5.955124333004636616e-01
3.387332649582498467e-01 5.858963193605049025e-01
3.346120732696961086e-01 5.831488582348023364e-01
3.222484982040347834e-01 5.736295050785364946e-01
3.181273065154810453e-01 5.712326666857784341e-01
3.057637314498197201e-01 5.649431123587931314e-01
2.975213480727121884e-01 5.613858149093451377e-01
2.851577730070509187e-01 5.581952148924003154e-01
2.810365813184971251e-01 5.565143745487741711e-01
2.686730062528358554e-01 5.507041698731082180e-01
2.645518145642820618e-01 5.490222398436839235e-01
2.604306228757282682e-01 5.480277339089150157e-01
2.521882394986207920e-01 5.468629448827212469e-01
2.233398976787444035e-01 5.397445228752192348e-01
2.150975143016368718e-01 5.386205615056136597e-01
2.027339392359755466e-01 5.356641588432538015e-01
1.986127475474218085e-01 5.352146603238362443e-01
1.532796389733303566e-01 5.352146603238362443e-01
1.491584472847766185e-01 5.356641588432538015e-01
1.367948722191152933e-01 5.386205615056136597e-01
1.285524888420077616e-01 5.397445228752192348e-01
1.079465303992389602e-01 5.449010481551301854e-01
9.970414702213142855e-02 5.484583456045780681e-01
7.497699689080883356e-02 5.608050400828145099e-01
6.673461351370130190e-02 5.653871217014290185e-01
6.261342182514750832e-02 5.684355581358879750e-01
5.849223013659377024e-02 5.722049605025185670e-01
4.003097349092943347e-02 5.906662171481829038e-01
3.626157112429889695e-02 5.947874088367366419e-01
3.312816856249467534e-02 5.989086005252903799e-01
1.665477522690061996e-02 6.236357506566130304e-01
1.214628631701031303e-02 6.318781340337205066e-01
8.041975215881458361e-03 6.401205174108279827e-01
4.484677766433520230e-03 6.483629007879355699e-01
7.955464968410486115e-04 6.629015492447780655e-01
-1.110223024625156540e-16 6.730900509192581094e-01
-1.110223024625156540e-16 7.266655428704571484e-01
7.955464968410486115e-04 7.368540445449373033e-01
6.446574494024637225e-03 7.596350763788872751e-01
7.570535863630156737e-03 7.678774597559947512e-01
1.272706114354105189e-02 7.884834181987636637e-01
1.449850886128234428e-02 7.926046098873174017e-01
1.666574957820154967e-02 7.967258015758711398e-01
3.312816856249467534e-02 8.214529517071937903e-01
4.263300140653414338e-02 8.338165267728550045e-01
4.969790144405494825e-02 8.461801018385163298e-01
5.921725460032079003e-02 8.585436769041776550e-01
6.196471572602335609e-02 8.626648685927313931e-01
7.158082966598211527e-02 8.750284436583927183e-01
7.747348800983655526e-02 8.832708270355003055e-01
8.124289037646709177e-02 8.873920187240540436e-01
1.038253387106851666e-01 9.099744670582721184e-01
1.079465303992389602e-01 9.137438694249027105e-01
1.203101054649002299e-01 9.227787896651935551e-01
1.367948722191152933e-01 9.384710195562252499e-01
1.450372555962228249e-01 9.443636779000796899e-01
1.574008306618841502e-01 9.538830310563455317e-01
1.615220223504378882e-01 9.562798694491035922e-01
1.738855974160992135e-01 9.625694237760890060e-01
1.821279807932067452e-01 9.661267212255368886e-01
1.862491724817604832e-01 9.671212271603056854e-01
1.944915558588680149e-01 9.682860161864994542e-01
2.233398976787444035e-01 9.753636105374132725e-01
2.274610893672981971e-01 9.758131090568307187e-01
3.140061148269272517e-01 9.758131090568307187e-01
3.181273065154810453e-01 9.753636105374132725e-01
3.387332649582498467e-01 9.702479129140906267e-01
3.469756483353573784e-01 9.666906154646427440e-01
3.717027984666799734e-01 9.543439209864064132e-01
3.799451818437875050e-01 9.497618393677917936e-01
3.923087569094488303e-01 9.402424862115259518e-01
3.964299485980025683e-01 9.374950250858233858e-01
4.022981671980084828e-01 9.327251272981453845e-01
4.062480817383806730e-01 9.286039356095916464e-01
4.094422297627881013e-01 9.244827439210379083e-01
4.121896908884906119e-01 9.203615522324841702e-01
4.217090440447565092e-01 9.079979771668228450e-01
4.262911256633709622e-01 8.997555937897152578e-01
4.468802035187149357e-01 8.585436769041776550e-01
4.504375009681628184e-01 8.503012935270701789e-01
4.514103922612084929e-01 8.461801018385163298e-01
4.518815054223491723e-01 8.420589101499625917e-01
4.518815054223491723e-01 7.761198431331023384e-01
4.514320069029316707e-01 7.719986514445484893e-01
4.443544125520179633e-01 7.431503096246722118e-01
4.432304511824123883e-01 7.349079262475646246e-01
4.380739259025015486e-01 7.143019678047958232e-01
4.345166284530536105e-01 7.060595844276883470e-01
4.264803046603737879e-01 6.895748176734732837e-01
4.250418285996832024e-01 6.854536259849194346e-01
4.245803466641722701e-01 6.813324342963656965e-01
4.255313460478779009e-01 6.772112426078119585e-01
4.279332889095434078e-01 6.730900509192581094e-01
4.316840557598701222e-01 6.689688592307043713e-01
4.376418654835402267e-01 6.641226430784236134e-01
4.458842488606477583e-01 6.582299847345691735e-01
4.500054405492015519e-01 6.544605823679385814e-01
4.890726556376346901e-01 6.153933672795054433e-01
4.928420580042652266e-01 6.112721755909517052e-01
4.994597408118467419e-01 6.020748819445450595e-01
5.021090783259170021e-01 5.989086005252903799e-01
5.067472139196551595e-01 5.947874088367366419e-01
5.159445075660618052e-01 5.881697260291550711e-01
5.200656992546155433e-01 5.844003236625245901e-01
5.302845725231724039e-01 5.741814503939677294e-01
5.413094611729938332e-01 5.618178753283065152e-01
5.447928493859381938e-01 5.591085733849053829e-01
5.530352327630456699e-01 5.541374726360017711e-01
5.571564244515994080e-01 5.510790008321712063e-01
5.612776161401532571e-01 5.473095984655407253e-01
5.777623828943683204e-01 5.309089376641532576e-01
5.818835745829220585e-01 5.271443875640320353e-01
5.860047662714757966e-01 5.241016121071671030e-01
5.983683413371371218e-01 5.170367120696464092e-01
6.024895330256908599e-01 5.139882756351873416e-01
6.189742997799059232e-01 4.982960457441555913e-01
6.313378748455672484e-01 4.892611255038647466e-01
6.354590665341209865e-01 4.854917231372342101e-01
6.725497917311049623e-01 4.484851038930779410e-01
6.766709834196587003e-01 4.447205537929566632e-01
6.849133667967661765e-01 4.388308307708177480e-01
6.972769418624275017e-01 4.292147168308589333e-01
7.055193252395350889e-01 4.233220584870044378e-01
7.096405169280888270e-01 4.195526561203739568e-01
7.198593901966455766e-01 4.093337828518171517e-01
7.236287925632761686e-01 4.052125911632633581e-01
7.326637128035670132e-01 3.928490160976020884e-01
7.426100504365189536e-01 3.825460368762176877e-01
7.467312421250726917e-01 3.787814867760964099e-01
7.549736255021801679e-01 3.728917637539574947e-01
7.608418441021860268e-01 3.681218659662794934e-01
7.647917586425583281e-01 3.640006742777257553e-01
7.738756296891047270e-01 3.516370992120644301e-01
7.895678595801363109e-01 3.351523324578493668e-01
7.986027798204272665e-01 3.227887573921880415e-01
8.085491174533792069e-01 3.124857781708036408e-01
8.126703091419329450e-01 3.087212280706823631e-01
8.250338842075942702e-01 2.996863078303915184e-01
8.415186509618093336e-01 2.839940779393597681e-01
8.497610343389168097e-01 2.781043549172208529e-01
8.621246094045781350e-01 2.684882409772620937e-01
8.703669927816857221e-01 2.625955826334075982e-01
8.868517595359006744e-01 2.469033527423759034e-01
8.992153346015621107e-01 2.378684325020850032e-01
9.157001013557770630e-01 2.221762026110533084e-01
9.280636764214383883e-01 2.131412823707624082e-01
9.321848681099922374e-01 2.093718800041318717e-01
9.424037413785489870e-01 1.991530067355750666e-01
9.461731437451794680e-01 1.950318150470213285e-01
9.520658020890340190e-01 1.867894316699137969e-01
9.615851552452998607e-01 1.744258566042524716e-01
9.639819936380578103e-01 1.703046649156987336e-01
9.703769462582274574e-01 1.579410898500374083e-01
9.727712469713742927e-01 1.538198981614836702e-01
9.821911136880687732e-01 1.414563230958223450e-01
9.845879520808267227e-01 1.373351314072686069e-01
9.908775064078121364e-01 1.249715563416072817e-01
9.944348038572599080e-01 1.167291729644997500e-01
9.995505014805825539e-01 9.612321452173089309e-02
1.000000000000000000e+00 9.200202283317715501e-02
1.000000000000000000e+00 6.315368101330076644e-02
9.995288868388594317e-01 5.903248932474702837e-02
9.984955179840171446e-01 5.491129763619323478e-02
9.967845478280725757e-01 5.079010594763949671e-02
9.945546887537299874e-01 4.666891425908570312e-02
9.914573015130154765e-01 4.254772257053196505e-02
9.857603600611911654e-01 3.685078111870765394e-02
9.816391683726373163e-01 3.375339387799308755e-02
9.775179766840835782e-01 3.152353480365061023e-02
9.733967849955298401e-01 2.975208708590942885e-02
