3.269099490807418351e-01 -1.110223024625156540e-16
2.733344571295428516e-01 -1.110223024625156540e-16
2.631459554550626967e-01 7.955464968409931004e-04
2.403649236211127249e-01 6.446574494024581714e-03
2.321225402440051933e-01 7.570535863630156737e-03
2.115165818012363919e-01 1.272706114354105189e-02
2.073953901126825983e-01 1.449850886128217775e-02
2.032741984241288602e-01 1.666574957820154967e-02
1.785470482928062652e-01 3.312816856249461983e-02
1.661834732271449400e-01 4.263300140653414338e-02
1.538198981614836702e-01 4.969790144405483723e-02
1.414563230958223450e-01 5.921725460032073451e-02
1.373351314072686069e-01 6.196471572602318956e-02
1.249715563416072817e-01 7.158082966598205976e-02
1.167291729644997500e-01 7.747348800983649975e-02
1.126079812759459564e-01 8.124289037646703626e-02
9.002553294172788156e-02 1.038253387106851111e-01
8.625613057509734505e-02 1.079465303992389047e-01
7.722121033480644492e-02 1.203101054649001744e-01
6.152898044377475006e-02 1.367948722191152378e-01
5.563632209992031008e-02 1.450372555962227694e-01
4.611696894365441279e-02 1.574008306618840947e-01
4.372013055089640776e-02 1.615220223504378327e-01
3.743057622391099404e-02 1.738855974160991580e-01
3.387327877446311142e-02 1.821279807932066896e-01
3.287877283969431463e-02 1.862491724817604277e-01
3.171398381350049034e-02 1.944915558588679594e-01
2.463638946258678297e-02 2.233398976787443480e-01
2.418689094316928134e-02 2.274610893672980860e-01
2.418689094316928134e-02 3.140061148269271962e-01
2.463638946258678297e-02 3.181273065154809343e-01
2.975208708590937334e-02 3.387332649582497912e-01
3.330938453535725596e-02 3.469756483353573229e-01
4.565607901359364229e-02 3.717027984666799179e-01
5.023816063220820638e-02 3.799451818437874495e-01
5.975751378847404816e-02 3.923087569094487748e-01
6.250497491417661422e-02 3.964299485980025128e-01
6.569912293858404251e-02 4.005511402865563064e-01
6.964903747895617725e-02 4.046723319751100445e-01
7.551725607896209169e-02 4.094422297627881013e-01
7.963844776751582977e-02 4.121896908884905564e-01
9.200202283317715501e-02 4.217090440447565092e-01
1.002444062102846867e-01 4.262911256633709622e-01
1.414563230958223450e-01 4.468802035187149357e-01
1.496987064729298766e-01 4.504375009681627073e-01
1.538198981614836702e-01 4.514103922612084374e-01
1.579410898500374083e-01 4.518815054223490613e-01
2.238801568668976616e-01 4.518815054223490613e-01
2.280013485554514552e-01 4.514320069029316151e-01
2.568496903753277882e-01 4.443544125520179078e-01
2.650920737524353199e-01 4.432304511824122772e-01
2.856980321952041768e-01 4.380739259025014376e-01
2.939404155723116530e-01 4.345166284530536105e-01
3.104251823265267718e-01 4.264803046603736769e-01
3.145463740150805654e-01 4.250418285996831469e-01
3.186675657036343035e-01 4.245803466641722701e-01
3.227887573921880415e-01 4.255313460478777343e-01
3.269099490807418351e-01 4.279332889095433523e-01
3.310311407692956287e-01 4.316840557598701222e-01
3.358773569215763866e-01 4.376418654835401711e-01
3.417700152654308265e-01 4.458842488606477028e-01
3.455394176320614186e-01 4.500054405492014964e-01
3.846066327204945567e-01 4.890726556376346346e-01
3.887278244090482948e-01 4.928420580042651711e-01
3.979251180554548850e-01 4.994597408118466864e-01
4.025632536491930979e-01 5.035809325004004799e-01
4.052125911632633581e-01 5.067472139196551595e-01
4.118302739708448734e-01 5.159445075660616942e-01
4.155996763374754099e-01 5.200656992546155433e-01
4.258185496060322150e-01 5.302845725231722929e-01
4.381821246716934848e-01 5.413094611729938332e-01
4.408914266150945616e-01 5.447928493859380827e-01
4.458625273639982289e-01 5.530352327630456699e-01
4.489209991678287937e-01 5.571564244515994080e-01
4.526904015344592747e-01 5.612776161401531461e-01
4.690910623358467424e-01 5.777623828943682094e-01
4.728556124359679647e-01 5.818835745829220585e-01
4.758983878928328415e-01 5.860047662714757966e-01
4.829632879303536463e-01 5.983683413371370108e-01
4.860117243648126584e-01 6.024895330256908599e-01
5.017039542558443532e-01 6.189742997799059232e-01
5.107388744961353089e-01 6.313378748455671374e-01
5.145082768627657899e-01 6.354590665341209865e-01
5.515148961069220590e-01 6.725497917311048512e-01
5.552794462070433923e-01 6.766709834196585893e-01
5.611691692291822520e-01 6.849133667967661765e-01
5.707852831691411222e-01 6.972769418624273907e-01
5.766779415129955622e-01 7.055193252395349779e-01
5.804473438796260432e-01 7.096405169280887160e-01
5.906662171481829038e-01 7.198593901966455766e-01
5.947874088367366419e-01 7.236287925632760576e-01
6.071509839023979671e-01 7.326637128035670132e-01
6.112721755909517052e-01 7.364282629036882355e-01
6.212185132239036456e-01 7.467312421250726917e-01
6.271082362460425053e-01 7.549736255021801679e-01
6.318781340337205066e-01 7.608418441021860268e-01
6.359993257222742447e-01 7.647917586425582170e-01
6.483629007879355699e-01 7.738756296891047270e-01
6.648476675421506332e-01 7.895678595801363109e-01
6.772112426078119585e-01 7.986027798204271555e-01
6.813324342963656965e-01 8.023673299205484888e-01
6.912787719293176369e-01 8.126703091419329450e-01
7.003136921696084816e-01 8.250338842075941592e-01
7.160059220606402874e-01 8.415186509618093336e-01
7.218956450827791471e-01 8.497610343389168097e-01
7.315117590227379063e-01 8.621246094045780239e-01
7.374044173665923463e-01 8.703669927816856111e-01
7.530966472576241522e-01 8.868517595359006744e-01
7.621315674979149968e-01 8.992153346015619997e-01
7.778237973889466916e-01 9.157001013557770630e-01
7.868587176292376473e-01 9.280636764214382772e-01
7.906281199958681283e-01 9.321848681099921263e-01
8.008469932644248779e-01 9.424037413785488759e-01
8.049681849529786160e-01 9.461731437451794680e-01
8.132105683300862031e-01 9.520658020890339079e-01
8.255741433957475284e-01 9.615851552452998607e-01
8.461801018385163298e-01 9.727712469713742927e-01
8.585436769041776550e-01 9.821911136880685511e-01
8.626648685927313931e-01 9.845879520808266117e-01
8.750284436583927183e-01 9.908775064078120254e-01
8.832708270355003055e-01 9.944348038572599080e-01
9.038767854782691069e-01 9.995505014805825539e-01
9.079979771668228450e-01 1.000000000000000000e+00
9.368463189866992336e-01 1.000000000000000000e+00
9.409675106752529716e-01 9.995288868388594317e-01
9.450887023638068207e-01 9.984955179840171446e-01
9.492098940523605588e-01 9.967845478280723537e-01
9.533310857409142969e-01 9.945546887537299874e-01
9.574522774294680350e-01 9.914573015130153655e-01
9.631492188812923461e-01 9.857603600611910544e-01
9.662466061220069680e-01 9.816391683726373163e-01
9.684764651963493343e-01 9.775179766840835782e-01
9.702479129140906267e-01 9.733967849955298401e-01
9.753636105374132725e-01 9.527908265527609277e-01
9.758131090568307187e-01 9.486696348642071897e-01
9.758131090568307187e-01 9.404272514870997135e-01
9.753419958956901503e-01 9.363060597985458644e-01
9.743086270408478633e-01 9.321848681099921263e-01
9.725976568849031834e-01 9.280636764214382772e-01
9.703677978105607060e-01 9.239424847328845392e-01
9.672704105698460841e-01 9.198212930443308011e-01
9.615734691180217730e-01 9.141243515925066010e-01
9.574522774294680350e-01 9.110269643517919791e-01
9.533310857409142969e-01 9.087971052774495018e-01
9.492098940523605588e-01 9.070861351215048218e-01
9.450887023638068207e-01 9.060527662666625348e-01
9.409675106752529716e-01 9.055816531055218555e-01
9.327251272981453845e-01 9.055816531055218555e-01
9.286039356095916464e-01 9.060527662666625348e-01
9.244827439210379083e-01 9.070861351215048218e-01
9.203615522324841702e-01 9.087971052774495018e-01
9.121191688553766941e-01 9.133502990772157659e-01
9.079979771668228450e-01 9.149666689366275918e-01
9.038767854782691069e-01 9.152536389228503877e-01
8.997555937897152578e-01 9.142233410007118977e-01
8.956344021011615197e-01 9.121308549826545597e-01
8.832708270355003055e-01 9.027845809746843919e-01
8.791496353469464564e-01 9.003877425819264424e-01
8.667860602812851312e-01 8.939927899617567952e-01
8.626648685927313931e-01 8.915984892486099600e-01
8.585436769041776550e-01 8.885557137917450277e-01
8.544224852156239169e-01 8.847911636916238054e-01
8.444761475826719765e-01 8.744881844702394602e-01
8.354412273423810209e-01 8.621246094045780239e-01
8.197489974513494371e-01 8.456398426503630716e-01
8.107140772110584814e-01 8.332762675847017464e-01
7.950218473200267866e-01 8.167915008304866831e-01
7.891321242978879269e-01 8.085491174533792069e-01
7.795160103579290567e-01 7.961855423877177707e-01
7.736233520140745057e-01 7.879431590106102945e-01
7.579311221230429219e-01 7.714583922563952312e-01
7.488962018827519662e-01 7.590948171907339059e-01
7.451267995161214852e-01 7.549736255021801679e-01
7.349079262475646246e-01 7.447547522336233072e-01
7.307867345590108865e-01 7.409853498669928262e-01
7.184231594933496723e-01 7.319504296267018706e-01
7.019383927391344979e-01 7.162581997356702868e-01
6.927410990927280743e-01 7.096405169280887160e-01
6.895748176734732837e-01 7.069911794140184558e-01
6.854536259849194346e-01 7.023530438202802983e-01
6.788359431773379749e-01 6.931557501738736526e-01
6.750665408107074938e-01 6.890345584853199146e-01
6.648476675421506332e-01 6.788156852167630539e-01
6.607264758535968951e-01 6.750462828501325729e-01
6.483629007879355699e-01 6.660113626098416173e-01
6.442417090993818318e-01 6.622468125097205061e-01
6.342953714664298914e-01 6.519438332883360498e-01
6.284056484442910318e-01 6.437014499112284627e-01
6.187895345043321615e-01 6.313378748455671374e-01
6.128968761604777216e-01 6.230954914684596613e-01
6.091274737938472406e-01 6.189742997799059232e-01
5.721208545496908604e-01 5.818835745829220585e-01
5.683563044495696381e-01 5.777623828943682094e-01
5.593213842092787935e-01 5.653988078287068841e-01
5.518715376953545748e-01 5.571564244515994080e-01
5.488287622384896425e-01 5.530352327630456699e-01
5.417638622009690597e-01 5.406716576973843447e-01
5.387154257665098811e-01 5.365504660088306066e-01
5.349460233998794001e-01 5.324292743202767575e-01
5.185453625984919324e-01 5.159445075660616942e-01
5.147808124983707101e-01 5.118233158775079561e-01
5.117380370415057778e-01 5.077021241889542180e-01
5.046731370039850839e-01 4.953385491232928928e-01
5.015757497632705730e-01 4.912173574347391547e-01
4.958788083114462619e-01 4.855204159829148436e-01
4.835152332457849367e-01 4.764365449363684446e-01
4.732122540244005360e-01 4.664902073034165597e-01
4.694477039242793137e-01 4.623690156148627661e-01
4.603638328777328592e-01 4.500054405492014964e-01
4.564139183373607245e-01 4.458842488606477028e-01
4.505456997373548100e-01 4.411143510729697015e-01
4.423033163602472784e-01 4.352246280508307863e-01
4.381821246716934848e-01 4.314600779507095085e-01
4.031519953189864891e-01 3.964299485980025128e-01
3.993874452188652668e-01 3.923087569094487748e-01
3.962583655854056697e-01 3.881875652208949812e-01
3.911499282961807822e-01 3.799451818437874495e-01
3.896160122729607767e-01 3.758239901552337114e-01
3.896870673020737530e-01 3.717027984666799179e-01
3.915660035907881364e-01 3.675816067781261243e-01
3.985949083556818984e-01 3.593392234010186481e-01
4.044875666995363384e-01 3.510968400239110609e-01
4.141036806394950975e-01 3.387332649582497912e-01
4.168511417651976636e-01 3.346120732696959976e-01
4.263704949214635054e-01 3.222484982040347279e-01
4.287673333142215659e-01 3.181273065154809343e-01
4.350568876412068686e-01 3.057637314498196646e-01
4.386141850906548068e-01 2.975213480727121329e-01
4.418047851075996291e-01 2.851577730070508077e-01
4.434856254512258289e-01 2.810365813184970696e-01
4.492958301268917820e-01 2.686730062528357443e-01
4.509777601563160765e-01 2.645518145642820063e-01
4.519722660910849288e-01 2.604306228757282682e-01
4.531370551172787531e-01 2.521882394986206810e-01
4.602554771247807652e-01 2.233398976787443480e-01
4.613794384943862847e-01 2.150975143016368163e-01
4.643358411567461985e-01 2.027339392359754910e-01
4.647853396761637557e-01 1.986127475474217530e-01
4.647853396761637557e-01 1.532796389733303011e-01
4.643358411567461985e-01 1.491584472847765630e-01
4.613794384943862847e-01 1.367948722191152378e-01
4.602554771247807652e-01 1.285524888420077061e-01
4.550989518448698701e-01 1.079465303992389047e-01
4.515416543954219319e-01 9.970414702213137303e-02
4.391949599171854901e-01 7.497699689080877805e-02
4.346128782985710370e-01 6.673461351370124639e-02
4.315644418641120250e-01 6.261342182514745280e-02
4.277950394974814885e-01 5.849223013659371473e-02
4.093337828518171517e-01 4.003097349092937796e-02
4.052125911632633581e-01 3.626157112429884144e-02
4.010913994747096201e-01 3.312816856249461983e-02
3.763642493433870251e-01 1.665477522690050893e-02
3.681218659662794934e-01 1.214628631701020200e-02
3.598794825891719618e-01 8.041975215881291827e-03
3.516370992120644301e-01 4.484677766433520230e-03
3.370984507552219900e-01 7.955464968409931004e-04
