5.679262672811059565e-01 1.502858150134622761e-03
5.638095238095237605e-01 4.706046641529959551e-04
5.596927803379416755e-01 0.000000000000000000e+00
5.514592933947772835e-01 0.000000000000000000e+00
5.473425499231950875e-01 4.490133522391248633e-04
5.432258064516128915e-01 1.318606295564794806e-03
5.308755760368664145e-01 5.417138828032463937e-03
5.226420890937020225e-01 9.112647209421342875e-03
4.979416282642089020e-01 2.144601525684075582e-02
4.897081413210445655e-01 2.602315119596215753e-02
4.773579109062979775e-01 3.553222961825108772e-02
4.732411674347158370e-01 3.827672526597247771e-02
4.691244239631336410e-01 4.141852770885023904e-02
4.650076804915514450e-01 4.518386156305831403e-02
4.547998369854854284e-01 5.539170506912438618e-02
4.510345031312772979e-01 5.950844854070658219e-02
4.478927006883995920e-01 6.362519201228872268e-02
4.451482050406781465e-01 6.774193548387091868e-02
4.355424702736530596e-01 8.009216589861745117e-02
4.327979746259316141e-01 8.420890937019964717e-02
4.262869895371417250e-01 9.244239631336403917e-02
4.232888962036427394e-01 9.655913978494617966e-02
4.210614439324116831e-01 1.006758832565283757e-01
4.192919082305138212e-01 1.047926267281105717e-01
4.141409486570776788e-01 1.253763440860214962e-01
4.130182004375552718e-01 1.336098310291858327e-01
4.121107941384438700e-01 1.377265745007680287e-01
4.098749852298239071e-01 1.459600614439323651e-01
4.090516365355074679e-01 1.500768049155145611e-01
4.068178382464096576e-01 1.583102918586788976e-01
4.059482453030840432e-01 1.624270353302610936e-01
4.054992319508448073e-01 1.665437788018432896e-01
4.054992319508448073e-01 2.324116743471582036e-01
4.059482453030840432e-01 2.365284178187403996e-01
4.089014569659731313e-01 2.488786482334869321e-01
4.100242051854954828e-01 2.571121351766513241e-01
4.131683800070896639e-01 2.694623655913978011e-01
4.139917287014061031e-01 2.735791090629799971e-01
4.162275376100260660e-01 2.818125960061443891e-01
4.171349439091374678e-01 2.859293394777265851e-01
4.182576921286598193e-01 2.941628264208909216e-01
4.234015763894135032e-01 3.147465437788018461e-01
4.285981214273123507e-01 3.270967741935483786e-01
4.315000881367883068e-01 3.353302611367127151e-01
4.351955965181771857e-01 3.435637480798771071e-01
4.414783622013877529e-01 3.559139784946236396e-01
4.438726135615536639e-01 3.600307219662058356e-01
4.469177596596951019e-01 3.641474654377879761e-01
4.506830935139032324e-01 3.682642089093701721e-01
4.588325652841782065e-01 3.764976958525345641e-01
4.625930521091811132e-01 3.806144393241167601e-01
4.657319223985890710e-01 3.847311827956989005e-01
4.684764180463105165e-01 3.888479262672810965e-01
4.716182204891882224e-01 3.929646697388632925e-01
4.753835543433962973e-01 3.970814132104454330e-01
4.855913978494623695e-01 4.072892567165115052e-01
4.938248847926267060e-01 4.147062211981566993e-01
4.966654377880184157e-01 4.176651305683563575e-01
4.989201984336833484e-01 4.217818740399385535e-01
4.997193129451193983e-01 4.258986175115207495e-01
5.001843317972349823e-01 4.423655913978494780e-01
5.006333451494742182e-01 4.464823348694316185e-01
5.015029380927998881e-01 4.505990783410138145e-01
5.026791505132518489e-01 4.547158218125960105e-01
5.035467328370554219e-01 4.588325652841782065e-01
5.039938556067589115e-01 4.629493087557603470e-01
5.043010752688171783e-01 4.794162826420890755e-01
5.047500886210564142e-01 4.835330261136712715e-01
5.056196815643820841e-01 4.876497695852534675e-01
5.067958939848340449e-01 4.917665130568356635e-01
5.076634763086376179e-01 4.958832565284178040e-01
5.081105990783409965e-01 5.000000000000000000e-01
5.081105990783409965e-01 6.235023041474654359e-01
5.076634763086376179e-01 6.276190476190476319e-01
5.067958939848340449e-01 6.317357910906298279e-01
5.056196815643820841e-01 6.358525345622120239e-01
5.047500886210564142e-01 6.399692780337942200e-01
5.043010752688171783e-01 6.440860215053763049e-01
5.039938556067589115e-01 6.605529953917050889e-01
5.035467328370554219e-01 6.646697388632872849e-01
5.026791505132518489e-01 6.687864823348694809e-01
5.015029380927998881e-01 6.729032258064515659e-01
5.006333451494742182e-01 6.770199692780338729e-01
5.001843317972349823e-01 6.811367127496159579e-01
4.998771121351766600e-01 7.017204301075269379e-01
4.994299893654732259e-01 7.058371735791091339e-01
4.985624070416697085e-01 7.099539170506912189e-01
4.973861946212176921e-01 7.140706605222734149e-01
4.965166016778920222e-01 7.181874039938556109e-01
4.960675883256528418e-01 7.223041474654378069e-01
4.957603686635945195e-01 7.387711213517664799e-01
4.953132458938910299e-01 7.428878648233486759e-01
4.944456635700875125e-01 7.470046082949308719e-01
4.932694511496354961e-01 7.511213517665130679e-01
4.923998582063098262e-01 7.552380952380952639e-01
4.919508448540706458e-01 7.593548387096774599e-01
4.916436251920123235e-01 7.758218125960061329e-01
4.911965024223088339e-01 7.799385560675883289e-01
4.882423311455569293e-01 7.922887864823349169e-01
4.871195829260345778e-01 8.005222734254993089e-01
4.841255876739747332e-01 8.128725038402457859e-01
4.830028394544523818e-01 8.211059907834101779e-01
4.820954331553409800e-01 8.252227342549923739e-01
4.798596242467210171e-01 8.334562211981566549e-01
4.790362755524045779e-01 8.375729646697389619e-01
4.758921007308103968e-01 8.499231950844854389e-01
4.747693525112879898e-01 8.581566820276498309e-01
4.738619462121765880e-01 8.622734254992319158e-01
4.716261373035566251e-01 8.705069124423963078e-01
4.708027886092401859e-01 8.746236559139785038e-01
4.676586137876460603e-01 8.869738863287250918e-01
4.665358655681236533e-01 8.952073732718894838e-01
4.656284592690122515e-01 8.993241167434715688e-01
4.633926503603922886e-01 9.075576036866359608e-01
4.615117157974300555e-01 9.157910906298003528e-01
4.587329666518011884e-01 9.240245775729647448e-01
4.569516393876794091e-01 9.281413210445468298e-01
4.542965238664163352e-01 9.322580645161291368e-01
4.479893570331358599e-01 9.404915514592934178e-01
4.457619047619047481e-01 9.446082949308756138e-01
4.440527813452191941e-01 9.487250384024578098e-01
4.430205278592375118e-01 9.528417818740400058e-01
4.425499231950844603e-01 9.569585253456220908e-01
4.425499231950844603e-01 9.651920122887864828e-01
4.430205278592375118e-01 9.693087557603687898e-01
4.440527813452191941e-01 9.734254992319508748e-01
4.457619047619047481e-01 9.775422427035330708e-01
4.479893570331358599e-01 9.816589861751152668e-01
4.510834011023764356e-01 9.857757296466973518e-01
4.567741935483871085e-01 9.914665220927081357e-01
4.608909370199693045e-01 9.945605661619487670e-01
4.650076804915514450e-01 9.967880184331797677e-01
4.691244239631336410e-01 9.984971418498653772e-01
4.732411674347158370e-01 9.995293953358470596e-01
4.773579109062979775e-01 1.000000000000000000e+00
4.855913978494623695e-01 1.000000000000000000e+00
4.897081413210445655e-01 9.995293953358470596e-01
4.938248847926267060e-01 9.984971418498653772e-01
4.979416282642089020e-01 9.967880184331797677e-01
5.020583717357910425e-01 9.945605661619487670e-01
5.061751152073732385e-01 9.915154200638072179e-01
5.102918586789554345e-01 9.877500862095991430e-01
5.204997021850215067e-01 9.775422427035330708e-01
5.242650360392295816e-01 9.734254992319508748e-01
5.273101821373710196e-01 9.693087557603687898e-01
5.295376344086021314e-01 9.651920122887864828e-01
5.313071701104999933e-01 9.610752688172043978e-01
5.324515168970813672e-01 9.569585253456220908e-01
5.333139548623420101e-01 9.528417818740400058e-01
5.366073496396077669e-01 9.404915514592934178e-01
5.374306983339242061e-01 9.363748079877112218e-01
5.405748731555183317e-01 9.240245775729647448e-01
5.416976213750407387e-01 9.157910906298003528e-01
5.426050276741520850e-01 9.116743471582181568e-01
5.448408365827720479e-01 9.034408602150538758e-01
5.456641852770884871e-01 8.993241167434715688e-01
5.488083600986827237e-01 8.869738863287250918e-01
5.499311083182051307e-01 8.787403993855606998e-01
5.508385146173164770e-01 8.746236559139785038e-01
5.530743235259364399e-01 8.663901689708142229e-01
5.538976722202528791e-01 8.622734254992319158e-01
5.570418470418470047e-01 8.499231950844854389e-01
5.581645952613694117e-01 8.416897081413210469e-01
5.611585905134292007e-01 8.293394777265745699e-01
5.622813387329516077e-01 8.211059907834101779e-01
5.631887450320630650e-01 8.169892473118279819e-01
5.654245539406830279e-01 8.087557603686637009e-01
5.662479026349993561e-01 8.046390168970813939e-01
5.684817009240972219e-01 7.964055299539170019e-01
5.693512938674228918e-01 7.922887864823349169e-01
5.698003072196620167e-01 7.881720430107527209e-01
5.701075268817205055e-01 7.717050691244240479e-01
5.705546496514238841e-01 7.675883256528417409e-01
5.714222319752273460e-01 7.634715821812596559e-01
5.725984443956794179e-01 7.593548387096774599e-01
5.734680373390050878e-01 7.552380952380952639e-01
5.739170506912442127e-01 7.511213517665130679e-01
5.742242703533027015e-01 7.305376344086021989e-01
5.746713931230060801e-01 7.264208909370200029e-01
5.755389754468095420e-01 7.223041474654378069e-01
5.767151878672616139e-01 7.181874039938556109e-01
5.775847808105872838e-01 7.140706605222734149e-01
5.780337941628264087e-01 7.099539170506912189e-01
5.783410138248847865e-01 6.934869431643625459e-01
5.787881365945881651e-01 6.893701996927803499e-01
5.796557189183917380e-01 6.852534562211981539e-01
5.808319313388438099e-01 6.811367127496159579e-01
5.817015242821694798e-01 6.770199692780338729e-01
5.821505376344086047e-01 6.729032258064515659e-01
5.824577572964669825e-01 6.564362519201228929e-01
5.829048800661703611e-01 6.523195084485406969e-01
5.837724623899739340e-01 6.482027649769585009e-01
5.849486748104260059e-01 6.440860215053763049e-01
5.858182677537515648e-01 6.399692780337942200e-01
5.862672811059908007e-01 6.358525345622120239e-01
5.862672811059908007e-01 4.917665130568356635e-01
5.858182677537515648e-01 4.876497695852534675e-01
5.849486748104260059e-01 4.835330261136712715e-01
5.837724623899739340e-01 4.794162826420890755e-01
5.829048800661703611e-01 4.752995391705069350e-01
5.824577572964669825e-01 4.711827956989247390e-01
5.821505376344086047e-01 4.505990783410138145e-01
5.817015242821694798e-01 4.464823348694316185e-01
5.808319313388438099e-01 4.423655913978494780e-01
5.796557189183917380e-01 4.382488479262672820e-01
5.787881365945881651e-01 4.341321044546850860e-01
5.783410138248847865e-01 4.300153609831028900e-01
5.780337941628264087e-01 4.135483870967742170e-01
5.775847808105872838e-01 4.094316436251920210e-01
5.767151878672616139e-01 4.053149001536098250e-01
5.755389754468095420e-01 4.011981566820276290e-01
5.746713931230060801e-01 3.970814132104454330e-01
5.742242703533027015e-01 3.929646697388632925e-01
5.739170506912442127e-01 3.764976958525345641e-01
5.734680373390050878e-01 3.723809523809523681e-01
5.725984443956794179e-01 3.682642089093701721e-01
5.714222319752273460e-01 3.641474654377879761e-01
5.705546496514238841e-01 3.600307219662058356e-01
5.701075268817205055e-01 3.559139784946236396e-01
5.698003072196620167e-01 3.394470046082949111e-01
5.693512938674228918e-01 3.353302611367127151e-01
5.684817009240972219e-01 3.312135176651305191e-01
5.673054885036452610e-01 3.270967741935483786e-01
5.664379061798416881e-01 3.229800307219661826e-01
5.659907834101383095e-01 3.188632872503840421e-01
5.659907834101383095e-01 1.912442396313363546e-01
5.664379061798416881e-01 1.871274961597542141e-01
5.673054885036452610e-01 1.830107526881720181e-01
5.684817009240972219e-01 1.788940092165898221e-01
5.693512938674228918e-01 1.747772657450076261e-01
5.698003072196620167e-01 1.706605222734254856e-01
5.701075268817205055e-01 1.541935483870967571e-01
5.705546496514238841e-01 1.500768049155145611e-01
5.714222319752273460e-01 1.459600614439323651e-01
5.736580408838474199e-01 1.377265745007680287e-01
5.744813895781637481e-01 1.336098310291858327e-01
5.776255643997578737e-01 1.212596006144393002e-01
5.787483126192803917e-01 1.130261136712749082e-01
5.796557189183917380e-01 1.089093701996927677e-01
5.818915278270117009e-01 1.006758832565283757e-01
5.827148765213281401e-01 9.655913978494617966e-02
5.860082712985938969e-01 8.420890937019964717e-02
5.868316199929103361e-01 8.009216589861745117e-02
5.899757948145044617e-01 6.774193548387091868e-02
5.910985430340268687e-01 5.950844854070658219e-02
5.940517546969159568e-01 4.715821812595999418e-02
5.945007680491550817e-01 4.304147465437785369e-02
5.945007680491550817e-01 3.480798771121346169e-02
5.940301633850021412e-01 3.069124423963126569e-02
5.929979098990204589e-01 2.657450076804912520e-02
5.912887864823349604e-01 2.245775729646692920e-02
5.890613342111038486e-01 1.834101382488473320e-02
5.859672901418632174e-01 1.422427035330259271e-02
5.802764976958525445e-01 8.533477907291919795e-03
5.761597542242703485e-01 5.439433838051233039e-03
5.720430107526881525e-01 3.211981566820176770e-03
