3.208906565821216805e-01 3.355910750120830177e-01
3.165221360109539139e-01 3.346682983834969316e-01
3.121536154397861473e-01 3.341918236943339782e-01
2.029406011605919824e-01 3.341918236943339782e-01
1.985720805894242158e-01 3.346912102046743498e-01
1.942035600182564492e-01 3.357224885213283549e-01
1.810979983047532049e-01 3.412293425200174646e-01
1.679924365912499051e-01 3.455868898110620036e-01
1.592553954489143719e-01 3.475722360706385849e-01
1.505183543065788387e-01 3.499447854602056318e-01
1.461498337354110721e-01 3.509076880824941180e-01
1.374127925930755389e-01 3.521423806681679980e-01
1.330442720219077724e-01 3.531965708059994213e-01
1.243072308795722392e-01 3.569673556323487151e-01
9.809610745256563957e-02 3.700550236881452459e-01
8.935906631023010638e-02 3.749120940023658033e-01
8.499054573906233978e-02 3.781434790677145608e-01
8.062202516789457318e-02 3.821390980595145703e-01
7.188498402555903999e-02 3.907869857208058906e-01
6.751646345439127339e-02 3.947774612425457019e-01
6.314794288322350679e-02 3.981083026039666795e-01
5.877942231205579571e-02 4.010206496514118202e-01
5.441090174088802911e-02 4.043046720164948371e-01
5.004238116972026251e-02 4.079313683397284285e-01
4.567386059855249592e-02 4.112138643174699792e-01
4.130534002738472932e-02 4.141262113649151200e-01
3.693681945621696272e-02 4.174601642082244046e-01
3.256829888504919612e-02 4.214557832000244697e-01
2.610467150934175917e-02 4.279194105757319067e-01
2.210905251754174961e-02 4.322879311468996733e-01
1.887766745219304765e-02 4.366564517180674398e-01
1.633698538355521368e-02 4.410249722892352064e-01
9.669970224511437173e-03 4.541305340027384507e-01
5.899185398162087868e-03 4.628675751450739839e-01
4.684851176892435021e-03 4.672360957162417505e-01
3.769667119735586880e-03 4.716046162874095171e-01
1.399251317749039547e-03 4.803416574297450503e-01
4.764746891629534353e-04 4.847101780009128169e-01
-1.110223024625156540e-16 4.890786985720805835e-01
-1.110223024625156540e-16 4.978157397144161167e-01
4.764746891629534353e-04 5.021842602855838278e-01
1.399251317749039547e-03 5.065527808567515944e-01
2.647400052368353851e-03 5.109213014279193610e-01
3.610302674656840072e-03 5.152898219990871276e-01
4.844995260330720033e-03 5.240268631414226608e-01
5.963292455724189534e-03 5.283953837125904274e-01
7.776944643672123458e-03 5.327639042837581940e-01
1.007424997912392817e-02 5.371324248549259606e-01
1.583530491155837883e-02 5.458694659972614938e-01
2.061039935549674462e-02 5.546065071395970270e-01
2.507402652589074687e-02 5.633435482819325602e-01
2.761470859452858084e-02 5.677120688531003267e-01
3.084609365987722729e-02 5.720805894242680933e-01
3.484171265167729237e-02 5.764491099954358599e-01
6.314794288322350679e-02 6.047553402269820744e-01
6.751646345439127339e-02 6.087509592187821950e-01
7.188498402555903999e-02 6.119823442841307859e-01
7.625350459672680659e-02 6.145230263527687864e-01
8.935906631023010638e-02 6.213017651700980526e-01
9.372758688139787298e-02 6.238397572630147714e-01
9.809610745256563957e-02 6.270167962296137043e-01
1.024646280237334062e-01 6.306434925528472402e-01
1.068331485949011728e-01 6.338249471399696189e-01
1.112016691660689394e-01 6.363656292086076194e-01
1.243072308795722392e-01 6.430326443676511738e-01
1.330442720219077724e-01 6.468034291940005787e-01
1.374127925930755389e-01 6.480177634152702870e-01
1.417813131642433055e-01 6.489329474724272462e-01
1.505183543065788387e-01 6.513033632744136270e-01
1.548868748777466053e-01 6.522694177874461818e-01
1.636239160200821385e-01 6.534608324886737041e-01
1.679924365912499051e-01 6.544237351109620793e-01
1.767294777335854383e-01 6.567962845005291816e-01
1.810979983047532049e-01 6.576699886147627794e-01
1.898350394470886826e-01 6.600404044167491602e-01
1.942035600182564492e-01 6.609631810453353573e-01
1.985720805894242158e-01 6.614396557344983663e-01
2.204146834452630488e-01 6.617656647323466590e-01
2.247832040164308154e-01 6.622401332122920259e-01
2.291517245875985820e-01 6.631607762532976125e-01
2.335202451587663486e-01 6.644089249879170378e-01
2.378887657299341152e-01 6.653317016165030129e-01
2.422572863011018818e-01 6.658081763056660218e-01
3.121536154397861473e-01 6.658081763056660218e-01
3.165221360109539139e-01 6.653317016165030129e-01
3.208906565821216805e-01 6.644089249879170378e-01
3.252591771532894471e-01 6.631607762532976125e-01
3.296276977244572137e-01 6.622401332122920259e-01
3.339962182956249803e-01 6.617656647323466590e-01
3.427332594379605135e-01 6.614396557344983663e-01
3.471017800091282246e-01 6.609402692241579391e-01
3.514703005802959912e-01 6.599089909075038785e-01
3.602073417226315244e-01 6.561382060811544736e-01
3.733129034361348242e-01 6.495854252244028793e-01
3.820499445784703574e-01 6.456650957664792356e-01
3.907869857208058906e-01 6.425856468392625587e-01
3.995240268631414238e-01 6.386641237964834072e-01
4.257351502901479678e-01 6.255764557406868764e-01
4.344721914324835010e-01 6.207193854264663191e-01
4.388407120036512676e-01 6.175379308393440514e-01
4.432092325748190342e-01 6.139112345161104045e-01
4.475777531459868008e-01 6.106287385383688537e-01
4.519462737171545674e-01 6.077163914909237130e-01
4.563147942883223340e-01 6.043824386476144284e-01
4.650518354306578672e-01 5.964854976151188204e-01
4.694203560018256338e-01 5.931546562536977873e-01
4.737888765729934004e-01 5.902423092062526466e-01
4.781573971441611670e-01 5.868564678267472745e-01
4.841962344043048150e-01 5.808176305666036265e-01
4.874901456371105168e-01 5.764491099954358599e-01
4.912629588576644668e-01 5.701996986227930719e-01
4.930189328127417281e-01 5.677120688531003267e-01
4.956314794288322334e-01 5.648771778441510349e-01
5.000000000000000000e-01 5.623606311534198321e-01
5.043685205711677666e-01 5.614571416716556129e-01
5.087370411423355332e-01 5.611914094711366596e-01
5.611592879963487324e-01 5.612896915954880273e-01
5.655278085675164990e-01 5.617641600754335052e-01
5.698963291386842656e-01 5.626848031164390918e-01
5.742648497098520322e-01 5.639329518510584061e-01
5.786333702810197988e-01 5.648557284796444922e-01
5.830018908521875654e-01 5.653322031688075011e-01
6.048444937080263983e-01 5.656582121666557939e-01
6.092130142791941649e-01 5.661326806466012718e-01
6.135815348503619315e-01 5.670533236876068583e-01
6.179500554215295871e-01 5.683014724222261727e-01
6.223185759926974647e-01 5.692242490508122588e-01
6.266870965638651203e-01 5.697007237399752677e-01
7.140575079872204523e-01 5.700267327378235604e-01
7.184260285583882188e-01 5.705251313421099146e-01
7.227945491295559854e-01 5.715521393551752372e-01
7.315315902718915186e-01 5.753205755145508471e-01
7.446371519853948184e-01 5.818733563713025525e-01
7.533741931277303516e-01 5.856441411976519573e-01
7.577427136988981182e-01 5.866983313354833252e-01
7.664797548412336514e-01 5.879330239211572051e-01
7.708482754124014180e-01 5.888959265434456913e-01
7.795853165547369512e-01 5.912684759330126827e-01
7.839538371259047178e-01 5.921421800472462804e-01
7.926908782682402510e-01 5.945125958492327722e-01
7.970593988394080176e-01 5.954353724778188583e-01
8.014279194105757842e-01 5.959118471669818673e-01
8.232705222664145062e-01 5.962378561648301600e-01
8.276390428375823838e-01 5.967123246447756379e-01
8.320075634087500394e-01 5.976329676857812245e-01
8.363760839799179170e-01 5.988811164204005388e-01
8.407446045510855726e-01 5.998038930489866249e-01
8.451131251222534502e-01 6.002803677381496339e-01
8.713242485492600498e-01 6.002803677381496339e-01
8.756927691204277053e-01 5.998038930489866249e-01
8.800612896915955830e-01 5.988811164204005388e-01
8.844298102627632385e-01 5.976329676857812245e-01
8.887983308339311161e-01 5.966700650634927383e-01
8.975353719762666493e-01 5.954353724778188583e-01
9.019038925474343049e-01 5.943811823399874905e-01
9.106409336897698381e-01 5.906103975136379747e-01
9.368520571167764377e-01 5.775227294578415549e-01
9.455890982591119709e-01 5.726656591436208865e-01
9.499576188302797375e-01 5.694842045564986188e-01
9.543261394014475041e-01 5.658575082332649719e-01
9.586946599726152707e-01 5.625750122555234212e-01
9.630631805437830373e-01 5.596626652080782804e-01
9.674317011149508039e-01 5.563287123647689958e-01
9.718002216861185705e-01 5.523330933729689862e-01
9.826323696329937185e-01 5.415009454260937272e-01
9.866279886247937281e-01 5.371324248549259606e-01
9.898593736901425411e-01 5.327639042837581940e-01
9.922230553563279321e-01 5.283953837125904274e-01
9.940367075442758660e-01 5.240268631414226608e-01
9.951550047396693355e-01 5.196583425702548942e-01
9.963896973253432154e-01 5.109213014279193610e-01
9.973525999476315906e-01 5.065527808567515944e-01
9.986007486822510160e-01 5.021842602855838278e-01
9.995235253108369911e-01 4.978157397144161167e-01
1.000000000000000000e+00 4.934472191432483501e-01
1.000000000000000000e+00 4.847101780009128169e-01
9.995006134896595729e-01 4.803416574297450503e-01
9.984693351730056232e-01 4.759731368585772837e-01
9.946985503466563294e-01 4.672360957162417505e-01
9.899373829860562690e-01 4.584990545739062173e-01
9.812123978258164847e-01 4.453934928604029175e-01
9.778390589462622184e-01 4.410249722892352064e-01
9.718002216861185705e-01 4.349861350290915585e-01
9.674317011149508039e-01 4.317028614275467691e-01
9.543261394014475041e-01 4.242919783157443891e-01
9.455890982591119709e-01 4.185309233833099940e-01
9.412205776879442043e-01 4.161836392108151372e-01
9.368520571167764377e-01 4.142051205859182961e-01
9.150094542609377157e-01 4.067571510875339635e-01
9.019038925474343049e-01 4.012427890550763210e-01
8.975353719762666493e-01 4.000359628675751456e-01
8.931668514050987717e-01 3.991207788104182974e-01
8.844298102627632385e-01 3.967503630084317501e-01
8.800612896915955830e-01 3.958275863798456085e-01
8.756927691204277053e-01 3.953511116906827105e-01
8.232705222664145062e-01 3.952207080915433046e-01
8.189020016952468506e-01 3.953511116906827105e-01
8.145334811240789730e-01 3.958275863798456085e-01
8.101649605529113174e-01 3.967503630084317501e-01
8.057964399817435508e-01 3.979985117430510644e-01
8.014279194105757842e-01 3.989191547840566510e-01
7.970593988394080176e-01 3.993936232640020734e-01
7.752167959835691846e-01 3.997196322618504771e-01
7.708482754124014180e-01 4.001961069510133751e-01
7.664797548412336514e-01 4.011188835795994612e-01
7.577427136988981182e-01 4.034892993815860640e-01
7.533741931277303516e-01 4.044044834387429121e-01
7.490056725565625850e-01 4.056188176600126205e-01
7.402686314142270518e-01 4.093896024863619143e-01
7.271630697007237520e-01 4.160566176454056908e-01
7.227945491295559854e-01 4.185972997140434693e-01
7.184260285583882188e-01 4.217787543011659035e-01
7.140575079872204523e-01 4.254054506243994949e-01
7.096889874160526857e-01 4.285824895909984278e-01
7.053204668448849191e-01 4.309409706374562332e-01
7.009519462737171525e-01 4.328163812159925294e-01
6.878463845602138527e-01 4.360575416397621806e-01
6.703723022755427863e-01 4.416837174547286748e-01
6.660037817043750197e-01 4.426043604957342614e-01
6.616352611332072531e-01 4.430788289756796838e-01
5.567907674251809658e-01 4.432092325748190342e-01
5.524222468540131992e-01 4.430788289756796838e-01
5.480537262828454326e-01 4.426043604957342614e-01
5.436852057116776660e-01 4.416837174547286748e-01
5.393166851405098994e-01 4.404355687201093605e-01
5.349481645693421328e-01 4.394695142070770277e-01
5.262111234270065996e-01 4.387103084045119172e-01
5.218426028558388330e-01 4.380557434635196090e-01
5.174740822846710664e-01 4.363624166796234993e-01
5.131055617135032998e-01 4.327247832040164166e-01
5.095710314331948210e-01 4.279194105757319067e-01
5.036274322599875175e-01 4.191823694333963735e-01
4.962165491481850266e-01 4.060768077198930737e-01
4.929332755466403482e-01 4.017082871487253071e-01
4.887463111373178681e-01 3.973397665775575405e-01
4.825259177153289336e-01 3.922836085090762870e-01
4.781573971441611670e-01 3.893712614616311463e-01
4.737888765729934004e-01 3.860887654838895955e-01
4.694203560018256338e-01 3.824620691606560041e-01
4.650518354306578672e-01 3.791905492955242041e-01
4.519462737171545674e-01 3.704771971004645614e-01
4.475777531459868008e-01 3.681299129279697047e-01
4.432092325748190342e-01 3.661513943030729190e-01
4.344721914324835010e-01 3.630719453758562976e-01
4.213666297189802568e-01 3.575575833433986550e-01
4.082610680054769570e-01 3.543239309533975367e-01
3.951555062919736572e-01 3.499663836623529978e-01
3.820499445784703574e-01 3.444520216298954107e-01
3.776814240073025908e-01 3.432451954423941798e-01
3.733129034361348242e-01 3.423300113852373316e-01
3.645758622937992910e-01 3.399595955832507843e-01
3.602073417226315244e-01 3.390368189546646982e-01
3.558388211514637578e-01 3.385603442655017448e-01
3.339962182956249803e-01 3.382343352676533410e-01
3.296276977244572137e-01 3.377598667877079186e-01
3.252591771532894471e-01 3.368392237467023875e-01
