5.195931407706853022e-01 1.399251317749039547e-03
5.152246201995175356e-01 4.764746891629534353e-04
5.108560996283497690e-01 0.000000000000000000e+00
5.021190584860142359e-01 0.000000000000000000e+00
4.977505379148464137e-01 4.764746891629534353e-04
4.933820173436786471e-01 1.399251317749039547e-03
4.890134967725108806e-01 2.647400052368353851e-03
4.846449762013431140e-01 3.610302674656840072e-03
4.759079350590076363e-01 4.844995260330720033e-03
4.715394144878398697e-01 5.963292455724134022e-03
4.671708939166721031e-01 7.776944643672067947e-03
4.628023733455043365e-01 1.007424997912398368e-02
4.540653322031688033e-01 1.583530491155837883e-02
4.453282910608332701e-01 2.061039935549674462e-02
4.365912499184977369e-01 2.507402652589074687e-02
4.322227293473299703e-01 2.761470859452852533e-02
4.278542087761622037e-01 3.084609365987722729e-02
4.234856882049944371e-01 3.484171265167729237e-02
3.951794579734481672e-01 6.314794288322350679e-02
3.911838389816481576e-01 6.751646345439127339e-02
3.879524539162995111e-01 7.188498402555903999e-02
3.854117718476615662e-01 7.625350459672680659e-02
3.786330330303323000e-01 8.935906631023010638e-02
3.760950409374155257e-01 9.372758688139787298e-02
3.729180019708166482e-01 9.809610745256563957e-02
3.692913056475830569e-01 1.024646280237334062e-01
3.661098510604606782e-01 1.068331485949011728e-01
3.635691689918227332e-01 1.112016691660689394e-01
3.569021538327791232e-01 1.243072308795722392e-01
3.531313690064297184e-01 1.330442720219077724e-01
3.519170347851600100e-01 1.374127925930755389e-01
3.510018507280031064e-01 1.417813131642433055e-01
3.486314349260166701e-01 1.505183543065788387e-01
3.476653804129842262e-01 1.548868748777466053e-01
3.464739657117566485e-01 1.636239160200821385e-01
3.455110630894682178e-01 1.679924365912499051e-01
3.431385136999011154e-01 1.767294777335854383e-01
3.422648095856675732e-01 1.810979983047532049e-01
3.398943937836811369e-01 1.898350394470886826e-01
3.389716171550950508e-01 1.942035600182564492e-01
3.384951424659320418e-01 1.985720805894242158e-01
3.381691334680837491e-01 2.204146834452630488e-01
3.376946649881382712e-01 2.247832040164308154e-01
3.367740219471326846e-01 2.291517245875985820e-01
3.355258732125133703e-01 2.335202451587663486e-01
3.346030965839272842e-01 2.378887657299341152e-01
3.341266218947642752e-01 2.422572863011018818e-01
3.341266218947642752e-01 3.121536154397861473e-01
3.346030965839272842e-01 3.165221360109539139e-01
3.355258732125133703e-01 3.208906565821216805e-01
3.367740219471326846e-01 3.252591771532894471e-01
3.376946649881382712e-01 3.296276977244572137e-01
3.381691334680837491e-01 3.339962182956249803e-01
3.384951424659320418e-01 3.427332594379605135e-01
3.389945289762724689e-01 3.471017800091282246e-01
3.400258072929264186e-01 3.514703005802959912e-01
3.437965921192758234e-01 3.602073417226315244e-01
3.503493729760274733e-01 3.733129034361348242e-01
3.542697024339511169e-01 3.820499445784703574e-01
3.573491513611677384e-01 3.907869857208058906e-01
3.612706744039468898e-01 3.995240268631414238e-01
3.743583424597434206e-01 4.257351502901479678e-01
3.792154127739639780e-01 4.344721914324835010e-01
3.823968673610863567e-01 4.388407120036512676e-01
3.860235636843199480e-01 4.432092325748190342e-01
3.893060596620614433e-01 4.475777531459868008e-01
3.922184067095066395e-01 4.519462737171545674e-01
3.955523595528159242e-01 4.563147942883223340e-01
4.034493005853114767e-01 4.650518354306578672e-01
4.067801419467325097e-01 4.694203560018256338e-01
4.096924889941777059e-01 4.737888765729934004e-01
4.130783303736830225e-01 4.781573971441611670e-01
4.191171676338266705e-01 4.841962344043048150e-01
4.234856882049944371e-01 4.874901456371104613e-01
4.297350995776372251e-01 4.912629588576644668e-01
4.322227293473299703e-01 4.930189328127417281e-01
4.350576203562792621e-01 4.956314794288322334e-01
4.375741670470104649e-01 5.000000000000000000e-01
4.384776565287747396e-01 5.043685205711677666e-01
4.387433887292936374e-01 5.087370411423355332e-01
4.386451066049423253e-01 5.611592879963487324e-01
4.381706381249968474e-01 5.655278085675164990e-01
4.372499950839912608e-01 5.698963291386842656e-01
4.360018463493719465e-01 5.742648497098520322e-01
4.350790697207858049e-01 5.786333702810197988e-01
4.346025950316228514e-01 5.830018908521875654e-01
4.342765860337745032e-01 6.048444937080263983e-01
4.338021175538290808e-01 6.092130142791941649e-01
4.328814745128234942e-01 6.135815348503619315e-01
4.316333257782041799e-01 6.179500554215295871e-01
4.307105491496180383e-01 6.223185759926974647e-01
4.302340744604550848e-01 6.266870965638651203e-01
4.299080654626067921e-01 7.140575079872204523e-01
4.294096668583204379e-01 7.184260285583882188e-01
4.283826588452550599e-01 7.227945491295559854e-01
4.246142226858794499e-01 7.315315902718915186e-01
4.180614418291278556e-01 7.446371519853948184e-01
4.142906570027783952e-01 7.533741931277303516e-01
4.132364668649470274e-01 7.577427136988981182e-01
4.120017742792731474e-01 7.664797548412336514e-01
4.110388716569846612e-01 7.708482754124014180e-01
4.086663222674176144e-01 7.795853165547369512e-01
4.077926181531840166e-01 7.839538371259047178e-01
4.054222023511975803e-01 7.926908782682402510e-01
4.044994257226114942e-01 7.970593988394080176e-01
4.040229510334484853e-01 8.014279194105757842e-01
4.036969420356001925e-01 8.232705222664145062e-01
4.032224735556547146e-01 8.276390428375823838e-01
4.023018305146491280e-01 8.320075634087500394e-01
4.010536817800298137e-01 8.363760839799179170e-01
4.001309051514437276e-01 8.407446045510855726e-01
3.996544304622807187e-01 8.451131251222534502e-01
3.996544304622807187e-01 8.713242485492600498e-01
4.001309051514437276e-01 8.756927691204277053e-01
4.010536817800298137e-01 8.800612896915955830e-01
4.023018305146491280e-01 8.844298102627632385e-01
4.032647331369376142e-01 8.887983308339311161e-01
4.044994257226114942e-01 8.975353719762666493e-01
4.055536158604428620e-01 9.019038925474343049e-01
4.093244006867923224e-01 9.106409336897698381e-01
4.224120687425888532e-01 9.368520571167764377e-01
4.272691390568094105e-01 9.455890982591119709e-01
4.304505936439317337e-01 9.499576188302797375e-01
4.340772899671653251e-01 9.543261394014475041e-01
4.373597859449068759e-01 9.586946599726152707e-01
4.402721329923520721e-01 9.630631805437830373e-01
4.436060858356613013e-01 9.674317011149508039e-01
4.476017048274613663e-01 9.718002216861185705e-01
4.584338527743365699e-01 9.826323696329937185e-01
4.628023733455043365e-01 9.866279886247937281e-01
4.671708939166721031e-01 9.898593736901424300e-01
4.715394144878398697e-01 9.922230553563278210e-01
4.759079350590076363e-01 9.940367075442757550e-01
4.802764556301754029e-01 9.951550047396693355e-01
4.890134967725108806e-01 9.963896973253432154e-01
4.933820173436786471e-01 9.973525999476315906e-01
4.977505379148464137e-01 9.986007486822510160e-01
5.021190584860142359e-01 9.995235253108369911e-01
5.064875790571820025e-01 1.000000000000000000e+00
5.152246201995175356e-01 1.000000000000000000e+00
5.195931407706853022e-01 9.995006134896595729e-01
5.239616613418530688e-01 9.984693351730056232e-01
5.326987024841886020e-01 9.946985503466563294e-01
5.414357436265240242e-01 9.899373829860562690e-01
5.545413053400273240e-01 9.812123978258164847e-01
5.589098259111950906e-01 9.778390589462622184e-01
5.649486631713387386e-01 9.718002216861185705e-01
5.682319367728835280e-01 9.674317011149508039e-01
5.756428198846859079e-01 9.543261394014475041e-01
5.814038748171203030e-01 9.455890982591119709e-01
5.837511589896151598e-01 9.412205776879442043e-01
5.857296776145120010e-01 9.368520571167764377e-01
5.931776471128963335e-01 9.150094542609377157e-01
5.986920091453540316e-01 9.019038925474343049e-01
5.998988353328551515e-01 8.975353719762666493e-01
6.008140193900119996e-01 8.931668514050987717e-01
6.031844351919986025e-01 8.844298102627632385e-01
6.041072118205846886e-01 8.800612896915955830e-01
6.045836865097475865e-01 8.756927691204277053e-01
6.045836865097475865e-01 8.189020016952468506e-01
6.041072118205846886e-01 8.145334811240789730e-01
6.031844351919986025e-01 8.101649605529113174e-01
6.019362864573792882e-01 8.057964399817435508e-01
6.010156434163737016e-01 8.014279194105757842e-01
6.005411749364282237e-01 7.970593988394080176e-01
6.002151659385798199e-01 7.752167959835691846e-01
5.997386912494169220e-01 7.708482754124014180e-01
5.988159146208308359e-01 7.664797548412336514e-01
5.964454988188443441e-01 7.577427136988981182e-01
5.955303147616873849e-01 7.533741931277303516e-01
5.943159805404176765e-01 7.490056725565625850e-01
5.905451957140683827e-01 7.402686314142270518e-01
5.838781805550246062e-01 7.271630697007237520e-01
5.813374984863868278e-01 7.227945491295559854e-01
5.781560438992644491e-01 7.184260285583882188e-01
5.745293475760308022e-01 7.140575079872204523e-01
5.713523086094318693e-01 7.096889874160526857e-01
5.689938275629741193e-01 7.053204668448849191e-01
5.671184169844377676e-01 7.009519462737171525e-01
5.638772565606681164e-01 6.878463845602138527e-01
5.582510807457016222e-01 6.703723022755427863e-01
5.573304377046960356e-01 6.660037817043750197e-01
5.568559692247506687e-01 6.616352611332072531e-01
5.567255656256112628e-01 5.567907674251809658e-01
5.568559692247506687e-01 5.524222468540131992e-01
5.573304377046960356e-01 5.480537262828454326e-01
5.582510807457016222e-01 5.436852057116776660e-01
5.594992294803209365e-01 5.393166851405098994e-01
5.604652839933532693e-01 5.349481645693421328e-01
5.612244897959184353e-01 5.262111234270065996e-01
5.618790547369106880e-01 5.218426028558388330e-01
5.635723815208067977e-01 5.174740822846710664e-01
5.672100149964138804e-01 5.131055617135032998e-01
5.720153876246983904e-01 5.095710314331948210e-01
5.807524287670339236e-01 5.036274322599875175e-01
5.938579904805372234e-01 4.962165491481851376e-01
5.982265110517049900e-01 4.929332755466403482e-01
6.042653483118486379e-01 4.868944382864967002e-01
6.076511896913540101e-01 4.825259177153289336e-01
6.105635367387991508e-01 4.781573971441611670e-01
6.138460327165407016e-01 4.737888765729934004e-01
6.174727290397743484e-01 4.694203560018256338e-01
6.207442489049060930e-01 4.650518354306578672e-01
6.294576010999657356e-01 4.519462737171545674e-01
6.318048852724605924e-01 4.475777531459868008e-01
6.337834038973574335e-01 4.432092325748190342e-01
6.368628528245739995e-01 4.344721914324835010e-01
6.423772148570316975e-01 4.213666297189802568e-01
6.456108672470327603e-01 4.082610680054769570e-01
6.499684145380772993e-01 3.951555062919736572e-01
6.554827765705348863e-01 3.820499445784703574e-01
6.566896027580361173e-01 3.776814240073025908e-01
6.576047868151929654e-01 3.733129034361348242e-01
6.599752026171794572e-01 3.645758622937992910e-01
6.608979792457656544e-01 3.602073417226315244e-01
6.613744539349285523e-01 3.558388211514637578e-01
6.617004629327769560e-01 3.339962182956249803e-01
6.621749314127223229e-01 3.296276977244572137e-01
6.630955744537279095e-01 3.252591771532894471e-01
6.643437231883473348e-01 3.208906565821216805e-01
6.652664998169334210e-01 3.165221360109539139e-01
6.657429745060963189e-01 3.121536154397861473e-01
6.658733781052357248e-01 2.073091217317597490e-01
6.657429745060963189e-01 2.029406011605919824e-01
6.652435879957560028e-01 1.985720805894242158e-01
6.642123096791019421e-01 1.942035600182564492e-01
6.587054556804128325e-01 1.810979983047532049e-01
6.543479083893682935e-01 1.679924365912499051e-01
6.523625621297917121e-01 1.592553954489143719e-01
6.499900127402247207e-01 1.505183543065788387e-01
6.490271101179362345e-01 1.461498337354110721e-01
6.477924175322623546e-01 1.374127925930755389e-01
6.467382273944308757e-01 1.330442720219077724e-01
6.429674425680815819e-01 1.243072308795722392e-01
6.298797745122850511e-01 9.809610745256563957e-02
6.250227041980644938e-01 8.935906631023010638e-02
6.217913191327157918e-01 8.499054573906233978e-02
6.177957001409157822e-01 8.062202516789457318e-02
6.091478124796244620e-01 7.188498402555903999e-02
6.051573369578846506e-01 6.751646345439127339e-02
6.018264955964636176e-01 6.314794288322350679e-02
5.989141485490184769e-01 5.877942231205579571e-02
5.956301261839355154e-01 5.441090174088802911e-02
5.920034298607018686e-01 5.004238116972026251e-02
5.887209338829603178e-01 4.567386059855249592e-02
5.858085868355151771e-01 4.130534002738472932e-02
5.824746339922058924e-01 3.693681945621696272e-02
5.784790150004058829e-01 3.256829888504919612e-02
5.720153876246983904e-01 2.610467150934175917e-02
5.676468670535306238e-01 2.210905251754174961e-02
5.632783464823628572e-01 1.887766745219299214e-02
5.589098259111950906e-01 1.633698538355521368e-02
5.458042641976919018e-01 9.669970224511437173e-03
5.370672230553563686e-01 5.899185398162143379e-03
5.326987024841886020e-01 4.684851176892435021e-03
5.283301819130208354e-01 3.769667119735586880e-03
