9.683980766797419815e-01 6.725034900629134338e-02
9.641591800582057781e-01 6.618746620960963556e-02
9.599202834366696857e-01 6.570289763380993131e-02
9.514424901935973899e-01 6.570289763380993131e-02
9.472035935720612976e-01 6.616523423432191242e-02
9.344869037074529095e-01 6.920607440979448244e-02
9.260091104643806137e-01 7.036213712475891668e-02
9.048146273567000408e-01 7.566593739412963426e-02
8.963368341136277451e-01 7.932483445105226183e-02
8.751423510059471722e-01 8.992207600489260377e-02
8.666645577628748764e-01 9.357869408513708187e-02
8.539478678982664883e-01 9.686042050181026264e-02
8.497089712767303959e-01 9.868246235606720207e-02
8.454700746551941926e-01 1.009760082066483711e-01
8.327533847905859155e-01 1.106649147701596059e-01
8.115589016829052316e-01 1.221704913143289994e-01
8.073200050613691392e-01 1.253059938290230213e-01
7.988422118182969545e-01 1.329686146448768036e-01
7.946033151967607511e-01 1.360982944993763821e-01
7.818866253321523629e-01 1.433649744220096278e-01
7.691699354675439748e-01 1.530538809855208626e-01
7.522143489813994943e-01 1.620941632815124933e-01
7.479754523598634020e-01 1.645594575296902562e-01
7.352587624952550138e-01 1.743371331945291480e-01
7.055864861445021452e-01 1.941443410442524331e-01
7.013475895229659418e-01 1.974175852803477516e-01
6.954879383108425461e-01 2.032772364924712027e-01
6.861915346214358946e-01 2.159939263570795354e-01
6.753843477160572650e-01 2.287106162216879235e-01
6.631975199291408885e-01 2.393943658698453048e-01
6.526867864696175303e-01 2.499050993293685519e-01
6.488097265887345921e-01 2.541439959509046997e-01
6.427487686345082496e-01 2.626217891939769400e-01
6.329575342094322377e-01 2.753384790585853281e-01
6.304922399612543638e-01 2.795773756801214205e-01
6.240230503184444055e-01 2.922940655447298086e-01
6.203641532615218335e-01 3.007718587878021044e-01
6.193412433447863519e-01 3.050107554093381967e-01
6.181431868987228295e-01 3.134885486524104925e-01
6.108214563706150235e-01 3.431608250031633611e-01
6.096653936556505338e-01 3.516386182462356014e-01
6.065825597490788201e-01 3.643553081108439340e-01
6.054264970341144414e-01 3.728331013539162297e-01
6.023856568586418714e-01 3.855497912185246179e-01
6.019233202581298903e-01 3.897886878400607102e-01
6.016069846893584705e-01 4.067442743262052463e-01
6.011465947692696821e-01 4.109831709477413386e-01
5.938658698844704320e-01 4.406554472984942628e-01
5.930309357014404981e-01 4.491332405415665030e-01
5.921438839369984608e-01 4.533721371631025954e-01
5.898222194103505123e-01 4.576110337846387432e-01
5.868973807414905597e-01 4.606577407313678374e-01
5.741806908768821716e-01 4.720803443677669131e-01
5.614640010122737834e-01 4.813733100380576113e-01
5.572251043907376911e-01 4.852503699189406050e-01
5.467143709312144439e-01 4.957611033784638521e-01
5.428373110503313947e-01 5.000000000000000000e-01
5.397018085356374284e-01 5.042388966215360924e-01
5.324351286130041272e-01 5.169555864861444805e-01
5.292566982506022866e-01 5.211944831076806839e-01
5.233139314184487301e-01 5.271372499398342404e-01
5.190750347969125267e-01 5.304180081638009137e-01
5.148361381753764343e-01 5.332439392448250493e-01
5.105972415538403419e-01 5.365293150032378611e-01
5.063583449323041386e-01 5.405920426475361307e-01
5.014522145833040234e-01 5.466278628368973491e-01
4.953942757862155877e-01 5.551056560799696449e-01
4.915222067569277598e-01 5.593445527015057372e-01
4.280252655282029139e-01 6.229280020245476779e-01
4.241482056473198647e-01 6.271668986460837703e-01
4.173415158800455327e-01 6.366268752526826891e-01
4.146165109090580447e-01 6.398835885106921584e-01
4.098459060004999710e-01 6.441224851322282507e-01
4.003859293939010522e-01 6.508807259722245719e-01
3.919081361508287564e-01 6.575849068098846839e-01
3.834303429077565162e-01 6.636458647641110264e-01
3.749525496646842759e-01 6.713084855799646977e-01
3.707136530431481836e-01 6.744381654344643318e-01
3.579969631785397954e-01 6.817048453570977440e-01
3.452802733139314073e-01 6.913937519206088123e-01
3.410413766923953149e-01 6.938564360107685181e-01
3.283246868277869268e-01 7.004340342166004429e-01
3.240857902062507789e-01 7.028993284647783168e-01
3.113691003416423908e-01 7.126905628898543288e-01
3.028913070985701506e-01 7.187515208440806713e-01
2.859357206124256701e-01 7.348919349030066384e-01
2.774579273693533743e-01 7.409498737000951296e-01
2.647412375047449862e-01 7.508270737234421510e-01
2.520245476401365980e-01 7.592917924477142755e-01
2.435467543970643578e-01 7.639251989697111167e-01
2.350689611539921176e-01 7.681455354506727673e-01
2.265911679109198773e-01 7.719495398095348460e-01
2.181133746678476371e-01 7.749376144771751296e-01
2.138744780463114892e-01 7.768574259506688673e-01
2.096355814247753968e-01 7.791994676524285346e-01
2.053966848032392489e-01 7.823349701671225009e-01
1.969188915601670087e-01 7.899975909829763943e-01
1.926799949386308608e-01 7.931272708374759173e-01
1.884410983170947684e-01 7.955899549276355120e-01
1.672466152094141401e-01 8.064064497550036403e-01
1.630077185878779922e-01 8.088717440031814032e-01
1.502910287232696041e-01 8.185606505666926935e-01
1.418132354801973638e-01 8.232697516712168539e-01
1.163798557509805875e-01 8.359678813952506893e-01
1.079020625079083473e-01 8.397718857541129900e-01
9.518537264329995917e-02 8.440001346977261676e-01
8.670757940022771892e-02 8.459265712144365956e-01
7.399088953561933080e-02 8.493176885116655583e-01
5.703530304947485030e-02 8.533609437506691764e-01
5.279640642793870242e-02 8.538213336707579648e-01
3.584081994179422193e-02 8.541376692395292736e-01
3.160192332025807405e-02 8.546222378153290888e-01
2.736302669872198168e-02 8.556851206120108522e-01
2.312413007718583380e-02 8.574449576110338977e-01
1.888523345564968592e-02 8.597385034616149557e-01
1.464633683411359355e-02 8.629243548615195269e-01
8.786685621990142359e-03 8.687840060736429226e-01
5.600834222085626646e-03 8.730229026951790150e-01
3.307288371504457647e-03 8.772617993167152184e-01
1.547451372481467580e-03 8.815006959382513108e-01
4.845685757997042487e-04 8.857395925597875141e-01
-1.110223024625156540e-16 8.899784891813236065e-01
-1.110223024625156540e-16 8.984562824243957913e-01
4.845685757997042487e-04 9.026951790459318836e-01
1.547451372481467580e-03 9.069340756674680870e-01
3.307288371504457647e-03 9.111729722890042904e-01
5.600834222085626646e-03 9.154118689105403828e-01
8.786685621990142359e-03 9.196507655320764751e-01
1.464633683411359355e-02 9.255104167441998708e-01
1.888523345564968592e-02 9.286962681441044420e-01
2.312413007718583380e-02 9.309898139946856110e-01
2.736302669872198168e-02 9.327496509937085456e-01
3.160192332025807405e-02 9.338125337903904200e-01
3.584081994179422193e-02 9.342971023661901242e-01
6.127419967101094267e-02 9.342971023661901242e-01
6.551309629254709055e-02 9.338347657656780321e-01
7.822978615715547868e-02 9.307939255902055731e-01
8.670757940022771892e-02 9.296378628752410833e-01
1.248576489940528278e-01 9.201024512376499986e-01
1.375743388586612159e-01 9.147517128793174468e-01
1.460521321017335117e-01 9.117636382116772742e-01
1.545299253448057519e-01 9.079584756843392945e-01
1.799633050740224727e-01 8.952591485318812659e-01
1.884410983170947684e-01 8.905461985502793887e-01
2.011577881817031010e-01 8.808572919867680984e-01
2.096355814247753968e-01 8.761481908822438269e-01
2.308300645324560252e-01 8.655868721811283972e-01
2.393078577755282654e-01 8.608739221995264090e-01
2.435467543970643578e-01 8.577384196848325537e-01
2.520245476401365980e-01 8.501888463659609263e-01
2.562634442616727459e-01 8.474036064474739227e-01
2.732190307478172819e-01 8.401361297397613725e-01
2.816968239908895222e-01 8.359145958303755286e-01
2.901746172339617624e-01 8.312773404313009706e-01
3.028913070985701506e-01 8.228112454418921029e-01
3.156079969631785387e-01 8.129326181806253437e-01
3.198468935847146311e-01 8.101066870996012081e-01
3.325635834493230192e-01 8.002159283160169556e-01
3.410413766923953149e-01 7.941549703617906131e-01
3.579969631785397954e-01 7.780145563028645350e-01
3.622358598000758878e-01 7.748848764483650120e-01
3.664747564216120357e-01 7.724221923582053062e-01
3.791914462862204238e-01 7.658445941523734923e-01
3.834303429077565162e-01 7.633792999041955074e-01
3.961470327723649043e-01 7.536903933406844391e-01
4.003859293939010522e-01 7.512277092505246223e-01
4.131026192585094403e-01 7.446501110446928084e-01
4.173415158800455327e-01 7.421848167965149345e-01
4.215804125015816806e-01 7.390493142818209682e-01
4.385359989877261611e-01 7.229089002228950012e-01
4.470137922307984013e-01 7.168509614258063989e-01
4.597304820954067894e-01 7.069602026422221464e-01
4.639693787169429373e-01 7.041342715611980108e-01
4.682082753384790852e-01 7.008488958027851989e-01
4.724471719600151776e-01 6.967861681584869293e-01
4.773533023090154037e-01 6.907503479691257109e-01
4.834112411061037839e-01 6.822725547260534151e-01
4.872833101353916119e-01 6.780336581045173228e-01
5.507802513641164577e-01 6.144502087814753821e-01
5.546573112449995069e-01 6.102113121599392898e-01
5.614640010122737834e-01 6.007513355533403709e-01
5.657028976338099868e-01 5.959807306447822972e-01
5.689596108918194561e-01 5.932557256737948093e-01
5.784195874984183749e-01 5.864490359065204217e-01
5.826584841199544673e-01 5.825719760256373725e-01
5.931692175794777144e-01 5.720612425661141254e-01
5.970462774603607636e-01 5.678223459445780330e-01
6.001921019635810817e-01 5.635834493230418296e-01
6.054925404491725560e-01 5.551056560799696449e-01
6.080918638491712436e-01 5.521107834669277681e-01
6.123307604707073359e-01 5.492223599069755435e-01
6.208085537137796317e-01 5.452987172860767062e-01
6.250474503353157241e-01 5.429566755843169279e-01
6.292863469568518164e-01 5.397708241844124677e-01
6.335252435783880198e-01 5.357080965401140871e-01
6.384313739273881350e-01 5.296722763507528686e-01
6.444893127244766262e-01 5.211944831076806839e-01
6.547197266860685927e-01 5.105972415538403419e-01
6.589586233076046851e-01 5.067251725245525140e-01
6.716753131722130732e-01 4.974322068542618158e-01
6.886308996583576647e-01 4.812917927953357933e-01
6.971086929014298494e-01 4.752338539982473020e-01
7.031445130907910679e-01 4.703277236492471314e-01
7.072072407350894485e-01 4.660888270277109835e-01
7.165505552905906406e-01 4.533721371631025954e-01
7.267809692521827181e-01 4.427748956092623089e-01
7.310198658737188104e-01 4.389028265799744810e-01
7.437365557383273096e-01 4.296098609096837828e-01
7.479754523598634020e-01 4.257328010288007336e-01
7.584861858193866491e-01 4.152220675692774865e-01
7.623632457002695872e-01 4.109831709477413386e-01
7.691699354675439748e-01 4.015231943411424753e-01
7.734088320890801782e-01 3.967525894325843461e-01
7.766655453470896475e-01 3.940275844615968581e-01
7.861255219536884553e-01 3.872208946943225261e-01
7.988422118182969545e-01 3.753193772569325404e-01
8.115589016829052316e-01 3.660264115866418977e-01
8.157977983044413239e-01 3.621493517057589040e-01
8.369922814121220078e-01 3.410413766923953149e-01
8.412311780336581002e-01 3.371693076631074315e-01
8.497089712767303959e-01 3.311113688660189958e-01
8.624256611413387841e-01 3.212206100824346877e-01
8.709034543844109688e-01 3.151596521282084007e-01
8.751423510059471722e-01 3.112825922473253515e-01
8.856530844654704193e-01 3.007718587878021044e-01
8.895301443463534685e-01 2.965329621662659565e-01
8.955911023005798111e-01 2.880551689231937162e-01
9.054697295618465702e-01 2.753384790585853281e-01
9.139245367626329664e-01 2.626217891939769400e-01
9.162021716704877861e-01 2.583828925724408476e-01
9.215842973243562053e-01 2.456662027078324595e-01
9.243214016243246345e-01 2.414273060862963116e-01
9.309152408133808398e-01 2.329495128432240714e-01
9.337411718944048644e-01 2.287106162216879235e-01
9.435324063194809874e-01 2.159939263570795354e-01
9.459977005676587503e-01 2.117550297355434430e-01
9.525752987734907862e-01 1.990383398709350549e-01
9.550379828636503809e-01 1.947994432493989070e-01
9.647268894271615602e-01 1.820827533847905744e-01
9.719935693497948614e-01 1.693660635201821862e-01
9.816824759133060407e-01 1.566493736555737981e-01
9.888734612534119117e-01 1.439326837909654100e-01
9.944635725718192765e-01 1.354548905478931697e-01
9.966927116284955979e-01 1.312159939263570219e-01
9.984525486275186434e-01 1.269770973048209295e-01
9.995154314242002958e-01 1.227382006832847816e-01
1.000000000000000000e+00 1.184993040617486892e-01
1.000000000000000000e+00 1.100215108186763935e-01
9.995154314242002958e-01 1.057826141971403011e-01
9.985147534827525373e-01 1.015437175756041532e-01
9.948558564258298542e-01 9.306592433253191299e-02
9.901602691563783365e-01 8.458813108945967274e-02
9.869744177564736543e-01 8.034923446792352486e-02
9.811147665443502586e-01 7.448958325580007367e-02
9.768758699228141662e-01 7.130373185589550245e-02
9.726369733012780738e-01 6.901018600531433345e-02
