1.269770973048209295e-01 1.547451372481412069e-03
1.227382006832847816e-01 4.845685757997042487e-04
1.184993040617486892e-01 0.000000000000000000e+00
1.100215108186763935e-01 0.000000000000000000e+00
1.057826141971403011e-01 4.845685757997042487e-04
1.015437175756041532e-01 1.485246517247407194e-03
9.306592433253191299e-02 5.144143574170090272e-03
8.458813108945967274e-02 9.839730843621663503e-03
8.034923446792352486e-02 1.302558224352629024e-02
7.448958325580007367e-02 1.888523345564968592e-02
7.130373185589555796e-02 2.312413007718583380e-02
6.901018600531438896e-02 2.736302669872198168e-02
6.725034900629139889e-02 3.160192332025807405e-02
6.618746620960963556e-02 3.584081994179422193e-02
6.570289763380987580e-02 4.007971656333031429e-02
6.570289763380987580e-02 4.855750980640261005e-02
6.616523423432191242e-02 5.279640642793870242e-02
6.920607440979448244e-02 6.551309629254709055e-02
7.036213712475886117e-02 7.399088953561933080e-02
7.566593739412963426e-02 9.518537264329995917e-02
7.932483445105226183e-02 1.036631658863721994e-01
8.992207600489260377e-02 1.248576489940528278e-01
9.357869408513708187e-02 1.333354422371251236e-01
9.686042050181026264e-02 1.460521321017335117e-01
9.868246235606731309e-02 1.502910287232696041e-01
1.009760082066484266e-01 1.545299253448057519e-01
1.106649147701596059e-01 1.672466152094141401e-01
1.131275988603192562e-01 1.714855118309502324e-01
1.197051970661512366e-01 1.842022016955586206e-01
1.221704913143290550e-01 1.884410983170947684e-01
1.253059938290230213e-01 1.926799949386308608e-01
1.329686146448768036e-01 2.011577881817031010e-01
1.360982944993763821e-01 2.053966848032392489e-01
1.433649744220096833e-01 2.181133746678476371e-01
1.530538809855208626e-01 2.308300645324560252e-01
1.555165650756805129e-01 2.350689611539921176e-01
1.620941632815124933e-01 2.477856510186005057e-01
1.645594575296903117e-01 2.520245476401365980e-01
1.743371331945290925e-01 2.647412375047449862e-01
1.941443410442524331e-01 2.944135138554978548e-01
1.974175852803477516e-01 2.986524104770340582e-01
2.014803129246461322e-01 3.028913070985701506e-01
2.075161331140072951e-01 3.077974374475703767e-01
2.159939263570795354e-01 3.138084653785641054e-01
2.287106162216879235e-01 3.246156522839427905e-01
2.393943658698453048e-01 3.368024800708591115e-01
2.499050993293685519e-01 3.473132135303824142e-01
2.541439959509046997e-01 3.511902734112654079e-01
2.626217891939769400e-01 3.572512313654917504e-01
2.753384790585853281e-01 3.670424657905678179e-01
2.795773756801214205e-01 3.695077600387456362e-01
2.922940655447298086e-01 3.759769496815555390e-01
3.007718587878021044e-01 3.796358467384781665e-01
3.050107554093381967e-01 3.806587566552136481e-01
3.134885486524104925e-01 3.818568131012771705e-01
3.431608250031633611e-01 3.891785436293850320e-01
3.516386182462356014e-01 3.903346063443494662e-01
3.643553081108439340e-01 3.934174402509211799e-01
3.728331013539162297e-01 3.945735029658855586e-01
3.855497912185246179e-01 3.976143431413581286e-01
3.897886878400607102e-01 3.980766797418701097e-01
4.067442743262052463e-01 3.983930153106415295e-01
4.109831709477413386e-01 3.988534052307303179e-01
4.406554472984942628e-01 4.061341301155295125e-01
4.491332405415665030e-01 4.069690642985594464e-01
4.533721371631025954e-01 4.078561160630015947e-01
4.576110337846387432e-01 4.101777805896494877e-01
4.606577407313678374e-01 4.131026192585094403e-01
4.720803443677668576e-01 4.258193091231178284e-01
4.813733100380576113e-01 4.385359989877261611e-01
4.852503699189406050e-01 4.427748956092623089e-01
4.957611033784638521e-01 4.532856290687855561e-01
5.000000000000000000e-01 4.571626889496686053e-01
5.042388966215360924e-01 4.602981914643625716e-01
5.169555864861444805e-01 4.675648713869958728e-01
5.211944831076806839e-01 4.707433017493977134e-01
5.254333797292167763e-01 4.747969950871711031e-01
5.304180081638009137e-01 4.809249652030874178e-01
5.332439392448249382e-01 4.851638618246235657e-01
5.381500695938251644e-01 4.911996820139847286e-01
5.423889662153612568e-01 4.952624096582831092e-01
5.551056560799696449e-01 5.046057242137843568e-01
5.593445527015057372e-01 5.084777932430722958e-01
6.229280020245476779e-01 5.719747344717971416e-01
6.271668986460837703e-01 5.758517943526800797e-01
6.366268752526826891e-01 5.826584841199544673e-01
6.398835885106921584e-01 5.853834890909419553e-01
6.441224851322282507e-01 5.901540939995000290e-01
6.508807259722245719e-01 5.996140706060989478e-01
6.575849068098846839e-01 6.080918638491712436e-01
6.636458647641110264e-01 6.165696570922434283e-01
6.713084855799648087e-01 6.250474503353157241e-01
6.744381654344643318e-01 6.292863469568518164e-01
6.817048453570976330e-01 6.420030368214602046e-01
6.913937519206088123e-01 6.547197266860685927e-01
7.004340342166004429e-01 6.716753131722130732e-01
7.028993284647782058e-01 6.759142097937491656e-01
7.126905628898543288e-01 6.886308996583576647e-01
7.187515208440806713e-01 6.971086929014298494e-01
7.348919349030067494e-01 7.140642793875743299e-01
7.409498737000951296e-01 7.225420726306466257e-01
7.508270737234422620e-01 7.352587624952550138e-01
7.592917924477142755e-01 7.479754523598634020e-01
7.639251989697111167e-01 7.564532456029355867e-01
7.681455354506727673e-01 7.649310388460078824e-01
7.719495398095348460e-01 7.734088320890801782e-01
7.749376144771751296e-01 7.818866253321523629e-01
7.768574259506688673e-01 7.861255219536884553e-01
7.791994676524285346e-01 7.903644185752245477e-01
7.823349701671225009e-01 7.946033151967607511e-01
7.899975909829763943e-01 8.030811084398330468e-01
7.931272708374759173e-01 8.073200050613691392e-01
7.955899549276355120e-01 8.115589016829052316e-01
8.064064497550036403e-01 8.327533847905859155e-01
8.088717440031814032e-01 8.369922814121220078e-01
8.185606505666926935e-01 8.497089712767303959e-01
8.232697516712168539e-01 8.581867645198026917e-01
8.359678813952506893e-01 8.836201442490194680e-01
8.397718857541129900e-01 8.920979374920916527e-01
8.440001346977261676e-01 9.048146273567000408e-01
8.459265712144365956e-01 9.132924205997723366e-01
8.493176885116655583e-01 9.260091104643806137e-01
8.533609437506691764e-01 9.429646969505252052e-01
8.538213336707579648e-01 9.472035935720612976e-01
8.541376692395293846e-01 9.641591800582057781e-01
8.546222378153290888e-01 9.683980766797419815e-01
8.556851206120108522e-01 9.726369733012780738e-01
8.574449576110337867e-01 9.768758699228141662e-01
8.597385034616149557e-01 9.811147665443502586e-01
8.629243548615195269e-01 9.853536631658863509e-01
8.687840060736429226e-01 9.912133143780098576e-01
8.730229026951790150e-01 9.943991657779143178e-01
8.772617993167152184e-01 9.966927116284955979e-01
8.815006959382513108e-01 9.984525486275185324e-01
8.857395925597875141e-01 9.995154314242002958e-01
8.899784891813236065e-01 1.000000000000000000e+00
8.984562824243957913e-01 1.000000000000000000e+00
9.026951790459318836e-01 9.995154314242002958e-01
9.069340756674680870e-01 9.984525486275185324e-01
9.111729722890042904e-01 9.966927116284955979e-01
9.154118689105403828e-01 9.943991657779143178e-01
9.196507655320764751e-01 9.912133143780098576e-01
9.255104167441998708e-01 9.853536631658863509e-01
9.286962681441044420e-01 9.811147665443502586e-01
9.309898139946857221e-01 9.768758699228141662e-01
9.327496509937086566e-01 9.726369733012780738e-01
9.338125337903904200e-01 9.683980766797419815e-01
9.342971023661901242e-01 9.641591800582057781e-01
9.342971023661901242e-01 9.387258003289891128e-01
9.338347657656780321e-01 9.344869037074529095e-01
9.307939255902055731e-01 9.217702138428445213e-01
9.296378628752410833e-01 9.132924205997723366e-01
9.201024512376498876e-01 8.751423510059471722e-01
9.147517128793174468e-01 8.624256611413387841e-01
9.117636382116772742e-01 8.539478678982664883e-01
9.079584756843392945e-01 8.454700746551941926e-01
8.952591485318812659e-01 8.200366949259775273e-01
8.905461985502793887e-01 8.115589016829052316e-01
8.808572919867680984e-01 7.988422118182969545e-01
8.761481908822438269e-01 7.903644185752245477e-01
8.655868721811283972e-01 7.691699354675439748e-01
8.608739221995265201e-01 7.606921422244716791e-01
8.577384196848325537e-01 7.564532456029355867e-01
8.501888463659609263e-01 7.479754523598634020e-01
8.474036064474739227e-01 7.437365557383273096e-01
8.401361297397613725e-01 7.267809692521827181e-01
8.359145958303755286e-01 7.183031760091105333e-01
8.312773404313009706e-01 7.098253827660382376e-01
8.228112454418921029e-01 6.971086929014298494e-01
8.129326181806253437e-01 6.843920030368214613e-01
8.101066870996012081e-01 6.801531064152853689e-01
8.002159283160169556e-01 6.674364165506769808e-01
7.941549703617906131e-01 6.589586233076046851e-01
7.780145563028645350e-01 6.420030368214602046e-01
7.748848764483650120e-01 6.377641401999241122e-01
7.724221923582053062e-01 6.335252435783880198e-01
7.658445941523733813e-01 6.208085537137796317e-01
7.633792999041955074e-01 6.165696570922434283e-01
7.536903933406844391e-01 6.038529672276350402e-01
7.512277092505247333e-01 5.996140706060989478e-01
7.446501110446928084e-01 5.868973807414905597e-01
7.421848167965149345e-01 5.826584841199544673e-01
7.390493142818209682e-01 5.784195874984183749e-01
7.229089002228948901e-01 5.614640010122737834e-01
7.168509614258065099e-01 5.529862077692015987e-01
7.069602026422221464e-01 5.402695179045932106e-01
7.041342715611981218e-01 5.360306212830571182e-01
6.992281412121978956e-01 5.299948010936958998e-01
6.949892445906618033e-01 5.259320734493975191e-01
6.822725547260534151e-01 5.165887588938962161e-01
6.780336581045173228e-01 5.127166898646083881e-01
6.144502087814753821e-01 4.492197486358835423e-01
6.102113121599392898e-01 4.453426887550004931e-01
6.007513355533403709e-01 4.385359989877261611e-01
5.959807306447822972e-01 4.342971023661900687e-01
5.932557256737948093e-01 4.310403891081805439e-01
5.864490359065204217e-01 4.215804125015816806e-01
5.825719760256373725e-01 4.173415158800455327e-01
5.720612425661141254e-01 4.068307824205222856e-01
5.678223459445780330e-01 4.029537225396392364e-01
5.635834493230418296e-01 3.998078980364189183e-01
5.551056560799696449e-01 3.945074595508273885e-01
5.521107834669277681e-01 3.919081361508287564e-01
5.492223599069755435e-01 3.876692395292926641e-01
5.452987172860767062e-01 3.791914462862204238e-01
5.429566755843170389e-01 3.749525496646842759e-01
5.397708241844124677e-01 3.707136530431481836e-01
5.339111729722889610e-01 3.648540018310247324e-01
5.211944831076806839e-01 3.555106872755234293e-01
5.105972415538403419e-01 3.452802733139314073e-01
5.067251725245525140e-01 3.410413766923953149e-01
4.974322068542618158e-01 3.283246868277869268e-01
4.812917927953357378e-01 3.113691003416423908e-01
4.719484782398344347e-01 2.986524104770340582e-01
4.678857505955361096e-01 2.944135138554978548e-01
4.618499304061748356e-01 2.895073835064976842e-01
4.533721371631025954e-01 2.834494447094093039e-01
4.427748956092623089e-01 2.732190307478172819e-01
4.389028265799745365e-01 2.689801341262811341e-01
4.296098609096837828e-01 2.562634442616727459e-01
4.257328010288007336e-01 2.520245476401365980e-01
4.152220675692774865e-01 2.415138141806133509e-01
4.109831709477413386e-01 2.376367542997303572e-01
4.015231943411424198e-01 2.308300645324560252e-01
3.967525894325843461e-01 2.265911679109198773e-01
3.940275844615968581e-01 2.233344546529103525e-01
3.872208946943225261e-01 2.138744780463114892e-01
3.753193772569326514e-01 2.011577881817031010e-01
3.660264115866418977e-01 1.884410983170947684e-01
3.621493517057589040e-01 1.842022016955586206e-01
3.410413766923953149e-01 1.630077185878779922e-01
3.371693076631074870e-01 1.587688219663418443e-01
3.311113688660189958e-01 1.502910287232696041e-01
3.212206100824346877e-01 1.375743388586612159e-01
3.151596521282084007e-01 1.290965456155889757e-01
3.112825922473253515e-01 1.248576489940528278e-01
3.007718587878021044e-01 1.143469155345295807e-01
2.965329621662659565e-01 1.104698556536465870e-01
2.880551689231937162e-01 1.044088976994202445e-01
2.753384790585853281e-01 9.453027043815348529e-02
2.626217891939769400e-01 8.607546323736708915e-02
2.583828925724408476e-01 8.379782832951226945e-02
2.456662027078324595e-01 7.841570267564385022e-02
2.414273060862963116e-01 7.567859837567542103e-02
2.329495128432240714e-01 6.908475918661916015e-02
2.287106162216879235e-01 6.625882810559508007e-02
2.159939263570795354e-01 5.646759368051906813e-02
2.117550297355434430e-01 5.400229943234124974e-02
1.990383398709350549e-01 4.742470122650926934e-02
1.947994432493989070e-01 4.496201713634967456e-02
1.820827533847905744e-01 3.527311057283843976e-02
1.693660635201821862e-01 2.800643065020513856e-02
1.566493736555737981e-01 1.831752408669390375e-02
1.439326837909654100e-01 1.112653874658808828e-02
1.354548905478931697e-01 5.536427428180723531e-03
1.312159939263570219e-01 3.307288371504402136e-03
