9.734254992319508748e-01 4.070020901009795411e-01
9.693087557603687898e-01 4.059698366149978588e-01
9.651920122887864828e-01 4.054992319508449183e-01
9.569585253456220908e-01 4.054992319508449183e-01
9.528417818740400058e-01 4.059482453030840432e-01
9.404915514592934178e-01 4.089014569659731313e-01
9.322580645161291368e-01 4.100242051854955383e-01
9.199078341013825488e-01 4.131683800070897195e-01
9.157910906298003528e-01 4.139917287014061031e-01
9.034408602150538758e-01 4.172851234786718599e-01
8.993241167434715688e-01 4.181084721729882991e-01
8.910906298003071768e-01 4.203442810816082620e-01
8.869738863287250918e-01 4.212516873807196638e-01
8.787403993855606998e-01 4.223744356002420708e-01
8.663901689708142229e-01 4.255186104218362519e-01
8.622734254992319158e-01 4.263419591161526356e-01
8.540399385560676349e-01 4.285777680247725985e-01
8.499231950844854389e-01 4.294453503485761159e-01
8.458064516129032429e-01 4.298924731182795500e-01
8.293394777265745699e-01 4.301996927803379833e-01
8.252227342549923739e-01 4.306487061325771082e-01
8.211059907834101779e-01 4.315182990759027781e-01
8.169892473118279819e-01 4.326945114963547945e-01
8.128725038402457859e-01 4.335620938201583119e-01
8.087557603686637009e-01 4.340092165898616905e-01
6.811367127496159579e-01 4.340092165898616905e-01
6.770199692780338729e-01 4.335620938201583119e-01
6.729032258064515659e-01 4.326945114963547945e-01
6.687864823348694809e-01 4.315182990759027781e-01
6.646697388632872849e-01 4.306487061325771082e-01
6.605529953917050889e-01 4.301996927803379833e-01
6.440860215053763049e-01 4.298924731182795500e-01
6.399692780337942200e-01 4.294453503485761159e-01
6.358525345622120239e-01 4.285777680247725985e-01
6.317357910906298279e-01 4.274015556043205821e-01
6.276190476190476319e-01 4.265319626609949122e-01
6.235023041474654359e-01 4.260829493087557873e-01
6.070353302611367630e-01 4.257757296466973540e-01
6.029185867895545670e-01 4.253286068769939199e-01
5.988018433179723710e-01 4.244610245531904025e-01
5.946850998463901750e-01 4.232848121327383861e-01
5.905683563748079790e-01 4.224152191894127717e-01
5.864516129032257830e-01 4.219662058371735913e-01
5.699846390168971100e-01 4.216589861751151580e-01
5.658678955453149140e-01 4.212118634054117794e-01
5.617511520737327180e-01 4.203442810816082620e-01
5.576344086021505220e-01 4.191680686611561901e-01
5.535176651305683260e-01 4.182984757178305757e-01
5.494009216589861300e-01 4.178494623655914508e-01
5.288172043010752610e-01 4.175422427035330175e-01
5.247004608294930650e-01 4.170951199338295834e-01
5.205837173579108690e-01 4.162275376100260660e-01
5.164669738863286730e-01 4.150513251895740496e-01
5.123502304147465880e-01 4.141817322462483797e-01
5.082334869431643920e-01 4.137327188940092548e-01
3.641474654377879761e-01 4.137327188940092548e-01
3.600307219662058356e-01 4.141817322462483797e-01
3.559139784946236396e-01 4.150513251895740496e-01
3.517972350230414991e-01 4.162275376100260660e-01
3.476804915514593031e-01 4.170951199338295834e-01
3.435637480798771071e-01 4.175422427035330175e-01
3.270967741935483786e-01 4.178494623655914508e-01
3.229800307219661826e-01 4.182984757178305757e-01
3.188632872503840421e-01 4.191680686611561901e-01
3.147465437788018461e-01 4.203442810816082620e-01
3.106298003072196501e-01 4.212118634054117794e-01
3.065130568356374541e-01 4.216589861751151580e-01
2.900460829493087256e-01 4.219662058371735913e-01
2.859293394777265851e-01 4.224152191894127717e-01
2.818125960061443891e-01 4.232848121327383861e-01
2.776958525345621931e-01 4.244610245531904025e-01
2.735791090629799971e-01 4.253286068769939199e-01
2.694623655913978011e-01 4.257757296466973540e-01
2.488786482334869321e-01 4.260829493087557873e-01
2.447619047619047361e-01 4.265319626609949122e-01
2.406451612903225401e-01 4.274015556043205821e-01
2.365284178187403996e-01 4.285777680247725985e-01
2.324116743471582036e-01 4.294453503485761159e-01
2.282949308755760076e-01 4.298924731182795500e-01
2.118279569892472791e-01 4.301996927803379833e-01
2.077112135176650831e-01 4.306487061325771082e-01
2.035944700460829426e-01 4.315182990759027781e-01
1.953609831029185506e-01 4.337520973650006439e-01
1.912442396313363546e-01 4.345754460593169721e-01
1.830107526881720181e-01 4.368112549679369350e-01
1.788940092165898221e-01 4.377186612670483923e-01
1.706605222734254856e-01 4.388414094865707993e-01
1.583102918586788976e-01 4.418354047386305328e-01
1.500768049155145611e-01 4.429581529581529398e-01
1.377265745007680287e-01 4.461023277797471209e-01
1.336098310291858327e-01 4.469256764740635601e-01
1.253763440860214962e-01 4.491614853826835230e-01
1.212596006144393002e-01 4.500688916817949248e-01
1.130261136712749082e-01 4.511916399013172763e-01
1.006758832565283757e-01 4.543358147229114574e-01
9.655913978494617966e-02 4.551591634172278966e-01
8.832565284178184317e-02 4.573949723258478595e-01
8.420890937019964717e-02 4.583023786249592613e-01
7.597542242703531068e-02 4.594251268444816683e-01
6.362519201228872268e-02 4.625693016660758494e-01
5.950844854070658219e-02 4.633926503603922886e-01
4.715821812595999418e-02 4.666860451376579899e-01
4.304147465437785369e-02 4.675484831029185773e-01
3.892473118279565769e-02 4.686928298895000067e-01
3.480798771121346169e-02 4.704623655913978686e-01
3.069124423963126569e-02 4.726898178626289249e-01
2.657450076804912520e-02 4.757349639607704184e-01
2.245775729646692920e-02 4.795002978149784933e-01
1.224991379040091255e-02 4.897081413210445655e-01
8.484579936192782057e-03 4.938248847926267060e-01
5.439433838051288550e-03 4.979416282642089020e-01
3.211981566820232281e-03 5.020583717357910425e-01
1.502858150134678272e-03 5.061751152073732385e-01
4.706046641529959551e-04 5.102918586789554345e-01
-1.110223024625156540e-16 5.144086021505376305e-01
-1.110223024625156540e-16 5.226420890937020225e-01
4.706046641529959551e-04 5.267588325652842185e-01
1.502858150134678272e-03 5.308755760368664145e-01
3.211981566820232281e-03 5.349923195084484995e-01
5.439433838051288550e-03 5.391090629800306955e-01
8.533477907291919795e-03 5.432258064516128915e-01
1.422427035330259271e-02 5.489165988976235644e-01
1.834101382488473320e-02 5.520106429668641956e-01
2.245775729646692920e-02 5.542380952380951964e-01
2.657450076804912520e-02 5.559472186547808059e-01
3.069124423963126569e-02 5.569794721407624882e-01
3.480798771121346169e-02 5.574500768049155397e-01
4.304147465437785369e-02 5.574500768049155397e-01
4.715821812595999418e-02 5.569794721407624882e-01
5.127496159754219018e-02 5.559472186547808059e-01
5.539170506912438618e-02 5.542380952380951964e-01
5.950844854070658219e-02 5.520106429668641956e-01
6.774193548387091868e-02 5.457034761335836093e-01
7.185867895545311468e-02 5.430483606123206464e-01
7.597542242703531068e-02 5.412670333481988116e-01
8.420890937019964717e-02 5.384882842025700000e-01
9.244239631336403917e-02 5.366073496396077669e-01
1.006758832565283757e-01 5.343715407309878040e-01
1.047926267281105717e-01 5.334641344318763467e-01
1.130261136712749082e-01 5.323413862123539397e-01
1.253763440860214962e-01 5.291972113907598141e-01
1.294930875576036367e-01 5.283738626964433749e-01
1.377265745007680287e-01 5.261380537878234120e-01
1.418433179723501691e-01 5.252306474887119547e-01
1.500768049155145611e-01 5.241078992691896588e-01
1.624270353302610936e-01 5.209637244475954221e-01
1.665437788018432896e-01 5.201403757532789829e-01
1.747772657450076261e-01 5.179045668446590200e-01
1.788940092165898221e-01 5.169971605455476737e-01
1.871274961597542141e-01 5.158744123260252668e-01
1.994777265745007466e-01 5.128804170739654777e-01
2.077112135176650831e-01 5.117576688544430707e-01
2.200614439324116711e-01 5.088034975776911661e-01
2.241781874039938116e-01 5.083563748079876765e-01
2.406451612903225401e-01 5.080491551459292987e-01
2.447619047619047361e-01 5.076001417936901738e-01
2.488786482334869321e-01 5.067305488503645039e-01
2.529953917050691281e-01 5.055543364299125431e-01
2.571121351766513241e-01 5.046867541061089701e-01
2.612288786482334646e-01 5.042396313364054805e-01
2.776958525345621931e-01 5.039324116743472137e-01
2.818125960061443891e-01 5.034833983221079778e-01
2.859293394777265851e-01 5.026138053787823079e-01
2.900460829493087256e-01 5.014375929583303471e-01
2.941628264208909216e-01 5.005700106345267741e-01
2.982795698924730621e-01 5.001228878648232845e-01
3.188632872503840421e-01 4.998156682027649622e-01
3.229800307219661826e-01 4.993666548505257818e-01
3.270967741935483786e-01 4.984970619072001674e-01
3.312135176651305191e-01 4.973208494867481511e-01
3.353302611367127151e-01 4.964532671629445781e-01
3.394470046082949111e-01 4.960061443932411440e-01
3.559139784946236396e-01 4.956989247311828217e-01
3.600307219662058356e-01 4.952499113789435858e-01
3.641474654377879761e-01 4.943803184356179714e-01
3.682642089093701721e-01 4.932041060151659551e-01
3.723809523809523681e-01 4.923365236913624376e-01
3.764976958525345641e-01 4.918894009216589480e-01
5.000000000000000000e-01 4.918894009216589480e-01
5.041167434715821960e-01 4.923365236913624376e-01
5.082334869431643920e-01 4.932041060151659551e-01
5.123502304147465880e-01 4.943803184356179714e-01
5.164669738863286730e-01 4.952499113789435858e-01
5.205837173579108690e-01 4.956989247311828217e-01
5.370506912442396530e-01 4.960061443932411440e-01
5.411674347158218490e-01 4.964532671629445781e-01
5.452841781874040450e-01 4.973208494867481511e-01
5.494009216589861300e-01 4.984970619072001674e-01
5.535176651305683260e-01 4.993666548505257818e-01
5.576344086021505220e-01 4.998156682027649622e-01
5.741013824884793060e-01 5.002806870548806017e-01
5.782181259600613910e-01 5.010798015663165961e-01
5.823348694316435870e-01 5.033345622119815843e-01
5.852937788018433007e-01 5.061751152073732385e-01
5.927107432834884948e-01 5.144086021505376305e-01
6.029185867895545670e-01 5.246164456566037027e-01
6.070353302611367630e-01 5.283817795108117776e-01
6.111520737327189590e-01 5.315235819536894279e-01
6.152688172043010439e-01 5.342680776014109290e-01
6.193855606758832399e-01 5.374069478908188868e-01
6.235023041474654359e-01 5.411674347158218490e-01
6.317357910906298279e-01 5.493169064860967676e-01
6.358525345622120239e-01 5.530822403403048426e-01
6.399692780337942200e-01 5.561273864384463916e-01
6.440860215053763049e-01 5.585216377986121916e-01
6.564362519201228929e-01 5.648044034818228143e-01
6.646697388632872849e-01 5.684999118632116932e-01
6.729032258064515659e-01 5.714018785726876493e-01
6.852534562211981539e-01 5.765984236105865524e-01
7.058371735791091339e-01 5.817423078713401807e-01
7.140706605222734149e-01 5.828650560908625877e-01
7.181874039938556109e-01 5.837724623899739340e-01
7.264208909370200029e-01 5.860082712985938969e-01
7.305376344086021989e-01 5.868316199929103361e-01
7.428878648233486759e-01 5.899757948145045727e-01
7.511213517665130679e-01 5.910985430340268687e-01
7.634715821812596559e-01 5.940517546969159568e-01
7.675883256528417409e-01 5.945007680491551927e-01
8.334562211981566549e-01 5.945007680491551927e-01
8.375729646697389619e-01 5.940517546969159568e-01
8.416897081413210469e-01 5.931821617535902869e-01
8.499231950844854389e-01 5.909483634644925321e-01
8.540399385560676349e-01 5.901250147701760929e-01
8.622734254992319158e-01 5.878892058615561300e-01
8.663901689708142229e-01 5.869817995624446727e-01
8.746236559139785038e-01 5.858590513429223767e-01
8.952073732718894838e-01 5.807080917694862343e-01
8.993241167434715688e-01 5.789385560675883724e-01
9.034408602150538758e-01 5.767111037963572606e-01
9.075576036866359608e-01 5.737130104628582750e-01
9.157910906298003528e-01 5.672020253740683859e-01
9.199078341013825488e-01 5.644575297263468849e-01
9.322580645161291368e-01 5.548517949593219090e-01
9.363748079877112218e-01 5.521072993116004080e-01
9.404915514592934178e-01 5.489654968687226466e-01
9.446082949308756138e-01 5.452001630145145716e-01
9.548161384369416860e-01 5.349923195084484995e-01
9.585814722911497610e-01 5.308755760368664145e-01
9.617232747340275223e-01 5.267588325652842185e-01
9.644677703817489123e-01 5.226420890937020225e-01
9.739768488040378980e-01 5.102918586789554345e-01
9.785539847431592442e-01 5.020583717357910425e-01
9.908873527905786016e-01 4.773579109062979775e-01
9.945828611719675916e-01 4.691244239631336410e-01
9.986813937044352052e-01 4.567741935483871085e-01
9.995509866477608751e-01 4.526574500768049125e-01
1.000000000000000000e+00 4.485407066052227165e-01
1.000000000000000000e+00 4.403072196620583800e-01
9.995293953358470596e-01 4.361904761904761840e-01
9.984971418498653772e-01 4.320737327188939880e-01
9.967880184331798787e-01 4.279569892473118475e-01
9.945605661619487670e-01 4.238402457757296515e-01
9.914665220927081357e-01 4.197235023041474555e-01
9.857757296466973518e-01 4.140327098581368381e-01
9.816589861751152668e-01 4.109386657888961514e-01
9.775422427035330708e-01 4.087112135176650951e-01
