5.720338983050848869e-02 6.567796610169490679e-02
3.177966101694917889e-02 6.567796610169490679e-02
2.330508474576270528e-02 6.991525423728811584e-02
8.474576271186418097e-03 8.474576271186440302e-02
0.000000000000000000e+00 1.016949152542372947e-01
0.000000000000000000e+00 1.271186440677966045e-01
1.694915254237289171e-02 1.525423728813559143e-01
1.694915254237289171e-02 1.567796610169491789e-01
2.966101694915251885e-02 1.694915254237288060e-01
3.389830508474578341e-02 1.822033898305084887e-01
4.661016949152541056e-02 1.949152542372881158e-01
5.508474576271188416e-02 2.161016949152542166e-01
6.779661016949151131e-02 2.288135593220338992e-01
6.779661016949151131e-02 2.330508474576271083e-01
8.050847457627119397e-02 2.457627118644067910e-01
8.050847457627119397e-02 2.542372881355932090e-01
9.322033898305082111e-02 2.711864406779661008e-01
9.322033898305082111e-02 2.754237288135593098e-01
1.059322033898305038e-01 2.881355932203389925e-01
1.059322033898305038e-01 2.923728813559322015e-01
1.334745762711864181e-01 3.199152542372881713e-01
1.377118644067796827e-01 3.199152542372881713e-01
1.504237288135593098e-01 3.326271186440677985e-01
1.546610169491525189e-01 3.326271186440677985e-01
1.927966101694915113e-01 3.707627118644067910e-01
1.970338983050847204e-01 3.707627118644067910e-01
2.182203389830508211e-01 3.919491525423728917e-01
2.224576271186440857e-01 3.919491525423728917e-01
2.330508474576271083e-01 4.025423728813559143e-01
2.330508474576271083e-01 4.067796610169491789e-01
2.605932203389830226e-01 4.343220338983050932e-01
2.648305084745762317e-01 4.343220338983050932e-01
2.881355932203389925e-01 4.576271186440677985e-01
2.881355932203389925e-01 4.618644067796610075e-01
3.029661016949152241e-01 4.766949152542372947e-01
3.072033898305084332e-01 4.766949152542372947e-01
3.326271186440677985e-01 5.021186440677966045e-01
3.368644067796610075e-01 5.021186440677966045e-01
3.601694915254237683e-01 5.254237288135593653e-01
3.601694915254237683e-01 5.296610169491525744e-01
3.750000000000000000e-01 5.444915254237288060e-01
3.834745762711864181e-01 5.487288135593220151e-01
3.919491525423728917e-01 5.487288135593220151e-01
3.983050847457627053e-01 5.635593220338983578e-01
4.258474576271186196e-01 5.911016949152542166e-01
4.300847457627118842e-01 5.911016949152542166e-01
4.406779661016949068e-01 6.016949152542372392e-01
4.406779661016949068e-01 6.059322033898304483e-01
5.211864406779660452e-01 6.864406779661016422e-01
5.211864406779660452e-01 6.906779661016948513e-01
5.360169491525423879e-01 7.055084745762711940e-01
5.402542372881355970e-01 7.055084745762711940e-01
5.529661016949152241e-01 7.182203389830508211e-01
5.572033898305084332e-01 7.182203389830508211e-01
5.826271186440677985e-01 7.436440677966101864e-01
5.868644067796610075e-01 7.436440677966101864e-01
5.911016949152542166e-01 7.478813559322033955e-01
5.953389830508474256e-01 7.478813559322033955e-01
5.995762711864406347e-01 7.521186440677966045e-01
6.038135593220339548e-01 7.521186440677966045e-01
6.165254237288135819e-01 7.648305084745763427e-01
6.207627118644067910e-01 7.648305084745763427e-01
6.250000000000000000e-01 7.690677966101695517e-01
6.292372881355932090e-01 7.690677966101695517e-01
6.334745762711864181e-01 7.733050847457627608e-01
6.377118644067796271e-01 7.733050847457627608e-01
6.631355932203389925e-01 7.987288135593220151e-01
6.673728813559322015e-01 7.987288135593220151e-01
6.800847457627118287e-01 8.114406779661016422e-01
6.843220338983051487e-01 8.114406779661016422e-01
6.970338983050847759e-01 8.241525423728813804e-01
7.012711864406779849e-01 8.241525423728813804e-01
7.097457627118644030e-01 8.326271186440677985e-01
7.139830508474576121e-01 8.326271186440677985e-01
7.182203389830508211e-01 8.368644067796610075e-01
7.224576271186440302e-01 8.368644067796610075e-01
7.266949152542372392e-01 8.411016949152542166e-01
7.309322033898304483e-01 8.411016949152542166e-01
7.351694915254237683e-01 8.453389830508475367e-01
7.436440677966101864e-01 8.453389830508475367e-01
7.605932203389831336e-01 8.622881355932203729e-01
7.648305084745763427e-01 8.622881355932203729e-01
7.690677966101695517e-01 8.665254237288135819e-01
7.733050847457627608e-01 8.665254237288135819e-01
7.775423728813559698e-01 8.707627118644067910e-01
7.817796610169491789e-01 8.707627118644067910e-01
7.860169491525423879e-01 8.750000000000000000e-01
7.902542372881355970e-01 8.750000000000000000e-01
7.944915254237288060e-01 8.792372881355932090e-01
7.987288135593220151e-01 8.792372881355932090e-01
8.114406779661016422e-01 8.919491525423728362e-01
8.156779661016948513e-01 8.919491525423728362e-01
8.199152542372880603e-01 8.961864406779660452e-01
8.241525423728813804e-01 8.961864406779660452e-01
8.283898305084745894e-01 9.004237288135592543e-01
8.326271186440677985e-01 9.004237288135592543e-01
8.368644067796610075e-01 9.046610169491524633e-01
8.411016949152542166e-01 9.046610169491524633e-01
8.453389830508475367e-01 9.088983050847457834e-01
8.495762711864407457e-01 9.088983050847457834e-01
8.538135593220339548e-01 9.131355932203389925e-01
8.622881355932203729e-01 9.131355932203389925e-01
8.665254237288135819e-01 9.173728813559322015e-01
8.707627118644067910e-01 9.173728813559322015e-01
8.750000000000000000e-01 9.216101694915254106e-01
8.877118644067796271e-01 9.216101694915254106e-01
8.919491525423728362e-01 9.258474576271186196e-01
9.046610169491524633e-01 9.258474576271186196e-01
9.088983050847457834e-01 9.300847457627119397e-01
9.258474576271186196e-01 9.300847457627119397e-01
9.300847457627119397e-01 9.343220338983051487e-01
9.724576271186440302e-01 9.343220338983051487e-01
9.766949152542372392e-01 9.300847457627119397e-01
9.809322033898304483e-01 9.300847457627119397e-01
9.957627118644067910e-01 9.152542372881355970e-01
9.957627118644067910e-01 9.110169491525423879e-01
1.000000000000000000e+00 9.067796610169491789e-01
1.000000000000000000e+00 8.813559322033898136e-01
9.957627118644067910e-01 8.771186440677966045e-01
9.957627118644067910e-01 8.728813559322033955e-01
9.809322033898304483e-01 8.580508474576271638e-01
9.766949152542372392e-01 8.580508474576271638e-01
9.724576271186440302e-01 8.538135593220339548e-01
9.385593220338983578e-01 8.538135593220339548e-01
9.343220338983051487e-01 8.495762711864407457e-01
9.216101694915254106e-01 8.495762711864407457e-01
9.173728813559322015e-01 8.453389830508475367e-01
9.046610169491524633e-01 8.453389830508475367e-01
9.004237288135592543e-01 8.411016949152542166e-01
8.919491525423728362e-01 8.411016949152542166e-01
8.877118644067796271e-01 8.368644067796610075e-01
8.834745762711864181e-01 8.368644067796610075e-01
8.792372881355932090e-01 8.326271186440677985e-01
8.750000000000000000e-01 8.326271186440677985e-01
8.707627118644067910e-01 8.283898305084745894e-01
8.665254237288135819e-01 8.283898305084745894e-01
8.622881355932203729e-01 8.241525423728813804e-01
8.580508474576271638e-01 8.241525423728813804e-01
8.538135593220339548e-01 8.199152542372880603e-01
8.495762711864407457e-01 8.199152542372880603e-01
8.368644067796610075e-01 8.072033898305084332e-01
8.326271186440677985e-01 8.072033898305084332e-01
8.283898305084745894e-01 8.029661016949152241e-01
8.241525423728813804e-01 8.029661016949152241e-01
8.199152542372880603e-01 7.987288135593220151e-01
8.156779661016948513e-01 7.987288135593220151e-01
8.114406779661016422e-01 7.944915254237288060e-01
8.072033898305084332e-01 7.944915254237288060e-01
7.902542372881355970e-01 7.775423728813559698e-01
7.860169491525423879e-01 7.775423728813559698e-01
7.817796610169491789e-01 7.733050847457627608e-01
7.733050847457627608e-01 7.733050847457627608e-01
7.690677966101695517e-01 7.690677966101695517e-01
7.648305084745763427e-01 7.690677966101695517e-01
7.605932203389831336e-01 7.648305084745763427e-01
7.563559322033898136e-01 7.648305084745763427e-01
7.521186440677966045e-01 7.605932203389831336e-01
7.478813559322033955e-01 7.605932203389831336e-01
7.394067796610169774e-01 7.521186440677966045e-01
7.351694915254237683e-01 7.521186440677966045e-01
7.224576271186440302e-01 7.394067796610169774e-01
7.182203389830508211e-01 7.394067796610169774e-01
6.927966101694915668e-01 7.139830508474576121e-01
6.885593220338983578e-01 7.139830508474576121e-01
6.758474576271186196e-01 7.012711864406779849e-01
6.716101694915254106e-01 7.012711864406779849e-01
6.673728813559322015e-01 6.970338983050847759e-01
6.631355932203389925e-01 6.970338983050847759e-01
6.588983050847457834e-01 6.927966101694915668e-01
6.546610169491525744e-01 6.927966101694915668e-01
6.419491525423728362e-01 6.800847457627118287e-01
6.377118644067796271e-01 6.800847457627118287e-01
6.334745762711864181e-01 6.758474576271186196e-01
6.292372881355932090e-01 6.758474576271186196e-01
6.122881355932203729e-01 6.588983050847457834e-01
6.080508474576271638e-01 6.588983050847457834e-01
5.953389830508474256e-01 6.461864406779660452e-01
5.911016949152542166e-01 6.461864406779660452e-01
5.805084745762711940e-01 6.355932203389830226e-01
5.805084745762711940e-01 6.313559322033898136e-01
5.000000000000000000e-01 5.508474576271186196e-01
5.000000000000000000e-01 5.466101694915254106e-01
4.851694915254237128e-01 5.317796610169491789e-01
4.809322033898305038e-01 5.317796610169491789e-01
4.661016949152542166e-01 5.169491525423728362e-01
4.661016949152542166e-01 5.127118644067796271e-01
4.618644067796610075e-01 5.084745762711864181e-01
4.618644067796610075e-01 5.042372881355932090e-01
4.343220338983050932e-01 4.766949152542372947e-01
4.300847457627118842e-01 4.766949152542372947e-01
4.131355932203389925e-01 4.597457627118644030e-01
4.067796610169491789e-01 4.576271186440677985e-01
4.067796610169491789e-01 4.364406779661016977e-01
4.025423728813559143e-01 4.322033898305084887e-01
4.025423728813559143e-01 4.194915254237288060e-01
3.983050847457627053e-01 4.152542372881355970e-01
3.983050847457627053e-01 3.813559322033898136e-01
3.940677966101694962e-01 3.771186440677966045e-01
3.940677966101694962e-01 3.601694915254237683e-01
3.898305084745762872e-01 3.559322033898305038e-01
3.898305084745762872e-01 3.389830508474576121e-01
3.855932203389830226e-01 3.347457627118644030e-01
3.855932203389830226e-01 3.220338983050847759e-01
3.813559322033898136e-01 3.177966101694915668e-01
3.813559322033898136e-01 3.008474576271186196e-01
3.771186440677966045e-01 2.966101694915254106e-01
3.771186440677966045e-01 2.923728813559322015e-01
3.728813559322033955e-01 2.881355932203389925e-01
3.728813559322033955e-01 2.838983050847457834e-01
3.686440677966101864e-01 2.796610169491525744e-01
3.686440677966101864e-01 2.754237288135593098e-01
3.559322033898305038e-01 2.627118644067796271e-01
3.559322033898305038e-01 2.584745762711864181e-01
3.283898305084745894e-01 2.309322033898305038e-01
3.220338983050847759e-01 2.288135593220338992e-01
3.220338983050847759e-01 2.245762711864406902e-01
3.093220338983050932e-01 2.118644067796610075e-01
3.093220338983050932e-01 2.076271186440677985e-01
2.944915254237288060e-01 1.927966101694915113e-01
2.902542372881355970e-01 1.927966101694915113e-01
2.817796610169491789e-01 1.843220338983050932e-01
2.775423728813559698e-01 1.843220338983050932e-01
2.690677966101694962e-01 1.758474576271186196e-01
2.648305084745762317e-01 1.758474576271186196e-01
2.521186440677966045e-01 1.631355932203389925e-01
2.478813559322033955e-01 1.631355932203389925e-01
2.436440677966101864e-01 1.588983050847457834e-01
2.394067796610169219e-01 1.588983050847457834e-01
2.351694915254237128e-01 1.546610169491525189e-01
2.309322033898305038e-01 1.546610169491525189e-01
2.182203389830508211e-01 1.419491525423728917e-01
2.139830508474576121e-01 1.419491525423728917e-01
2.097457627118644030e-01 1.377118644067796827e-01
2.055084745762711940e-01 1.377118644067796827e-01
1.885593220338983023e-01 1.207627118644067910e-01
1.843220338983050932e-01 1.207627118644067910e-01
1.800847457627118842e-01 1.165254237288135819e-01
1.758474576271186196e-01 1.165254237288135819e-01
1.716101694915254106e-01 1.122881355932203173e-01
1.673728813559322015e-01 1.122881355932203173e-01
1.546610169491525189e-01 9.957627118644069020e-02
1.504237288135593098e-01 9.957627118644069020e-02
1.461864406779661008e-01 9.533898305084748115e-02
1.334745762711864181e-01 9.533898305084748115e-02
1.292372881355932090e-01 9.110169491525421659e-02
1.250000000000000000e-01 9.110169491525421659e-02
1.207627118644067910e-01 8.686440677966100754e-02
1.165254237288135819e-01 8.686440677966100754e-02
1.122881355932203173e-01 8.262711864406779849e-02
1.080508474576271083e-01 8.262711864406779849e-02
1.038135593220338992e-01 7.838983050847458944e-02
9.957627118644069020e-02 7.838983050847458944e-02
9.533898305084748115e-02 7.415254237288138039e-02
8.262711864406779849e-02 7.415254237288138039e-02
7.838983050847458944e-02 6.991525423728811584e-02
6.144067796610169774e-02 6.991525423728811584e-02
