1.657542899252553159e-01 2.026529108327193018e-01
1.236445941678071536e-01 2.026529108327193018e-01
7.627118644067798492e-02 2.237077587114433830e-01
4.737340772712922421e-02 2.473418254553111373e-01
5.263711969681117431e-03 3.052426571218023188e-01
5.263711969681117431e-03 3.262975050005263999e-01
5.551115123125782702e-17 3.315612169702074064e-01
5.551115123125782702e-17 3.736709127276555686e-01
5.263711969681117431e-03 3.894620486366986434e-01
3.416149068322987814e-02 4.288872512896094169e-01
4.995262659227289737e-02 4.394146752289714297e-01
6.048005053163496569e-02 4.394146752289714297e-01
7.627118644067798492e-02 4.552058111380145045e-01
1.078534582587641344e-01 4.604695231076955109e-01
1.131171702284451408e-01 4.657332350773765173e-01
1.289083061374882155e-01 4.657332350773765173e-01
1.341720181071692219e-01 4.709969470470575792e-01
1.552268659858933031e-01 4.709969470470575792e-01
1.604905779555743095e-01 4.762606590167385856e-01
1.762817138646173842e-01 4.762606590167385856e-01
1.815454258342983906e-01 4.815243709864195920e-01
1.973365617433414099e-01 4.815243709864195920e-01
2.026002737130224718e-01 4.867880829561006539e-01
2.289188335614275593e-01 4.867880829561006539e-01
2.499736814401516405e-01 4.973155068954626667e-01
2.815559532582377344e-01 4.973155068954626667e-01
3.394567849247289715e-01 5.446889146225918354e-01
3.920939046215391466e-01 5.446889146225918354e-01
3.973576165912201530e-01 5.394252026529108290e-01
4.710495841667544092e-01 5.394252026529108290e-01
4.815770081061164221e-01 5.288977787135488162e-01
6.079060953784608534e-01 5.288977787135488162e-01
6.131698073481418598e-01 5.236340667438678098e-01
6.763343509843141588e-01 5.236340667438678098e-01
6.815980629539951652e-01 5.183703547741868034e-01
6.973891988630381844e-01 5.183703547741868034e-01
7.026529108327191908e-01 5.131066428045057970e-01
7.342351826508053403e-01 5.131066428045057970e-01
7.394988946204863467e-01 5.078429308348246796e-01
7.658174544688913787e-01 5.078429308348246796e-01
7.868723023476155154e-01 4.973155068954626667e-01
8.184545741657016649e-01 4.973155068954626667e-01
8.237182861353826713e-01 4.920517949257816603e-01
8.816191178018738528e-01 4.920517949257816603e-01
8.868828297715548592e-01 4.973155068954626667e-01
9.026739656805979894e-01 4.973155068954626667e-01
9.342562374986840279e-01 5.078429308348246796e-01
9.369407306032213612e-01 5.157911359090430192e-01
9.685230024213073996e-01 5.421096957574481623e-01
9.685230024213073996e-01 6.210653753026633694e-01
9.579955784819453868e-01 6.368565112117064997e-01
9.579955784819453868e-01 6.579113590904305253e-01
9.474681545425833740e-01 6.894936309085166748e-01
9.132013896199600023e-01 7.395515317401831767e-01
8.658279818928307225e-01 7.658700915885882088e-01
8.395094220444256905e-01 7.658700915885882088e-01
8.342457100747446841e-01 7.711338035582693262e-01
8.184545741657016649e-01 7.711338035582693262e-01
8.131908621960206585e-01 7.658700915885882088e-01
7.973997262869775282e-01 7.658700915885882088e-01
7.552900305295293659e-01 7.448152437098641832e-01
7.368144015159490134e-01 7.210759027266027132e-01
7.368144015159490134e-01 6.842299189388356684e-01
7.683966733340351629e-01 6.263290872723443758e-01
7.921360143172965218e-01 6.078534582587640234e-01
8.395094220444256905e-01 5.973260343194020106e-01
8.605642699231497161e-01 6.078534582587640234e-01
8.948310348457730878e-01 6.421202231813875061e-01
9.053584587851352117e-01 6.631750710601116428e-01
9.053584587851352117e-01 6.842299189388356684e-01
8.868828297715548592e-01 7.132329718917780337e-01
8.763554058321928464e-01 7.184966838614590401e-01
8.395094220444256905e-01 7.184966838614590401e-01
8.157700810611643316e-01 7.000210548478786876e-01
8.289819981050636777e-01 6.815454258342983351e-01
8.473523528792504811e-01 6.737024949994736556e-01
8.473523528792504811e-01 6.631750710601116428e-01
8.395094220444256905e-01 6.553321402252868522e-01
8.184545741657016649e-01 6.553321402252868522e-01
8.053479313611957568e-01 6.631750710601116428e-01
8.053479313611957568e-01 6.684387830297926492e-01
7.948205074218337440e-01 6.737024949994736556e-01
7.895567954521527376e-01 6.842299189388356684e-01
7.948205074218337440e-01 7.210759027266027132e-01
8.053479313611957568e-01 7.263396146962838307e-01
8.053479313611957568e-01 7.316033266659648371e-01
8.342457100747446841e-01 7.447099694704705231e-01
8.763554058321928464e-01 7.447099694704705231e-01
8.868828297715548592e-01 7.394462575007895166e-01
9.315717443941466946e-01 6.894936309085166748e-01
9.315717443941466946e-01 6.631750710601116428e-01
9.263080324244656882e-01 6.579113590904305253e-01
9.263080324244656882e-01 6.473839351510685125e-01
9.210443204547846818e-01 6.421202231813875061e-01
9.210443204547846818e-01 6.315927992420254933e-01
8.816191178018738528e-01 5.921675965891146642e-01
8.763554058321928464e-01 5.921675965891146642e-01
8.736709127276556242e-01 5.842193915148963246e-01
8.500368459837877033e-01 5.711127487103905276e-01
8.131908621960206585e-01 5.711127487103905276e-01
7.973997262869775282e-01 5.816401726497525404e-01
7.868723023476155154e-01 5.816401726497525404e-01
7.658174544688913787e-01 5.921675965891146642e-01
7.211285398462995433e-01 6.526476471207495189e-01
7.211285398462995433e-01 6.631750710601116428e-01
7.106011159069375305e-01 6.789662069691546620e-01
7.106011159069375305e-01 6.894936309085166748e-01
7.053374039372565241e-01 6.947573428781976812e-01
7.053374039372565241e-01 7.158121907569217068e-01
7.158648278766185369e-01 7.421307506053268499e-01
7.263922518159805497e-01 7.473944625750078563e-01
7.263922518159805497e-01 7.526581745446888627e-01
7.763448784082533916e-01 7.868196652279186853e-01
7.921360143172965218e-01 7.868196652279186853e-01
8.079271502263396521e-01 7.973470891672806982e-01
8.553005579534687097e-01 7.973470891672806982e-01
8.605642699231497161e-01 7.920833771975996918e-01
8.710916938625117290e-01 7.920833771975996918e-01
8.763554058321928464e-01 7.868196652279186853e-01
8.868828297715548592e-01 7.868196652279186853e-01
9.079376776502789959e-01 7.762922412885566725e-01
9.473628803031898249e-01 7.421307506053268499e-01
9.789451521212759744e-01 6.842299189388356684e-01
9.789451521212759744e-01 6.684387830297926492e-01
9.842088640909569808e-01 6.631750710601116428e-01
9.842088640909569808e-01 6.473839351510685125e-01
9.894725760606379872e-01 6.421202231813875061e-01
9.894725760606379872e-01 6.315927992420254933e-01
9.947362880303189936e-01 6.263290872723443758e-01
9.947362880303189936e-01 6.052742393936203502e-01
1.000000000000000000e+00 6.000105274239393438e-01
1.000000000000000000e+00 5.526371196968101751e-01
9.894725760606379872e-01 5.368459837877671559e-01
9.894725760606379872e-01 5.263185598484051431e-01
9.789451521212759744e-01 5.105274239393620128e-01
9.553110853774080535e-01 4.974207811348562713e-01
9.395199494683650343e-01 4.816296452258132521e-01
9.289925255290030215e-01 4.816296452258132521e-01
9.237288135593220151e-01 4.763659332561322457e-01
9.079376776502789959e-01 4.763659332561322457e-01
9.026739656805979894e-01 4.711022212864512393e-01
8.868828297715548592e-01 4.711022212864512393e-01
8.816191178018738528e-01 4.658385093167702329e-01
8.237182861353826713e-01 4.658385093167702329e-01
8.184545741657016649e-01 4.711022212864512393e-01
8.026634382566586456e-01 4.711022212864512393e-01
7.973997262869775282e-01 4.763659332561322457e-01
7.710811664385723851e-01 4.763659332561322457e-01
7.658174544688913787e-01 4.816296452258132521e-01
7.394988946204863467e-01 4.816296452258132521e-01
7.342351826508053403e-01 4.868933571954942585e-01
7.026529108327191908e-01 4.868933571954942585e-01
6.973891988630381844e-01 4.921570691651752649e-01
6.815980629539951652e-01 4.921570691651752649e-01
6.763343509843141588e-01 4.974207811348562713e-01
6.342246552268659965e-01 4.974207811348562713e-01
6.289609432571849901e-01 5.026844931045373333e-01
5.078955679545215096e-01 5.026844931045373333e-01
4.447310243183493217e-01 4.553110853774081646e-01
4.289398884093062470e-01 4.553110853774081646e-01
4.236761764396252405e-01 4.500473734077271581e-01
4.131487525002631722e-01 4.500473734077271581e-01
3.973576165912201530e-01 4.395199494683651453e-01
3.868301926518580847e-01 4.395199494683651453e-01
3.815664806821770783e-01 4.342562374986841389e-01
2.973470891672808092e-01 4.342562374986841389e-01
2.920833771975998028e-01 4.395199494683651453e-01
2.762922412885566725e-01 4.395199494683651453e-01
2.710285293188756661e-01 4.447836614380461517e-01
2.552373934098326469e-01 4.447836614380461517e-01
2.499736814401516405e-01 4.500473734077271581e-01
2.341825455311085658e-01 4.500473734077271581e-01
2.236551215917465529e-01 4.605747973470891710e-01
1.973365617433414099e-01 4.605747973470891710e-01
1.920728497736604035e-01 4.553110853774081646e-01
1.815454258342983906e-01 4.553110853774081646e-01
1.762817138646173842e-01 4.500473734077271581e-01
1.604905779555743095e-01 4.500473734077271581e-01
1.552268659858933031e-01 4.447836614380461517e-01
1.394357300768502284e-01 4.447836614380461517e-01
1.341720181071692219e-01 4.395199494683651453e-01
1.183808821981261472e-01 4.395199494683651453e-01
1.131171702284451408e-01 4.342562374986841389e-01
9.206232234972105966e-02 4.342562374986841389e-01
7.627118644067798492e-02 4.184651015896410642e-01
6.574376250131597210e-02 4.184651015896410642e-01
4.995262659227289737e-02 4.079376776502789959e-01
3.147699757869248938e-02 3.841983366670175815e-01
2.621328560901148297e-02 3.684072007579745067e-01
2.621328560901148297e-02 3.368249289398884128e-01
3.147699757869248938e-02 3.315612169702074064e-01
3.147699757869248938e-02 3.105063690914833252e-01
9.206232234972105966e-02 2.446573323507737485e-01
1.131171702284451408e-01 2.341299084114117357e-01
1.289083061374882155e-01 2.341299084114117357e-01
1.341720181071692219e-01 2.288661964417307293e-01
1.499631540162122412e-01 2.288661964417307293e-01
1.552268659858933031e-01 2.341299084114117357e-01
1.657542899252553159e-01 2.341299084114117357e-01
2.052847668175597495e-01 2.789240972733972312e-01
2.052847668175597495e-01 2.894515212127592996e-01
2.158121907569218179e-01 3.052426571218023188e-01
2.158121907569218179e-01 3.210337930308453380e-01
2.210759027266028243e-01 3.262975050005263999e-01
2.210759027266028243e-01 3.526160648489314875e-01
1.920728497736604035e-01 3.921465417412359766e-01
1.604905779555743095e-01 3.921465417412359766e-01
1.552268659858933031e-01 3.868828297715549702e-01
1.236445941678071536e-01 3.868828297715549702e-01
1.078534582587641344e-01 3.763554058321929019e-01
8.937782924518372640e-02 3.473523528792504811e-01
8.937782924518372640e-02 3.210337930308453380e-01
1.183808821981261472e-01 2.867670281082219108e-01
1.394357300768502284e-01 2.815033161385409044e-01
1.446994420465312348e-01 2.867670281082219108e-01
1.552268659858933031e-01 2.867670281082219108e-01
1.684387830297926492e-01 2.999789451521213124e-01
1.684387830297926492e-01 3.105063690914833252e-01
1.552268659858933031e-01 3.237182861353827268e-01
1.394357300768502284e-01 3.237182861353827268e-01
1.210653753026634250e-01 3.368249289398884128e-01
1.289083061374882155e-01 3.499315717443941542e-01
1.604905779555743095e-01 3.499315717443941542e-01
1.946520686388041321e-01 3.262975050005263999e-01
1.946520686388041321e-01 2.894515212127592996e-01
1.762817138646173842e-01 2.658174544688914898e-01
1.657542899252553159e-01 2.658174544688914898e-01
1.604905779555743095e-01 2.605537424992104834e-01
1.499631540162122412e-01 2.605537424992104834e-01
1.446994420465312348e-01 2.552900305295294769e-01
1.289083061374882155e-01 2.552900305295294769e-01
1.236445941678071536e-01 2.605537424992104834e-01
1.131171702284451408e-01 2.605537424992104834e-01
7.369196757553431176e-02 2.947152331824403060e-01
6.316454363617229895e-02 3.105063690914833252e-01
6.316454363617229895e-02 3.262975050005263999e-01
5.790083166649129254e-02 3.315612169702074064e-01
6.316454363617229895e-02 3.368249289398884128e-01
6.316454363617229895e-02 3.473523528792504811e-01
6.842825560585330535e-02 3.526160648489314875e-01
6.842825560585330535e-02 3.631434887882935003e-01
7.895567954521537368e-02 3.841983366670175815e-01
1.183808821981261472e-01 4.130961153805663422e-01
1.552268659858933031e-01 4.130961153805663422e-01
1.604905779555743095e-01 4.183598273502473486e-01
1.973365617433414099e-01 4.183598273502473486e-01
2.157069165175282133e-01 4.052531845457416626e-01
2.472891883356143072e-01 3.578797768186124939e-01
2.472891883356143072e-01 3.262975050005263999e-01
2.420254763659333008e-01 3.210337930308453380e-01
2.420254763659333008e-01 3.052426571218023188e-01
2.367617643962522944e-01 2.999789451521213124e-01
2.367617643962522944e-01 2.841878092430782377e-01
2.262343404568902261e-01 2.736603853037161693e-01
2.262343404568902261e-01 2.631329613643541565e-01
1.762817138646173842e-01 2.079166228024003082e-01
