1.806891678895592435e-01 1.888689602695798331e-01
1.344910049459209778e-01 1.943040382629490637e-01
1.317734659492363902e-01 1.997391162563182943e-01
8.829284200228276758e-02 2.078917332463720569e-01
8.557530300559812453e-02 2.133268112397412875e-01
7.065601391379966456e-02 2.173759443448013418e-01
7.337355291048425210e-02 2.200934833414859848e-01
4.481221805532908942e-02 2.432197402032719169e-01
2.717538996684604191e-02 2.662916462851241950e-01
2.989292896353062945e-02 2.690091852818088380e-01
1.630523398010763625e-02 2.853144192619164188e-01
2.717538996684587538e-03 3.179248872221316358e-01
5.435077993369230587e-03 3.206424262188162233e-01
0.000000000000000000e+00 3.315125822055546845e-01
0.000000000000000000e+00 3.940159791293005309e-01
1.087015598673840566e-02 4.565193760530463774e-01
1.630523398010763625e-02 4.592369150497309649e-01
2.174031197347681132e-02 4.864123050165770068e-01
4.752975705201373247e-02 5.176368280884831030e-01
9.372791999565194265e-02 5.448122180553290894e-01
1.045980759823903483e-01 5.448122180553290894e-01
1.154682319691287540e-01 5.529648350453828520e-01
1.181857709658133970e-01 5.502472960486982645e-01
1.317734659492363902e-01 5.556823740420674396e-01
1.779716288928746559e-01 5.475297570520136770e-01
1.942768628729822367e-01 5.366596010652753268e-01
2.241697918365128661e-01 5.366596010652753268e-01
2.268873308331974537e-01 5.312245230719060407e-01
2.540627208000434956e-01 5.285069840752214532e-01
2.649328767867819012e-01 5.203543670851676906e-01
3.111310397304201114e-01 5.094842110984292294e-01
3.165661177237893420e-01 5.040491331050600543e-01
3.301538127072123352e-01 5.040491331050600543e-01
3.328713517038969227e-01 4.986140551116908792e-01
3.573292026740583771e-01 4.958965161150062917e-01
3.627642806674276077e-01 4.904614381216370611e-01
3.790695146475351884e-01 4.877438991249524736e-01
3.872221316375890066e-01 4.931789771183216486e-01
3.953747486276428247e-01 4.823088211315832430e-01
4.062449046143812303e-01 4.823088211315832430e-01
4.116799826077504054e-01 4.768737431382140679e-01
4.225501385944888666e-01 4.768737431382140679e-01
4.714658405348116643e-01 4.524158921680526690e-01
4.796184575248654824e-01 4.524158921680526690e-01
4.877710745149193006e-01 4.442632751779988509e-01
4.959236915049731187e-01 4.442632751779988509e-01
4.986412305016577062e-01 4.388281971846296203e-01
5.122289254850806994e-01 4.388281971846296203e-01
5.149464644817652870e-01 4.333931191912604453e-01
5.285341594651883357e-01 4.333931191912604453e-01
5.312516984618729232e-01 4.279580411978912147e-01
5.421218544486113844e-01 4.279580411978912147e-01
5.529920104353497345e-01 4.198054242078373965e-01
6.046252513723572308e-01 4.116528072177836339e-01
6.073427903690418184e-01 4.062177292244144033e-01
6.535409533126800286e-01 3.980651122343605852e-01
6.644111092994184897e-01 4.007826512310451728e-01
6.834338822762107135e-01 3.953475732376759977e-01
8.002880591336485328e-01 3.980651122343605852e-01
8.383336050872329803e-01 4.143703462144682215e-01
8.410511440839175679e-01 4.116528072177836339e-01
8.736616120441328404e-01 4.306755801945758022e-01
8.995054079026033600e-01 4.592369150497309649e-01
9.022229468992879475e-01 4.728246100331539581e-01
9.076580248926571226e-01 4.755421490298386011e-01
9.185281808793955838e-01 5.081526169900537626e-01
9.158106418827109962e-01 5.190227729767922238e-01
9.212457198760801713e-01 5.217403119734768113e-01
9.293983368661340450e-01 5.543507799336920838e-01
9.266807978694493464e-01 5.652209359204304340e-01
9.321158758628185215e-01 5.815261699005380702e-01
9.293983368661340450e-01 6.494646448176530917e-01
9.239632588727647589e-01 6.576172618077069654e-01
9.266807978694493464e-01 6.603348008043915529e-01
9.103755638893418212e-01 6.875101907712375393e-01
9.103755638893418212e-01 6.956628077612914129e-01
8.818142290341866030e-01 7.296592206098156952e-01
8.709440730474482528e-01 7.296592206098156952e-01
8.655089950540790777e-01 7.350942986031849813e-01
8.057231371270177078e-01 7.459644545899233314e-01
7.839828251535410075e-01 7.432469155932387439e-01
7.758302081634871339e-01 7.378118375998694578e-01
7.731126691668025463e-01 7.405293765965541564e-01
7.445513343116474392e-01 7.201206587314528118e-01
7.418337953149627406e-01 7.092505027447143506e-01
7.363987173215935655e-01 7.065329637480297631e-01
7.363987173215935655e-01 6.603348008043915529e-01
7.527039513017012018e-01 6.277243328441762804e-01
7.635741072884396630e-01 6.168541768574379303e-01
7.635741072884396630e-01 6.087015598673840566e-01
7.785477471601717214e-01 5.910103809989672996e-01
7.975705201369639452e-01 5.855753030055981245e-01
8.193108321104407565e-01 5.910103809989672996e-01
8.234143159954345759e-01 6.032664818740148815e-01
8.288493939888037509e-01 6.059840208706994691e-01
8.247459101038099316e-01 6.236751997391162261e-01
8.057231371270177078e-01 6.291102777324855122e-01
7.975705201369639452e-01 6.236751997391162261e-01
7.799336920484808422e-01 6.331594108375455665e-01
7.744986140551116671e-01 6.548997228110222668e-01
7.772161530517962547e-01 6.712049567911299031e-01
8.111582151203868829e-01 6.969944018696668797e-01
8.328985270938638052e-01 6.969944018696668797e-01
8.614055111690852584e-01 6.820751127778683642e-01
8.885809011359313558e-01 6.494646448176530917e-01
8.858633621392466573e-01 6.467471058209685042e-01
8.912984401326158324e-01 6.385944888309147416e-01
8.858633621392466573e-01 5.896787868905918328e-01
8.777107451491928947e-01 5.706560139137997201e-01
8.410511440839175679e-01 5.421490298385781559e-01
8.220283711071253441e-01 5.367139518452089808e-01
8.193108321104407565e-01 5.394314908418935683e-01
8.111582151203868829e-01 5.339964128485243933e-01
7.758302081634871339e-01 5.367139518452089808e-01
7.703951301701179588e-01 5.421490298385781559e-01
7.595249741833794976e-01 5.421490298385781559e-01
7.568074351866949101e-01 5.475841078319474420e-01
7.283004511114734569e-01 5.625033969237458464e-01
7.241969672264796376e-01 5.747594977987934284e-01
6.984075221479427720e-01 5.951138648839611189e-01
6.821022881678351357e-01 6.331594108375455665e-01
6.848198271645198343e-01 6.385944888309147416e-01
6.793847491711505482e-01 6.467471058209685042e-01
6.821022881678351357e-01 6.657698787977607280e-01
6.766672101744659606e-01 6.739224957878144906e-01
6.766672101744659606e-01 7.119680417413989382e-01
6.821022881678351357e-01 7.391434317082450356e-01
6.956899831512581844e-01 7.717538996684603081e-01
7.160443502364258750e-01 7.866731887602587125e-01
7.187618892331104625e-01 7.839556497635740140e-01
7.296320452198489237e-01 7.948258057503124752e-01
7.785477471601717214e-01 8.056959617370509363e-01
7.812652861568563090e-01 8.029784227403662378e-01
7.948529811402793577e-01 8.084135007337355239e-01
7.975705201369639452e-01 8.056959617370509363e-01
8.057231371270177078e-01 8.111310397304201114e-01
8.736616120441328404e-01 8.029784227403662378e-01
9.048861351160388811e-01 7.880591336485678333e-01
9.429316810696233286e-01 7.527311266916680843e-01
9.483667590629925037e-01 7.364258927115603370e-01
9.619544540464155524e-01 7.201206587314528118e-01
9.592369150497309649e-01 7.174031197347682243e-01
9.701070710364694261e-01 7.065329637480297631e-01
9.755421490298386011e-01 6.875101907712375393e-01
9.728246100331539026e-01 6.847926517745529518e-01
9.864123050165769513e-01 6.712049567911299031e-01
9.836947660198923638e-01 6.684874177944453155e-01
9.891298440132616498e-01 6.548997228110222668e-01
9.864123050165769513e-01 6.494646448176530917e-01
9.945649220066308249e-01 6.250067938474916929e-01
9.918473830099461264e-01 6.168541768574379303e-01
9.972824610033154125e-01 6.087015598673840566e-01
9.945649220066308249e-01 5.570683189303766714e-01
1.000000000000000000e+00 5.461981629436382102e-01
9.891298440132616498e-01 4.836947660198923638e-01
9.836947660198923638e-01 4.809772270232077762e-01
9.836947660198923638e-01 4.728246100331539581e-01
9.646719930431002510e-01 4.374966030762541536e-01
9.416000869612478619e-01 4.089896190010326449e-01
9.280123919778249242e-01 4.035545410076634143e-01
9.035545410076634143e-01 3.790966900375020154e-01
8.383336050872329803e-01 3.464862220772867984e-01
8.247459101038099316e-01 3.464862220772867984e-01
8.030055981303332313e-01 3.383336050872329803e-01
7.948529811402793577e-01 3.410511440839175679e-01
7.867003641502254840e-01 3.356160660905483928e-01
7.703951301701179588e-01 3.383336050872329803e-01
7.568074351866949101e-01 3.328985270938638052e-01
7.377846622099026863e-01 3.356160660905483928e-01
7.241969672264796376e-01 3.301809880971792177e-01
6.481058753193108535e-01 3.410511440839175679e-01
6.453883363226262659e-01 3.464862220772867984e-01
6.318006413392032172e-01 3.464862220772867984e-01
5.856024783955650070e-01 3.736616120441328404e-01
5.557095494320343221e-01 3.763791510408174279e-01
5.529920104353497345e-01 3.818142290341866030e-01
5.258166204685037481e-01 3.845317680308711905e-01
5.230990814718191606e-01 3.899668460242404211e-01
5.122289254850806994e-01 3.899668460242404211e-01
5.067938474917115244e-01 3.954019240176096517e-01
4.959236915049731187e-01 3.954019240176096517e-01
4.932061525082884756e-01 4.008370020109788268e-01
4.388553725745964473e-01 4.171422359910864630e-01
4.334202945812272167e-01 4.225773139844556381e-01
4.198325995978042235e-01 4.225773139844556381e-01
4.171150606011196360e-01 4.280123919778248687e-01
4.089624436110658179e-01 4.280123919778248687e-01
3.845045926409044190e-01 4.416000869612478619e-01
2.540627208000434956e-01 4.633403989347246732e-01
2.513451818033588525e-01 4.606228599380400857e-01
1.698190119028208378e-01 4.769280939181477219e-01
1.589488559160824321e-01 4.714930159247784913e-01
1.535137779227132016e-01 4.742105549214630789e-01
1.045980759823903483e-01 4.579053209413554981e-01
7.331920213055059810e-02 4.211913690961465173e-01
6.516658514049683548e-02 3.912984401326158879e-01
4.886135116038919923e-02 3.722756671558237196e-01
4.886135116038919923e-02 3.559704331757160833e-01
5.429642915375842982e-02 3.478178161856622652e-01
5.701396815044301736e-02 3.260775042121854539e-01
7.603674112723524114e-02 2.961845752486548244e-01
7.331920213055059810e-02 2.934670362519702369e-01
1.018805369857057608e-01 2.676232403934997173e-01
1.263383879558671596e-01 2.540355454100766686e-01
1.698190119028208378e-01 2.486004674167074935e-01
1.942768628729822367e-01 2.540355454100766686e-01
1.997119408663514672e-01 2.594706234034458436e-01
2.024294798630360548e-01 2.567530844067612561e-01
2.160171748464590480e-01 2.676232403934997173e-01
2.241697918365128661e-01 2.676232403934997173e-01
2.418609707049296231e-01 2.853144192619164188e-01
2.554486656883526718e-01 3.124898092287624607e-01
2.581662046850372594e-01 3.451002771889776777e-01
2.527311266916680843e-01 3.559704331757160833e-01
2.554486656883526718e-01 3.586879721724006709e-01
2.418609707049296231e-01 3.777107451491928947e-01
2.268873308331974537e-01 3.872493070275558336e-01
1.888417848796130616e-01 3.926843850209250641e-01
1.671014729061361948e-01 3.845317680308711905e-01
1.643839339094516072e-01 3.872493070275558336e-01
1.548453720310886683e-01 3.749932061525083071e-01
1.602804500244578434e-01 3.478178161856622652e-01
1.779716288928746559e-01 3.355617153106147388e-01
1.915593238762976491e-01 3.409967933039839139e-01
2.051470188597206423e-01 3.409967933039839139e-01
2.227838469482036898e-01 3.206424262188162233e-01
2.173487689548345148e-01 2.934670362519702369e-01
2.105820968530898729e-01 2.839828251535409520e-01
1.915593238762976491e-01 2.731126691668025463e-01
1.562313169193977891e-01 2.758302081634871339e-01
1.426436219359747959e-01 2.812652861568563090e-01
1.141366378607532872e-01 3.070547312353932301e-01
1.168541768574378747e-01 3.097722702320778732e-01
1.032664818740148815e-01 3.396651991956084471e-01
1.032664818740148815e-01 3.858633621392467128e-01
1.087015598673841121e-01 4.130387521060927547e-01
1.209033099624979846e-01 4.279580411978912147e-01
1.507962389260286140e-01 4.469808141746834385e-01
1.562313169193977891e-01 4.442632751779988509e-01
1.698190119028208378e-01 4.524158921680526690e-01
1.997119408663514672e-01 4.524158921680526690e-01
2.459101038099896774e-01 4.442632751779988509e-01
2.771346268818957181e-01 4.239089080928311049e-01
2.771346268818957181e-01 4.184738300994619298e-01
2.907223218653187669e-01 4.076036741127235241e-01
2.907223218653187669e-01 4.021685961193542935e-01
3.043100168487418156e-01 3.885809011359313003e-01
3.070275558454264031e-01 3.532528941790314958e-01
3.178977118321648643e-01 3.396651991956084471e-01
3.124626338387956337e-01 2.934670362519702369e-01
2.852872438719495918e-01 2.499864123050166143e-01
2.513451818033588525e-01 2.187618892331104625e-01
2.132996358497744604e-01 1.970215772596336512e-01
2.105820968530898729e-01 1.997391162563182943e-01
1.969944018696668242e-01 1.915864992662644761e-01
1.942768628729822367e-01 1.943040382629490637e-01
