1.609868993778797996e-01 2.555508913066406040e-01
1.485020277300041491e-01 2.549100791982503722e-01
1.235322844342527926e-01 2.662059154510903469e-01
7.166331767898759253e-02 3.234282438371870461e-01
6.645858547253552517e-02 3.357173596578312269e-01
5.382778675345095687e-02 3.483979871329384026e-01
4.862305454699883400e-02 3.606871029535825279e-01
2.885534110452908640e-02 3.876361551691190899e-01
1.637317180982394982e-02 4.126058984648703909e-01
3.567106185107415950e-03 4.571947257787120078e-01
4.689125634329271985e-03 4.643289381489266732e-01
1.110223024625156540e-16 4.821644690744633643e-01
3.647860345427078599e-04 5.178355309255366912e-01
3.424846593201413825e-03 5.249697432957513010e-01
3.567106185107415950e-03 5.428052742212879922e-01
8.256231819436576913e-03 5.606408051468246834e-01
7.527018706074750654e-03 5.713421237021466537e-01
1.424785548973406257e-02 5.945283139053443300e-01
2.482748370384540992e-02 6.141473979234346459e-01
2.494917404505603287e-02 6.194980572010956310e-01
4.847712747578991621e-02 6.640868845149372479e-01
6.824213856508914988e-02 6.910359367304736988e-01
7.344687077154127275e-02 7.033250525511178797e-01
1.021296473236087965e-01 7.302269783638023481e-01
1.163980720640381272e-01 7.373166019067032284e-01
1.520691339151114541e-01 7.450899208017495168e-01
1.859566426736311007e-01 7.427091476585074847e-01
2.003736968384399186e-01 7.300783489394229164e-01
2.113935070174322028e-01 6.944072870883495341e-01
2.114888911754954637e-01 6.587362252372762628e-01
1.860589776871383050e-01 5.552901458691636982e-01
1.807546128203495472e-01 5.445888273138416169e-01
1.520691339151114541e-01 5.105526891309425386e-01
1.146145189714845025e-01 4.956897466929953144e-01
9.677898804594781135e-02 4.963305588013854908e-01
7.844183281313044098e-02 5.107013185553219703e-01
6.393188525808446432e-02 5.356710618510732713e-01
6.635454487546987856e-02 5.659914644244856685e-01
7.841567100118612688e-02 5.856105484425759844e-01
9.499543495339413113e-02 6.040580828802634139e-01
1.039132004161624767e-01 6.088990736592807540e-01
1.163980720640381272e-01 6.088990736592807540e-01
1.306664968044674580e-01 6.004675457035479891e-01
1.361194910956356474e-01 5.927447608127905943e-01
1.367603032040258793e-01 5.820434422574686240e-01
1.306664968044674580e-01 5.711961966309376804e-01
1.235322844342527926e-01 5.690987483279189574e-01
1.181816251565918074e-01 5.711961966309376804e-01
1.110474127863771421e-01 5.810729795453438706e-01
1.074803066012698372e-01 5.808860301442156926e-01
9.287138536135297606e-02 5.642079113319319328e-01
8.931395534404978909e-02 5.552901458691636982e-01
8.953714747187213607e-02 5.374546149436270071e-01
1.039132004161624767e-01 5.213244110978126900e-01
1.110474127863771421e-01 5.206920026753296682e-01
1.360171560821284431e-01 5.299736005831935381e-01
1.485020277300041491e-01 5.411739756610255414e-01
1.612438519420612559e-01 5.588572520542709476e-01
1.831001709238381236e-01 6.391171412191859469e-01
1.883950941673568358e-01 6.890566278106885489e-01
1.809464798954576459e-01 7.158099241989935857e-01
1.770388772108627551e-01 7.194248041276514183e-01
1.520691339151114541e-01 7.202823186962303836e-01
1.270993906193601530e-01 7.160876906642272832e-01
1.129832204112219407e-01 7.086757118287788648e-01
9.499543495339413113e-02 6.924279781685643842e-01
8.979070274694206377e-02 6.801388623479202034e-01
6.459540947406428035e-02 6.462513535894005567e-01
4.566532900184733235e-02 6.087967386457736607e-01
4.554363866063665389e-02 6.034460793681126756e-01
3.496401044652530654e-02 5.838269953500222487e-01
3.013262522029014345e-02 5.624243582393783081e-01
3.125464466951194398e-02 5.552901458691636982e-01
2.656551903518278301e-02 5.374546149436270071e-01
2.729473214854460927e-02 5.267532963883050368e-01
2.428194061993443897e-02 5.196190840180903159e-01
2.299841285007547809e-02 4.875151283521243495e-01
2.768753848440463905e-02 4.696795974265876583e-01
2.656551903518278301e-02 4.625453850563729929e-01
3.585578699280211890e-02 4.268743232052997216e-01
5.184335874188739091e-02 3.947703675393336997e-01
7.017161872885174789e-02 3.715841773361360234e-01
7.537635093530381525e-02 3.592950615154919536e-01
8.800714965438838355e-02 3.466144340403847224e-01
9.321188186084050642e-02 3.343253182197405970e-01
1.361694106144196170e-01 2.877571819861137747e-01
1.520691339151114541e-01 2.802574874248019987e-01
1.701616174048295460e-01 3.002420536339894253e-01
2.018626934354051383e-01 3.769348366137970641e-01
2.093997854410101778e-01 3.858526020765654097e-01
2.268324367311564393e-01 4.268743232052997216e-01
2.789583560506031512e-01 5.071342123702146099e-01
2.839034333397032484e-01 5.196190840180903159e-01
3.281392657706436733e-01 5.713421237021466537e-01
3.607448457438903189e-01 6.022745297877096782e-01
3.750132704843196496e-01 6.085397860815922044e-01
3.839310359470879952e-01 6.160768780871972439e-01
4.463553941864663033e-01 6.378770144595197200e-01
4.820264560375396301e-01 6.415100749516954304e-01
4.891606684077542955e-01 6.445421152090367034e-01
5.355330488141496481e-01 6.449276227785208926e-01
5.444508142769178827e-01 6.427288362316071479e-01
5.515850266471326036e-01 6.449276227785208926e-01
5.765547699428839046e-01 6.427288362316071479e-01
5.854725354056522502e-01 6.449276227785208926e-01
5.943903008684205957e-01 6.427288362316071479e-01
6.015245132386352056e-01 6.449276227785208926e-01
6.264942565343865066e-01 6.427288362316071479e-01
6.354120219971548522e-01 6.449276227785208926e-01
6.443297874599231978e-01 6.427288362316071479e-01
6.532475529226915434e-01 6.449276227785208926e-01
6.621653183854598890e-01 6.427288362316071479e-01
6.710830838482282346e-01 6.449276227785208926e-01
6.800008493109965801e-01 6.427288362316071479e-01
6.889186147737649257e-01 6.449276227785208926e-01
6.978363802365331603e-01 6.427288362316071479e-01
7.049705926067478812e-01 6.449276227785208926e-01
7.174554642546234762e-01 6.405059735453547676e-01
7.406416544578211525e-01 6.409750090239293430e-01
7.477758668280358734e-01 6.379429687665880699e-01
7.691785039386798140e-01 6.374079028388219825e-01
8.262522029003971369e-01 6.214275373648582290e-01
8.458712869184874528e-01 6.084499366555548017e-01
8.619232647514705192e-01 6.018084533467679131e-01
9.011614327876511510e-01 5.697072000339724607e-01
9.284425152951811810e-01 5.392381680361806318e-01
9.655152711907920571e-01 4.875151283521243495e-01
9.783419060662038591e-01 4.607618319638193682e-01
9.784635964074146486e-01 4.554111726861583831e-01
9.869179083014361087e-01 4.411427479457290524e-01
1.000000000000000000e+00 3.929868144467800750e-01
9.993591878916099347e-01 3.805019427989043690e-01
9.869179083014361087e-01 3.412637747627237372e-01
9.712216277045246926e-01 3.180775845595260609e-01
9.493173662866001283e-01 2.961733231416013856e-01
9.136463044355267460e-01 2.783517262246003043e-01
8.726245833067924895e-01 2.680637832558336875e-01
8.637068178440241439e-01 2.685328187344082629e-01
8.530054992887021736e-01 2.641111695012421379e-01
8.155508843450751666e-01 2.663099560481559935e-01
8.066331188823068210e-01 2.641111695012421379e-01
7.887975879567701298e-01 2.687929963691955138e-01
7.780962694014481595e-01 2.680637832558336875e-01
7.138883580695161157e-01 2.911783611000121619e-01
6.514639998301379187e-01 3.282772788075674075e-01
6.229271503492792572e-01 3.550044133839280192e-01
5.853239059812728184e-01 4.001210268169946849e-01
5.740280697284328992e-01 4.304414293904070266e-01
5.760113436099965067e-01 4.500605134084973424e-01
5.920789616566418667e-01 4.803809159819096841e-01
6.140093848865109116e-01 5.001486294243795427e-01
6.407626812748159484e-01 5.104443659911405140e-01
6.496804467375841829e-01 5.179814579967456645e-01
7.388581013652675278e-01 5.471155275282926223e-01
7.620442915684650931e-01 5.469158067392827505e-01
7.834469286791091447e-01 5.394165233454359942e-01
8.125115642791929105e-01 5.142684247404293307e-01
8.299652361567133596e-01 4.946493407223390149e-01
8.513242812096556422e-01 4.518440665010510227e-01
8.517844514022615554e-01 4.322249824829607068e-01
8.424501078045889546e-01 4.036881330021020453e-01
8.209015436227361517e-01 3.839204195596322977e-01
7.905811410493237545e-01 3.728243040958022503e-01
7.638278446610188288e-01 3.750472429241777372e-01
7.495594199205894981e-01 3.821368664670786175e-01
7.115770188577374977e-01 4.126058984648703909e-01
7.030847045006869411e-01 4.268743232052997216e-01
7.030288210946935568e-01 4.429263010382826771e-01
7.066082186280926436e-01 4.518440665010510227e-01
7.210225704397308366e-01 4.662611206658598406e-01
7.549100791982504832e-01 4.804832509954168884e-01
7.620442915684650931e-01 4.804832509954168884e-01
7.693244310098887873e-01 4.750302567042486990e-01
7.714218793129075102e-01 4.696795974265876583e-01
7.656113977535725645e-01 4.588296494468862008e-01
7.352909951801601673e-01 4.468663319609240125e-01
7.279041127885004236e-01 4.393591948531753721e-01
7.278790163447117489e-01 4.322249824829607068e-01
7.319196448222843321e-01 4.250907701127460414e-01
7.673949508461261892e-01 3.998386309106736758e-01
7.870140348642165051e-01 3.976268392891266767e-01
8.030660126971994606e-01 4.016221840032273560e-01
8.118800832127263112e-01 4.072552391872094057e-01
8.247510457141644657e-01 4.250907701127460414e-01
8.271574912125265744e-01 4.447098541308363573e-01
8.214089337266522461e-01 4.625453850563729929e-01
8.136214041813125686e-01 4.714631505191413385e-01
8.084166719748604457e-01 4.837522663397854639e-01
7.745291632163407991e-01 5.164249025705169860e-01
7.584771853833578437e-01 5.221132715459583240e-01
7.388581013652675278e-01 5.223079254227734891e-01
6.639488714780135137e-01 4.984733994716277761e-01
6.550311060152451681e-01 4.909363074660227366e-01
6.282778096269402424e-01 4.808883060858258340e-01
6.122258317939572869e-01 4.677437898017428597e-01
6.012467467734015081e-01 4.464934072233900375e-01
5.990860617449095260e-01 4.340085355755143315e-01
6.030256704248678767e-01 4.179565577425313760e-01
6.354120219971548522e-01 3.753423784954455500e-01
6.710830838482282346e-01 3.429677049493599084e-01
7.067541456993015059e-01 3.215650678387158568e-01
7.406416544578211525e-01 3.062020935516062137e-01
7.620442915684650931e-01 3.003879807051983430e-01
7.763127163088945348e-01 2.919336688111768829e-01
7.941482472344311150e-01 2.917914092192708808e-01
8.137673312525215419e-01 2.860182177208738796e-01
8.226850967152897764e-01 2.882170042677877353e-01
8.583561585663630478e-01 2.873624612197289707e-01
9.029449858802047757e-01 2.990678811813915483e-01
9.296982822685098125e-01 3.108637492833938865e-01
9.500419347304500661e-01 3.287789031148480867e-01
9.639325930172482071e-01 3.483979871329384026e-01
9.754420333062180370e-01 3.787183897063507443e-01
9.718749271211106766e-01 4.143894515574240156e-01
9.425299559066042665e-01 4.803809159819096841e-01
9.082956451578657608e-01 5.266496014410635418e-01
8.851094549546680845e-01 5.525256385757054689e-01
8.547890523812557984e-01 5.788231380625801226e-01
8.387370745482727319e-01 5.854646213713670111e-01
8.191179905301824160e-01 5.984422220806704384e-01
7.709620570312334387e-01 6.135380172834787871e-01
7.495594199205894981e-01 6.140730832112448745e-01
7.424252075503747772e-01 6.171051234685861475e-01
7.228061235322844613e-01 6.172546818268679347e-01
7.121048049769624910e-01 6.216763310600340597e-01
6.960528271439795356e-01 6.230205745588890398e-01
6.871350616812111900e-01 6.208217880119752952e-01
6.782172962184428444e-01 6.230205745588890398e-01
6.692995307556744988e-01 6.208217880119752952e-01
6.603817652929062643e-01 6.230205745588890398e-01
6.514639998301379187e-01 6.208217880119752952e-01
6.425462343673695731e-01 6.230205745588890398e-01
6.336284689046012275e-01 6.208217880119752952e-01
6.247107034418328819e-01 6.230205745588890398e-01
6.175764910716182721e-01 6.208217880119752952e-01
5.926067477758668600e-01 6.230205745588890398e-01
5.836889823130986255e-01 6.208217880119752952e-01
5.747712168503302799e-01 6.230205745588890398e-01
5.676370044801155590e-01 6.208217880119752952e-01
5.426672611843642580e-01 6.230205745588890398e-01
5.355330488141496481e-01 6.208217880119752952e-01
4.873771153152006153e-01 6.206722296536933969e-01
4.802429029449859499e-01 6.176401893963522349e-01
4.695415843896639796e-01 6.183694025097139502e-01
3.981994606875173259e-01 5.965688195620794110e-01
3.680313126463962137e-01 5.766927829798076388e-01
3.322079962630317129e-01 5.408694665964430826e-01
3.031637566782569015e-01 5.053506592776609851e-01
2.984664145757209841e-01 4.928657876297853346e-01
2.605190705706662557e-01 4.375756417606216919e-01
2.538775872618793672e-01 4.215236639276387365e-01
2.483810009130094087e-01 4.159772488227461706e-01
2.289078439661280662e-01 3.715841773361360234e-01
2.213707519605229712e-01 3.626664118733677333e-01
1.896696759299473234e-01 2.859736288935600945e-01
1.757569484255898096e-01 2.663545448754697786e-01
