2.728479556316006915e-01 0.000000000000000000e+00
2.049973449761047783e-01 0.000000000000000000e+00
2.020473184258658739e-01 2.950026550238959988e-03
1.902472122249100339e-01 2.950026550238959988e-03
1.577969201722815851e-01 1.770015930143370442e-02
1.445513009617086508e-01 3.094577851200663865e-02
1.298011682105139064e-01 5.749601746415722303e-02
1.209510885597970264e-01 6.634609711487404748e-02
1.180010620095580665e-01 7.519617676559092745e-02
1.003009027081243620e-01 9.584636261726359185e-02
8.260074340669065762e-02 1.312466812201310007e-01
8.260074340669065762e-02 1.902472122249100339e-01
9.145082305740753759e-02 2.285975573780164027e-01
1.091509823588412420e-01 2.669479025311227716e-01
1.180010620095580665e-01 2.757979821818396515e-01
1.209510885597970264e-01 2.875980883827954360e-01
1.459968139713257451e-01 3.126438137943241546e-01
1.754970794737152895e-01 3.244439199952799946e-01
2.285975573780164027e-01 3.244439199952799946e-01
2.728479556316006915e-01 3.067437606938462902e-01
2.919936279426514902e-01 2.875980883827954360e-01
3.096937872440851947e-01 2.492477432296890671e-01
3.096937872440851947e-01 1.754970794737152895e-01
2.860935748421735703e-01 1.312466812201310007e-01
2.772434951914567458e-01 1.223966015694141207e-01
2.742934686412177303e-01 1.135465219186972963e-01
2.551477963301669871e-01 9.735087615788540205e-02
2.167974511770606183e-01 9.440084960764644206e-02
1.961472653253879539e-01 1.150510354593191065e-01
1.872971856746710739e-01 1.180010620095580665e-01
1.681515133636202752e-01 1.400967608708478807e-01
1.681515133636202752e-01 1.666469998229984095e-01
1.652014868133813152e-01 1.695970263732373695e-01
1.652014868133813152e-01 1.872971856746710739e-01
1.754970794737152895e-01 2.005428048852440082e-01
1.902472122249100339e-01 2.034928314354829681e-01
2.034928314354829681e-01 1.931972387751489939e-01
2.093928845359608881e-01 1.725470529234763295e-01
2.093928845359608881e-01 1.548468936220426251e-01
2.197474777272995783e-01 1.474423269809428949e-01
2.315475839282553627e-01 1.474423269809428949e-01
2.419021771195941084e-01 1.548468936220426251e-01
2.507522567703109884e-01 2.020473184258658739e-01
2.330520974688772284e-01 2.285975573780164027e-01
2.197474777272995783e-01 2.389521505693550929e-01
1.931972387751489939e-01 2.419021771195940529e-01
1.636969732727594495e-01 2.271520443683993085e-01
1.533423800814207594e-01 2.138474246268216583e-01
1.503923535311817994e-01 1.784471060239542495e-01
1.474423269809428949e-01 1.754970794737152895e-01
1.474423269809428949e-01 1.430467874210867851e-01
1.533423800814207594e-01 1.312466812201310007e-01
1.533423800814207594e-01 1.223966015694141207e-01
1.710425393828544638e-01 8.994630951678567188e-02
1.902472122249100339e-01 7.369166322496906174e-02
2.138474246268216583e-01 6.484158357425223729e-02
2.580978228804059471e-01 6.484158357425223729e-02
2.669479025311227716e-01 6.779161012449119728e-02
2.979526815741341816e-01 9.289633606702463187e-02
3.186028674258068460e-01 1.164965484689362563e-01
3.422030798277184704e-01 2.079473715263437383e-01
3.422030798277184704e-01 2.580978228804059471e-01
3.392530532774795105e-01 2.610478494306448516e-01
3.392530532774795105e-01 2.787480087320786115e-01
3.304029736267626305e-01 2.993981945837512759e-01
3.304029736267626305e-01 3.200483804354239403e-01
3.274529470765237260e-01 3.229984069856628448e-01
3.215528939760458060e-01 3.613487521387692691e-01
3.186028674258068460e-01 3.642987786890081736e-01
3.186028674258068460e-01 3.908490176411587580e-01
3.156528408755678861e-01 3.937990441913977180e-01
3.156528408755678861e-01 5.059000531004779200e-01
3.186028674258068460e-01 5.088500796507168245e-01
3.186028674258068460e-01 5.265502389521505844e-01
3.304029736267626305e-01 5.619505575550179932e-01
3.333530001770016460e-01 5.826007434066906576e-01
3.422030798277184704e-01 6.003009027081243065e-01
3.422030798277184704e-01 6.091509823588412420e-01
3.481031329281963904e-01 6.209510885597970820e-01
3.481031329281963904e-01 6.327511947607528109e-01
3.569532125789132149e-01 6.504513540621865708e-01
3.569532125789132149e-01 6.593014337129033953e-01
3.687533187798690548e-01 6.799516195645760597e-01
3.717033453301079593e-01 6.947017523157708041e-01
3.923535311817806237e-01 7.389521505693551484e-01
3.923535311817806237e-01 7.478022302200719729e-01
4.248038232344090726e-01 8.127028143253289816e-01
4.366039294353649125e-01 8.215528939760456950e-01
4.425039825358427770e-01 8.333530001770015350e-01
4.425039825358427770e-01 8.451531063779573749e-01
4.631541683875154414e-01 8.746533718803468638e-01
5.206501858516726644e-01 9.380494424449820068e-01
5.354003186028674088e-01 9.468995220956988312e-01
5.442503982535842333e-01 9.468995220956988312e-01
5.531004779043011688e-01 9.586996282966546712e-01
6.091509823588412420e-01 9.852498672488052556e-01
6.180010620095580665e-01 9.852498672488052556e-01
6.268511416602748909e-01 9.911499203492830645e-01
6.416012744114696353e-01 9.911499203492830645e-01
6.445513009617086508e-01 9.940999468995220800e-01
6.652014868133813152e-01 9.940999468995220800e-01
6.681515133636202197e-01 9.970499734497610955e-01
6.858516726650539796e-01 9.970499734497610955e-01
6.888016992152929951e-01 1.000000000000000000e+00
7.625523629712667173e-01 1.000000000000000000e+00
7.861525753731783972e-01 9.940999468995220800e-01
8.392530532774794549e-01 9.704997344976105111e-01
8.613487521387692691e-01 9.513540621865597124e-01
8.731488583397251091e-01 9.307038763348869370e-01
8.996990972918756935e-01 9.012036108324974482e-01
9.173992565933093424e-01 8.599032391291521193e-01
9.173992565933093424e-01 7.891026019234173017e-01
9.114992034928314224e-01 7.802525222727003662e-01
9.114992034928314224e-01 7.478022302200719729e-01
9.085491769425924069e-01 7.448522036698330684e-01
9.085491769425924069e-01 7.271520443683993085e-01
9.026491238421145979e-01 7.183019647176824840e-01
9.026491238421145979e-01 7.035518319664877396e-01
8.967490707416366780e-01 6.947017523157708041e-01
8.937990441913976625e-01 6.652014868133813152e-01
8.878989910909198535e-01 6.563514071626644908e-01
8.849489645406809490e-01 6.386512478612307309e-01
8.599032391291521193e-01 6.047554427989851877e-01
8.304029736267626305e-01 5.900053100477904433e-01
7.743524691722225572e-01 5.900053100477904433e-01
7.714024426219836528e-01 5.929553365980293478e-01
7.596023364210278128e-01 5.929553365980293478e-01
7.212519912679213885e-01 6.106554958994631077e-01
7.035518319664877396e-01 6.283556552008967566e-01
6.917517257655318996e-01 6.342557083013746766e-01
6.608059472535252610e-01 6.652014868133813152e-01
6.563514071626644908e-01 6.755560800047200054e-01
6.460558145023305165e-01 6.829016461148149642e-01
6.298011682105139064e-01 7.050563455071094943e-01
6.195055755501799322e-01 7.124019116172045640e-01
6.150510354593191620e-01 7.227565048085432542e-01
5.811552303970735078e-01 7.566523098707887973e-01
5.634550710956398589e-01 7.891026019234173017e-01
5.634550710956398589e-01 8.186028674258067905e-01
5.826007434066906576e-01 8.406985662870966047e-01
5.914508230574074821e-01 8.436485928373356202e-01
6.121010089090801465e-01 8.613487521387692691e-01
6.681515133636202197e-01 8.878989910909198535e-01
6.770015930143371552e-01 8.878989910909198535e-01
7.006018054162487241e-01 8.967490707416366780e-01
7.124019116172045640e-01 8.967490707416366780e-01
7.153519381674434685e-01 8.996990972918756935e-01
7.891026019234173017e-01 8.996990972918756935e-01
8.111983007847070049e-01 8.805534249808247838e-01
8.318484866363797803e-01 8.363030267272405505e-01
8.318484866363797803e-01 8.245029205262847105e-01
8.347985131866186848e-01 8.215528939760456950e-01
8.347985131866186848e-01 7.832025488229393817e-01
8.229984069856628448e-01 7.596023364210278128e-01
8.097527877750899661e-01 7.463567172104548231e-01
7.861525753731783972e-01 7.375066375597379986e-01
7.094518850669655485e-01 7.375066375597379986e-01
6.976517788660098196e-01 7.404566641099770141e-01
6.844061596554368299e-01 7.507522567703108773e-01
6.755560800047200054e-01 7.684524160717446373e-01
6.755560800047200054e-01 7.832025488229393817e-01
6.932562393061536543e-01 8.068027612248509506e-01
7.065018585167266441e-01 8.170983538851850358e-01
7.153519381674434685e-01 8.170983538851850358e-01
7.285975573780164583e-01 8.068027612248509506e-01
7.315475839282553627e-01 7.891026019234173017e-01
7.256475308277774428e-01 7.802525222727003662e-01
7.773024957224614617e-01 7.787480087320786115e-01
7.861525753731783972e-01 7.816980352823175160e-01
7.935571420142780719e-01 7.950026550238952217e-01
7.906071154640390564e-01 8.274529470765237260e-01
7.743524691722225572e-01 8.584577261195350806e-01
7.242020178181602930e-01 8.584577261195350806e-01
7.212519912679213885e-01 8.555076995692960651e-01
7.065018585167266441e-01 8.555076995692960651e-01
6.829016461148149642e-01 8.466576199185792406e-01
6.740515664640981397e-01 8.466576199185792406e-01
6.593014337129033953e-01 8.378075402678624162e-01
6.534013806124254753e-01 8.378075402678624162e-01
6.386512478612307309e-01 8.260074340669065762e-01
6.239011151100359864e-01 8.201073809664286562e-01
6.046964422679804718e-01 8.038527346746120461e-01
6.105964953684583918e-01 7.861525753731783972e-01
6.223966015694141207e-01 7.743524691722225572e-01
6.298011682105139064e-01 7.580978228804059471e-01
6.518968670718037206e-01 7.389521505693551484e-01
6.563514071626644908e-01 7.285975573780164583e-01
6.652014868133813152e-01 7.256475308277774428e-01
6.829016461148149642e-01 7.108973980765826983e-01
7.212519912679213885e-01 7.079473715263437938e-01
7.242020178181602930e-01 7.049973449761047783e-01
7.507522567703108773e-01 7.049973449761047783e-01
7.655023895215056218e-01 7.108973980765826983e-01
7.773024957224614617e-01 7.108973980765826983e-01
8.215528939760456950e-01 7.285975573780164583e-01
8.510531594784352949e-01 7.462977166794501072e-01
8.643577792200130006e-01 7.596023364210278128e-01
8.673078057702519050e-01 7.832025488229393817e-01
8.702578323204908095e-01 7.861525753731783972e-01
8.702578323204908095e-01 8.304029736267626305e-01
8.673078057702519050e-01 8.333530001770015350e-01
8.643577792200130006e-01 8.569532125789132149e-01
8.525576730190571606e-01 8.776033984305858793e-01
8.525576730190571606e-01 8.835034515310637993e-01
8.437075933683402251e-01 8.953035577320196392e-01
8.437075933683402251e-01 9.012036108324974482e-01
8.245029205262847105e-01 9.233583102247919783e-01
8.156528408755678861e-01 9.263083367750308827e-01
7.950026550238952217e-01 9.440084960764646427e-01
7.861525753731783972e-01 9.469585226267036582e-01
7.566523098707887973e-01 9.469585226267036582e-01
7.537022833205498928e-01 9.440084960764646427e-01
7.360021240191161329e-01 9.440084960764646427e-01
7.330520974688772284e-01 9.410584695262256272e-01
7.065018585167266441e-01 9.381084429759867227e-01
7.035518319664877396e-01 9.351584164257478182e-01
6.799516195645760597e-01 9.322083898755088027e-01
6.711015399138592352e-01 9.263083367750308827e-01
6.622514602631424108e-01 9.263083367750308827e-01
6.416012744114696353e-01 9.145082305740750428e-01
6.357012213109918264e-01 9.145082305740750428e-01
5.944008496076464976e-01 8.938580447224024894e-01
5.663460971148740475e-01 8.687533187798690548e-01
5.604460440143961275e-01 8.569532125789132149e-01
5.486459378134402876e-01 8.451531063779573749e-01
5.456959112632013831e-01 8.363030267272405505e-01
5.368458316124845586e-01 8.274529470765237260e-01
5.132456192105728787e-01 7.832025488229393817e-01
5.132456192105728787e-01 7.773024957224614617e-01
5.014455130096171498e-01 7.596023364210278128e-01
4.984954864593781343e-01 7.448522036698330684e-01
4.925954333589002698e-01 7.360021240191161329e-01
4.925954333589002698e-01 7.271520443683993085e-01
4.778453006077054699e-01 6.829016461148149642e-01
4.778453006077054699e-01 6.711015399138592352e-01
4.748952740574665654e-01 6.681515133636202197e-01
4.748952740574665654e-01 6.563514071626644908e-01
4.719452475072276054e-01 6.534013806124254753e-01
4.719452475072276054e-01 6.357012213109918264e-01
4.689952209569886454e-01 6.327511947607528109e-01
4.689952209569886454e-01 5.885007965071685776e-01
4.660451944067496854e-01 5.855507699569295621e-01
4.660451944067496854e-01 3.111983007847070604e-01
4.630951678565107255e-01 3.082482742344681004e-01
4.630951678565107255e-01 2.757979821818396515e-01
4.601451413062717655e-01 2.728479556316006915e-01
4.601451413062717655e-01 2.521977697799280271e-01
4.571951147560328055e-01 2.492477432296890671e-01
4.571951147560328055e-01 2.344976104784943227e-01
4.365449289043601411e-01 1.725470529234763295e-01
4.040946368517316367e-01 1.194465750191752162e-01
3.893445041005368923e-01 1.076464688182193763e-01
3.745943713493421479e-01 8.404625641630775190e-02
3.421440792967136435e-01 5.159596436367930306e-02
3.362440261962357235e-01 3.684583161248455863e-02
3.200483804354239403e-01 2.065018585167266441e-02
