8.770607765582660864e-02 1.308289507666808293e-01
7.690876032584598176e-02 1.271018501568615955e-01
6.611144299586535489e-02 1.271018501568615955e-01
5.531412566588472801e-02 1.308289507666808293e-01
4.708117120177457426e-02 1.367096325267596058e-01
4.451680833590404562e-02 1.390950863554763495e-01
3.781847258489745567e-02 1.475069498567402881e-01
3.371949100592341875e-02 1.538310928643004116e-01
2.475386143727853483e-02 1.691015845167015419e-01
1.051473007745634680e-02 1.906962191766628512e-01
4.896143896229387948e-03 2.014935365066434780e-01
8.850260106540996929e-04 2.122908538366241049e-01
0.000000000000000000e+00 2.230881711666047873e-01
1.327539015981482606e-03 2.281494136650332183e-01
3.200543042610970446e-03 2.338854884965854142e-01
1.212485634596210948e-02 2.433918222327639547e-01
1.440890424268870262e-02 2.446828058265660411e-01
2.292217367594279187e-02 2.482528865566404064e-01
4.451680833590404562e-02 2.536805702682166652e-01
5.531412566588472801e-02 2.569369040661472203e-01
6.611144299586535489e-02 2.593246225088881585e-01
8.770607765582660864e-02 2.626502166959869822e-01
9.850339498580729103e-02 2.661843601647171376e-01
1.093007123157879179e-01 2.730257638177652213e-01
1.140858870415747406e-01 2.770747578165079772e-01
1.200980296457685448e-01 2.829532972517197487e-01
1.245249297510608866e-01 2.878720751464886041e-01
1.325640232903823046e-01 2.986693924764692865e-01
1.388071743296143135e-01 3.094667098064499133e-01
1.508511031124097901e-01 3.310613444664112226e-01
1.651189867270268508e-01 3.526559791263724764e-01
1.740846162956717902e-01 3.680580347294332144e-01
1.779836475537200924e-01 3.742506137863337301e-01
1.848819336256524171e-01 3.831198387359608382e-01
1.866423657990188834e-01 3.850479311163144125e-01
1.979091317085638901e-01 3.958452484462950394e-01
2.075762950507042959e-01 4.066425657762756662e-01
2.143377730083186883e-01 4.174398831062563486e-01
2.264323244222742892e-01 4.390345177662176024e-01
2.479971612909032119e-01 4.714264697561595385e-01
2.496658376055362893e-01 4.736649379831068818e-01
2.568273235897073348e-01 4.822237870861402209e-01
2.604631549355169162e-01 4.858596184319500799e-01
2.692359752661261929e-01 4.930211044161208478e-01
2.712604722654975431e-01 4.944671737013862090e-01
2.820577895954782255e-01 5.007467711263655641e-01
2.928551069254588524e-01 5.064719997339781621e-01
3.036524242554394792e-01 5.117791557097312038e-01
3.144497415854201616e-01 5.175012290521976421e-01
3.252470589154007885e-01 5.237741778827620376e-01
3.360443762453814154e-01 5.317460983015320775e-01
3.413203381225311528e-01 5.362103737360434108e-01
3.533446233309188167e-01 5.470076910660240932e-01
3.576390109053426691e-01 5.522563869903202027e-01
3.618004769596062653e-01 5.578050083960046646e-01
3.627002534037711001e-01 5.686023257259853469e-01
3.576390109053426691e-01 5.759641329964266809e-01
3.532785558297738548e-01 5.793996430559660293e-01
3.468416935753620978e-01 5.822362264223168715e-01
3.360443762453814154e-01 5.845452395960348824e-01
3.252470589154007885e-01 5.862933148897229163e-01
3.144497415854201616e-01 5.887401794763460483e-01
2.928551069254588524e-01 5.957670050403016671e-01
2.820577895954782255e-01 5.994897334978152026e-01
2.712604722654975431e-01 6.043798772177010337e-01
2.604631549355169162e-01 6.101814687774020918e-01
2.388685202755556070e-01 6.244206001372245574e-01
2.172738856155943532e-01 6.364578803256051298e-01
2.064765682856137263e-01 6.427374777505844294e-01
1.956792509556330439e-01 6.507242296492035116e-01
1.848819336256524171e-01 6.605998764457183814e-01
1.740846162956717902e-01 6.711768403608013855e-01
1.680724736914779305e-01 6.765754990257917267e-01
1.632872989656911078e-01 6.805480969113508749e-01
1.524899816357104809e-01 6.874658966775826219e-01
1.416926643057298540e-01 6.913374563128746875e-01
1.200980296457685448e-01 6.966898563098685715e-01
8.770607765582660864e-02 7.074629067976216934e-01
7.690876032584598176e-02 7.121166685703114174e-01
6.611144299586535489e-02 7.171554166576357137e-01
4.451680833590404562e-02 7.279085076878184513e-01
3.371949100592341875e-02 7.338770515226188396e-01
2.232232271316619832e-02 7.413594030056755990e-01
1.368216173009401126e-02 7.521567203356562814e-01
1.212485634596210948e-02 7.572179628340847124e-01
1.064457897007781151e-02 7.629540376656369638e-01
1.168234334063478208e-02 7.737513549956175352e-01
1.569346122621001482e-02 7.845486723255982175e-01
2.131204740743697368e-02 7.953459896555787889e-01
3.555117876725916171e-02 8.169406243155401537e-01
4.764234756300367302e-02 8.385352589755014074e-01
5.531412566588472801e-02 8.502323527496470357e-01
6.611144299586535489e-02 8.608429240251782577e-01
7.690876032584598176e-02 8.671756007067212835e-01
8.770607765582660864e-02 8.713697239707703934e-01
9.850339498580729103e-02 8.728981498431382935e-01
1.093007123157879179e-01 8.717108872232646188e-01
1.200980296457685448e-01 8.687503324714955788e-01
1.308953469757492272e-01 8.653571663110882772e-01
1.416926643057298540e-01 8.616344378535747417e-01
1.524899816357104809e-01 8.567442941336891327e-01
1.632872989656911078e-01 8.509427025739879635e-01
1.740846162956717902e-01 8.441233442603159887e-01
1.848819336256524171e-01 8.384421786536911947e-01
1.956792509556330439e-01 8.349638386278923630e-01
2.064765682856137263e-01 8.336200622805102212e-01
2.172738856155943532e-01 8.331366003105110662e-01
2.712604722654975431e-01 8.329754463205113479e-01
2.820577895954782255e-01 8.326531383405120224e-01
2.928551069254588524e-01 8.314754745674370895e-01
3.036524242554394792e-01 8.291947225551212775e-01
3.144497415854201616e-01 8.261097747465555585e-01
3.252470589154007885e-01 8.237298465760582999e-01
3.468416935753620978e-01 8.206781572374564071e-01
3.576390109053426691e-01 8.180726011323929958e-01
3.684363282353233515e-01 8.137914067609623991e-01
3.900309628952846053e-01 8.044617575653165709e-01
4.116255975552459145e-01 7.968505338736908694e-01
4.224229148852265414e-01 7.921967721010010344e-01
4.332202322152072238e-01 7.871580240136768492e-01
4.440175495451878507e-01 7.814770217058624180e-01
4.548148668751684776e-01 7.751974242808827853e-01
4.656121842051491599e-01 7.672106723822639252e-01
4.764095015351297868e-01 7.573350255857490554e-01
5.139797587751645525e-01 7.197647683457143453e-01
5.238554055716794222e-01 7.089674510157336629e-01
5.318421574702980603e-01 6.981701336857530915e-01
5.381217548952776930e-01 6.873728163557724091e-01
5.438469835028902910e-01 6.765754990257917267e-01
5.546000745330730286e-01 6.549808643658304730e-01
5.596388226203969918e-01 6.441835470358499016e-01
5.642925843930870489e-01 6.333862297058692192e-01
5.680153128506004734e-01 6.225889123758885368e-01
5.750656348808398377e-01 6.009942777159272831e-01
5.778212281497938640e-01 5.901969603859466007e-01
5.800806187112720336e-01 5.793996430559660293e-01
5.830765477385675410e-01 5.686023257259853469e-01
5.874802658722259041e-01 5.578050083960046646e-01
5.923906851880053059e-01 5.470076910660240932e-01
6.139380434585275381e-01 5.038184217461014747e-01
6.250587754659839845e-01 4.822237870861402209e-01
6.275719441548588406e-01 4.779366169698242572e-01
6.319120422973016904e-01 4.714264697561595385e-01
6.383692614848394120e-01 4.644196999994698594e-01
6.443077860163288761e-01 4.606291524261789117e-01
6.491665788148200944e-01 4.581997560269333025e-01
6.599638961448006658e-01 4.559666744882326928e-01
6.707612134747813482e-01 4.553098858003795657e-01
6.815585308047620305e-01 4.551511017219976307e-01
8.219236560945103465e-01 4.552304937611885705e-01
8.327209734244909178e-01 4.555528017411880626e-01
8.435182907544716002e-01 4.567846530738374211e-01
8.543156080844522826e-01 4.594786186123286376e-01
8.651129254144329650e-01 4.639583252695896332e-01
8.759102427444136474e-01 4.697875912328588477e-01
8.867075600743942188e-01 4.777595116516288876e-01
9.083021947343554725e-01 4.972777391327478647e-01
9.190995120643361549e-01 5.052644910313668358e-01
9.298968293943168373e-01 5.111066109438385796e-01
9.406941467242974086e-01 5.155892676878018888e-01
9.514914640542780910e-01 5.182966427113028240e-01
9.622887813842586624e-01 5.192782170140283204e-01
9.730860987142393448e-01 5.188516097209207034e-01
9.838834160442200272e-01 5.162258653445879197e-01
9.865827453767150867e-01 5.146157390760821571e-01
9.946807333742007096e-01 5.065177510785966453e-01
9.962908596427064722e-01 5.038184217461014747e-01
9.990827165933463538e-01 4.930211044161208478e-01
9.998412159216181205e-01 4.822237870861402209e-01
1.000000000000000000e+00 4.714264697561595385e-01
9.999182380491915545e-01 3.202640271364305402e-01
9.994149417419612158e-01 3.094667098064499133e-01
9.978833274975001943e-01 2.986693924764692865e-01
9.946807333742007096e-01 2.900806173276211375e-01
9.928811804858703738e-01 2.878720751464886041e-01
9.838834160442200272e-01 2.828108326480601731e-01
9.730860987142393448e-01 2.836099762004437030e-01
9.622887813842586624e-01 2.877756705274707727e-01
9.514914640542780910e-01 2.948280391956108470e-01
9.406941467242974086e-01 3.042884045563570838e-01
9.083021947343554725e-01 3.364600031314015083e-01
8.975048774043747901e-01 3.459076557951346054e-01
8.867075600743942188e-01 3.531213807354234846e-01
8.759102427444136474e-01 3.577934123720890036e-01
8.543156080844522826e-01 3.650814633553184363e-01
8.435182907544716002e-01 3.673569419525768431e-01
8.327209734244909178e-01 3.685296471413439523e-01
8.219236560945103465e-01 3.688519551213434444e-01
7.571397521146264742e-01 3.690131091113432182e-01
7.463424347846459028e-01 3.693354170913427104e-01
7.355451174546652204e-01 3.705130808644174767e-01
7.247478001246845380e-01 3.727938328767332332e-01
7.139504827947038557e-01 3.758787806852990077e-01
7.031531654647232843e-01 3.782587088557963217e-01
6.923558481347426019e-01 3.793269644713245792e-01
6.815585308047620305e-01 3.801327344213233372e-01
6.707612134747813482e-01 3.812034317639729220e-01
6.599638961448006658e-01 3.835911502067138601e-01
6.491665788148200944e-01 3.867023587717147159e-01
6.383692614848394120e-01 3.894499143354604453e-01
6.275719441548588406e-01 3.916093778014564375e-01
6.167746268248781583e-01 3.943649710704107414e-01
5.843826748349362221e-01 4.048139878413597459e-01
5.519907228449942860e-01 4.159353388881442681e-01
5.411934055150136036e-01 4.205891006608339366e-01
5.303960881850330322e-01 4.257666278268347759e-01
5.195987708550523498e-01 4.322616550774115995e-01
5.109358069507656808e-01 4.390345177662176024e-01
5.088014535250716674e-01 4.411688711919116157e-01
5.020285908362657201e-01 4.498318350961982848e-01
4.955335635856888410e-01 4.606291524261789117e-01
4.852521321070968341e-01 4.822237870861402209e-01
4.795672075467277695e-01 4.930211044161208478e-01
4.764095015351297868e-01 4.971030170652598335e-01
4.656121842051491599e-01 5.037125656938468143e-01
4.548148668751684776e-01 5.039099244353387741e-01
4.440175495451878507e-01 5.004892489026907532e-01
4.332202322152072238e-01 4.958104113930324464e-01
4.224229148852265414e-01 4.904117527280421052e-01
4.116255975552459145e-01 4.854983833255605008e-01
4.008282802252652877e-01 4.810918102692874898e-01
3.900309628952846053e-01 4.780904390457569875e-01
3.792336455653039784e-01 4.757285258798237271e-01
3.684363282353233515e-01 4.727540087721407436e-01
3.576390109053426691e-01 4.683288787188701341e-01
3.468416935753620978e-01 4.634184594030905102e-01
3.252470589154007885e-01 4.526684184625491270e-01
3.144497415854201616e-01 4.467601844764623187e-01
3.036524242554394792e-01 4.399512711244235597e-01
3.024955688272275012e-01 4.390345177662176024e-01
2.928551069254588524e-01 4.293940558644492311e-01
2.919383535672532837e-01 4.282372004362369755e-01
2.851294402152141361e-01 4.174398831062563486e-01
2.792212062291276053e-01 4.066425657762756662e-01
2.523194155934129768e-01 3.526559791263724764e-01
2.465941869858003233e-01 3.418586617963918495e-01
2.403145895608207461e-01 3.310613444664112226e-01
2.323278376622019969e-01 3.202640271364305402e-01
2.224521908656871272e-01 3.094667098064499133e-01
2.064765682856137263e-01 2.934910872263764570e-01
1.956792509556330439e-01 2.836154404298615872e-01
1.848819336256524171e-01 2.753751800886405365e-01
1.740846162956717902e-01 2.681769685353201926e-01
1.632872989656911078e-01 2.599070232618387322e-01
1.583685210709219193e-01 2.554801231565466679e-01
1.524899816357104809e-01 2.494679805523528637e-01
1.483615955977767853e-01 2.446828058265660411e-01
1.412190977561694205e-01 2.338854884965854142e-01
1.365552310600129937e-01 2.230881711666047873e-01
1.288926187613173013e-01 2.014935365066434780e-01
1.216025738638806253e-01 1.798989018466821688e-01
1.169488120911906792e-01 1.691015845167015419e-01
1.117712849251901175e-01 1.583042671867209150e-01
1.052017307368138810e-01 1.475069498567402881e-01
9.850339498580729103e-02 1.390950863554763495e-01
9.593903211993676239e-02 1.367096325267596058e-01
