9.494263563916192084e-01 4.062537276852579149e-02
9.355646296638404635e-01 3.003520741880644218e-02
9.217029029360614967e-01 2.763606240822957805e-02
9.078411762082826408e-01 3.371505544227615392e-02
9.009103128443931574e-01 4.109793163424552143e-02
8.939794494805037850e-01 5.280870076633442656e-02
8.929398199759205346e-01 5.495965836202437726e-02
8.886730072175259565e-01 6.882138508980323310e-02
8.852883668495943326e-01 8.268311181758214445e-02
8.802372203969299758e-01 9.654483854536100029e-02
8.713560652927139216e-01 1.104065652731398561e-01
8.662559960249460733e-01 1.165498305274963453e-01
8.593251326610565899e-01 1.242682920009187120e-01
8.523942692971671065e-01 1.313435483515557611e-01
7.347139850977946196e-01 2.490238325509285811e-01
7.276387287471572929e-01 2.559546959148180090e-01
7.202558525551878699e-01 2.628855592787074924e-01
7.137770020193784370e-01 2.686168501373085160e-01
7.029364208604745867e-01 2.767472860064863482e-01
6.999152752915995812e-01 2.788512980990957568e-01
6.860535485638206143e-01 2.869045857639104802e-01
6.721918218360417585e-01 2.942506528068173366e-01
6.583300951082629027e-01 3.010640439103017263e-01
6.444683683804840468e-01 3.081123795345961924e-01
6.306066416527051910e-01 3.149257706380805821e-01
6.167449149249263352e-01 3.219741062623751038e-01
6.028831881971474793e-01 3.287874973658594380e-01
5.890214614693685125e-01 3.361376151763666442e-01
5.751597347415896566e-01 3.441994383871959107e-01
5.612980080138108008e-01 3.542944930779285961e-01
5.474362812860319449e-01 3.658023416821223339e-01
5.335745545582530891e-01 3.762180102104550894e-01
5.197128278304742333e-01 3.854591613623075119e-01
5.058511011026952664e-01 3.962027545723455502e-01
4.999749343376587718e-01 4.015028265564962173e-01
4.919893743749164106e-01 4.094883865192385231e-01
4.866893023907657989e-01 4.153645532842750732e-01
4.781276476471375547e-01 4.265605633336351232e-01
4.762711663889531155e-01 4.292262800120539845e-01
4.687709821058866910e-01 4.430880067398328404e-01
4.630160930996407576e-01 4.569497334676116962e-01
4.595403322621617326e-01 4.708114601953905520e-01
4.579557318865635773e-01 4.846731869231694634e-01
4.570200183116563952e-01 5.123966403787272306e-01
4.555171261813345529e-01 5.262583671065060864e-01
4.504041941915798430e-01 5.403126178166152149e-01
4.365424674638009317e-01 5.491302162073412596e-01
4.226807407360220759e-01 5.482256798022233646e-01
4.088190140082431645e-01 5.437010399056276810e-01
3.949572872804643087e-01 5.381885417492665580e-01
3.672338338249065970e-01 5.284171606132913590e-01
3.533721070971277411e-01 5.221468379923345227e-01
3.395103803693488298e-01 5.147069281666901697e-01
3.256486536415699184e-01 5.053374276932841580e-01
3.166892449028838596e-01 4.985349136509483192e-01
3.117869269137910626e-01 4.943475170352649717e-01
3.023100321101053201e-01 4.846731869231694634e-01
2.979252001860122068e-01 4.775112947804835417e-01
2.946301995703929921e-01 4.708114601953905520e-01
2.918473661592170254e-01 4.569497334676116962e-01
2.909943368221227789e-01 4.430880067398328404e-01
2.908924123608891965e-01 4.292262800120539845e-01
2.908924123608891965e-01 2.351621058231497252e-01
2.907874453784249358e-01 2.213003790953708694e-01
2.903736624910284170e-01 2.074386523675919580e-01
2.888617634793878564e-01 1.935769256398131022e-01
2.859337064294419362e-01 1.797151989120342463e-01
2.819732130786473112e-01 1.658534721842553350e-01
2.789178324759516991e-01 1.519917454564764792e-01
2.751373615501941372e-01 1.242682920009187120e-01
2.720719797016630803e-01 1.104065652731398561e-01
2.678914589424910564e-01 9.654483854536100029e-02
2.612132833054103820e-01 6.882138508980323310e-02
2.563400200026755837e-01 5.634583103480217403e-02
2.556605235944509613e-01 5.495965836202437726e-02
2.442513048331013681e-01 4.109793163424552143e-02
2.424782932748967279e-01 3.963178746111511996e-02
2.286165665471178166e-01 3.416706827035603800e-02
2.147548398193389607e-01 3.462155111388992568e-02
2.008931130915601049e-01 4.000358478731574907e-02
1.870313863637811935e-01 4.976151083910729245e-02
1.810246381150769635e-01 5.495965836202437726e-02
1.731696596360023377e-01 6.232370068615689096e-02
1.666719752323559955e-01 6.882138508980323310e-02
1.593079329082234818e-01 7.685488580703891959e-02
1.544694056541873750e-01 8.268311181758214445e-02
1.458175024320816360e-01 9.654483854536100029e-02
1.418157539422168489e-01 1.104065652731398561e-01
1.418157539422168489e-01 1.242682920009187120e-01
1.458175024320816360e-01 1.381300187286976233e-01
1.542078636404556335e-01 1.519917454564764792e-01
1.648269537350243730e-01 1.658534721842553350e-01
1.737776301065187545e-01 1.797151989120342463e-01
1.797651586435748405e-01 1.935769256398131022e-01
1.850998342787628648e-01 2.074386523675919580e-01
1.910081112447016283e-01 2.213003790953708694e-01
1.971436296324070025e-01 2.351621058231497252e-01
2.030519065983449889e-01 2.490238325509285811e-01
2.078239764554495328e-01 2.628855592787074924e-01
2.168451001989250004e-01 2.906090127342652041e-01
2.197663871747670417e-01 3.044707394620440599e-01
2.212719202958319253e-01 3.183324661898229713e-01
2.216857031832283886e-01 3.321941929176018826e-01
2.218925946269262317e-01 4.708114601953905520e-01
2.223063775143227505e-01 4.846731869231694634e-01
2.238909778899208503e-01 4.985349136509483192e-01
2.273667387273998752e-01 5.123966403787272306e-01
2.331216277336458087e-01 5.262583671065060864e-01
2.408400892070682309e-01 5.401200938342849422e-01
2.424782932748967279e-01 5.424303816222479924e-01
2.516722956963829416e-01 5.539818205620637981e-01
2.563400200026755837e-01 5.586495448683568288e-01
2.673279741161590506e-01 5.678435472898426539e-01
2.702017467304544951e-01 5.700254857562524480e-01
2.840634734582333509e-01 5.792666369081049815e-01
2.872753369683286317e-01 5.817052740176216208e-01
2.979252001860122068e-01 5.908020321827264221e-01
3.024098764802934936e-01 5.955670007454004766e-01
3.116609112162659345e-01 6.094287274731793325e-01
3.162270112562827196e-01 6.232904542009581883e-01
3.175626463836992430e-01 6.371521809287370441e-01
3.160774613771509811e-01 6.510139076565159000e-01
3.117869269137910626e-01 6.627662411865894443e-01
3.108539260763445999e-01 6.648756343842947558e-01
2.990278375393580212e-01 6.787373611120737227e-01
2.979252001860122068e-01 6.796703619495201298e-01
2.840634734582333509e-01 6.885864827344430061e-01
2.702017467304544951e-01 6.961800339111953173e-01
2.563400200026755837e-01 7.026488397174921463e-01
2.424782932748967279e-01 7.086196080744167070e-01
2.147548398193389607e-01 7.183909892103919059e-01
2.008931130915601049e-01 7.243655449243456834e-01
1.870313863637811935e-01 7.308343507306425124e-01
1.454462061804445705e-01 7.516269408223110737e-01
1.315844794526657147e-01 7.579309965978267005e-01
1.177227527248868588e-01 7.635845432603332039e-01
1.038610259971080030e-01 7.669192688341746056e-01
8.999929926932909163e-02 7.684248019552399889e-01
7.613757254155023579e-02 7.694592591737309251e-01
6.227584581377137996e-02 7.710438595493284142e-01
4.841411908599246861e-02 7.747468618085749936e-01
3.455239235821361277e-02 7.814401545951625838e-01
2.382605619981337242e-02 7.896311749343046804e-01
2.069066563043475693e-02 7.927665655036832959e-01
1.249964529129304891e-02 8.034929016620835363e-01
5.806352504705236672e-03 8.173546283898623921e-01
2.103350245458879275e-03 8.312163551176412479e-01
5.187498698607795333e-04 8.450780818454202148e-01
1.049669824642607274e-04 8.589398085731989596e-01
0.000000000000000000e+00 8.728015353009779265e-01
1.049669824642607274e-04 8.866632620287567823e-01
5.187498698607795333e-04 9.005249887565356381e-01
2.103350245458879275e-03 9.143867154843146050e-01
5.806352504705236672e-03 9.282484422120933498e-01
1.249964529129304891e-02 9.421101689398723167e-01
2.069066563043475693e-02 9.528365050982725570e-01
2.382605619981337242e-02 9.559718956676511725e-01
3.455239235821361277e-02 9.640166477864513528e-01
4.841411908599246861e-02 9.701801655636246302e-01
6.227584581377137996e-02 9.723639375917706440e-01
7.613757254155023579e-02 9.704017259498471937e-01
8.999929926932909163e-02 9.656296560927430939e-01
1.038610259971080030e-01 9.597838705177903496e-01
1.177227527248868588e-01 9.542950738860649373e-01
1.315844794526657147e-01 9.510362808479115859e-01
1.454462061804445705e-01 9.494548151911579303e-01
1.593079329082234818e-01 9.490410323037616891e-01
3.117869269137910626e-01 9.488341408600634574e-01
3.256486536415699184e-01 9.484203579726671052e-01
3.395103803693488298e-01 9.469084589610263780e-01
3.533721070971277411e-01 9.439804019110804578e-01
4.088190140082431645e-01 9.261244679554175852e-01
4.226807407360220759e-01 9.225971228538452085e-01
4.365424674638009317e-01 9.196931577472924335e-01
4.504041941915798430e-01 9.158399610283558534e-01
4.642659209193586989e-01 9.101827491816275595e-01
4.781276476471375547e-01 9.038749060490820497e-01
4.919893743749164106e-01 8.965815664977709876e-01
5.058511011026952664e-01 8.885197432869413880e-01
5.197128278304742333e-01 8.784246885962089246e-01
5.335745545582530891e-01 8.669168399920150758e-01
5.474362812860319449e-01 8.565455103202190834e-01
5.612980080138108008e-01 8.474723800984000910e-01
5.890214614693685125e-01 8.285700254696108935e-01
6.028831881971474793e-01 8.194968952477919011e-01
6.167449149249263352e-01 8.091160549573145344e-01
6.306066416527051910e-01 7.976082063531207966e-01
6.444683683804840468e-01 7.871925378247880412e-01
6.583300951082629027e-01 7.774694712957817000e-01
6.604753623399433060e-01 7.757694482065258246e-01
6.721918218360417585e-01 7.640529887104268170e-01
6.738918449252975229e-01 7.619077214787468577e-01
6.792381995893292945e-01 7.480459947509681129e-01
6.786682023563973543e-01 7.341842680231891460e-01
6.732861686829715309e-01 7.203225412954102902e-01
6.635282426311799320e-01 7.064608145676314344e-01
6.583300951082629027e-01 7.004540663189271488e-01
6.511163393621739459e-01 6.925990878398525785e-01
6.375375050165945634e-01 6.787373611120737227e-01
6.306066416527051910e-01 6.710188996386512450e-01
6.255065723849373427e-01 6.648756343842947558e-01
6.168686803421383757e-01 6.510139076565159000e-01
6.121598822380452942e-01 6.371521809287370441e-01
6.104347258921312136e-01 6.232904542009581883e-01
6.098140515610368517e-01 6.094287274731793325e-01
6.097121270998032694e-01 4.985349136509483192e-01
6.099159760222704341e-01 4.846731869231694634e-01
6.108803382324047293e-01 4.708114601953905520e-01
6.144346271369629520e-01 4.569497334676116962e-01
6.167449149249263352e-01 4.530766039407322920e-01
6.259236258662937979e-01 4.430880067398328404e-01
6.306066416527051910e-01 4.400481543872498680e-01
6.444683683804840468e-01 4.351510503069918601e-01
6.583300951082629027e-01 4.307033492535384811e-01
6.721918218360417585e-01 4.250223137093669945e-01
6.860535485638206143e-01 4.187144705768217623e-01
6.999152752915995812e-01 4.114211310255103116e-01
7.137770020193784370e-01 4.033593078146810451e-01
7.164427186977972983e-01 4.015028265564962173e-01
7.276387287471572929e-01 3.929411718128679731e-01
7.335148955121938430e-01 3.876410998287173060e-01
7.415004554749361487e-01 3.796555398659750002e-01
7.468005274590867604e-01 3.737793731009384501e-01
7.575441206691244656e-01 3.599176463731595943e-01
7.667852718209773322e-01 3.460559196453807385e-01
7.773543447996718037e-01 3.321941929176018826e-01
7.830856356582727162e-01 3.257153423817923388e-01
7.900164990221621997e-01 3.183324661898229713e-01
8.037338327631931012e-01 3.044707394620440599e-01
8.108090891138305389e-01 2.975398760981546875e-01
8.185275505872529056e-01 2.906090127342652041e-01
8.246708158416093948e-01 2.855089434664973558e-01
8.385325425693882506e-01 2.768710514236988329e-01
8.523942692971671065e-01 2.721622533196057514e-01
8.662559960249460733e-01 2.704370969736916708e-01
8.801177227527248181e-01 2.698164226425969203e-01
9.355646296638404635e-01 2.696095311988986332e-01
9.494263563916192084e-01 2.689888568678043268e-01
9.632880831193981752e-01 2.671090541410776065e-01
9.755746136281111536e-01 2.628855592787074924e-01
9.771498098471770311e-01 2.622060628704828700e-01
9.910115365749558869e-01 2.507968441091328327e-01
9.925064286730498342e-01 2.490238325509285811e-01
9.987510006646325156e-01 2.351621058231497252e-01
1.000000000000000000e+00 2.213003790953708694e-01
9.990975438328266733e-01 2.074386523675919580e-01
9.977355084951474717e-01 1.935769256398131022e-01
9.959471513946955845e-01 1.797151989120342463e-01
9.928817695461644721e-01 1.658534721842553350e-01
9.889212761953698472e-01 1.519917454564764792e-01
9.858658955926742351e-01 1.381300187286976233e-01
9.819480998683315365e-01 1.104065652731398561e-01
9.786030553912186125e-01 9.654483854536100029e-02
9.729458435444899855e-01 8.268311181758214445e-02
9.666380004119448088e-01 6.882138508980323310e-02
9.590322898257814810e-01 5.495965836202437726e-02
