3.373328270907070547e-01 1.290990181575396578e-02
3.274557856363392583e-01 1.167612212547219919e-02
3.175787441819714618e-01 1.123386653796332180e-02
2.978246612732358134e-01 1.152870359630275843e-02
2.879476198188680724e-01 1.260599284792723873e-02
2.780705783645002205e-01 1.469235203181684657e-02
2.583164954557646276e-01 2.005176255968138532e-02
2.385624125470290346e-01 2.454789966837567228e-02
2.188083296382933862e-01 3.202943405555508383e-02
2.126725917651254849e-01 3.577905164471317789e-02
2.089312881839255898e-01 4.195220255369302986e-02
2.075067148972378761e-01 4.565609309908097435e-02
2.100630325172386792e-01 5.553313455344877081e-02
2.182340830421093392e-01 6.541017600781656727e-02
2.286853710926611827e-01 7.220064200769443774e-02
2.385624125470290346e-01 7.767416914698999086e-02
2.583164954557646276e-01 8.654056797166903570e-02
2.780705783645002205e-01 9.380667018912403066e-02
2.879476198188680724e-01 9.931502023098309762e-02
2.942818094472123835e-01 1.049183418252878086e-01
2.978246612732358134e-01 1.103507146251901938e-01
3.000469956004688243e-01 1.147953832796556051e-01
3.020897473558038504e-01 1.246724247340234015e-01
3.026905566956082927e-01 1.345494661883911980e-01
3.024683449420803028e-01 1.740576320058624393e-01
3.013955916451998007e-01 1.839346734602302358e-01
2.993380789154371224e-01 1.938117149145980322e-01
2.894858475863513192e-01 2.234428392777014771e-01
2.806653943397999784e-01 2.431969221864370700e-01
2.698691064425695618e-01 2.629510050951726630e-01
2.568173016635837413e-01 2.827050880039082559e-01
2.460120455083741331e-01 3.024591709126439043e-01
2.361754608622234075e-01 3.222132538213794972e-01
2.276498748111547288e-01 3.419673367301151456e-01
2.253181978695815157e-01 3.518443781844828866e-01
2.241891059529861341e-01 3.617214196388507386e-01
2.238942688946467530e-01 3.715984610932185350e-01
2.241891059529861341e-01 3.913525440019541279e-01
2.253181978695815157e-01 4.012295854563219244e-01
2.277948181746443090e-01 4.111066269106897764e-01
2.318954095653306124e-01 4.209836683650575728e-01
2.372395944951048996e-01 4.308607098194253693e-01
2.444327296378323022e-01 4.407377512737931657e-01
2.526325376376847842e-01 4.506147927281609622e-01
2.598156892479455138e-01 4.604918341825287587e-01
2.655539827283616705e-01 4.703688756368965551e-01
2.808804263644497645e-01 5.000000000000000000e-01
2.866248017669439374e-01 5.098770414543678520e-01
2.944987187426836295e-01 5.197540829087355929e-01
2.978246612732358134e-01 5.230800254392881099e-01
3.077017027276036654e-01 5.309539424150278020e-01
3.175787441819714618e-01 5.366983178175216418e-01
3.570869099994427032e-01 5.569632821807937173e-01
3.669639514538104441e-01 5.632324320559036757e-01
3.733735209082407747e-01 5.691392901805746307e-01
3.768409929081782961e-01 5.745716629804770159e-01
3.790633272354112515e-01 5.790163316349424827e-01
3.810197412157952934e-01 5.888933730893102236e-01
3.812557311339941357e-01 5.987704145436780756e-01
3.800047327490304605e-01 6.086474559980458165e-01
3.761761920410575111e-01 6.185244974524136685e-01
3.677496252058622961e-01 6.284015389067814095e-01
3.570869099994427032e-01 6.354194367822534328e-01
3.472098685450748512e-01 6.408733963364493524e-01
2.780705783645002205e-01 6.753593376855979713e-01
2.583164954557646276e-01 6.861645938408075240e-01
2.385624125470290346e-01 6.992163986197935666e-01
2.188083296382933862e-01 7.100126865170239832e-01
2.089312881839255898e-01 7.148675035030691571e-01
1.891772052751899968e-01 7.256727596582788209e-01
1.694231223664543484e-01 7.376450232684529373e-01
1.496690394577187555e-01 7.455497273040783135e-01
1.397919980033509590e-01 7.500230747813274590e-01
1.299149565489831626e-01 7.556357910962285818e-01
1.200379150946153661e-01 7.635557490119573298e-01
1.170360691624054428e-01 7.666801192679306709e-01
1.104302474980939919e-01 7.765571607222985229e-01
1.070458067200240060e-01 7.864342021766663748e-01
1.056646085005727431e-01 7.963112436310342268e-01
1.038006575522075758e-01 8.160653265397697087e-01
1.011743851038966469e-01 8.259423679941375607e-01
9.601011232581663224e-02 8.358194094485054126e-01
9.040679073151192124e-02 8.422943588463687181e-01
8.562259877705252764e-02 8.456964509028732646e-01
8.052974927714412479e-02 8.484126373028244572e-01
6.077566636840853187e-02 8.545210207268574276e-01
5.089862491404073541e-02 8.587835308299105463e-01
4.102158345967288344e-02 8.641277157596845004e-01
3.114454200530508698e-02 8.715510594157771518e-01
2.126750055093729053e-02 8.805747535386094782e-01
7.942812551176903213e-03 8.950816581747121914e-01
2.293184072809539842e-03 9.049586996290800434e-01
1.665334536937734811e-16 9.148357410834477843e-01
1.108620861284992376e-03 9.247127825378156363e-01
4.777863546611416101e-03 9.345898239921834882e-01
1.006764104464513698e-02 9.444668654465512292e-01
1.749098470073789935e-02 9.543439069009189701e-01
2.126750055093729053e-02 9.585309136044011247e-01
3.114454200530508698e-02 9.679974642054862688e-01
4.102158345967288344e-02 9.754208078615789201e-01
5.089862491404073541e-02 9.807649927913528742e-01
6.077566636840853187e-02 9.848655841820392887e-01
7.065270782277632833e-02 9.873422044871024150e-01
8.052974927714412479e-02 9.884712964036974636e-01
1.101608736402475697e-01 9.887661334620366782e-01
1.200379150946153661e-01 9.883238778745276898e-01
1.299149565489831626e-01 9.870900981842460897e-01
1.397919980033509590e-01 9.837056574061759928e-01
1.496690394577187555e-01 9.770998357418644309e-01
1.527934097136923741e-01 9.740979898096546741e-01
1.608688989640109646e-01 9.642209483552868221e-01
1.718100740512600311e-01 9.444668654465512292e-01
1.806764728759390204e-01 9.247127825378156363e-01
1.844776452283537482e-01 9.148357410834477843e-01
1.889172831316541235e-01 9.049586996290800434e-01
1.957948230496163178e-01 8.950816581747121914e-01
1.990542467295577933e-01 8.917557156441597854e-01
2.089312881839255898e-01 8.838577474311124504e-01
2.188083296382933862e-01 8.783729963810733565e-01
2.286853710926611827e-01 8.742751036355931316e-01
2.385624125470290346e-01 8.718107498996485738e-01
2.484394540013968311e-01 8.706838915971319981e-01
2.780705783645002205e-01 8.699467989512836841e-01
2.879476198188680724e-01 8.688695096996591483e-01
2.978246612732358134e-01 8.667831505157694849e-01
3.175787441819714618e-01 8.614237399879050017e-01
3.274557856363392583e-01 8.593545472889911885e-01
3.373328270907070547e-01 8.566089886387473484e-01
3.570869099994427032e-01 8.480834025876786697e-01
3.768409929081782961e-01 8.371422275004296587e-01
3.867180343625460925e-01 8.298362016444171818e-01
3.965950758169138890e-01 8.208022749923747918e-01
4.657343659974885197e-01 7.518645570863791150e-01
4.756114074518563162e-01 7.428422596040238357e-01
4.854884489062241681e-01 7.353429604718001444e-01
5.123903907621994991e-01 7.172949119960917441e-01
5.260302585968266165e-01 7.074178705417238922e-01
5.356967429659269531e-01 6.975408290873561512e-01
5.417705558143026678e-01 6.876637876329882992e-01
5.471376493172366295e-01 6.777867461786204473e-01
5.560040481419156189e-01 6.580326632698848544e-01
5.658373972453275558e-01 6.284015389067814095e-01
5.679237564292172191e-01 6.185244974524136685e-01
5.690010456808416439e-01 6.086474559980458165e-01
5.694433012683505213e-01 3.814755025475863315e-01
5.698855568558592877e-01 3.715984610932185350e-01
5.713246424977540538e-01 3.617214196388507386e-01
5.755376459955133805e-01 3.518443781844828866e-01
5.842588634499021882e-01 3.434791287894570777e-01
5.941359049042700402e-01 3.404291089626315658e-01
6.040129463586377812e-01 3.410911475688405137e-01
6.237670292673733741e-01 3.453863126181654364e-01
6.336440707217412260e-01 3.464636018697898612e-01
6.533981536304768190e-01 3.470578119412124352e-01
6.632751950848446709e-01 3.480033065077843268e-01
6.731522365392124119e-01 3.500562930936058637e-01
7.027833609023158568e-01 3.598694743661567941e-01
7.225374438110514497e-01 3.688646371192416673e-01
7.422915267197870426e-01 3.788359483658155780e-01
7.620456096285226355e-01 3.896769744695167126e-01
7.916767339916261914e-01 4.094005924776624727e-01
8.015537754459939324e-01 4.168998916098861640e-01
8.114308169003616733e-01 4.259221890922414433e-01
8.410619412634651182e-01 4.553517411807659898e-01
8.509389827178328591e-01 4.643856678328084353e-01
8.608160241722007111e-01 4.716916936888209677e-01
8.706930656265685631e-01 4.774360690913148630e-01
8.805701070809364150e-01 4.825059181020094345e-01
8.904471485353041560e-01 4.866417062297483387e-01
9.003241899896718969e-01 4.893821804365547368e-01
9.102012314440397489e-01 4.892324056276152744e-01
9.200782728984076009e-01 4.864190680002442591e-01
9.299553143527754528e-01 4.813923594029319575e-01
9.398323558071431938e-01 4.736948181674490721e-01
9.431582983376953777e-01 4.703688756368965551e-01
9.512358491226402535e-01 4.604918341825287587e-01
9.709363723169504024e-01 4.308607098194253693e-01
9.762434832024822207e-01 4.209836683650575728e-01
9.807168306797312551e-01 4.111066269106897764e-01
9.886215347153564093e-01 3.913525440019541279e-01
9.939006430788979163e-01 3.814755025475863315e-01
9.984881195317658609e-01 3.715984610932185350e-01
1.000000000000000000e+00 3.617214196388507386e-01
9.971796679248500217e-01 3.518443781844828866e-01
9.892175630789822316e-01 3.433630056312758638e-01
9.793405216246144906e-01 3.390669356681182967e-01
9.694634801702466387e-01 3.376184901196097599e-01
9.595864387158787867e-01 3.371762345321008825e-01
7.620456096285226355e-01 3.367339789445917830e-01
7.521685681741548946e-01 3.358131801316244225e-01
7.422915267197870426e-01 3.336541601726888961e-01
6.830292779935802638e-01 3.144648850942460827e-01
6.632751950848446709e-01 3.073976916398277748e-01
6.533981536304768190e-01 3.030764860035418673e-01
6.435211121761090780e-01 2.973473687564359702e-01
6.237670292673733741e-01 2.844111224369355595e-01
6.138899878130056331e-01 2.770211301858287456e-01
6.040129463586377812e-01 2.688213221859762081e-01
5.941359049042700402e-01 2.614245532340431222e-01
5.645047805411665953e-01 2.418741041345126574e-01
5.546277390867987434e-01 2.370237712774571626e-01
5.447506976324310024e-01 2.342104336500861472e-01
5.348736561780631504e-01 2.342104336500861472e-01
5.249966147236954095e-01 2.370237712774571626e-01
5.151195732693275575e-01 2.420504798747694641e-01
5.052425318149597055e-01 2.497480211102523495e-01
5.019165892844075216e-01 2.530739636408048665e-01
4.940426723086678296e-01 2.629510050951726630e-01
4.882982969061736567e-01 2.728280465495405149e-01
4.732244557670506890e-01 3.024591709126439043e-01
4.643580569423716997e-01 3.222132538213794972e-01
4.545032140211510696e-01 3.518443781844828866e-01
4.499156667932275866e-01 3.715984610932185350e-01
4.471750864904909806e-01 3.814755025475863315e-01
4.431467056223357681e-01 3.913525440019541279e-01
4.248498911249004584e-01 4.308607098194253693e-01
4.149728496705326619e-01 4.604918341825287587e-01
4.089846979921295533e-01 4.802459170912644071e-01
4.064721172712816855e-01 4.848658235779848003e-01
4.004361474936127263e-01 4.901229585456322035e-01
3.965950758169138890e-01 4.921971372510495213e-01
3.867180343625460925e-01 4.902237446829216250e-01
3.768409929081782961e-01 4.817745068401546038e-01
3.608634258496420388e-01 4.604918341825287587e-01
3.570869099994427032e-01 4.563048274790468817e-01
3.472098685450748512e-01 4.468382768779615710e-01
3.373328270907070547e-01 4.394149332218688087e-01
3.175787441819714618e-01 4.281748476695534933e-01
3.069160289755518134e-01 4.209836683650575728e-01
2.986794052452483861e-01 4.111066269106897764e-01
2.950810386470226199e-01 4.012295854563219244e-01
2.947095943530120277e-01 3.913525440019541279e-01
2.964705507512661598e-01 3.814755025475863315e-01
2.993140564131804293e-01 3.715984610932185350e-01
3.061882850854024118e-01 3.419673367301151456e-01
3.160405164144881596e-01 3.123362123670117008e-01
3.284912819178457122e-01 2.827050880039082559e-01
3.308747615243898821e-01 2.728280465495405149e-01
3.336663495811311164e-01 2.530739636408048665e-01
3.358434319507624943e-01 2.431969221864370700e-01
3.484046719468129605e-01 2.036887563689658287e-01
3.507266939114029869e-01 1.938117149145980322e-01
3.533640251435658519e-01 1.740576320058624393e-01
3.555975148594980872e-01 1.641805905514946429e-01
3.609617493392328624e-01 1.444265076427589944e-01
3.629371576301069213e-01 1.345494661883911980e-01
3.682965681579715156e-01 1.147953832796556051e-01
3.703829273418610679e-01 1.049183418252878086e-01
3.714602165934855482e-01 9.504130037091995664e-02
3.717550536518249293e-01 6.541017600781656727e-02
3.713127980643155523e-01 5.553313455344877081e-02
3.700790183740343409e-01 4.565609309908097435e-02
3.666945775959643550e-01 3.577905164471317789e-02
3.599512520212095334e-01 2.590201019034532592e-02
3.570869099994427032e-01 2.303766816857877320e-02
3.472098685450748512e-01 1.629434259382395167e-02
