7.938386875809108068e-01 1.622826382663700162e-03
7.845755878988978083e-01 0.000000000000000000e+00
7.660493885348718113e-01 0.000000000000000000e+00
7.567862888528588128e-01 1.483500446586238919e-03
7.382600894888328158e-01 7.449614892316991366e-03
7.243654399658132625e-01 1.088592606467669865e-02
7.058392406017872656e-01 1.949632920676647174e-02
6.965761409197743781e-01 2.488017881008330878e-02
6.833656976232671543e-01 3.916079081985340826e-02
6.734183917147418263e-01 4.659799104531575642e-02
6.548921923507158294e-01 6.423350774760977488e-02
6.502606425097092746e-01 6.765309296675947603e-02
6.409975428276963871e-01 7.230294664935077442e-02
6.271028933046768339e-01 7.691159785726348064e-02
6.178397936226638354e-01 7.839070924927410422e-02
5.066825974385078535e-01 7.839070924927410422e-02
4.881563980744819120e-01 7.460996075678777428e-02
4.464724495054234188e-01 7.325612311095508478e-02
4.325777999824039211e-01 6.997841091578127504e-02
4.186831504593844233e-01 6.954237522466460986e-02
4.094200507773714248e-01 7.170795470256269288e-02
4.047885009363649256e-01 7.487004009401354576e-02
4.000350682048056661e-01 8.084473938891190148e-02
3.956494606250932078e-01 9.010783907092489997e-02
3.908938514133454278e-01 9.587457269649179992e-02
3.862623015723389286e-01 9.825440441626670518e-02
3.816307517313324293e-01 9.827399273796266765e-02
3.769992018903259301e-01 9.618128650394280887e-02
3.723676520493194309e-01 9.212798315051273779e-02
3.669361072357754106e-01 8.547628922991840072e-02
3.576872931782720255e-01 7.158163970689890299e-02
3.498301996979932271e-01 5.768699018387940525e-02
3.461379565211704090e-01 5.305544034287290600e-02
3.399468031622739361e-01 4.780359364816011425e-02
3.214206037982479391e-01 3.867522511071569413e-02
2.889997549112024444e-01 3.242084888704549472e-02
1.963687580910724595e-01 3.242084888704549472e-02
1.871056584090594610e-01 3.411164222269053026e-02
1.778425587270464625e-01 3.885493375488130452e-02
1.732110088860400188e-01 4.340637817410930577e-02
1.601020687110484286e-01 6.695008986589240374e-02
1.508532546535449881e-01 8.084473938891190148e-02
1.334420280397053404e-01 1.040024885939443977e-01
1.250696110194243205e-01 1.132655882759573962e-01
9.375887661350124080e-02 1.549495368450158894e-01
8.452089219378394747e-02 1.688441863680353316e-01
7.993463217003204946e-02 1.781072860500483301e-01
7.083134667475921020e-02 2.012650352550808264e-01
6.840464998387024709e-02 2.197912346191068234e-01
6.503625009950181335e-02 2.336858841421263211e-01
6.377310014286374784e-02 2.429489838241393196e-01
6.047487525608635783e-02 2.568436333471588173e-01
6.052183852370496275e-02 2.661067330291718158e-01
6.163621394572771361e-02 2.707382828701783151e-01
6.606506568918429911e-02 2.800013825521913136e-01
6.949101292734638502e-02 2.846329323931978128e-01
8.249497978863384873e-02 2.985275819162173105e-01
8.984311174792303234e-02 3.083696253283561006e-01
9.447466158892953159e-02 3.128081939259874100e-01
1.037377612709425301e-01 3.181920435293043026e-01
1.222639606349685271e-01 3.267344797184126848e-01
1.315270603169815256e-01 3.282178902253560238e-01
1.407901599989945240e-01 3.268771490881845487e-01
1.546848095220140218e-01 3.223307110171277357e-01
1.639479092040270203e-01 3.177444509933757821e-01
1.824741085680529618e-01 3.049850312137744601e-01
2.075307932078981343e-01 2.800013825521913136e-01
2.148949574550984565e-01 2.705505173360834292e-01
2.195265072961049557e-01 2.660441445178068909e-01
2.241580571371114550e-01 2.637909581086685940e-01
2.265790945540012147e-01 2.661067330291718158e-01
2.263355768384802125e-01 3.633692796903083000e-01
2.212457947370846667e-01 3.911585787363472955e-01
2.185616010792286179e-01 4.004216784183602940e-01
2.148949574550984565e-01 4.070795313148071193e-01
2.102634076140919572e-01 4.105232483302106994e-01
2.056318577730854580e-01 4.116442799561838006e-01
1.732110088860400188e-01 4.122079358495783774e-01
1.639479092040270203e-01 4.136914362961646163e-01
1.500532596810075225e-01 4.183024978865083066e-01
1.407901599989945240e-01 4.229591307696864977e-01
1.160728072760721097e-01 4.421056269874187872e-01
1.124534959717456428e-01 4.467371768284252864e-01
1.077239312160710449e-01 4.560002765104382849e-01
1.031128696257273547e-01 4.698949260334577827e-01
1.016293691791410603e-01 4.791580257154707811e-01
1.007806948339922126e-01 4.976842250794967781e-01
9.699781933813456103e-02 5.162104244435227196e-01
9.699781933813456103e-02 5.949467717406332623e-01
9.862064572079820568e-02 6.042098714226462608e-01
1.026184700593659738e-01 6.134729711046592593e-01
1.083693111119490293e-01 6.231220332734227485e-01
1.126148984662049823e-01 6.273676206276787015e-01
1.176324107939620278e-01 6.306017200856228744e-01
1.778425587270464625e-01 6.606761832342504803e-01
1.871056584090594610e-01 6.628394110766571146e-01
1.917372082500659602e-01 6.621415956436227379e-01
1.963687580910724595e-01 6.602353734467512059e-01
2.148949574550984565e-01 6.477197194482553488e-01
2.352470562756751038e-01 6.273676206276787015e-01
2.438035477127140638e-01 6.134729711046592593e-01
2.519473561831504504e-01 5.933820589565094172e-01
2.565789060241570052e-01 5.895432969261256151e-01
2.612104558651634489e-01 5.883557200438163104e-01
3.028944044342219422e-01 5.883152344682829327e-01
3.075259542752284414e-01 5.892731231854002605e-01
3.121575041162349406e-01 5.919411915246609590e-01
3.149273525505623672e-01 5.949467717406332623e-01
3.280183776283609465e-01 6.181045209456657030e-01
3.280183776283609465e-01 6.227360707866722578e-01
3.210030050420915604e-01 6.366307203096917000e-01
3.174987269167505177e-01 6.505253698327111422e-01
3.038455262765714648e-01 6.922093184017696910e-01
2.982628545932154429e-01 6.976127932162772272e-01
2.936313047522089437e-01 6.988003700985866429e-01
2.473158063421439512e-01 7.000116985185421692e-01
2.426842565011374520e-01 7.015987330794465349e-01
2.380527066601309527e-01 7.046963400319342652e-01
2.328008599654181610e-01 7.107355177657956880e-01
2.235126772412335261e-01 7.292617171298216849e-01
2.179232785049873833e-01 7.477879164938476819e-01
2.166142448960781675e-01 7.616825660168671241e-01
2.132917286639808840e-01 7.755772155398866774e-01
2.127865653632969867e-01 8.033665145859256729e-01
2.144773586989421332e-01 8.126296142679386714e-01
2.189791423148950700e-01 8.218927139499516699e-01
2.225984536192215368e-01 8.265242637909582246e-01
2.287896069781179542e-01 8.318715986073929036e-01
2.426842565011374520e-01 8.411219164148446836e-01
2.704735555471764474e-01 8.549589427328750935e-01
2.843682050701959452e-01 8.595700043232188392e-01
2.936313047522089437e-01 8.610535047698051336e-01
3.121575041162349406e-01 8.616171606631997104e-01
3.167890539572414399e-01 8.628047375455090151e-01
3.214206037982479391e-01 8.669141028456177622e-01
3.234107228705553894e-01 8.728397622010231061e-01
3.255665879301167243e-01 8.867344117240425483e-01
3.312439716061891248e-01 9.006290612470621015e-01
3.328612231816296396e-01 9.098921609290751000e-01
3.328612231816296396e-01 9.284183602931010970e-01
3.312439716061891248e-01 9.376814599751140955e-01
3.256412903469070308e-01 9.515761094981336488e-01
3.246626886869524720e-01 9.608392091801465362e-01
3.256412903469070308e-01 9.654707590211530910e-01
3.295644122686843258e-01 9.747338587031660895e-01
3.346949564675611444e-01 9.839969583851790880e-01
3.399468031622739361e-01 9.901881117440755053e-01
3.445783530032804354e-01 9.938074230484019722e-01
3.538414526852934339e-01 9.983092066643548534e-01
3.631045523673064324e-01 1.000000000000000000e+00
3.769992018903259301e-01 1.000000000000000000e+00
3.862623015723389286e-01 9.983092066643548534e-01
3.955254012543519271e-01 9.939507277803246721e-01
4.140516006183779241e-01 9.828004746762524224e-01
4.464724495054234188e-01 9.695420407362314030e-01
4.649986488694494158e-01 9.671198714645418137e-01
4.788932983924689135e-01 9.637962756170969092e-01
4.974194977564949105e-01 9.624424379712641642e-01
5.159456971205208520e-01 9.586616894787778342e-01
5.622611955305858444e-01 9.586616894787778342e-01
5.715242952125988429e-01 9.602789410542184045e-01
5.854189447356183962e-01 9.659563247302909161e-01
6.039451440996443932e-01 9.685463975874464282e-01
6.085766939406508369e-01 9.700623817083577904e-01
6.271028933046768339e-01 9.800107884400506286e-01
6.409975428276963871e-01 9.845572265111073307e-01
6.502606425097092746e-01 9.858979676482788612e-01
6.595237421917223841e-01 9.843386300947616352e-01
6.641552920327288279e-01 9.821022334502218509e-01
6.687868418737352716e-01 9.784498696221131109e-01
6.744781531190398027e-01 9.701023088621596457e-01
6.878065670404914789e-01 9.376814599751140955e-01
6.922563300103738992e-01 9.237868104520945423e-01
6.962077221824214401e-01 9.191552606110880985e-01
7.151023402838003751e-01 9.070314977919828880e-01
7.213505631825166686e-01 9.006290612470621015e-01
7.242413805950720374e-01 8.959975114060556578e-01
7.258489832742607284e-01 8.913659615650491030e-01
7.274410785321067108e-01 8.821028618830361046e-01
7.290390948053744324e-01 8.774713120420296608e-01
7.321300970522066631e-01 8.728397622010231061e-01
7.371869255012826194e-01 8.682082123600165513e-01
7.623780380511471222e-01 8.496820129959905543e-01
7.674851689855838321e-01 8.450504631549841106e-01
7.706364042427916727e-01 8.404189133139776668e-01
7.719628852068711744e-01 8.357873634729711121e-01
7.704665147721279084e-01 8.218927139499516699e-01
7.757980539260225239e-01 8.079980644269322276e-01
7.774208803086861685e-01 7.987349647449191181e-01
7.774208803086861685e-01 7.570510161758606804e-01
7.757980539260225239e-01 7.477879164938476819e-01
7.600203883108029856e-01 7.153670676068022427e-01
7.567862888528588128e-01 7.103495552790451972e-01
7.521547390118523690e-01 7.057981108598170294e-01
7.428916393298392595e-01 7.008270381879047051e-01
7.197338901248068188e-01 6.917157925990394807e-01
6.873130412377612686e-01 6.829861458735584367e-01
6.780499415557483811e-01 6.759988939582469714e-01
6.670827810831763127e-01 6.644200193557306955e-01
6.641966451563092733e-01 6.597884695147242518e-01
6.626233178545497537e-01 6.551569196737176970e-01
6.621553046013850530e-01 6.458938199917046985e-01
6.629974045724772447e-01 6.412622701506982548e-01
6.651602509604943592e-01 6.366307203096917000e-01
6.715901483564498120e-01 6.273676206276787015e-01
6.780499415557483811e-01 6.119082583205354142e-01
6.826814913967548248e-01 6.080029510338152976e-01
7.058392406017872656e-01 6.025353880185900790e-01
7.336285396478263721e-01 6.020323517212774478e-01
7.521547390118523690e-01 6.055993363749481162e-01
7.567862888528588128e-01 6.054763108322964715e-01
7.614178386938652565e-01 6.040031058047441448e-01
7.660493885348718113e-01 6.009859494744945740e-01
7.712283033570881408e-01 5.949467717406332623e-01
7.757300869730412440e-01 5.856836720586202638e-01
7.769157170080023267e-01 5.810521222176137091e-01
7.784120638797122904e-01 5.671574726945942668e-01
7.799861430564458686e-01 5.625259228535877121e-01
7.830771453032780993e-01 5.578943730125812683e-01
7.881339737523540556e-01 5.532628231715747136e-01
8.077333371039303600e-01 5.385681786760178058e-01
8.262595364679563570e-01 5.261893091009640644e-01
8.494172856729887977e-01 5.085069282793996948e-01
8.581014416248760046e-01 4.976842250794967781e-01
8.795223596395309595e-01 4.745264758744642819e-01
9.114533330626238827e-01 4.421056269874187872e-01
9.148792803007859131e-01 4.374740771464122879e-01
9.241674630249707700e-01 4.189478777823862909e-01
9.287886035128178897e-01 4.050532282593667932e-01
9.357884534111333696e-01 3.772639292133277977e-01
9.360055573099306248e-01 3.726323793723212985e-01
9.336728965306320127e-01 3.633692796903083000e-01
9.181692263456344705e-01 3.309484308032628053e-01
9.135605751377215977e-01 3.170537812802433075e-01
9.120814637457110852e-01 3.077906815982303090e-01
9.120814637457110852e-01 2.985275819162173105e-01
9.136987153211515444e-01 2.892644822342043120e-01
9.334305627069836575e-01 2.475805336651458188e-01
9.380416242973275143e-01 2.336858841421263211e-01
9.395251247439138087e-01 2.244227844601133226e-01
9.395251247439138087e-01 2.058965850960873256e-01
9.380416242973275143e-01 1.966334854140743271e-01
9.287990128659772138e-01 1.688441863680353316e-01
9.187727820209419249e-01 1.503179870040093902e-01
9.147445491562176123e-01 1.364233374809898924e-01
9.103181033192058180e-01 1.271602377989768939e-01
9.042101744170389921e-01 1.178971381169638954e-01
8.940064791423150137e-01 9.937093875293789846e-02
8.813664026317835631e-01 8.547628922991840072e-02
8.732780379788883662e-01 7.158163970689890299e-02
8.540488355139952414e-01 4.321339693073406041e-02
8.499962294031145893e-01 3.916079081985340826e-02
8.401541859909757992e-01 3.181265886056428016e-02
8.262595364679563570e-01 1.880869199927676094e-02
8.216279866269498022e-01 1.538274476111461952e-02
8.031017872629238052e-01 5.620650721231301716e-03
