7.634019429594854911e-01 1.439354879560095224e-03
7.587808562408979718e-01 1.515110399537555885e-04
7.541597695223105635e-01 0.000000000000000000e+00
7.402965093665481167e-01 3.787775998842168867e-03
7.125699890550233340e-01 1.759354312605071469e-02
6.987067288992609981e-01 2.682296356416463690e-02
6.756012953063236237e-01 4.419970381418170113e-02
6.617380351505612879e-01 5.717429344713886863e-02
6.386326015576239135e-01 7.444941364581436627e-02
6.155271679646866501e-01 8.620978173364812758e-02
6.109060812460991308e-01 8.772678602118444413e-02
6.062849945275117225e-01 8.788539111618676181e-02
6.016639078089242032e-01 8.573394237379355909e-02
5.924217343717492756e-01 7.466146932787581791e-02
5.878006476531618674e-01 7.098359860687381007e-02
5.831795609345743481e-01 6.854927613904643335e-02
5.693163007788120122e-01 6.388234530618724927e-02
5.600741273416370847e-01 6.240219623167175822e-02
4.445469593769504346e-01 6.290621831923293161e-02
4.214415257840131157e-01 6.916892185812972826e-02
4.168204390654256519e-01 7.213497786172395898e-02
4.029571789096632606e-01 8.614948652387055539e-02
3.983360921910757968e-01 8.849696714094895666e-02
3.937150054724883330e-01 8.889489405282730017e-02
3.890939187539008692e-01 8.802791421309241748e-02
3.798517453167259417e-01 8.338252855413497144e-02
3.665661210007869486e-01 6.912691197886988714e-02
3.521252250052011590e-01 5.918332359333788872e-02
3.151565312565014487e-01 4.028362904368643083e-02
3.059143578193265212e-01 3.629483617987350197e-02
2.920510976635640743e-01 3.286628796930857188e-02
2.781878375078017385e-01 2.825680895136273296e-02
2.643245773520392916e-01 2.227212287319202400e-02
2.504613171962769558e-01 1.766142199202080931e-02
2.273558836033395814e-01 1.207426441477083001e-02
1.903871898546398711e-01 1.157024232720965662e-02
1.811450164174649435e-01 1.318940258693618306e-02
1.719028429802900160e-01 1.717819545074905641e-02
1.395552359501777695e-01 3.616040940608961085e-02
1.349341492315903057e-01 3.963350556906164446e-02
1.238702012226645111e-01 5.064256510452003202e-02
1.018974327785308054e-01 8.299017213463227849e-02
9.732153356308742564e-02 9.223234557180720605e-02
8.807936012591249808e-02 1.153377791647445250e-01
7.884757252615370859e-02 1.430642994762693077e-01
6.859354823368690734e-02 1.846540799435564817e-01
6.733325185589034145e-02 1.938962533807314093e-01
6.397246151509944356e-02 2.077595135364938006e-01
5.889313270558016455e-02 2.354860338480185833e-01
5.889313270558016455e-02 2.816969010338932211e-01
6.037328178009576662e-02 2.909390744710681487e-01
6.497392653297517917e-02 3.048023346268305955e-01
6.969280674098726758e-02 3.140445080640055231e-01
7.486002188995327655e-02 3.202216750041581572e-01
7.948110860854074033e-02 3.238328099315589403e-01
8.872328204571566790e-02 3.283244235796405897e-01
9.796545548289059546e-02 3.300113972483785241e-01
1.256919757944153782e-01 3.308581543554814375e-01
1.395552359501777695e-01 3.341042254106010856e-01
1.487974093873526971e-01 3.340573682375803655e-01
1.534184961059401608e-01 3.329455102982280534e-01
1.626606695431150884e-01 3.289651355197835692e-01
1.710776489233993836e-01 3.232866815011804507e-01
1.875878777078032744e-01 3.048023346268305955e-01
1.950082765732273349e-01 2.948775006516824448e-01
1.989467027538416866e-01 2.909390744710681487e-01
2.088715367289897262e-01 2.835186756056440882e-01
2.181137101661646538e-01 2.751651726912743845e-01
2.365980570405145089e-01 2.625936586168753362e-01
2.412191437591019727e-01 2.606587957097976638e-01
2.458402304776894365e-01 2.602677439957377103e-01
2.504613171962769558e-01 2.631483723995630131e-01
2.521658163957558596e-01 2.678336408781308298e-01
2.526668358574208906e-01 2.724547275967182935e-01
2.524163923464485815e-01 3.926029822799923519e-01
2.512314983160414128e-01 3.972240689985798712e-01
2.458402304776894365e-01 4.027941288825914734e-01
2.273558836033395814e-01 4.081816458388667912e-01
2.134926234475771900e-01 4.094877222132927708e-01
1.950082765732273349e-01 4.150644939531265010e-01
1.626606695431150884e-01 4.284549134050334440e-01
1.441763226687652333e-01 4.381949539231990154e-01
1.303130625130028419e-01 4.488542106089798422e-01
1.113451135401961056e-01 4.619192830588043641e-01
1.069024628160079038e-01 4.665403697773918279e-01
1.019426202816748894e-01 4.757825432145667555e-01
9.636584854184110371e-02 4.942668900889166106e-01
9.505977216741512414e-02 5.081301502446790019e-01
9.169898182662422625e-02 5.219934104004413378e-01
8.661965301710494725e-02 5.497199307119662315e-01
8.712367510466617615e-02 5.959307978978408693e-01
9.285195788445360643e-02 6.190362314907781327e-01
1.044432288294819267e-01 6.467627518023029154e-01
1.082285666834744142e-01 6.513838385208904347e-01
1.164498023572404506e-01 6.565825610793012412e-01
1.303130625130028419e-01 6.612595480404523940e-01
1.534184961059401608e-01 6.668467056177023178e-01
1.626606695431150884e-01 6.672817562617024967e-01
1.719028429802900160e-01 6.656637540365254457e-01
1.811450164174649435e-01 6.613151213810125606e-01
2.042504500104022624e-01 6.473816473449709452e-01
2.088715367289897262e-01 6.436977453052805664e-01
2.175360743263412555e-01 6.328994916465404685e-01
2.307537414846539403e-01 6.190362314907781327e-01
2.472361837572628063e-01 5.959307978978408693e-01
2.504613171962769558e-01 5.927714835086024259e-01
2.550824039148643640e-01 5.902112561395891355e-01
2.597034906334518833e-01 5.893142419144087318e-01
2.689456640706268109e-01 5.896390105963794648e-01
2.920510976635640743e-01 5.953626314980144940e-01
3.197776179750888570e-01 6.061356977347214237e-01
3.264204301330583258e-01 6.097940580536032051e-01
3.296173457293225528e-01 6.144151447721907244e-01
3.303034266118713980e-01 6.190362314907781327e-01
3.198174549295594860e-01 6.606260119580653623e-01
3.059143578193265212e-01 6.795724675042739138e-01
3.012932711007390019e-01 6.834204108680208556e-01
2.966721843821515936e-01 6.852116373905501323e-01
2.781878375078017385e-01 6.867529253285405977e-01
2.597034906334518833e-01 6.923296970683744389e-01
2.504613171962769558e-01 6.970485772763864718e-01
2.458402304776894365e-01 7.006597122037874215e-01
2.267369880606715515e-01 7.253212260182898552e-01
2.128487015277740202e-01 7.530477463298146379e-01
2.082480567748946076e-01 7.669110064855770847e-01
2.067679077003790056e-01 7.761531799227519013e-01
2.067679077003790056e-01 8.223640471086266501e-01
2.083870679601055320e-01 8.316062205458014667e-01
2.123758608239185719e-01 8.408483939829765053e-01
2.181137101661646538e-01 8.504756579800336613e-01
2.223497063248697780e-01 8.547116541387388411e-01
2.273558836033395814e-01 8.579384474508560121e-01
2.504613171962769558e-01 8.690593830633853711e-01
2.597034906334518833e-01 8.706785433231118976e-01
2.781878375078017385e-01 8.715253004302148110e-01
2.920510976635640743e-01 8.747956079541381325e-01
3.290197914122637846e-01 8.757134587030654949e-01
3.336408781308513039e-01 8.763867513663990971e-01
3.382619648494387121e-01 8.782503146115436810e-01
3.424498246881586550e-01 8.824381744502636238e-01
3.443133879333032388e-01 8.870592611688510321e-01
3.449866805966368410e-01 8.916803478874385513e-01
3.454005092580030301e-01 9.656177353848379719e-01
3.471632384467178145e-01 9.748599088220128994e-01
3.493608249146176181e-01 9.794809955406003077e-01
3.528954061249656715e-01 9.841020822591878270e-01
3.659884851609634948e-01 9.940333651193100639e-01
3.752306585981384779e-01 9.983819977748229491e-01
3.798517453167259417e-01 9.995407128871960367e-01
3.890939187539008692e-01 1.000000000000000000e+00
3.983360921910757968e-01 9.978415633064166013e-01
4.029571789096632606e-01 9.949572765320962020e-01
4.093451517265341288e-01 9.887231689777753463e-01
4.214415257840131157e-01 9.728005114800337694e-01
4.306836992211880433e-01 9.649163204364809010e-01
4.399258726583629708e-01 9.605042377864010383e-01
4.491680460955378984e-01 9.588240481940788484e-01
5.046210867185875193e-01 9.584791909762737649e-01
5.277265203115247827e-01 9.542029614754914402e-01
5.831795609345743481e-01 9.542029614754914402e-01
5.924217343717492756e-01 9.556787314107332287e-01
6.062849945275117225e-01 9.607177899849563829e-01
6.201482546832740583e-01 9.694406343974876217e-01
6.340115148390365052e-01 9.800998910832683375e-01
6.432536882762114328e-01 9.841405913151760609e-01
6.478747749947988410e-01 9.842215931225996028e-01
6.524958617133863603e-01 9.820865018819315839e-01
6.576175661598206990e-01 9.748599088220128994e-01
6.651653411335136656e-01 9.563755619476630443e-01
6.769159148038528251e-01 9.332701283547257809e-01
6.802223820249111430e-01 9.281539252020039044e-01
6.843483523093641940e-01 9.240279549175507423e-01
6.987067288992609981e-01 9.151708720402582653e-01
7.033278156178484064e-01 9.107423306016118048e-01
7.107124934132381666e-01 9.009225213246134789e-01
7.171910757736108533e-01 8.944439389642409033e-01
7.587808562408979718e-01 8.631556398699760102e-01
7.777488052137047081e-01 8.500905674201513218e-01
7.821914559378929654e-01 8.454694807015639135e-01
7.866967653523648796e-01 8.362273072643889860e-01
7.872154462915612605e-01 8.316062205458014667e-01
7.861292876390837403e-01 8.269851338272140584e-01
7.832264049822257324e-01 8.223640471086266501e-01
7.740619498216816385e-01 8.131218736714516115e-01
7.733372794044486298e-01 8.085007869528642033e-01
7.823029451937080214e-01 7.900164400785143481e-01
7.839899188624459558e-01 7.807742666413394206e-01
7.839899188624459558e-01 7.622899197669895655e-01
7.823029451937080214e-01 7.530477463298146379e-01
7.778840986579158567e-01 7.438055728926397103e-01
7.744110024949437676e-01 7.391844861740521910e-01
7.634019429594854911e-01 7.281205381651264519e-01
7.402965093665481167e-01 7.108390703198594895e-01
7.218121624921982615e-01 7.010990298016939182e-01
7.125699890550233340e-01 6.971102369378808783e-01
6.848434687434985513e-01 6.900029203833712987e-01
6.802223820249111430e-01 6.879281467546178863e-01
6.760256808212959934e-01 6.837314455510026256e-01
6.741709589410466164e-01 6.791103588324152174e-01
6.726255955254150098e-01 6.652470986766527705e-01
6.693095080048623302e-01 6.513838385208904347e-01
6.688076081155645003e-01 6.236573182093656520e-01
6.704877977078866902e-01 6.144151447721907244e-01
6.756012953063236237e-01 6.048053848914917152e-01
6.802223820249111430e-01 6.008629192994101587e-01
6.848434687434985513e-01 5.990716927768807709e-01
6.894645554620860706e-01 5.984482555878175569e-01
7.402965093665481167e-01 5.983792841442565624e-01
7.587808562408979718e-01 6.021272550886740405e-01
7.680230296780730104e-01 6.019088703988706435e-01
7.726441163966604186e-01 6.001519828811658908e-01
7.772652031152478269e-01 5.961933596432151816e-01
7.825302117536385715e-01 5.866886244606659417e-01
7.857876991126426791e-01 5.774464510234909032e-01
7.904270483226532029e-01 5.682042775863160866e-01
8.077021685213287006e-01 5.450988439933787122e-01
8.206767581542859791e-01 5.312355838376162653e-01
8.446708622700285218e-01 4.988879768075040744e-01
8.558236773312347667e-01 4.877351617462977185e-01
8.696869374869971026e-01 4.776043177863175671e-01
8.789291109241721411e-01 4.692508148719478633e-01
8.927923710799344770e-01 4.591199709119677119e-01
9.038014306153927535e-01 4.480560229030419728e-01
9.072745267783648426e-01 4.434349361844545090e-01
9.165417265926749657e-01 4.249505893101046539e-01
9.244203006702668146e-01 4.018451557171672794e-01
9.302455335975183814e-01 3.879818955614049436e-01
9.318646938572450189e-01 3.787397221242300160e-01
9.318646938572450189e-01 3.602553752498801609e-01
9.301777201885068624e-01 3.510132018127052334e-01
9.257588736527146978e-01 3.417710283755303058e-01
9.095765068031058664e-01 3.232866815011804507e-01
9.066968909385413333e-01 3.186655947825929314e-01
9.051271179364717145e-01 3.140445080640055231e-01
9.045520022070860922e-01 3.048023346268305955e-01
9.066976411149567650e-01 2.955601611896556680e-01
9.097816604865061052e-01 2.909390744710681487e-01
9.266960583316118383e-01 2.770758143153057573e-01
9.303071932590127879e-01 2.724547275967182935e-01
9.348666203161059007e-01 2.632125541595433660e-01
9.406028452068586621e-01 2.401071205666060471e-01
9.411068672944199465e-01 2.354860338480185833e-01
9.406028452068586621e-01 2.216227736922561919e-01
9.348666203161059007e-01 1.938962533807314093e-01
9.308778274522928609e-01 1.846540799435564817e-01
9.204014061359019339e-01 1.661697330692066266e-01
9.119206398740875574e-01 1.384432127576818439e-01
8.934937860282915478e-01 1.014745190089821336e-01
8.807508854959229527e-01 8.299017213463227849e-02
8.558236773312347667e-01 5.806296396994409248e-02
8.465815038940598392e-01 5.122020094434343029e-02
8.366566699189118550e-01 4.140039166734510445e-02
8.280971570197099840e-01 3.455278134798372980e-02
8.096128101453601289e-01 2.221462984463817847e-02
7.911284632710102738e-01 1.302994943601709643e-02
7.818862898338353462e-01 9.772462077012877835e-03
