7.844165080547012003e-01 0.000000000000000000e+00
7.428823459119358041e-01 0.000000000000000000e+00
7.336525321024323087e-01 1.616994944599436934e-03
7.198078113881771767e-01 7.434437744283151073e-03
6.967332768644185492e-01 1.530247574582704884e-02
6.598140216264047897e-01 3.378709627400772186e-02
6.488196845886139430e-01 4.363497797254045629e-02
6.386475736113416124e-01 5.747969868679564387e-02
6.275096732931427779e-01 6.901696594867495760e-02
6.182798594836392825e-01 7.655739419483181818e-02
6.136649525788875348e-01 7.890055823635161447e-02
6.090500456741358981e-01 8.005428496253952364e-02
6.044351387693841504e-01 7.963920856564665751e-02
5.998202318646324027e-01 7.752035922687483538e-02
5.905904180551289073e-01 7.144803297885671256e-02
5.859755111503772707e-01 6.986894876185995029e-02
5.767456973408737753e-01 6.908584515620858069e-02
4.290686763888187372e-01 6.922360357127582686e-02
4.198388625793152418e-01 7.084059851587526380e-02
3.967643280555566698e-01 8.178752729716892711e-02
3.921494211508049221e-01 8.266939887523216957e-02
3.875345142460532299e-01 8.178752729716892711e-02
3.644599797222946025e-01 7.068135860284768812e-02
3.552301659127911626e-01 6.742822750605553805e-02
3.367705382937842828e-01 5.826258467956602072e-02
3.275407244842808430e-01 5.216431484114408823e-02
3.044661899605222155e-01 3.980295706055914096e-02
2.952363761510187756e-01 3.371697629127584639e-02
2.860065623415153357e-01 2.937415909474205833e-02
2.813916554367635880e-01 2.821699354075629662e-02
2.583171209130050161e-01 2.684381669602076137e-02
2.398574932939981363e-01 2.307453452375862746e-02
1.937084242464809369e-01 2.307453452375862746e-02
1.844786104369774971e-01 2.469152946835806439e-02
1.752487966274740017e-01 2.867498808963692136e-02
1.656344072425746106e-01 3.440516416303701641e-02
1.614040759132188696e-01 3.863549549239275738e-02
1.482598321398634900e-01 6.209460559154739157e-02
1.330965665956793109e-01 8.055423321055427133e-02
1.233695515065567627e-01 9.901386082956115109e-02
1.193860928852777947e-01 1.082436746390645910e-01
1.159509055259419497e-01 1.267033022580714707e-01
1.067439080659546291e-01 1.543927436865817904e-01
9.751409425645118922e-02 1.774672782103404178e-01
8.230759773423645953e-02 2.097716265436024297e-01
6.400721002825709993e-02 2.559206955911196291e-01
6.239021508365766300e-02 2.651505094006231245e-01
6.239021508365766300e-02 3.020697646386368840e-01
6.407493274988951271e-02 3.112995784481403239e-01
6.856053972944103903e-02 3.205293922576437637e-01
7.216684545909118897e-02 3.251442991623955114e-01
7.833575162768785516e-02 3.303772739561765537e-01
9.679537924669473492e-02 3.396320806748537313e-01
1.106400999609499225e-01 3.442265729510911032e-01
1.383295413894602421e-01 3.491201826909884343e-01
1.429444482942119898e-01 3.486217223841879820e-01
1.567891690084671219e-01 3.442469875796054790e-01
1.660189828179705618e-01 3.396772077484118135e-01
1.804405668953197317e-01 3.297592060671472036e-01
1.844786104369774971e-01 3.257211625254894383e-01
1.918003377377855423e-01 3.159144853528920160e-01
2.278677841787117853e-01 2.789952301148782565e-01
2.398574932939981363e-01 2.630353437359451707e-01
2.444724001987498285e-01 2.592702247961813367e-01
2.490873071035015762e-01 2.612566816997388131e-01
2.502410338296895409e-01 2.651505094006231245e-01
2.505387697590283347e-01 2.743803232101265643e-01
2.474188407610144469e-01 2.882250439243817519e-01
2.461408665412370134e-01 3.574486474956575233e-01
2.428292136493307440e-01 3.712933682099127108e-01
2.415006798434172763e-01 3.851380889241678984e-01
2.380534842312314603e-01 3.943679027336712828e-01
2.343086171347132929e-01 3.989828096384230305e-01
2.260127725797429488e-01 4.040207496761103467e-01
2.075531449607360690e-01 4.075899772782377584e-01
1.890935173417291892e-01 4.135346531848579366e-01
1.752487966274740017e-01 4.168097484075850012e-01
1.567891690084671219e-01 4.227644669943613764e-01
1.429444482942119898e-01 4.260496048972446381e-01
1.290997275799568023e-01 4.311678069310449501e-01
1.244848206752051101e-01 4.342602229968616778e-01
1.088207616619612517e-01 4.497467855906919776e-01
1.002950169827981908e-01 4.635915063049471652e-01
8.246683764726397969e-02 5.051256684477126724e-01
8.084984270266454276e-02 5.143554822572160568e-01
8.135319075771785258e-02 5.558896443999815640e-01
8.927867481850071396e-02 5.881939927332435758e-01
9.053728579252384723e-02 6.020387134474988189e-01
9.631155836151916727e-02 6.251132479712573353e-01
1.007922182624172436e-01 6.343430617807608307e-01
1.042606698279108235e-01 6.389579686855125784e-01
1.152550068657016702e-01 6.488058503840452573e-01
1.244848206752051101e-01 6.534457501979707983e-01
1.475593551989636820e-01 6.626755640074742937e-01
1.614040759132188696e-01 6.672700562837116101e-01
1.752487966274740017e-01 6.697841046508463680e-01
1.844786104369774971e-01 6.691409485222354903e-01
1.937084242464809369e-01 6.648954547149967809e-01
1.983233311512326291e-01 6.611202541699597868e-01
2.068399320754562565e-01 6.481877824950159628e-01
2.174010266592687479e-01 6.343430617807608307e-01
2.225131348436396039e-01 6.251132479712573353e-01
2.264965934649185164e-01 6.158834341617539510e-01
2.299205566523149780e-01 6.020387134474988189e-01
2.352425863892463886e-01 5.867197863608923925e-01
2.398574932939981363e-01 5.830528245147921229e-01
2.444724001987498285e-01 5.823704197343902988e-01
2.490873071035015762e-01 5.831629876649486732e-01
2.952363761510187756e-01 6.026817742457019067e-01
3.090810968652739632e-01 6.072762665219392231e-01
3.275407244842808430e-01 6.104330699725213361e-01
3.321556313890325907e-01 6.138644123909250405e-01
3.373931844634729948e-01 6.251132479712573353e-01
3.381045348209390511e-01 6.343430617807608307e-01
3.367293337678489706e-01 6.389579686855125784e-01
3.269226565952515484e-01 6.528026893997677105e-01
3.090810968652739632e-01 6.854741326004532009e-01
3.044661899605222155e-01 6.894113259038078256e-01
2.998512830557705233e-01 6.913701256751928481e-01
2.813916554367635880e-01 6.960499609238426366e-01
2.675469347225084560e-01 6.984679375621093422e-01
2.583171209130050161e-01 7.024513961833883657e-01
2.444724001987498285e-01 7.099016739212867799e-01
2.398574932939981363e-01 7.135656303123321109e-01
2.299272025435948330e-01 7.266411998757952295e-01
2.209140447898156334e-01 7.451008274948021093e-01
2.184960681515488723e-01 7.635604551138091001e-01
2.151854909955178141e-01 7.774051758280642321e-01
2.146821429404644488e-01 8.143244310660779917e-01
2.163668606066963540e-01 8.235542448755814871e-01
2.207096778032299755e-01 8.327840586850848714e-01
2.299144665992148839e-01 8.466287793993400035e-01
2.352425863892463886e-01 8.527976855679367807e-01
2.398574932939981363e-01 8.564039912975869306e-01
2.490873071035015762e-01 8.611165609117983344e-01
2.629320278177567083e-01 8.657110531880356508e-01
2.721618416272602037e-01 8.671892228481219433e-01
3.136960037700257109e-01 8.681768447161423152e-01
3.183109106747774031e-01 8.697445184490338876e-01
3.229258175795290953e-01 8.726202833817624516e-01
3.338535688351205177e-01 8.835480346373538740e-01
3.367293337678489706e-01 8.881629415421055107e-01
3.382970075007405431e-01 8.927778484468572584e-01
3.390779917461601567e-01 9.020076622563606428e-01
3.389402333310929105e-01 9.296971036848710179e-01
3.353860662223587252e-01 9.481567313038778977e-01
3.353860662223587252e-01 9.527716382086296454e-01
3.364300943417943834e-01 9.573865451133813931e-01
3.386584547548190383e-01 9.620014520181330298e-01
3.422976942378474496e-01 9.666163589228847774e-01
3.644599797222946025e-01 9.811615565780398285e-01
3.921494211508049221e-01 9.947218985149383075e-01
3.967643280555566698e-01 9.958322695583514683e-01
4.059941418650601097e-01 9.957119047989366756e-01
4.106090487698118574e-01 9.943449097319438934e-01
4.198388625793152418e-01 9.894124076851498195e-01
4.382984901983221770e-01 9.834075201994045834e-01
4.567581178173290568e-01 9.820585474118617153e-01
4.706028385315841889e-01 9.787926132946527247e-01
5.167519075791013883e-01 9.774436405071099676e-01
5.352115351981082680e-01 9.736764776950797007e-01
5.905904180551289073e-01 9.735387192800123435e-01
5.998202318646324027e-01 9.743197035254318461e-01
6.044351387693841504e-01 9.758063890521748718e-01
6.275096732931427779e-01 9.889904165057434859e-01
6.413543940073979099e-01 9.987146846264703948e-01
6.459693009121496576e-01 1.000000000000000000e+00
6.505842078169012943e-01 9.996514008493991854e-01
6.551991147216530420e-01 9.972023908554413785e-01
6.578685216567545790e-01 9.943058003513951526e-01
6.921183699596668015e-01 9.429515456089835324e-01
6.961429980742759316e-01 9.389269174943744023e-01
7.105779975786736813e-01 9.303151715739002015e-01
7.290376251976806721e-01 9.151519060297159669e-01
7.428823459119358041e-01 9.073230461020123094e-01
7.572100219999440274e-01 8.973927553516090061e-01
7.617265491063387461e-01 8.927778484468572584e-01
7.670910524716079149e-01 8.835480346373538740e-01
7.753758297740811489e-01 8.650884070183468832e-01
7.760290978865413969e-01 8.604735001135952466e-01
7.753758297740811489e-01 8.558585932088433879e-01
7.700135324729358022e-01 8.420138724945882558e-01
7.684020923031374961e-01 8.327840586850848714e-01
7.684020923031374961e-01 8.189393379708296283e-01
7.700800349653496024e-01 8.097095241613262440e-01
7.744175430944059135e-01 8.004797103518228596e-01
7.855317772233496587e-01 7.820200827328158688e-01
7.894408018622938172e-01 7.727902689233124844e-01
7.904158870308786167e-01 7.635604551138091001e-01
7.894408018622938172e-01 7.589455482090572414e-01
7.855317772233496587e-01 7.497157343995538570e-01
7.770060325441865423e-01 7.358710136852987249e-01
7.521121597214392995e-01 7.109771408625513711e-01
7.474972528166874408e-01 7.075635043677591662e-01
7.198078113881771767e-01 6.932215823738849814e-01
7.013481837691702969e-01 6.858257527427862321e-01
6.921183699596668015e-01 6.811214363152896523e-01
6.875034630549150538e-01 6.775254049609377160e-01
6.706590528525713246e-01 6.574175963045194582e-01
6.687700697720670995e-01 6.528026893997677105e-01
6.689284627632894331e-01 6.481877824950159628e-01
6.704434383496443717e-01 6.435728755902643261e-01
6.778036124310388155e-01 6.297281548760090830e-01
6.875034630549150538e-01 6.196541507790510606e-01
6.967332768644185492e-01 6.045192259088028042e-01
7.013481837691702969e-01 6.009645540817376563e-01
7.151929044834254290e-01 5.967279078825067362e-01
7.244227182929289244e-01 5.952541115054383880e-01
7.705717873404460683e-01 5.948408362602367605e-01
7.751866942451978160e-01 5.941640707132002097e-01
7.798016011499495637e-01 5.922908998833803507e-01
7.838985083000862275e-01 5.881939927332435758e-01
7.859914366015610110e-01 5.835790858284919391e-01
7.884640083728031712e-01 5.743492720189884437e-01
7.929458449233048878e-01 5.651194582094850594e-01
8.028761356737081911e-01 5.540346328010127275e-01
8.167208563879633232e-01 5.438642619847150472e-01
8.344987363960409965e-01 5.282002029714711888e-01
8.444102978164735873e-01 5.183935257988738776e-01
8.536401116259770827e-01 5.115599136514530354e-01
8.693041706392209411e-01 4.958958546382091770e-01
8.794214665457920077e-01 4.820511339239540449e-01
9.062234258772347006e-01 4.543616924954436698e-01
9.163407217838057672e-01 4.405169717811885377e-01
9.280966899910338963e-01 4.266722510669333501e-01
9.325096271702996154e-01 4.174424372574299102e-01
9.341943448365315206e-01 4.082126234479264704e-01
9.349953265301986782e-01 3.759082751146644030e-01
9.376097849163423925e-01 3.620635544004092710e-01
9.368975714403915411e-01 3.574486474956575233e-01
9.327115968957855330e-01 3.482188336861541389e-01
9.209556286885574039e-01 3.343741129718988958e-01
9.075234228009022575e-01 3.159144853528920160e-01
9.054782469440072479e-01 3.112995784481403239e-01
9.054782469440072479e-01 3.066846715433886317e-01
9.075234228009022575e-01 3.020697646386368840e-01
9.142519692767786532e-01 2.928399508291334441e-01
9.186649064560443723e-01 2.836101370196300042e-01
9.221678165370124081e-01 2.651505094006231245e-01
9.281012682716934803e-01 2.466908817816162447e-01
9.295794379317797729e-01 2.374610679721128048e-01
9.295794379317797729e-01 2.190014403531058695e-01
9.279624429871803359e-01 2.097716265436024297e-01
9.175300932827448186e-01 1.866970920198438577e-01
9.142769621859525575e-01 1.774672782103404178e-01
9.041256018167522779e-01 1.590076505913335381e-01
8.957923416577717735e-01 1.405480229723266583e-01
8.852439830183392866e-01 1.267033022580714707e-01
8.709075549612564915e-01 9.901386082956115109e-02
8.593702876993771778e-01 7.132441940105083145e-02
8.487467189597317496e-01 5.286479178204389617e-02
8.404835787834831207e-01 3.440516416303701641e-02
8.277151934257541699e-01 1.594553654403013665e-02
8.213357632927150709e-01 9.719765908374478069e-03
8.167208563879633232e-01 6.839336312332577883e-03
8.121059494832115755e-01 5.237510366598419065e-03
