7.355196148296533343e-01 5.551115123125782702e-17
7.262962380323965128e-01 5.551115123125782702e-17
7.032377960392546257e-01 6.620004314160210512e-03
6.847910424447409827e-01 1.570922773346139500e-02
6.801793540461126275e-01 1.938563749002103487e-02
6.682510446304296137e-01 3.477361816707702502e-02
6.478975352557138079e-01 5.552621596090479006e-02
6.386741584584569864e-01 6.324031291861054171e-02
6.248390932625718097e-01 7.194541689740080459e-02
6.017806512694299226e-01 8.069172248100625611e-02
5.925572744721731011e-01 8.561943686720874247e-02
5.833338976749162796e-01 8.760154124091718009e-02
5.741105208776595692e-01 8.714423111816760326e-02
5.556637672831459263e-01 8.040701869221450471e-02
5.279936368913755729e-01 7.468246007828432953e-02
4.911001297023483980e-01 7.333442808483903175e-02
4.726533761078348661e-01 6.956777466717639635e-02
4.403715573174361020e-01 6.956777466717639635e-02
4.311481805201792805e-01 7.118364189495773875e-02
3.942546733311521612e-01 8.735510106929544882e-02
3.896429849325237504e-01 9.102549177360252930e-02
3.804196081352669845e-01 1.023299471554951490e-01
3.758079197366385737e-01 1.047559896162629789e-01
3.711962313380101630e-01 1.051018662461600250e-01
3.665845429393818078e-01 1.038231708265403563e-01
3.619728545407533415e-01 1.008292725827248937e-01
3.499558588097121392e-01 8.550219055198937657e-02
3.343027241489829882e-01 6.984905589126028103e-02
3.296910357503546329e-01 6.643780011837374655e-02
3.066325937572126348e-01 5.400271175778653676e-02
2.974092169599558133e-01 4.792097544386852981e-02
2.881858401626991029e-01 4.335438264649216222e-02
2.605157097709286940e-01 3.415140624027795946e-02
2.512923329736719280e-01 3.267426747814922150e-02
1.913403837915027550e-01 3.267426747814922150e-02
1.821170069942459890e-01 3.435781019670886005e-02
1.728936301969892231e-01 3.876766972660333765e-02
1.432685449405828870e-01 6.244374855884737840e-02
1.388485187835855061e-01 6.705543695747578914e-02
1.286835019909073341e-01 8.089050215336096583e-02
1.157352999486045420e-01 9.472556734924614252e-02
1.056250599977653915e-01 1.085606325451313747e-01
9.728854635409095453e-02 1.177840093423881407e-01
8.458384270395596927e-02 1.362307629369017281e-01
8.017637876327476931e-02 1.454541397341584941e-01
7.445182014934464965e-02 1.685125817273004922e-01
7.310378815589940737e-02 2.054060889163276116e-01
6.984013175071623891e-02 2.192411541122128438e-01
6.849209975727099664e-02 2.653580380984967846e-01
6.522844335208788369e-02 2.791931032943819613e-01
6.479427750973704159e-02 2.976398568888954932e-01
6.695057034849871691e-02 3.068632336861523147e-01
7.009909579156226034e-02 3.114749220847806699e-01
7.604817382579293072e-02 3.159608371634464730e-01
9.449492742030651815e-02 3.200028855520856141e-01
1.129416810148200501e-01 3.259422348837036076e-01
1.360001230079620482e-01 3.307634918155517578e-01
1.406118114065904590e-01 3.301106793021888475e-01
1.498351882038472249e-01 3.256145327409526447e-01
1.544468766024756357e-01 3.210826062485899191e-01
1.693964331613626584e-01 2.930281684902671380e-01
1.772270270543210846e-01 2.745814148957535505e-01
1.894866659057795610e-01 2.561346613012399631e-01
2.005637605887595765e-01 2.462112960863341860e-01
2.190105141832731639e-01 2.364965548704140996e-01
2.282338909805299298e-01 2.326604113377298000e-01
2.328455793791583406e-01 2.318683961560762952e-01
2.374572677777867513e-01 2.325503250170263825e-01
2.420689561764151065e-01 2.364361637128129523e-01
2.439784834039722128e-01 2.422995961053547864e-01
2.442371380354717014e-01 3.206982988820374914e-01
2.404726024999668810e-01 3.391450524765510788e-01
2.396254496368433462e-01 3.668151828683214322e-01
2.381526811077385730e-01 3.760385596655781981e-01
2.327099414850810066e-01 3.898736248614634303e-01
2.286092609664648334e-01 3.944853132600918411e-01
2.236222025819015191e-01 3.976509637710146094e-01
2.005637605887595765e-01 4.076326705368833458e-01
1.728936301969892231e-01 4.238743456913509622e-01
1.590585650011039909e-01 4.365669698975759294e-01
1.498351882038472249e-01 4.433958161801602182e-01
1.313884346093336375e-01 4.597489392585383250e-01
1.083299926161916948e-01 4.722663791976724479e-01
1.037183042175632841e-01 4.759427889542320878e-01
9.848897897983288630e-02 4.821073928340313119e-01
8.939975556053153527e-02 5.005541464285448994e-01
8.596696395300157389e-02 5.190009000230584313e-01
8.003765029762227590e-02 5.374476536175720742e-01
7.856051153549342692e-02 5.466710304148287847e-01
7.856051153549342692e-02 5.789528492052276043e-01
8.024405425405317649e-02 5.881762260024844258e-01
8.458384270395596927e-02 5.973996027997411362e-01
1.122289655350320325e-01 6.389047983873967773e-01
1.175533694134484608e-01 6.450694022671958905e-01
1.221650578120768715e-01 6.487458120237554748e-01
1.406118114065904590e-01 6.584660433449120998e-01
1.775053185956175783e-01 6.736040344835281246e-01
1.821170069942459890e-01 6.740972729703724742e-01
1.867286953928743998e-01 6.729571761165545896e-01
1.913403837915027550e-01 6.693306937978595883e-01
1.972622109397415002e-01 6.619632403805386645e-01
2.005637605887595765e-01 6.592730888146721702e-01
2.143988257846447532e-01 6.527803169902873792e-01
2.190105141832731639e-01 6.495577985882283745e-01
2.242398394210036172e-01 6.435164867860251325e-01
2.293483823435318314e-01 6.342931099887683111e-01
2.367390540107872088e-01 6.158463563942547792e-01
2.420689561764151065e-01 6.062561407471070973e-01
2.466806445750435173e-01 6.023216933021233732e-01
2.512923329736719280e-01 6.005341097581838872e-01
2.881858401626991029e-01 5.998431093393128410e-01
2.974092169599558133e-01 6.013158778684176697e-01
3.112442821558410455e-01 6.064241999246433590e-01
3.175730885752353627e-01 6.112346679956263129e-01
3.209462303906913672e-01 6.158463563942547792e-01
3.218767859637897688e-01 6.204580447928831344e-01
3.201313900073645691e-01 6.250697331915116006e-01
3.130971926731471178e-01 6.342931099887683111e-01
3.096721156563085886e-01 6.435164867860251325e-01
3.088007756162692297e-01 6.619632403805386645e-01
3.071904592893047736e-01 6.711866171777954859e-01
3.030943155892994456e-01 6.804099939750523074e-01
2.974092169599558133e-01 6.880143737813011473e-01
2.927975285613274581e-01 6.906710006620004894e-01
2.881858401626991029e-01 6.916247816717168151e-01
2.651273981695571047e-01 6.921457084820096251e-01
2.559040213723002832e-01 6.937615757097909119e-01
2.374572677777867513e-01 7.028507991290922075e-01
2.264705983575249770e-01 7.126918127654510160e-01
2.137111178655510813e-01 7.311385663599645479e-01
2.093713294156481775e-01 7.403619431572213694e-01
2.076877866970885389e-01 7.495853199544781909e-01
2.081907837095681169e-01 8.049255807380188976e-01
2.139153423234982920e-01 8.279840227311608958e-01
2.187059687229863658e-01 8.372073995284177172e-01
2.232378952153491469e-01 8.418190879270460725e-01
2.697390865681854599e-01 8.655201422380296439e-01
2.881858401626991029e-01 8.710855719952647069e-01
3.066325937572126348e-01 8.730632768277535316e-01
3.112442821558410455e-01 8.757199037084526516e-01
3.140022526687462623e-01 8.787125951160732473e-01
3.216590117894101430e-01 8.925476603119584240e-01
3.256372128838184166e-01 9.017710371092151345e-01
3.272475292107828171e-01 9.109944139064720670e-01
3.275916850614268294e-01 9.663346746900127737e-01
3.293508292291442707e-01 9.755580514872694842e-01
3.352143369719677857e-01 9.847814282845263056e-01
3.435261009462398096e-01 9.904483335201290650e-01
3.527494777434965756e-01 9.946474173996247004e-01
3.665845429393818078e-01 9.991655040040576807e-01
3.758079197366385737e-01 1.000000000000000000e+00
3.804196081352669845e-01 9.990255948706123768e-01
3.896429849325237504e-01 9.946224419208851142e-01
3.942546733311521612e-01 9.912111861479986352e-01
4.173131153242941038e-01 9.692496098099004920e-01
4.265364921215508698e-01 9.648092700658510434e-01
4.403715573174361020e-01 9.633650268575626452e-01
4.542066225133212787e-01 9.600556835626494756e-01
4.911001297023483980e-01 9.587076515692041223e-01
5.049351948982335747e-01 9.554439951640210094e-01
5.326053252900039281e-01 9.540959631705758781e-01
5.510520788845175710e-01 9.503314276350709466e-01
5.879455860735447459e-01 9.503314276350709466e-01
5.971689628708014563e-01 9.520082000746015183e-01
6.063923396680582778e-01 9.564113094751069966e-01
6.248390932625718097e-01 9.725561033787284426e-01
6.294507816612002760e-01 9.754345241194490868e-01
6.340624700598286312e-01 9.767658746392912095e-01
6.386741584584569864e-01 9.767658746392912095e-01
6.432858468570854527e-01 9.753521725409022292e-01
6.478975352557138079e-01 9.723479546607733948e-01
6.531268604934443722e-01 9.663346746900127737e-01
6.656443004325784951e-01 9.432762326968707756e-01
6.894027308433694490e-01 9.135508933448420743e-01
6.986261076406261594e-01 9.061804584728160306e-01
7.170728612351398024e-01 8.982738400735887918e-01
7.262962380323965128e-01 8.931652971510604111e-01
7.513096348901744381e-01 8.741009067174447811e-01
7.555183789429360530e-01 8.694892183188164259e-01
7.582074747193341402e-01 8.648775299201880706e-01
7.590694662423211891e-01 8.602658415215596044e-01
7.579254594078951301e-01 8.556541531229312492e-01
7.506920696611407706e-01 8.464307763256744277e-01
7.482584590127497881e-01 8.418190879270460725e-01
7.473632691261307137e-01 8.372073995284177172e-01
7.477126394593602843e-01 8.279840227311608958e-01
7.488632706060125432e-01 8.233723343325325406e-01
7.531977536910622328e-01 8.141489575352757191e-01
7.592780452404442881e-01 8.049255807380188976e-01
7.707876908617867784e-01 7.818671387448770105e-01
7.720672453887833520e-01 7.772554503462485442e-01
7.719973140483122886e-01 7.726437619476201890e-01
7.683367188806071724e-01 7.634203851503633675e-01
7.607897849323416173e-01 7.541970083531066571e-01
7.493546800255385110e-01 7.431555620910058613e-01
7.401313032282816895e-01 7.363267158084215724e-01
7.300844106455556259e-01 7.265268779613361927e-01
7.216845496337681576e-01 7.208599727257335443e-01
6.847910424447409827e-01 7.029770265486682268e-01
6.709559772488558060e-01 6.988148231295783219e-01
6.663442888502274508e-01 6.956746825745122598e-01
6.616112402305824869e-01 6.896333707723090178e-01
6.564254987230186966e-01 6.757983055764238411e-01
6.541512642205205008e-01 6.573515519819103092e-01
6.512819194837394798e-01 6.435164867860251325e-01
6.519833293632706361e-01 6.389047983873967773e-01
6.556477338145197953e-01 6.342931099887683111e-01
6.663442888502274508e-01 6.296387207716340750e-01
6.709559772488558060e-01 6.264713247636436444e-01
6.761853024865862594e-01 6.204580447928831344e-01
6.847910424447409827e-01 6.062561407471070973e-01
6.894027308433694490e-01 6.023216933021233732e-01
6.940144192419978042e-01 6.005341097581838872e-01
7.493546800255385110e-01 5.994989534886689952e-01
7.585780568227953324e-01 5.978154107701092457e-01
7.678014336200520429e-01 5.930924598613995791e-01
7.727176674789673072e-01 5.881762260024844258e-01
7.814342317809097604e-01 5.697294724079707828e-01
7.888046666529358042e-01 5.605060956107139614e-01
8.046949408090793288e-01 5.484890998796727590e-01
8.231416944035927497e-01 5.309292094387415561e-01
8.462001363967348588e-01 5.162072810892739394e-01
8.895234014492342522e-01 4.728840160367745460e-01
8.929346572221206202e-01 4.682723276381461353e-01
9.053697455827081075e-01 4.452138856450041371e-01
9.114637623951813428e-01 4.359905088477473711e-01
9.211016421377909991e-01 4.175437552532337837e-01
9.342313173608751686e-01 3.852619364628350196e-01
9.352057224902627919e-01 3.760385596655781981e-01
9.342313173608751686e-01 3.714268712669498429e-01
9.297555452918837560e-01 3.622034944696930214e-01
9.261517546545882107e-01 3.575918060710646662e-01
9.107637739775322760e-01 3.444380130249768968e-01
8.972118826306858530e-01 3.253099872806659021e-01
8.961476970367181494e-01 3.206982988820374914e-01
8.965196073914463160e-01 3.160866104834091361e-01
9.008221834132761341e-01 3.022515452875239594e-01
9.067946978967456051e-01 2.884164800916387272e-01
9.113859859043315081e-01 2.745814148957535505e-01
9.169718160526091344e-01 2.469112845039831972e-01
9.174748130650887123e-01 2.146294657135844330e-01
9.158589458373073144e-01 2.054060889163276116e-01
9.054338718119046003e-01 1.823476469231856689e-01
9.021830094981171388e-01 1.731242701259288475e-01
8.869871182173909574e-01 1.408424513355300833e-01
8.837362559036036069e-01 1.316190745382733174e-01
8.791696631062272393e-01 1.223956977410165514e-01
8.506095577603356439e-01 8.089050215336096583e-02
8.419727553646587648e-01 6.244374855884737840e-02
8.323650712008496821e-01 5.250665808085053232e-02
8.202932986279694028e-01 3.477361816707702502e-02
8.046949408090793288e-01 2.032091613208975023e-02
7.954715640118223963e-01 1.568425225472180884e-02
7.816364988159372196e-01 1.108292857089732131e-02
7.585780568227953324e-01 5.461447209128444946e-03
7.493546800255385110e-01 4.203714009502479421e-03
