5.115463529541531829e-01 4.424498126225917538e-04
5.069768957206133297e-01 0.000000000000000000e+00
5.024074384870735877e-01 4.424498126225917538e-04
4.978379812535337345e-01 1.959327874381522339e-03
4.932685240199939369e-01 5.079020949280088626e-03
4.919433814222673451e-01 6.404163547006569424e-03
4.888236883473688343e-01 1.097362078054642254e-02
4.872579302743376695e-01 1.554307801408622014e-02
4.866871415866119710e-01 2.011253524762601774e-02
4.864825390239161385e-01 2.468199248116587086e-02
4.862779364612203614e-01 1.023627654513427077e-01
4.857816440911940647e-01 1.069322226848825053e-01
4.847560673994479874e-01 1.115016799184223584e-01
4.831776392959268307e-01 1.160711371519621560e-01
4.810697051554545522e-01 1.206405943855019536e-01
4.795601523193744886e-01 1.227539683560141537e-01
4.767532000187714170e-01 1.252100516190418067e-01
4.749906950858346355e-01 1.262736321820208674e-01
4.658517806187550403e-01 1.292925994752372465e-01
4.521434089181355920e-01 1.349017230095335140e-01
4.475739516845957389e-01 1.359759697980635895e-01
4.430044944510559413e-01 1.364972929944274216e-01
3.927404648821180011e-01 1.367018955571233096e-01
3.881710076485781480e-01 1.369064981198190312e-01
3.836015504150383504e-01 1.374772868075448962e-01
3.790320931814985528e-01 1.390430448805760055e-01
3.744626359479586997e-01 1.421627379554745718e-01
3.731374933502321634e-01 1.434878805532010526e-01
3.700178002753335971e-01 1.480573377867408502e-01
3.684520422023024877e-01 1.526267950202807033e-01
3.678812535145767337e-01 1.571962522538205009e-01
3.678130526603448081e-01 1.663351667209001516e-01
3.683114435181935598e-01 1.709046239544399493e-01
3.739757265706142864e-01 1.937519101221390483e-01
3.795848501049106094e-01 2.074602818227584966e-01
3.806841277197782758e-01 2.120297390562982942e-01
3.819745467030961072e-01 2.211686535233779449e-01
3.854644829794814376e-01 2.348770252239973932e-01
3.863783744261894415e-01 2.394464824575371908e-01
3.900339402130212907e-01 2.531548541581566392e-01
3.909478316597292391e-01 2.577243113916964923e-01
3.944367027945683835e-01 2.714326830923159406e-01
3.956829184037155556e-01 2.805715975593955358e-01
4.014003233489071287e-01 3.034188837270945793e-01
4.032651983462547385e-01 3.079883409606344324e-01
4.097073839541961471e-01 3.216967126612538808e-01
4.115710507396893036e-01 3.262661698947936784e-01
4.128109270386659535e-01 3.308356271283334760e-01
4.144266594576880847e-01 3.399745415954131267e-01
4.143830759609747338e-01 3.445439988289529243e-01
4.121340915128393068e-01 3.491134560624927774e-01
4.018793793491975963e-01 3.569001842053616813e-01
4.005542367514710045e-01 3.582523705295723726e-01
3.974345436765724937e-01 3.628218277631122257e-01
3.959176656148136186e-01 3.673912849966520233e-01
3.954752158021910269e-01 3.719607422301918209e-01
3.957984862614868926e-01 3.765301994637316740e-01
3.968308661153673311e-01 3.810996566972714716e-01
4.024411978615180518e-01 3.948080283978909200e-01
4.048168875707588987e-01 4.039469428649705707e-01
4.064101123688939055e-01 4.085164000985103683e-01
4.112940369251977257e-01 4.176553145655900190e-01
4.131924710483647067e-01 4.222247717991298166e-01
4.162767961882079537e-01 4.313636862662094673e-01
4.218534461958072801e-01 4.542109724339085108e-01
4.230996618049544522e-01 4.633498869009881616e-01
4.265895980813397825e-01 4.770582586016076099e-01
4.275034895280477865e-01 4.816277158351474075e-01
4.311590553148796356e-01 4.953360875357668558e-01
4.332391221374426449e-01 5.044750020028465620e-01
4.391351959871714339e-01 5.227528309370057524e-01
4.447007323635063236e-01 5.456001171047049070e-01
4.459469479726535512e-01 5.593084888053243553e-01
4.492701895970461767e-01 5.730168605059438036e-01
4.505164052061933488e-01 5.821557749730233988e-01
4.540063414825786792e-01 5.958641466736428471e-01
4.569750481240916207e-01 6.095725183742622955e-01
4.569886092605959238e-01 6.141419756078021486e-01
4.550221669752656517e-01 6.187114328413418907e-01
4.461851950744022965e-01 6.278503473084215969e-01
4.431291160119706918e-01 6.324198045419613390e-01
4.415633579389395269e-01 6.369892617755011921e-01
4.409925692512137729e-01 6.415587190090410452e-01
4.407879666885179959e-01 6.461281762425807873e-01
4.409243683969818473e-01 6.598365479432002356e-01
4.414227592548306545e-01 6.644060051767400887e-01
4.423879803798640431e-01 6.689754624102799418e-01
4.448674270154990840e-01 6.781143768773595371e-01
4.469474938380620377e-01 6.872532913444391323e-01
4.528435676877908822e-01 7.055311202785984337e-01
4.549202329292866831e-01 7.146700347456780289e-01
4.585757987161185323e-01 7.283784064462974772e-01
4.594896901628264807e-01 7.329478636798373303e-01
4.629785612976656251e-01 7.466562353804567786e-01
4.642247769068127972e-01 7.557951498475363739e-01
4.677147131831981275e-01 7.695035215481558222e-01
4.686286046299061314e-01 7.740729787816955643e-01
4.711102829906857470e-01 7.832118932487752705e-01
4.720732723905746164e-01 7.877813504823150126e-01
4.725695647606009131e-01 7.923508077158549767e-01
4.729105690317605415e-01 8.014897221829344609e-01
4.734089598896093487e-01 8.060591794164744250e-01
4.743741810146427929e-01 8.106286366500141671e-01
4.768536276502777782e-01 8.197675511170938734e-01
4.777675190969857821e-01 8.243370083506336154e-01
4.814230848838175758e-01 8.380453800512530638e-01
4.823369763305255797e-01 8.426148372847928059e-01
4.848186546913051953e-01 8.517537517518725121e-01
4.857816440911940647e-01 8.563232089854122542e-01
4.862779364612203614e-01 8.608926662189522183e-01
4.866189407323799898e-01 8.700315806860317025e-01
4.871173315902287970e-01 8.746010379195716666e-01
4.880825527152622412e-01 8.791704951531114087e-01
4.905619993508972265e-01 8.883094096201911150e-01
4.914758907976051749e-01 8.928788668537308570e-01
4.939575691583847905e-01 9.020177813208105633e-01
4.949205585582736600e-01 9.065872385543503054e-01
4.954168509282999566e-01 9.111566957878900475e-01
4.957578551994596405e-01 9.385734391891289441e-01
4.962562460573084477e-01 9.431428964226689082e-01
4.995603151338679493e-01 9.568512681232883565e-01
5.000524105282491139e-01 9.614207253568280986e-01
5.004342637725903709e-01 9.705596398239078049e-01
5.009437842169552901e-01 9.751290970574475470e-01
5.019205291097290633e-01 9.796985542909872891e-01
5.060214637536004645e-01 9.934069259916067374e-01
5.069768957206133297e-01 9.955964575826780072e-01
5.090168319855864487e-01 9.979763832251467015e-01
5.115463529541531829e-01 1.000000000000000000e+00
5.161158101876930360e-01 9.980610028035454828e-01
5.174035663171451249e-01 9.934069259916067374e-01
5.177809513829659815e-01 9.888374687580669953e-01
5.184708381465173987e-01 9.659901825903678407e-01
5.189360220740183438e-01 9.614207253568280986e-01
5.222670026174580649e-01 9.477123536562086503e-01
5.227653934753069276e-01 9.431428964226689082e-01
5.231063977464666115e-01 9.157261530214300116e-01
5.236026901164928526e-01 9.111566957878900475e-01
5.245656795163817776e-01 9.065872385543503054e-01
5.270473578771613932e-01 8.974483240872705991e-01
5.279612493238693416e-01 8.928788668537308570e-01
5.314511856002546164e-01 8.791704951531114087e-01
5.326974012094018995e-01 8.700315806860317025e-01
5.360206428337944695e-01 8.563232089854122542e-01
5.372668584429416416e-01 8.426148372847928059e-01
5.405901000673343226e-01 8.289064655841733575e-01
5.418363156764814947e-01 8.197675511170938734e-01
5.451142887851572194e-01 8.060591794164744250e-01
5.456126796430059711e-01 8.014897221829344609e-01
5.459536839141656550e-01 7.877813504823150126e-01
5.464499762841918962e-01 7.832118932487752705e-01
5.496837460186969615e-01 7.695035215481558222e-01
5.501821368765458242e-01 7.649340643146160801e-01
5.505231411477055081e-01 7.375173209133771834e-01
5.510194335177317493e-01 7.329478636798373303e-01
5.519824229176206742e-01 7.283784064462974772e-01
5.624268965942830212e-01 6.963922058115188385e-01
5.633921177193164098e-01 6.918227485779789854e-01
5.638905085771651615e-01 6.872532913444391323e-01
5.642315128483249564e-01 6.781143768773595371e-01
5.647278052183511976e-01 6.735449196438196839e-01
5.679615749528562629e-01 6.598365479432002356e-01
5.684599658107050146e-01 6.552670907096604935e-01
5.685963675191689770e-01 6.278503473084215969e-01
5.683917649564731445e-01 6.232808900748817438e-01
5.678209762687472795e-01 6.187114328413418907e-01
5.662552181957162256e-01 6.141419756078021486e-01
5.631355251208176593e-01 6.095725183742622955e-01
5.618103825230911230e-01 6.082203320500514376e-01
5.572409252895513809e-01 6.047875207051781610e-01
5.526714680560115278e-01 6.018835278370558983e-01
5.508763241428351609e-01 6.004336039071827003e-01
5.480612120971722900e-01 5.958641466736428471e-01
5.479116167710742502e-01 5.912946894401029940e-01
5.508085354915683851e-01 5.775863177394835457e-01
5.544641012784001788e-01 5.638779460388640974e-01
5.553779927251081272e-01 5.593084888053243553e-01
5.578574393607431681e-01 5.501695743382446491e-01
5.588226604857766677e-01 5.456001171047049070e-01
5.593210513436254194e-01 5.410306598711650539e-01
5.596620556147851033e-01 5.318917454040854587e-01
5.601583479848113445e-01 5.273222881705456055e-01
5.611213373847002694e-01 5.227528309370057524e-01
5.636030157454798850e-01 5.136139164699261572e-01
5.645169071921878334e-01 5.090444592363863041e-01
5.680068434685731082e-01 4.953360875357668558e-01
5.692530590777203914e-01 4.861971730686872606e-01
5.727419302125594802e-01 4.724888013680678123e-01
5.736558216592674286e-01 4.679193441345279592e-01
5.773113874460993333e-01 4.542109724339085108e-01
5.793880526875950787e-01 4.450720579668289156e-01
5.852741827619820647e-01 4.267942290326696142e-01
5.862394038870155644e-01 4.222247717991298166e-01
5.875308880118796928e-01 4.085164000985103683e-01
5.932438262344578161e-01 3.856691139308112692e-01
5.951074930199509172e-01 3.810996566972714716e-01
6.015496786278923258e-01 3.673912849966520233e-01
6.034145536252398800e-01 3.628218277631122257e-01
6.067433786528994011e-01 3.491134560624927774e-01
6.081214689296812193e-01 3.445439988289529243e-01
6.090627243699233695e-01 3.399745415954131267e-01
6.093396611719560374e-01 3.354050843618733291e-01
6.088972113593335012e-01 3.308356271283334760e-01
6.073803332975745706e-01 3.262661698947936784e-01
6.042606402226760043e-01 3.216967126612538808e-01
6.029354976249494680e-01 3.203445263370431340e-01
5.983660403914097259e-01 3.169117149921697463e-01
5.937965831578698728e-01 3.140077221240473726e-01
5.920014392446935059e-01 3.125577981941742300e-01
5.892710630131140492e-01 3.079883409606344324e-01
5.891884017104864757e-01 3.034188837270945793e-01
5.906129449213871618e-01 2.988494264935547817e-01
5.942834925352142861e-01 2.897105120264751310e-01
5.978042218790892148e-01 2.760021403258556827e-01
6.034145536252398800e-01 2.622937686252362344e-01
6.045172328211747548e-01 2.577243113916964923e-01
6.058087169460388832e-01 2.485853969246168416e-01
6.092975880808779721e-01 2.348770252239973932e-01
6.102114795275859205e-01 2.303075679904575401e-01
6.138670453144178252e-01 2.165991962898380918e-01
6.147809367611257736e-01 2.120297390562982942e-01
6.182708730375110484e-01 1.983213673556788459e-01
6.196782745197164655e-01 1.891824528885991952e-01
6.212541252844082651e-01 1.846129956550593976e-01
6.239634628570724928e-01 1.800435384215196000e-01
6.275174851498257489e-01 1.754740811879797469e-01
6.302298448502899886e-01 1.709046239544399493e-01
6.317444975270325447e-01 1.663351667209001516e-01
6.321869473396551919e-01 1.617657094873602985e-01
6.317444975270325447e-01 1.571962522538205009e-01
6.302276194652736141e-01 1.526267950202807033e-01
6.271715404028420648e-01 1.480573377867408502e-01
6.257827837926486225e-01 1.466118972332741133e-01
6.212133265591087694e-01 1.428758996737090614e-01
6.120744120920291742e-01 1.378141378215557711e-01
6.029354976249494680e-01 1.338699100858309898e-01
5.800882114572504245e-01 1.279868756301928978e-01
5.755187542237105713e-01 1.270729841834850049e-01
5.663798397566309761e-01 1.245935375478499085e-01
5.618103825230911230e-01 1.236283164228165199e-01
5.572409252895513809e-01 1.231299255649677682e-01
5.435325535889319326e-01 1.228917240520253085e-01
5.389630963553920795e-01 1.225738262919996435e-01
5.343936391218522264e-01 1.214021705910919291e-01
5.331168790124808377e-01 1.206405943855019536e-01
5.298241818883124843e-01 1.173478972613336002e-01
5.290626056827224533e-01 1.160711371519621560e-01
5.278909499818148499e-01 1.115016799184223584e-01
5.275730522217890739e-01 1.069322226848825053e-01
5.274712524173106321e-01 2.468199248116587086e-02
5.272666498546147995e-01 2.011253524762601774e-02
5.266958611668890455e-01 1.554307801408622014e-02
5.251301030938578807e-01 1.097362078054642254e-02
5.220104100189594254e-01 6.404163547006569424e-03
5.206852674212327781e-01 5.079020949280088626e-03
5.161158101876930360e-01 1.959327874381522339e-03
