5.561224489795918435e-01 0.000000000000000000e+00
5.102040816326530726e-01 0.000000000000000000e+00
5.051020408163264808e-01 5.102040816326536277e-03
4.438775510204081565e-01 5.102040816326536277e-03
4.260204081632653073e-01 2.295918367346938549e-02
4.260204081632653073e-01 5.357142857142854764e-02
4.209183673469387710e-01 5.867346938775508391e-02
4.209183673469387710e-01 1.607142857142856984e-01
4.158163265306122347e-01 1.658163265306122347e-01
4.158163265306122347e-01 1.964285714285714524e-01
4.107142857142856984e-01 2.015306122448979331e-01
4.107142857142856984e-01 3.290816326530612290e-01
4.081632653061224580e-01 3.316326530612244694e-01
3.214285714285713969e-01 3.316326530612244694e-01
3.163265306122449161e-01 3.367346938775510612e-01
2.959183673469387710e-01 3.367346938775510612e-01
2.908163265306122347e-01 3.418367346938775420e-01
2.040816326530612290e-01 3.418367346938775420e-01
1.989795918367346927e-01 3.367346938775510612e-01
1.632653061224489943e-01 3.367346938775510612e-01
1.454081632653061451e-01 3.545918367346938549e-01
1.454081632653061451e-01 3.647959183673469274e-01
1.964285714285714524e-01 4.158163265306122347e-01
1.964285714285714524e-01 4.209183673469387710e-01
2.117346938775510057e-01 4.362244897959183798e-01
2.117346938775510057e-01 4.413265306122449161e-01
2.270408163265306145e-01 4.566326530612244694e-01
2.270408163265306145e-01 4.617346938775510057e-01
2.372448979591836871e-01 4.719387755102040782e-01
2.372448979591836871e-01 4.770408163265306145e-01
2.474489795918367596e-01 4.872448979591836871e-01
2.474489795918367596e-01 4.923469387755102233e-01
2.576530612244898322e-01 5.025510204081632404e-01
2.576530612244898322e-01 5.076530612244898322e-01
2.627551020408163129e-01 5.127551020408163129e-01
2.627551020408163129e-01 5.178571428571429047e-01
2.678571428571428492e-01 5.229591836734693855e-01
2.678571428571428492e-01 5.280612244897958663e-01
2.780612244897959218e-01 5.382653061224489388e-01
2.780612244897959218e-01 5.433673469387755306e-01
2.882653061224489388e-01 5.535714285714286031e-01
2.882653061224489388e-01 5.637755102040816757e-01
2.933673469387755306e-01 5.688775510204081565e-01
2.933673469387755306e-01 5.739795918367347483e-01
3.035714285714286031e-01 5.841836734693877098e-01
3.035714285714286031e-01 5.892857142857143016e-01
3.137755102040816202e-01 5.994897959183673741e-01
3.137755102040816202e-01 6.045918367346938549e-01
3.112244897959183798e-01 6.071428571428570953e-01
2.959183673469387710e-01 6.071428571428570953e-01
2.908163265306122347e-01 6.020408163265306145e-01
2.551020408163265363e-01 6.020408163265306145e-01
2.423469387755102233e-01 6.147959183673469274e-01
2.423469387755102233e-01 6.250000000000000000e-01
2.678571428571428492e-01 6.505102040816326259e-01
2.678571428571428492e-01 6.607142857142856984e-01
2.806122448979592177e-01 6.734693877551020114e-01
2.857142857142856984e-01 6.734693877551020114e-01
2.933673469387755306e-01 6.811224489795918435e-01
2.933673469387755306e-01 6.862244897959184353e-01
3.086734693877550839e-01 7.015306122448979886e-01
3.086734693877550839e-01 7.066326530612244694e-01
3.188775510204081565e-01 7.168367346938775420e-01
3.188775510204081565e-01 7.219387755102040227e-01
3.341836734693877653e-01 7.372448979591836871e-01
3.341836734693877653e-01 7.423469387755101678e-01
3.443877551020407823e-01 7.525510204081632404e-01
3.443877551020407823e-01 7.576530612244898322e-01
3.545918367346938549e-01 7.678571428571427937e-01
3.545918367346938549e-01 7.780612244897959773e-01
3.596938775510204467e-01 7.831632653061224580e-01
3.596938775510204467e-01 7.882653061224489388e-01
3.571428571428571508e-01 7.908163265306122902e-01
3.214285714285713969e-01 7.908163265306122902e-01
3.086734693877550839e-01 8.035714285714286031e-01
3.086734693877550839e-01 8.137755102040815647e-01
3.214285714285713969e-01 8.265306122448978776e-01
3.265306122448979886e-01 8.265306122448978776e-01
3.316326530612244694e-01 8.316326530612244694e-01
3.367346938775510612e-01 8.316326530612244694e-01
3.571428571428571508e-01 8.520408163265306145e-01
3.622448979591836871e-01 8.520408163265306145e-01
3.801020408163265363e-01 8.698979591836735192e-01
3.801020408163265363e-01 8.750000000000000000e-01
4.056122448979592177e-01 9.005102040816326259e-01
4.056122448979592177e-01 9.056122448979591066e-01
4.107142857142856984e-01 9.107142857142856984e-01
4.107142857142856984e-01 9.158163265306122902e-01
4.362244897959183798e-01 9.413265306122449161e-01
4.362244897959183798e-01 9.464285714285713969e-01
4.464285714285714524e-01 9.566326530612244694e-01
4.464285714285714524e-01 9.617346938775510612e-01
4.617346938775510057e-01 9.770408163265306145e-01
4.617346938775510057e-01 9.872448979591836871e-01
4.744897959183673741e-01 1.000000000000000000e+00
4.846938775510203912e-01 1.000000000000000000e+00
5.076530612244898322e-01 9.770408163265306145e-01
5.076530612244898322e-01 9.719387755102040227e-01
5.586734693877550839e-01 9.209183673469387710e-01
5.586734693877550839e-01 9.158163265306122902e-01
5.841836734693877098e-01 8.903061224489796643e-01
5.841836734693877098e-01 8.852040816326530726e-01
5.867346938775510612e-01 8.826530612244898322e-01
5.918367346938775420e-01 8.826530612244898322e-01
6.275510204081632404e-01 8.469387755102040227e-01
6.326530612244898322e-01 8.469387755102040227e-01
6.607142857142856984e-01 8.188775510204081565e-01
6.607142857142856984e-01 8.086734693877550839e-01
6.479591836734693855e-01 7.959183673469387710e-01
6.122448979591836871e-01 7.959183673469387710e-01
6.096938775510204467e-01 7.933673469387755306e-01
6.198979591836735192e-01 7.831632653061224580e-01
6.198979591836735192e-01 7.780612244897959773e-01
6.352040816326530726e-01 7.627551020408163129e-01
6.352040816326530726e-01 7.576530612244898322e-01
6.505102040816326259e-01 7.423469387755101678e-01
6.505102040816326259e-01 7.372448979591836871e-01
6.913265306122449161e-01 6.964285714285713969e-01
6.913265306122449161e-01 6.913265306122449161e-01
6.989795918367347483e-01 6.836734693877550839e-01
7.040816326530612290e-01 6.836734693877550839e-01
7.219387755102040227e-01 6.658163265306122902e-01
7.219387755102040227e-01 6.607142857142856984e-01
7.372448979591836871e-01 6.454081632653061451e-01
7.372448979591836871e-01 6.403061224489795533e-01
7.474489795918367596e-01 6.301020408163264808e-01
7.474489795918367596e-01 6.198979591836735192e-01
7.346938775510204467e-01 6.071428571428570953e-01
7.295918367346938549e-01 6.071428571428570953e-01
7.244897959183673741e-01 6.020408163265306145e-01
6.989795918367347483e-01 6.020408163265306145e-01
6.964285714285713969e-01 5.994897959183673741e-01
7.066326530612244694e-01 5.892857142857143016e-01
7.066326530612244694e-01 5.841836734693877098e-01
7.168367346938775420e-01 5.739795918367347483e-01
7.168367346938775420e-01 5.688775510204081565e-01
7.321428571428572063e-01 5.535714285714286031e-01
7.321428571428572063e-01 5.484693877551020114e-01
7.423469387755101678e-01 5.382653061224489388e-01
7.423469387755101678e-01 5.331632653061224580e-01
7.474489795918367596e-01 5.280612244897958663e-01
7.474489795918367596e-01 5.178571428571429047e-01
7.576530612244898322e-01 5.076530612244898322e-01
7.576530612244898322e-01 5.025510204081632404e-01
7.678571428571427937e-01 4.923469387755102233e-01
7.678571428571427937e-01 4.872448979591836871e-01
7.780612244897959773e-01 4.770408163265306145e-01
7.780612244897959773e-01 4.668367346938775420e-01
7.831632653061224580e-01 4.617346938775510057e-01
7.831632653061224580e-01 4.566326530612244694e-01
7.933673469387755306e-01 4.464285714285714524e-01
7.933673469387755306e-01 4.413265306122449161e-01
8.137755102040815647e-01 4.209183673469387710e-01
8.137755102040815647e-01 4.158163265306122347e-01
8.290816326530612290e-01 4.005102040816326259e-01
8.290816326530612290e-01 3.954081632653061451e-01
8.392857142857143016e-01 3.852040816326530726e-01
8.392857142857143016e-01 3.801020408163265363e-01
8.494897959183673741e-01 3.698979591836734637e-01
8.494897959183673741e-01 3.596938775510204467e-01
8.545918367346938549e-01 3.545918367346938549e-01
8.545918367346938549e-01 3.443877551020407823e-01
8.418367346938775420e-01 3.316326530612244694e-01
7.193877551020407823e-01 3.316326530612244694e-01
7.142857142857143016e-01 3.265306122448979886e-01
6.989795918367347483e-01 3.265306122448979886e-01
6.938775510204081565e-01 3.214285714285713969e-01
5.459183673469387710e-01 3.214285714285713969e-01
5.433673469387755306e-01 3.188775510204081565e-01
5.433673469387755306e-01 3.137755102040816202e-01
5.484693877551020114e-01 3.086734693877550839e-01
5.484693877551020114e-01 1.607142857142856984e-01
5.535714285714286031e-01 1.556122448979591621e-01
5.535714285714286031e-01 1.352040816326530726e-01
5.586734693877550839e-01 1.301020408163265363e-01
5.586734693877550839e-01 8.928571428571430157e-02
5.637755102040816757e-01 8.418367346938776530e-02
5.637755102040816757e-01 3.826530612244899432e-02
5.688775510204081565e-01 3.316326530612245804e-02
5.688775510204081565e-01 1.275510204081631294e-02
