8.973502560676911433e-01 2.351794696922764327e-01
8.881466636977661810e-01 2.340298131482487776e-01
8.789430713278409968e-01 2.336833653669842525e-01
8.697394789579160346e-01 2.338924460979516229e-01
8.605358865879910724e-01 2.349445528240928782e-01
8.513322942180658881e-01 2.374031875965355587e-01
8.421287018481409259e-01 2.418472471015366554e-01
8.350068744190323189e-01 2.472857335019469360e-01
8.329251094782159637e-01 2.493674984427633468e-01
8.274866230778058496e-01 2.564893258718719538e-01
8.228916850093630497e-01 2.656929182417969715e-01
8.201982669041789631e-01 2.748965106117220447e-01
8.181849810732577666e-01 2.841001029816470624e-01
8.153615873722753760e-01 2.933036953515720802e-01
8.105356011167634822e-01 3.025072877214971534e-01
8.053143323684408550e-01 3.084095915239491448e-01
8.002523565649819481e-01 3.117108800914222266e-01
7.961107399985156707e-01 3.137816883746552543e-01
7.869071476285907085e-01 3.156851586147989552e-01
7.777035552586656353e-01 3.162450028030764915e-01
7.500927781488905266e-01 3.162450028030764915e-01
7.408891857789654534e-01 3.156047076325444456e-01
7.316855934090404912e-01 3.133770476756329026e-01
7.287571776549734981e-01 3.117108800914222266e-01
7.224820010391154179e-01 3.067803841789624175e-01
7.191584815721983048e-01 3.025072877214971534e-01
7.137045009085388747e-01 2.933036953515720802e-01
7.063267591131832113e-01 2.841001029816470624e-01
7.040748162992653825e-01 2.819832767365644255e-01
6.948712239293403092e-01 2.769148422717932490e-01
6.856676315594152360e-01 2.755867800394663503e-01
6.764640391894902738e-01 2.767226202089294596e-01
6.672604468195652005e-01 2.782239632377718208e-01
6.580568544496401273e-01 2.787313407658573716e-01
6.488532620797151651e-01 2.778445362927136619e-01
6.396496697097900919e-01 2.748143356798475878e-01
6.304460773398650186e-01 2.690791456231846346e-01
6.263672125395574053e-01 2.656929182417969715e-01
6.120388926000149832e-01 2.528609865721899164e-01
6.028353002300899099e-01 2.460531095238318589e-01
5.936317078601649477e-01 2.411240064068276845e-01
5.844281154902398745e-01 2.377049447234184099e-01
5.752245231203148013e-01 2.364021203025912232e-01
5.660209307503898390e-01 2.377049447234184099e-01
5.568173383804647658e-01 2.408733945556876255e-01
5.384101536406147304e-01 2.487190798546402015e-01
5.200029689007645839e-01 2.552068580826201138e-01
5.015957841609145484e-01 2.631619303400675736e-01
4.923921917909894752e-01 2.668062560284815143e-01
4.831885994210644575e-01 2.689699549189671357e-01
4.739850070511394398e-01 2.700199803261646991e-01
4.647814146812143665e-01 2.702947144267595081e-01
4.371706375714392578e-01 2.702947144267595081e-01
4.279670452015142401e-01 2.700199803261646991e-01
4.187634528315892224e-01 2.690203708678468031e-01
4.095598604616641492e-01 2.670807615356745046e-01
3.727454909819640227e-01 2.552475713457709738e-01
3.635418986120390050e-01 2.533034669745902745e-01
3.543383062421139318e-01 2.522996308378017138e-01
3.451347138721889141e-01 2.520248967372068494e-01
2.807095672827136790e-01 2.518875296869094171e-01
2.715059749127886057e-01 2.516127955863146082e-01
2.623023825428635325e-01 2.505627701791171003e-01
2.530987901729385703e-01 2.483990712886314234e-01
2.438951978030134971e-01 2.447547456002174826e-01
2.346916054330884793e-01 2.407665222399166249e-01
2.254880130631634061e-01 2.371172483835620737e-01
2.162844206932383884e-01 2.349445528240928782e-01
2.070808283233133151e-01 2.338924460979516229e-01
1.978772359533882974e-01 2.336177119973568139e-01
6.902694277443777171e-02 2.336177119973568139e-01
5.982335040451275399e-02 2.340298131482487776e-01
5.061975803458768075e-02 2.351794696922764327e-01
4.141616566466266303e-02 2.383331481966562415e-01
3.221257329473764530e-02 2.446166917146687658e-01
2.954353150745941958e-02 2.472857335019469360e-01
2.325998798944695078e-02 2.564893258718719538e-01
2.010630948506714200e-02 2.656929182417969715e-01
1.895665294103948684e-02 2.748965106117220447e-01
1.854455179014752320e-02 2.841001029816470624e-01
1.854455179014752320e-02 3.301180648312722621e-01
1.881928589074233216e-02 3.393216572011973353e-01
1.987139261688358749e-02 3.485252495711222975e-01
2.233002738932621245e-02 3.577288419410473708e-01
2.677408689432736466e-02 3.669324343109724440e-01
3.221257329473764530e-02 3.740542617400810510e-01
3.424592509739554647e-02 3.761360266808974617e-01
4.141616566466266303e-02 3.816417471164775255e-01
5.061975803458768075e-02 3.864900680970630997e-01
6.902694277443777171e-02 3.931098650680542317e-01
7.823053514436284495e-02 3.970741993224769506e-01
8.743412751428786267e-02 4.013692090951086477e-01
9.663771988421288039e-02 4.059710052800711844e-01
1.058413122541379536e-01 4.101591427369318810e-01
1.150449046240629714e-01 4.139474520006726777e-01
1.242484969939879891e-01 4.168841896735495101e-01
1.334520893639130623e-01 4.202639650974130392e-01
1.363921258154169869e-01 4.221539885305226614e-01
1.426556817338380800e-01 4.289869586233458487e-01
1.440281472626864789e-01 4.313575809004476791e-01
1.456988050174424232e-01 4.405611732703726968e-01
1.440281472626864789e-01 4.497647656402977701e-01
1.426556817338380800e-01 4.520656637327790106e-01
1.359502072928926997e-01 4.589683580102227878e-01
1.334520893639130623e-01 4.605022900718768741e-01
1.242484969939879891e-01 4.627792204758948702e-01
1.150449046240629714e-01 4.634327871448878922e-01
1.058413122541379536e-01 4.636378276684935407e-01
5.061975803458768075e-02 4.637075212454827566e-01
4.141616566466266303e-02 4.639822553460775656e-01
3.221257329473764530e-02 4.650343620722188209e-01
2.300898092481257207e-02 4.674929968446614459e-01
1.380538855488755434e-02 4.720791358202103827e-01
7.277259083196430112e-03 4.773755427500728787e-01
4.601796184962536618e-03 4.808617519811050345e-01
1.232623978115077179e-03 4.865791351199978965e-01
0.000000000000000000e+00 4.957827274899229142e-01
2.876122615601550692e-03 5.049863198598479874e-01
8.856286997474926981e-03 5.141899122297730607e-01
2.300898092481257207e-02 5.345051588024125611e-01
2.911340443547705270e-02 5.418006893395481693e-01
3.221257329473764530e-02 5.448998581988087064e-01
3.950810383187325359e-02 5.510042817094731316e-01
5.061975803458768075e-02 5.585887235698743236e-01
5.982335040451275399e-02 5.655042810092607564e-01
6.902694277443777171e-02 5.731449992031607543e-01
7.823053514436284495e-02 5.798476827973633174e-01
8.743412751428786267e-02 5.848274836689477674e-01
9.663771988421288039e-02 5.886484832881011542e-01
1.058413122541379536e-01 5.909562394971022981e-01
1.150449046240629714e-01 5.920083462232434979e-01
1.242484969939879891e-01 5.922830803238383623e-01
1.702664588436131887e-01 5.924204473741357946e-01
1.794700512135382064e-01 5.926951814747306591e-01
1.886736435834632797e-01 5.936947909330485551e-01
1.978772359533882974e-01 5.956344002652208536e-01
2.070808283233133151e-01 5.982639980851993666e-01
2.162844206932383884e-01 6.002081024563800105e-01
2.254880130631634061e-01 6.012119385931685711e-01
2.346916054330884793e-01 6.014866726937634356e-01
2.623023825428635325e-01 6.016240397440608678e-01
2.715059749127886057e-01 6.018987738446557323e-01
2.807095672827136790e-01 6.028983833029736283e-01
2.899131596526386412e-01 6.048379926351458158e-01
2.991167520225637144e-01 6.074675904551243288e-01
3.083203443924887877e-01 6.094116948263050837e-01
3.175239367624137499e-01 6.104155309630936443e-01
3.359311215022638963e-01 6.111023662145806945e-01
3.451347138721889141e-01 6.121019756728985906e-01
3.543383062421139318e-01 6.140415850050708890e-01
3.635418986120390050e-01 6.166912111238573857e-01
3.727454909819640227e-01 6.190400683825344474e-01
3.819490833518890405e-01 6.208807868565193733e-01
3.911526757218141137e-01 6.232227928057397781e-01
4.095598604616641492e-01 6.286504617827295416e-01
4.187634528315892224e-01 6.316943975733849692e-01
4.223134098885604204e-01 6.338366130387984576e-01
4.279670452015142401e-01 6.387835439376331470e-01
4.310627989986706154e-01 6.430402054087235308e-01
4.400565097552291971e-01 6.614473901485735663e-01
4.450017644125159322e-01 6.706509825184986395e-01
4.571391460169014209e-01 6.890581672583486750e-01
4.623218339616654293e-01 6.982617596282737482e-01
4.718791003224279135e-01 7.166689443681237837e-01
4.774154369344751347e-01 7.258725367380488569e-01
4.831885994210644575e-01 7.332568143371747116e-01
4.850966612538536449e-01 7.350761291079739301e-01
4.923921917909894752e-01 7.405146155083841553e-01
5.015957841609145484e-01 7.449586750133853075e-01
5.107993765308396217e-01 7.474173097858279879e-01
5.200029689007645839e-01 7.484694165119691878e-01
5.384101536406147304e-01 7.500668288014123997e-01
5.476137460105396926e-01 7.520954705539464324e-01
5.568173383804647658e-01 7.547250683739249455e-01
5.660209307503898390e-01 7.566691727451055893e-01
5.752245231203148013e-01 7.576730088818941500e-01
5.844281154902398745e-01 7.579477429824890145e-01
6.672604468195652005e-01 7.580851100327865577e-01
6.764640391894902738e-01 7.583598441333814222e-01
6.856676315594152360e-01 7.593594535916992072e-01
6.948712239293403092e-01 7.612990629238715057e-01
7.040748162992653825e-01 7.639286607438500187e-01
7.132784086691903447e-01 7.658244945256780234e-01
7.224820010391154179e-01 7.663822880026431861e-01
7.316855934090404912e-01 7.654911257679606340e-01
7.408891857789654534e-01 7.624358991531146046e-01
7.500927781488905266e-01 7.561523556351021913e-01
7.527618199361689744e-01 7.534833138478239656e-01
7.590453634541814987e-01 7.442797214778988923e-01
7.621990419585613630e-01 7.350761291079739301e-01
7.633486985025883520e-01 7.258725367380488569e-01
7.637607996534809818e-01 7.166689443681237837e-01
7.639658401770863527e-01 6.706509825184986395e-01
7.645256843653638335e-01 6.614473901485735663e-01
7.664291546055073123e-01 6.522437977786486041e-01
7.684999628887405621e-01 6.481021812121824377e-01
7.716636977659023788e-01 6.430402054087235308e-01
7.777035552586656353e-01 6.373556336508285902e-01
7.869071476285907085e-01 6.306240383436358954e-01
7.942914252277164522e-01 6.246330206688734954e-01
7.961107399985156707e-01 6.228137058980742768e-01
8.018839024851049935e-01 6.154294282989484222e-01
8.074202390971523258e-01 6.062258359290233489e-01
8.118335436304708885e-01 5.970222435590983867e-01
8.201511579992684098e-01 5.786150588192482402e-01
8.237215171082907794e-01 5.728628135880451389e-01
8.264825948192684457e-01 5.694114664493232780e-01
8.329251094782159637e-01 5.638362133790801867e-01
8.421287018481409259e-01 5.580656586139846054e-01
8.513322942180658881e-01 5.536446565696975242e-01
8.605358865879910724e-01 5.498726924836627727e-01
8.697394789579160346e-01 5.472520478971190094e-01
8.789430713278409968e-01 5.450363272820999416e-01
8.881466636977661810e-01 5.415496822749137351e-01
8.973502560676911433e-01 5.353942671996984037e-01
9.003854833386238932e-01 5.325970969696230961e-01
9.089506172839509901e-01 5.233935045996980229e-01
9.157574408075412897e-01 5.165866810761076122e-01
9.189531326026540992e-01 5.141899122297730607e-01
9.249610331774662519e-01 5.103954487088390168e-01
9.341646255473913252e-01 5.053971945192197168e-01
9.433682179173163984e-01 4.985062395177577987e-01
9.460917299451512275e-01 4.957827274899229142e-01
9.528140100864500583e-01 4.865791351199978965e-01
9.618674385808656524e-01 4.681719503801478055e-01
9.698541115152119474e-01 4.589683580102227878e-01
9.820906492298056012e-01 4.497647656402977701e-01
9.893861797669415425e-01 4.434005794270515777e-01
9.920552215542199903e-01 4.405611732703726968e-01
9.978501977499973918e-01 4.313575809004476791e-01
1.000000000000000000e+00 4.221539885305226614e-01
9.989669685454702908e-01 4.129503961605975881e-01
9.955479068620607386e-01 4.037468037906725704e-01
9.904738770470236098e-01 3.945432114207475527e-01
9.832817562562767844e-01 3.853396190508224795e-01
9.801825873970164693e-01 3.822404501915619424e-01
9.709789950270915071e-01 3.750483294008153390e-01
9.617754026571664339e-01 3.699236018311979346e-01
9.525718102872413606e-01 3.659517236486033998e-01
9.433682179173163984e-01 3.629986407980204666e-01
9.341646255473913252e-01 3.597471736011185750e-01
9.310553038007952642e-01 3.577288419410473708e-01
9.249610331774662519e-01 3.510968415568367362e-01
9.234271011158119435e-01 3.485252495711222975e-01
9.210672056363442550e-01 3.393216572011973353e-01
9.204269104658119316e-01 3.301180648312722621e-01
9.203592369925037708e-01 3.117108800914222266e-01
9.206339710930986353e-01 3.025072877214971534e-01
9.215445481310546860e-01 2.933036953515720802e-01
9.234271011158119435e-01 2.841001029816470624e-01
9.256290358494768666e-01 2.748965106117220447e-01
9.263712610405996362e-01 2.656929182417969715e-01
9.242080119835633933e-01 2.564893258718719538e-01
9.182424107474207453e-01 2.472857335019469360e-01
9.157574408075412897e-01 2.447500498898247945e-01
9.065538484376161055e-01 2.383377964756308587e-01
