1.045454545454545525e-01 2.318181818181818121e-01
8.636363636363636465e-02 2.318181818181818121e-01
6.363636363636365756e-02 2.545454545454545192e-01
6.363636363636365756e-02 2.727272727272727071e-01
4.545454545454546968e-02 2.909090909090908950e-01
4.545454545454546968e-02 2.999999999999999889e-01
3.636363636363637575e-02 3.090909090909090828e-01
3.636363636363637575e-02 3.181818181818181768e-01
2.727272727272728181e-02 3.272727272727272707e-01
2.727272727272728181e-02 3.818181818181818343e-01
3.636363636363637575e-02 3.909090909090909283e-01
3.636363636363637575e-02 4.000000000000000222e-01
4.090909090909089496e-02 4.045454545454545414e-01
4.999999999999998890e-02 4.045454545454545414e-01
5.909090909090908283e-02 4.136363636363636354e-01
8.636363636363636465e-02 4.136363636363636354e-01
9.545454545454545858e-02 4.227272727272727293e-01
1.500000000000000222e-01 4.227272727272727293e-01
1.545454545454545414e-01 4.272727272727272485e-01
1.545454545454545414e-01 4.545454545454545303e-01
1.409090909090909283e-01 4.681818181818181990e-01
4.090909090909089496e-02 4.681818181818181990e-01
3.181818181818180102e-02 4.590909090909091050e-01
2.272727272727270709e-02 4.590909090909091050e-01
0.000000000000000000e+00 4.818181818181818121e-01
0.000000000000000000e+00 5.272727272727272263e-01
9.090909090909093937e-03 5.363636363636363757e-01
9.090909090909093937e-03 5.454545454545454142e-01
1.363636363636361315e-02 5.500000000000000444e-01
2.272727272727270709e-02 5.500000000000000444e-01
3.181818181818180102e-02 5.590909090909090828e-01
4.999999999999998890e-02 5.590909090909090828e-01
5.909090909090908283e-02 5.681818181818181213e-01
1.045454545454545525e-01 5.681818181818181213e-01
1.090909090909090717e-01 5.727272727272727515e-01
1.090909090909090717e-01 5.818181818181817899e-01
1.318181818181818343e-01 6.045454545454544970e-01
1.500000000000000222e-01 6.045454545454544970e-01
1.590909090909091161e-01 6.136363636363636465e-01
1.772727272727272485e-01 6.136363636363636465e-01
1.863636363636363424e-01 6.227272727272726849e-01
2.409090909090909061e-01 6.227272727272726849e-01
2.500000000000000000e-01 6.318181818181818343e-01
4.409090909090909172e-01 6.318181818181818343e-01
4.454545454545454364e-01 6.363636363636363535e-01
4.454545454545454364e-01 6.636363636363635798e-01
4.545454545454545303e-01 6.727272727272727293e-01
4.545454545454545303e-01 7.181818181818181435e-01
4.636363636363636243e-01 7.272727272727272929e-01
4.636363636363636243e-01 7.363636363636363313e-01
4.863636363636363869e-01 7.590909090909090384e-01
5.681818181818181213e-01 7.590909090909090384e-01
5.772727272727272707e-01 7.681818181818181879e-01
7.227272727272726627e-01 7.681818181818181879e-01
7.454545454545454808e-01 7.454545454545454808e-01
7.454545454545454808e-01 6.909090909090909172e-01
7.545454545454545192e-01 6.818181818181818787e-01
7.545454545454545192e-01 6.545454545454545414e-01
7.636363636363636687e-01 6.454545454545455030e-01
7.636363636363636687e-01 6.363636363636363535e-01
7.727272727272727071e-01 6.272727272727272041e-01
7.727272727272727071e-01 5.999999999999999778e-01
7.818181818181817455e-01 5.909090909090909394e-01
7.818181818181817455e-01 5.818181818181817899e-01
8.090909090909090828e-01 5.545454545454545636e-01
8.090909090909090828e-01 5.454545454545454142e-01
8.227272727272727515e-01 5.318181818181818565e-01
8.681818181818181657e-01 5.318181818181818565e-01
8.909090909090908728e-01 5.090909090909090384e-01
8.909090909090908728e-01 4.909090909090909061e-01
8.954545454545455030e-01 4.863636363636363869e-01
9.045454545454545414e-01 4.863636363636363869e-01
9.181818181818182101e-01 4.727272727272727182e-01
9.181818181818182101e-01 4.636363636363636243e-01
9.318181818181818787e-01 4.500000000000000111e-01
9.681818181818182545e-01 4.500000000000000111e-01
9.772727272727272929e-01 4.409090909090909172e-01
9.863636363636363313e-01 4.409090909090909172e-01
9.909090909090909616e-01 4.363636363636363980e-01
9.909090909090909616e-01 4.272727272727272485e-01
1.000000000000000000e+00 4.181818181818182101e-01
1.000000000000000000e+00 3.545454545454545525e-01
9.772727272727272929e-01 3.318181818181817899e-01
9.318181818181818787e-01 3.318181818181817899e-01
9.272727272727272485e-01 3.272727272727272707e-01
9.272727272727272485e-01 2.999999999999999889e-01
9.181818181818182101e-01 2.909090909090908950e-01
9.181818181818182101e-01 2.818181818181818565e-01
9.136363636363635798e-01 2.772727272727272818e-01
9.045454545454545414e-01 2.772727272727272818e-01
8.954545454545455030e-01 2.681818181818181879e-01
8.136363636363637131e-01 2.681818181818181879e-01
7.909090909090908950e-01 2.909090909090908950e-01
7.909090909090908950e-01 3.090909090909090828e-01
7.863636363636363757e-01 3.136363636363636020e-01
7.136363636363636243e-01 3.136363636363636020e-01
7.090909090909091050e-01 3.090909090909090828e-01
7.090909090909091050e-01 2.999999999999999889e-01
6.954545454545454364e-01 2.863636363636363757e-01
6.863636363636363980e-01 2.863636363636363757e-01
6.772727272727272485e-01 2.772727272727272818e-01
6.681818181818182101e-01 2.772727272727272818e-01
6.590909090909090606e-01 2.681818181818181879e-01
6.409090909090908728e-01 2.681818181818181879e-01
6.318181818181818343e-01 2.590909090909090939e-01
6.227272727272726849e-01 2.590909090909090939e-01
6.136363636363636465e-01 2.500000000000000000e-01
6.045454545454544970e-01 2.500000000000000000e-01
5.954545454545454586e-01 2.409090909090909061e-01
5.045454545454545192e-01 2.409090909090909061e-01
4.954545454545454808e-01 2.500000000000000000e-01
4.863636363636363869e-01 2.500000000000000000e-01
4.772727272727272929e-01 2.590909090909090939e-01
4.681818181818181990e-01 2.590909090909090939e-01
4.590909090909091050e-01 2.681818181818181879e-01
2.772727272727272818e-01 2.681818181818181879e-01
2.681818181818181879e-01 2.590909090909090939e-01
2.590909090909090939e-01 2.590909090909090939e-01
2.500000000000000000e-01 2.500000000000000000e-01
1.500000000000000222e-01 2.500000000000000000e-01
1.409090909090909283e-01 2.409090909090909061e-01
1.136363636363636465e-01 2.409090909090909061e-01
