1.023929467089546574e-01 2.433417034377594046e-01
9.344274784463640904e-02 2.419316919500077989e-01
8.449254898031810512e-02 2.433417034377594046e-01
7.554235011599980121e-02 2.473213454327867211e-01
6.861660099480121344e-02 2.525156572736856342e-01
6.659215125168155280e-02 2.545401070168052948e-01
6.130339737731160810e-02 2.614658561380039936e-01
5.683496724385900256e-02 2.704160550023222420e-01
5.426841589235098517e-02 2.793662538666404904e-01
5.234068075234404871e-02 2.883164527309587943e-01
5.006315496193247672e-02 2.972666515952770983e-01
4.748418700960521655e-02 3.062168504595953467e-01
4.559360776231946577e-02 3.151670493239136506e-01
4.461740926391510875e-02 3.241172481882319545e-01
4.435023914856223159e-02 3.330674470525502029e-01
4.435023914856223159e-02 3.420176459168684513e-01
4.461740926391510875e-02 3.509678447811868107e-01
4.559360776231946577e-02 3.599180436455050591e-01
4.748418700960521655e-02 3.688682425098233075e-01
5.330891960384404049e-02 3.867686402384599154e-01
5.652317752932345396e-02 3.957188391027781638e-01
6.123801443106263731e-02 4.046690379670964677e-01
6.659215125168155280e-02 4.116418673148792839e-01
6.861660099480121344e-02 4.136192368314147716e-01
7.554235011599980121e-02 4.189079907057846608e-01
8.449254898031810512e-02 4.233898705916289140e-01
1.023929467089546574e-01 4.290583298723637529e-01
1.068680461411137816e-01 4.315196345600513239e-01
1.113431455732729614e-01 4.348759591341706532e-01
1.160764238188259356e-01 4.404698334243695723e-01
1.200447278024713293e-01 4.494200322886878762e-01
1.200076997929852562e-01 4.583702311530061801e-01
1.130542130032161086e-01 4.673204300173244286e-01
1.113431455732729614e-01 4.683781807921984508e-01
1.023929467089546574e-01 4.709431295576436693e-01
9.344274784463640904e-02 4.716619443918071419e-01
7.554235011599980121e-02 4.718613397352505734e-01
4.869175352304494497e-02 4.719291145071600191e-01
3.974155465872669657e-02 4.723298696801890295e-01
3.079135579440839265e-02 4.734478738552039823e-01
2.184115693009014425e-02 4.765147252143059897e-01
1.289095806577184034e-02 4.826252700753087543e-01
1.029540039511961380e-02 4.852208277459609809e-01
4.184855534116793674e-03 4.941710266102792848e-01
1.118004175014841728e-03 5.031212254745975887e-01
-1.110223024625156540e-16 5.120714243389158371e-01
-1.110223024625156540e-16 5.210216232032340855e-01
8.895550431632370803e-04 5.299718220675524449e-01
3.133774057949345604e-03 5.389220209318706933e-01
6.849573832356903313e-03 5.478722197961889417e-01
1.183320729089781809e-02 5.568224186605073012e-01
1.289095806577184034e-02 5.583141184712269167e-01
1.882731445537061399e-02 5.657726175248255496e-01
2.184115693009014425e-02 5.687864599995450243e-01
2.929965598368877711e-02 5.747228163891437980e-01
3.079135579440839265e-02 5.757805671640178202e-01
3.974155465872669657e-02 5.808665969654978056e-01
4.869175352304494497e-02 5.849201741116047959e-01
5.764195238736324889e-02 5.880060480369813103e-01
7.554235011599980121e-02 5.938502575104690484e-01
8.449254898031810512e-02 5.961344459799360340e-01
9.344274784463640904e-02 5.980073181220968426e-01
1.023929467089546574e-01 6.004907276356085122e-01
1.113431455732729614e-01 6.041410929841570798e-01
1.202933444375912098e-01 6.082114771398015041e-01
1.650443387591826183e-01 6.305869743005971806e-01
1.739945376235009222e-01 6.347637337706123484e-01
1.829447364878192261e-01 6.386213672975145084e-01
1.918949353521374745e-01 6.417072412228910228e-01
2.097953330807740269e-01 6.475319738171297912e-01
2.187455319450923308e-01 6.494225530644155420e-01
2.276957308094106347e-01 6.503987515628200100e-01
2.366459296737288831e-01 6.506659216781728317e-01
4.066997080957762689e-01 6.507995067358491870e-01
4.156499069600945173e-01 6.510666768512021196e-01
4.246001058244128212e-01 6.520877929360163749e-01
4.335503046887311251e-01 6.544676210245041759e-01
4.425005035530493736e-01 6.587733202695147394e-01
4.498134709177972201e-01 6.642248050323266151e-01
4.514507024173676775e-01 6.657858862295913394e-01
4.574456469396940839e-01 6.731750038966448635e-01
4.635250273003631571e-01 6.821252027609632229e-01
4.693511001460042298e-01 6.894771518280818912e-01
4.708427999567241229e-01 6.910754016252814713e-01
4.872514978746407821e-01 7.058337082632532011e-01
4.902050634998657008e-01 7.089757993539180791e-01
4.965942493207273212e-01 7.179259982182363276e-01
5.049163640542162490e-01 7.358263959468729354e-01
5.114535662322362564e-01 7.447765948111911838e-01
5.141020944675955828e-01 7.473721524818434103e-01
5.230522933319139423e-01 7.534826973428462304e-01
5.320024921962321907e-01 7.565495487019482379e-01
5.409526910605504391e-01 7.576675528769631907e-01
5.499028899248687985e-01 7.580683080499921456e-01
6.931060717539612170e-01 7.580683080499921456e-01
7.020562706182795765e-01 7.578011379346393239e-01
7.110064694825978249e-01 7.567779978337998426e-01
7.199566683469160733e-01 7.543870542474674368e-01
7.289068672112344327e-01 7.500653486855610730e-01
7.358326163324330205e-01 7.447765948111911838e-01
7.378570660755526811e-01 7.427521450680715231e-01
7.431458199499223483e-01 7.358263959468729354e-01
7.474675255118287120e-01 7.268761970825545760e-01
7.498584690981611178e-01 7.179259982182363276e-01
7.508816091990011543e-01 7.089757993539180791e-01
7.511487793143538649e-01 7.000256004895997197e-01
7.513481746577970188e-01 6.642248050323266151e-01
7.519708412077470427e-01 6.552746061680083667e-01
7.541371691822007506e-01 6.463244073036901183e-01
7.557574638041892889e-01 6.434766167559524686e-01
7.606691583029006054e-01 6.373742084393717588e-01
7.647076626685075373e-01 6.343636870031919006e-01
7.826080603971441452e-01 6.256175912870891587e-01
7.915582592614623936e-01 6.206724980586351137e-01
8.005084581257806420e-01 6.139457467063033080e-01
8.043025641660894731e-01 6.105236118464170136e-01
8.094586569900990014e-01 6.052529391818738391e-01
8.126428623552890418e-01 6.015734129820986542e-01
8.186443874034783352e-01 5.926232141177804058e-01
8.274451143231998929e-01 5.747228163891437980e-01
8.346906005969537690e-01 5.657726175248255496e-01
8.438001808934070258e-01 5.568224186605073012e-01
8.452594524473719950e-01 5.552241688633077210e-01
8.508736680986261902e-01 5.478722197961889417e-01
8.562575781704748756e-01 5.389220209318706933e-01
8.608085267455523049e-01 5.299718220675524449e-01
8.655517136656110111e-01 5.210216232032340855e-01
8.707515367127071082e-01 5.120714243389158371e-01
8.721100490403268513e-01 5.102158953060692559e-01
8.780464054299259580e-01 5.031212254745975887e-01
8.810602479046452107e-01 5.002255729008475704e-01
8.900104467689634591e-01 4.942523920545002780e-01
8.989606456332817075e-01 4.912105762166971701e-01
9.079108444976000669e-01 4.900966823511494486e-01
9.168610433619183153e-01 4.896959271781201606e-01
9.526618388191914200e-01 4.895623421204436942e-01
9.616120376835097794e-01 4.891615869474146838e-01
9.705622365478280278e-01 4.880435827723997311e-01
9.795124354121462762e-01 4.849767314132977236e-01
9.884626342764646356e-01 4.787364999973222068e-01
9.909285053921440545e-01 4.762706288816427325e-01
9.970060059196773627e-01 4.673204300173244286e-01
9.998601531427449007e-01 4.583702311530061801e-01
9.999999999999998890e-01 4.494200322886878762e-01
9.982068023948753588e-01 4.404698334243695723e-01
9.945040185098794616e-01 4.315196345600513239e-01
9.895203850513385468e-01 4.225694356957330200e-01
9.823436207671856213e-01 4.136192368314147716e-01
9.795124354121462762e-01 4.108446751834760602e-01
9.705622365478280278e-01 4.042546769085631486e-01
9.616120376835097794e-01 3.989508553593376083e-01
9.574565882107904935e-01 3.957188391027781638e-01
9.526618388191914200e-01 3.896164307861975096e-01
9.510415441972028816e-01 3.867686402384599154e-01
9.488752162227492848e-01 3.778184413741416114e-01
9.482525496727993719e-01 3.688682425098233075e-01
9.477859842140032853e-01 3.509678447811868107e-01
9.468097857155989283e-01 3.420176459168684513e-01
9.449192064683131775e-01 3.330674470525502029e-01
9.390944738740740760e-01 3.151670493239136506e-01
9.360085999486975616e-01 3.062168504595953467e-01
9.318033245167547385e-01 2.972666515952770983e-01
9.264022930946351764e-01 2.883164527309587943e-01
9.258112422262365637e-01 2.875879481722350972e-01
9.175895479206417349e-01 2.793662538666404904e-01
9.168610433619183153e-01 2.787752029982422108e-01
9.079108444976000669e-01 2.733741715761224267e-01
8.989606456332817075e-01 2.696090698588179957e-01
8.900104467689634591e-01 2.673648508440318872e-01
8.810602479046452107e-01 2.664752958008685391e-01
8.721100490403268513e-01 2.664752958008685391e-01
8.631598501760087139e-01 2.675932999758835473e-01
8.542096513116903544e-01 2.706601513349854993e-01
8.452594524473719950e-01 2.766460953882692309e-01
8.424282670923327609e-01 2.793662538666404904e-01
8.352515028081797244e-01 2.883164527309587943e-01
8.301654730066996279e-01 2.972666515952770983e-01
8.214193772905968860e-01 3.151670493239136506e-01
8.184088558544172498e-01 3.192055536895205270e-01
8.123064475378365401e-01 3.241172481882319545e-01
8.094586569900990014e-01 3.257375428102207149e-01
8.005084581257806420e-01 3.279038707846743672e-01
7.915582592614623936e-01 3.284587625627146679e-01
7.826080603971441452e-01 3.281915924473617907e-01
7.736578615328257857e-01 3.270776985818140137e-01
7.647076626685075373e-01 3.241944050749933082e-01
7.557574638041892889e-01 3.194851277233654585e-01
7.468072649398709295e-01 3.138323705459013513e-01
7.378570660755526811e-01 3.091256650904987135e-01
7.289068672112344327e-01 3.054098653160911558e-01
7.199566683469160733e-01 3.031656463013050473e-01
7.110064694825978249e-01 3.021425062004655104e-01
7.020562706182795765e-01 3.019391818847374509e-01
6.931060717539612170e-01 3.021425062004655104e-01
6.841558728896429686e-01 3.031656463013050473e-01
6.752056740253247202e-01 3.054098653160911558e-01
6.662554751610064718e-01 3.091256650904987135e-01
6.573052762966881124e-01 3.138323705459013513e-01
6.483550774323698640e-01 3.194024112864927711e-01
6.394048785680516156e-01 3.240387376718784074e-01
6.304546797037333672e-01 3.262104398581127107e-01
6.215044808394150078e-01 3.252746014896523707e-01
6.193391101464347237e-01 3.241172481882319545e-01
6.125542819750967594e-01 3.189872561562446807e-01
6.096537545653639700e-01 3.151670493239136506e-01
6.007976648228143812e-01 2.972666515952770983e-01
5.957116350213341738e-01 2.883164527309587943e-01
5.946538842464601515e-01 2.868247529202391788e-01
5.887175278568611558e-01 2.793662538666404904e-01
5.857036853821419031e-01 2.763524113919210157e-01
5.782451863285434923e-01 2.704160550023222420e-01
5.767534865178236547e-01 2.693583042274482198e-01
5.678032876535052953e-01 2.642722744259682344e-01
5.588530887891870469e-01 2.602186972798612441e-01
5.499028899248687985e-01 2.571328233544847297e-01
5.320024921962321907e-01 2.513080907602459613e-01
5.230522933319139423e-01 2.494175115129601550e-01
5.141020944675955828e-01 2.484413130145557980e-01
5.051518956032773344e-01 2.481741428992029763e-01
4.246001058244128212e-01 2.481741428992029763e-01
4.156499069600945173e-01 2.485748980722319867e-01
4.066997080957762689e-01 2.496929022472469395e-01
3.977495092314579650e-01 2.527553947432656933e-01
3.887993103671396611e-01 2.583417301193267623e-01
3.851197841673645317e-01 2.614658561380039936e-01
3.798491115028214127e-01 2.666219489620135219e-01
3.764269766429350628e-01 2.704160550023222420e-01
3.708989126385031643e-01 2.774643366079728724e-01
3.627384372033891635e-01 2.883164527309587943e-01
3.619487137741848048e-01 2.892114726173905526e-01
3.529985149098665564e-01 2.966642343640250035e-01
3.516932775754869622e-01 2.972666515952770983e-01
3.440483160455483080e-01 3.001335121690040242e-01
3.350981171812300041e-01 3.013409958544069345e-01
3.261479183169117002e-01 3.017417510274362225e-01
2.992973217239568440e-01 3.017417510274362225e-01
2.903471228596385956e-01 3.013409958544069345e-01
2.813969239953203472e-01 3.002271019888591574e-01
2.724467251310019877e-01 2.971867391054169860e-01
2.634965262666837393e-01 2.917783221030063601e-01
2.545463274023654909e-01 2.846857116822259504e-01
2.455961285380471870e-01 2.781675665187406388e-01
2.366459296737288831e-01 2.729622322654473576e-01
2.276957308094106347e-01 2.682164298577015549e-01
2.097953330807740269e-01 2.593028914124603235e-01
2.008451342164557785e-01 2.552753019235171617e-01
1.918949353521374745e-01 2.521488458448201686e-01
1.829447364878192261e-01 2.508818908143261028e-01
1.739945376235009222e-01 2.520104041119902716e-01
1.650443387591826183e-01 2.552300618472903571e-01
1.560941398948643699e-01 2.588553814692445276e-01
1.471439410305460660e-01 2.616896111096119748e-01
1.381937421662278176e-01 2.621484984242653526e-01
1.292435433019095137e-01 2.590172168260677088e-01
1.196886012710831615e-01 2.525156572736856342e-01
1.113431455732729614e-01 2.470984316452825014e-01
