1.914763721625115656e-01 2.436966955628196985e-01
1.828276800470630681e-01 2.418698045543062336e-01
1.741789879316145706e-01 2.409264914073859232e-01
1.655302958161660731e-01 2.406683214934918769e-01
9.634075889257803782e-02 2.406683214934918769e-01
8.769206677712954034e-02 2.410555763643327243e-01
7.904337466168104287e-02 2.421359181578585651e-01
7.039468254623248988e-02 2.450994560155995705e-01
6.174599043078399241e-02 2.508837506354145708e-01
5.901017965957056077e-02 2.535122747097175999e-01
5.207518015623696650e-02 2.621609668251660974e-01
4.725943113740765922e-02 2.708096589406145949e-01
4.366880609111695177e-02 2.794583510560630923e-01
4.150018843325681273e-02 2.881070431715116453e-01
4.051151501300381819e-02 2.967557352869601428e-01
4.025334509910977188e-02 3.054044274024086403e-01
4.025334509910977188e-02 3.399991958642026857e-01
4.051151501300381819e-02 3.486478879796511832e-01
4.150018843325681273e-02 3.572965800950996806e-01
4.366880609111695177e-02 3.659452722105481781e-01
4.725943113740765922e-02 3.745939643259966756e-01
5.207518015623696650e-02 3.832426564414451731e-01
5.901017965957056077e-02 3.918913485568936705e-01
6.174599043078399241e-02 3.945724431126827469e-01
7.039468254623248988e-02 4.006159063926530428e-01
7.904337466168104287e-02 4.045156491447661762e-01
9.634075889257803782e-02 4.106534306460520312e-01
1.136381431234750328e-01 4.164904974426364981e-01
1.222868352389235302e-01 4.205960594573045497e-01
1.316234914999191985e-01 4.264861170186877160e-01
1.390020959620500984e-01 4.351348091341362134e-01
1.423545036630501359e-01 4.437835012495847109e-01
1.434499227638467156e-01 4.524321933650332084e-01
1.431102247168880570e-01 4.610808854804817059e-01
1.410256681557285341e-01 4.697295775959302588e-01
1.395842194698205252e-01 4.721461239223055939e-01
1.333520736807473628e-01 4.783782697113787563e-01
1.309355273543720277e-01 4.798197183972867652e-01
1.222868352389235302e-01 4.820373317602224539e-01
1.136381431234750328e-01 4.826390224447247301e-01
8.769206677712954034e-02 4.827026157691030051e-01
7.904337466168104287e-02 4.824444458552089587e-01
7.039468254623248988e-02 4.815051045531177909e-01
6.174599043078399241e-02 4.796824375700574072e-01
5.309729831533549493e-02 4.771925619213576719e-01
4.444860619988699746e-02 4.751183780678635005e-01
3.579991408443849998e-02 4.736547532483260103e-01
2.715122196899000251e-02 4.729052692320714901e-01
1.850252985354150503e-02 4.736141596477841387e-01
9.853837738092952048e-03 4.774635041991678874e-01
8.772751223661889863e-03 4.783782697113787563e-01
2.119911134855323454e-03 4.870269618268272538e-01
0.000000000000000000e+00 4.956756539422757513e-01
8.506910277490398187e-04 5.043243460577242487e-01
3.871825691574459771e-03 5.129730381731727462e-01
7.763737143526183715e-03 5.216217302886212437e-01
1.231424152955684637e-02 5.302704224040697412e-01
1.734422287379383532e-02 5.389191145195182386e-01
2.423890727705318993e-02 5.475678066349667361e-01
2.715122196899000251e-02 5.504801213269036042e-01
3.579991408443849998e-02 5.573958658570672409e-01
4.827874127958570183e-02 5.648651908658637311e-01
5.309729831533549493e-02 5.681084504091569176e-01
5.920778730994585848e-02 5.735138829813123396e-01
6.174599043078399241e-02 5.766694868612732838e-01
6.531167928539871603e-02 5.821625750967608370e-01
7.000858021964995181e-02 5.908112672122093345e-01
7.636228010589196646e-02 5.994599593276578320e-01
7.904337466168104287e-02 6.021957700988712636e-01
8.769206677712954034e-02 6.092669584228539437e-01
9.634075889257803782e-02 6.142969397670909881e-01
1.049894510080265353e-01 6.188474441531216508e-01
1.136381431234750328e-01 6.227830716717771553e-01
1.222868352389235302e-01 6.263127533957841830e-01
1.309355273543720277e-01 6.287168631244484107e-01
1.395842194698205252e-01 6.305287225423843456e-01
1.568816037007175757e-01 6.352216148209012259e-01
1.655302958161660731e-01 6.371341863457098409e-01
1.914763721625115656e-01 6.394929205590140775e-01
2.001250642779600630e-01 6.413992520462216129e-01
2.087737563934085605e-01 6.438703069363497233e-01
2.174224485088571135e-01 6.457828784611584494e-01
2.433685248552026059e-01 6.481416126744625750e-01
2.520172169706511034e-01 6.500479441616701104e-01
2.606659090860996564e-01 6.525189990517982208e-01
2.693146012015481539e-01 6.543458900603117412e-01
2.779632933169966513e-01 6.552892032072320516e-01
2.866119854324451488e-01 6.555473731211260979e-01
4.509371356259667118e-01 6.557400514024513960e-01
4.595858277414152093e-01 6.563417420869536167e-01
4.682345198568637068e-01 6.585593554498893054e-01
4.706510661832388198e-01 6.600008041357973143e-01
4.768832119723122598e-01 6.660548886166112181e-01
4.784489234759708998e-01 6.686494962512458118e-01
4.808697184942767877e-01 6.772981883666943093e-01
4.824050692460214451e-01 6.859468804821429178e-01
4.843650170563111312e-01 6.945955725975914152e-01
4.899935309727143085e-01 7.118929568284884102e-01
4.930995096887781926e-01 7.205416489439369077e-01
4.976555171424520418e-01 7.291903410593854051e-01
5.028292883186578077e-01 7.359282756144440718e-01
5.047855401066758674e-01 7.378390331748339026e-01
5.114779804341063052e-01 7.429496239703261562e-01
5.201266725495548027e-01 7.471257435610942910e-01
5.287753646650033001e-01 7.494361430569125293e-01
5.374240567804517976e-01 7.504248164771656349e-01
5.633701331267972900e-01 7.510702412619006951e-01
5.720188252422457875e-01 7.520095825639918630e-01
5.806675173576942850e-01 7.538322495470521911e-01
5.893162094731427825e-01 7.563033044371803015e-01
5.979649015885912799e-01 7.581301954456938219e-01
6.066135937040397774e-01 7.590735085926141323e-01
6.152622858194882749e-01 7.593316785065080676e-01
7.276952833203188531e-01 7.593316785065080676e-01
7.363439754357673506e-01 7.589444236356672757e-01
7.449926675512158480e-01 7.578640818421413794e-01
7.536413596666644565e-01 7.549005439844004295e-01
7.622900517821129540e-01 7.491162493645854292e-01
7.650258625533260526e-01 7.464877252902824001e-01
7.719608620566599244e-01 7.378390331748339026e-01
7.767766110754892317e-01 7.291903410593854051e-01
7.803672361217799391e-01 7.205416489439369077e-01
7.825358537796398561e-01 7.118929568284884102e-01
7.835245271998934058e-01 7.032442647130399127e-01
7.837210020975994285e-01 6.945955725975914152e-01
7.835245271998934058e-01 6.859468804821429178e-01
7.826668945692683010e-01 6.772981883666943093e-01
7.798001087699470979e-01 6.600008041357973143e-01
7.800836724458635185e-01 6.513521120203488168e-01
7.824939636911525387e-01 6.427034199049003194e-01
7.862571901020423137e-01 6.340547277894518219e-01
7.913592669479256880e-01 6.254060356740033244e-01
7.968848202439069439e-01 6.183017528648847572e-01
7.984668980699036744e-01 6.167573435585548269e-01
8.055335123593554414e-01 6.114895038155090390e-01
8.141822044748039389e-01 6.071870694963782400e-01
8.228308965902524363e-01 6.046626881783573326e-01
8.314795887057009338e-01 6.025487779403180255e-01
8.401282808211494313e-01 5.992240859063273639e-01
8.487769729365979288e-01 5.933193879256892789e-01
8.512850936500782062e-01 5.908112672122093345e-01
8.575015307723572455e-01 5.821625750967608370e-01
8.614664474338542544e-01 5.735138829813123396e-01
8.648491257844732605e-01 5.648651908658637311e-01
8.698165797174487457e-01 5.562164987504152336e-01
8.747230492829434212e-01 5.506700548937688566e-01
8.794798299464402502e-01 5.475678066349667361e-01
8.833717413983919187e-01 5.456218509089909574e-01
8.920204335138404161e-01 5.437021033409406012e-01
9.006691256292889136e-01 5.429158586031725964e-01
9.093178177447374111e-01 5.416893987127479049e-01
9.179665098601859086e-01 5.386832410981878816e-01
9.266152019756344060e-01 5.328989464783727703e-01
9.294674302264739341e-01 5.302704224040697412e-01
9.439125862065315120e-01 5.142222937009597317e-01
9.452837203223954932e-01 5.129730381731727462e-01
9.525612783219800095e-01 5.076448260663340983e-01
9.612099704374285070e-01 5.030991146747022524e-01
9.698586625528770044e-01 4.997164363240835794e-01
9.785073546683255019e-01 4.957515196625865705e-01
9.871560467837739994e-01 4.895350825403072537e-01
9.896641674972542768e-01 4.870269618268272538e-01
9.955688654778922508e-01 4.783782697113787563e-01
9.985324033356333118e-01 4.697295775959302588e-01
9.996127451291586530e-01 4.610808854804817059e-01
1.000000000000000000e+00 4.524321933650332084e-01
1.000000000000000000e+00 4.351348091341362134e-01
9.996127451291586530e-01 4.264861170186877160e-01
9.985324033356333118e-01 4.178374249032392185e-01
9.955688654778922508e-01 4.091887327877906655e-01
9.897845708580770285e-01 4.005400406723421680e-01
9.871560467837739994e-01 3.976878124215027510e-01
9.785073546683255019e-01 3.895911644836361765e-01
9.725397571086660253e-01 3.832426564414451731e-01
9.698586625528770044e-01 3.787741655151299902e-01
9.678028259024837876e-01 3.745939643259966756e-01
9.661240000484787593e-01 3.659452722105481781e-01
9.655979098195309751e-01 3.572965800950996806e-01
9.654052315382060101e-01 3.227018116333056907e-01
9.650179766673646631e-01 3.140531195178571378e-01
9.639376348738393219e-01 3.054044274024086403e-01
9.609740970160982609e-01 2.967557352869601428e-01
9.550693990354601759e-01 2.881070431715116453e-01
9.525612783219800095e-01 2.855989224580316455e-01
9.439125862065315120e-01 2.796942244773935604e-01
9.352638940910830145e-01 2.767306866196525550e-01
9.266152019756344060e-01 2.755212598691799686e-01
9.093178177447374111e-01 2.740201582865008367e-01
9.006691256292889136e-01 2.721138267992933013e-01
8.920204335138404161e-01 2.697634461847135956e-01
8.833717413983919187e-01 2.682150513059800012e-01
8.747230492829434212e-01 2.682150513059800012e-01
8.660743571674949237e-01 2.700424362529538214e-01
8.574256650520464262e-01 2.736204838781353121e-01
8.487769729365979288e-01 2.784362328969646194e-01
8.401282808211494313e-01 2.851947284795748327e-01
8.372159661292128963e-01 2.881070431715116453e-01
8.304574705466023499e-01 2.967557352869601428e-01
8.256417215277731536e-01 3.054044274024086403e-01
8.220510964814823351e-01 3.140531195178571378e-01
8.197040617485131797e-01 3.227018116333056907e-01
8.181687109967684668e-01 3.313505037487541882e-01
8.157479159784626344e-01 3.399991958642026857e-01
8.141822044748039389e-01 3.425938034988372793e-01
8.079500586857304434e-01 3.486478879796511832e-01
8.055335123593554414e-01 3.500893366655591921e-01
7.968848202439069439e-01 3.521738932267186595e-01
7.882361281284584464e-01 3.525135912736773180e-01
7.795874360130099490e-01 3.513248641106231918e-01
7.709387438975614515e-01 3.478695056892607829e-01
7.627405044964590264e-01 3.399991958642026857e-01
7.582492694003051259e-01 3.313505037487541882e-01
7.547224461810955187e-01 3.227018116333056907e-01
7.501664387274216139e-01 3.140531195178571378e-01
7.449926675512158480e-01 3.073151849627984711e-01
7.430364157631976774e-01 3.054044274024086403e-01
7.363439754357673506e-01 3.002938366069163312e-01
7.276952833203188531e-01 2.961177170161483074e-01
7.190465912048703556e-01 2.942557227223382976e-01
7.103978990894218581e-01 2.943908585366421526e-01
7.017492069739733607e-01 2.969873966829097434e-01
6.931005148585248632e-01 3.021211276178403238e-01
6.844518227430763657e-01 3.088478881520779762e-01
6.758031306276278682e-01 3.139758990525405302e-01
6.671544385121793708e-01 3.169138407560438964e-01
6.585057463967308733e-01 3.179188228118833281e-01
6.498570542812822648e-01 3.177121815667008353e-01
6.412083621658337673e-01 3.159990752438329720e-01
6.373164507138820989e-01 3.140531195178571378e-01
6.325596700503852698e-01 3.110168765411572833e-01
6.273874130009502448e-01 3.054044274024086403e-01
6.239109779349367724e-01 3.004794777255559435e-01
6.164416529261402822e-01 2.881070431715116453e-01
6.093494044752529870e-01 2.794583510560630923e-01
6.066135937040397774e-01 2.768298269817600632e-01
5.979649015885912799e-01 2.710455323619450629e-01
5.893162094731427825e-01 2.680819945042040575e-01
5.806675173576942850e-01 2.670016527106782167e-01
5.720188252422457875e-01 2.666760928560253374e-01
5.633701331267972900e-01 2.668725677537314711e-01
5.547214410113487926e-01 2.678158809006517260e-01
5.460727488959002951e-01 2.696427719091652464e-01
5.374240567804517976e-01 2.721138267992933013e-01
5.287753646650033001e-01 2.739364937823536295e-01
5.201266725495548027e-01 2.748758350844447973e-01
5.114779804341063052e-01 2.751340049983388436e-01
2.779632933169966513e-01 2.750704116739606242e-01
2.693146012015481539e-01 2.745443214450128955e-01
2.606659090860996564e-01 2.729718319694767192e-01
2.557009191679717741e-01 2.708096589406145949e-01
2.520172169706511034e-01 2.689330559344325078e-01
2.425719347919373936e-01 2.621609668251660974e-01
2.347198327397541084e-01 2.569262321237104074e-01
2.260711406243056110e-01 2.527324746009475542e-01
2.174224485088571135e-01 2.502523830662023996e-01
2.087737563934085605e-01 2.483895878413366343e-01
