9.166666666666667407e-01 2.401960784313725283e-01
8.088235294117647189e-01 2.401960784313725283e-01
8.039215686274510109e-01 2.450980392156862919e-01
8.039215686274510109e-01 2.549019607843137081e-01
7.941176470588235947e-01 2.647058823529411797e-01
7.941176470588235947e-01 2.843137254901960675e-01
7.892156862745098866e-01 2.892156862745097756e-01
6.911764705882352811e-01 2.892156862745097756e-01
6.813725490196078649e-01 2.794117647058823595e-01
6.421568627450979783e-01 2.794117647058823595e-01
6.372549019607842702e-01 2.745098039215686514e-01
6.372549019607842702e-01 2.647058823529411797e-01
6.323529411764705621e-01 2.598039215686274161e-01
6.225490196078431460e-01 2.598039215686274161e-01
6.127450980392157298e-01 2.500000000000000000e-01
4.068627450980392135e-01 2.500000000000000000e-01
3.970588235294117974e-01 2.598039215686274161e-01
3.578431372549019662e-01 2.598039215686274161e-01
3.480392156862744946e-01 2.696078431372549433e-01
2.892156862745097756e-01 2.696078431372549433e-01
2.794117647058823595e-01 2.598039215686274161e-01
2.696078431372549433e-01 2.598039215686274161e-01
2.598039215686274161e-01 2.500000000000000000e-01
7.352941176470589868e-02 2.500000000000000000e-01
6.372549019607842702e-02 2.598039215686274161e-01
5.392156862745095536e-02 2.598039215686274161e-01
4.901960784313724728e-02 2.647058823529411797e-01
4.901960784313724728e-02 2.745098039215686514e-01
3.921568627450983113e-02 2.843137254901960675e-01
3.921568627450983113e-02 3.529411764705882026e-01
4.901960784313724728e-02 3.627450980392156743e-01
4.901960784313724728e-02 3.725490196078431460e-01
7.352941176470589868e-02 3.970588235294117974e-01
9.313725490196078649e-02 3.970588235294117974e-01
1.029411764705882582e-01 4.068627450980392135e-01
1.421568627450980338e-01 4.068627450980392135e-01
1.470588235294117418e-01 4.117647058823529216e-01
1.470588235294117418e-01 4.509803921568627527e-01
1.421568627450980338e-01 4.558823529411764608e-01
6.372549019607842702e-02 4.558823529411764608e-01
5.392156862745095536e-02 4.460784313725489891e-01
3.431372549019606755e-02 4.460784313725489891e-01
9.803921568627471661e-03 4.705882352941176405e-01
9.803921568627471661e-03 4.803921568627451122e-01
0.000000000000000000e+00 4.901960784313725283e-01
0.000000000000000000e+00 5.294117647058823595e-01
3.921568627450983113e-02 5.686274509803921351e-01
3.921568627450983113e-02 5.784313725490195512e-01
4.901960784313724728e-02 5.882352941176470784e-01
4.901960784313724728e-02 5.980392156862744946e-01
5.392156862745095536e-02 6.029411764705882026e-01
6.372549019607842702e-02 6.029411764705882026e-01
7.352941176470589868e-02 6.127450980392157298e-01
9.313725490196078649e-02 6.127450980392157298e-01
1.029411764705882582e-01 6.225490196078431460e-01
1.225490196078431460e-01 6.225490196078431460e-01
1.323529411764705621e-01 6.323529411764705621e-01
3.186274509803921351e-01 6.323529411764705621e-01
3.284313725490196068e-01 6.421568627450979783e-01
4.264705882352941013e-01 6.421568627450979783e-01
4.362745098039215730e-01 6.519607843137255054e-01
4.656862745098039325e-01 6.519607843137255054e-01
4.803921568627451122e-01 6.666666666666666297e-01
4.803921568627451122e-01 6.960784313725489891e-01
4.901960784313725283e-01 7.058823529411764053e-01
4.901960784313725283e-01 7.156862745098039325e-01
5.000000000000000000e-01 7.254901960784313486e-01
5.000000000000000000e-01 7.352941176470588758e-01
5.245098039215686514e-01 7.598039215686274161e-01
7.205882352941176405e-01 7.598039215686274161e-01
7.450980392156862919e-01 7.352941176470588758e-01
7.450980392156862919e-01 7.254901960784313486e-01
7.549019607843137081e-01 7.156862745098039325e-01
7.549019607843137081e-01 6.960784313725489891e-01
7.647058823529411242e-01 6.862745098039215730e-01
7.647058823529411242e-01 6.666666666666666297e-01
7.696078431372548323e-01 6.617647058823529216e-01
7.794117647058823595e-01 6.617647058823529216e-01
7.892156862745098866e-01 6.519607843137255054e-01
7.990196078431373028e-01 6.519607843137255054e-01
8.039215686274510109e-01 6.470588235294117974e-01
8.039215686274510109e-01 6.372549019607842702e-01
8.137254901960784270e-01 6.274509803921568540e-01
8.137254901960784270e-01 5.980392156862744946e-01
8.284313725490195512e-01 5.833333333333333703e-01
8.382352941176470784e-01 5.833333333333333703e-01
8.627450980392157298e-01 5.588235294117647189e-01
8.627450980392157298e-01 5.490196078431373028e-01
8.774509803921568540e-01 5.343137254901960675e-01
8.970588235294116863e-01 5.343137254901960675e-01
9.068627450980392135e-01 5.245098039215686514e-01
9.362745098039215730e-01 5.245098039215686514e-01
9.607843137254901134e-01 5.000000000000000000e-01
9.607843137254901134e-01 4.411764705882352811e-01
9.754901960784313486e-01 4.264705882352941013e-01
9.852941176470588758e-01 4.264705882352941013e-01
9.901960784313725839e-01 4.215686274509803932e-01
9.901960784313725839e-01 4.117647058823529216e-01
1.000000000000000000e+00 4.019607843137255054e-01
1.000000000000000000e+00 3.823529411764705621e-01
9.754901960784313486e-01 3.578431372549019662e-01
9.558823529411764053e-01 3.578431372549019662e-01
9.411764705882352811e-01 3.431372549019607865e-01
9.411764705882352811e-01 2.647058823529411797e-01
