7.539158629428335257e-01 2.548040170483700795e-01
7.506820101262130507e-01 2.581131601269203157e-01
7.475685128752893593e-01 2.680405893625710800e-01
7.445571926738085988e-01 2.711773812391135019e-01
7.346297634381577790e-01 2.764611766606677179e-01
7.276651716100461798e-01 2.812771616767721361e-01
7.244838058859990326e-01 2.845863047553224279e-01
7.209320810228472265e-01 2.912045909124229004e-01
7.110192902031047257e-01 3.209868786193752488e-01
7.093850128313388126e-01 3.342234509335763049e-01
7.070111462056422047e-01 3.441508801692270691e-01
7.053464734970185113e-01 3.606965955619784170e-01
7.016254153652485837e-01 3.706240247976291258e-01
6.993212067900265172e-01 3.739331678761794175e-01
6.949200464955547218e-01 3.776935577381683729e-01
6.883017603384541383e-01 3.809040676400107239e-01
6.816834741813536658e-01 3.820578549869483309e-01
6.750651880242530822e-01 3.817478365309096566e-01
6.519011864744013174e-01 3.744485262244782176e-01
6.419737572387504976e-01 3.702770985071359711e-01
6.353554710816500251e-01 3.691176238439607404e-01
5.460086079607929799e-01 3.691176238439607404e-01
5.327720356465919238e-01 3.718204072952588923e-01
5.062988910181898117e-01 3.727876952720658998e-01
4.963714617825390474e-01 3.751295503738091286e-01
4.831348894683379913e-01 3.760968383506161361e-01
4.665891740755866990e-01 3.801049823480787127e-01
4.599708879184861710e-01 3.825986357683152650e-01
4.500434586828354067e-01 3.884877887047182288e-01
4.368068863686343506e-01 3.926763610945305238e-01
4.235703140544333500e-01 3.927443735303997596e-01
4.103337417402322940e-01 3.953438174963516127e-01
3.904788832689307099e-01 3.952169744950367880e-01
3.838605971118301818e-01 3.930700047360974336e-01
3.764150251850921225e-01 3.871697401903804736e-01
3.740410747156973637e-01 3.838605971118301818e-01
3.741648078916779419e-01 3.805514540332799456e-01
3.761047930214780344e-01 3.772423109547297093e-01
3.829299006209879730e-01 3.706240247976291258e-01
3.908258095594239201e-01 3.540783094048778334e-01
3.919852842225991507e-01 3.474600232477773609e-01
3.919852842225991507e-01 3.276051647764757768e-01
3.908258095594239201e-01 3.209868786193752488e-01
3.878829175779990868e-01 3.143685924622747208e-01
3.838605971118301818e-01 3.089372815398715444e-01
3.739331678761794175e-01 3.042850715719753740e-01
3.673148817190788895e-01 2.989810771470159945e-01
3.640057386405286532e-01 2.974520248279617363e-01
3.606965955619784170e-01 2.976724614750438924e-01
3.573874524834281252e-01 3.003283711147115564e-01
3.558489912276109335e-01 3.044411632266239565e-01
3.550533247762364120e-01 3.209868786193752488e-01
3.540063715118658694e-01 3.242960216979254851e-01
3.507691663263275972e-01 3.262553827312776322e-01
3.475319611407893250e-01 3.242960216979254851e-01
3.464850078764187824e-01 3.209868786193752488e-01
3.455046205195431153e-01 3.077503063051741927e-01
3.443163373231545865e-01 3.044411632266239565e-01
3.375325940121265411e-01 2.931820056788736473e-01
3.342234509335763049e-01 2.910541753179434199e-01
3.309143078550260686e-01 2.911126702713521253e-01
3.276051647764757768e-01 2.938811036965444656e-01
3.263182758014839813e-01 2.978228770695234284e-01
3.254593923114783571e-01 3.077503063051741927e-01
3.233551869010827806e-01 3.143685924622747208e-01
3.209868786193752488e-01 3.184179385978691545e-01
3.176777355408250125e-01 3.198165719208636015e-01
3.143685924622747208e-01 3.178281511353044930e-01
3.114303016252861211e-01 3.077503063051741927e-01
3.077503063051741927e-01 3.009440006549742308e-01
3.044411632266239565e-01 2.982365199543421941e-01
3.011320201480737202e-01 2.971886246461346026e-01
2.978228770695234284e-01 2.975569637864256545e-01
2.945137339909731367e-01 3.004020621160405913e-01
2.931952472956133038e-01 3.044411632266239565e-01
2.919491481050967008e-01 3.176777355408250125e-01
2.900176156777255487e-01 3.209868786193752488e-01
2.845863047553224279e-01 3.247096645827443062e-01
2.680405893625710800e-01 3.308287265685118106e-01
2.581131601269203157e-01 3.389007974003732659e-01
2.413100669391706199e-01 3.507691663263275972e-01
2.385446698066471249e-01 3.540783094048778334e-01
2.337709030869786209e-01 3.706240247976291258e-01
2.306472725749531549e-01 3.904788832689307099e-01
2.345026868918672625e-01 4.070245986616820022e-01
2.382292740847542500e-01 4.169520278973328220e-01
2.405416103798184158e-01 4.202611709758830583e-01
2.448765878127192597e-01 4.240817270756638280e-01
2.610626137404107872e-01 4.334977432900841143e-01
2.618602780246904183e-01 4.368068863686343506e-01
2.586819190935460977e-01 4.401160294471846424e-01
2.448765878127192597e-01 4.478005950407069058e-01
2.344711712435000872e-01 4.632800309970364627e-01
2.283308724199679673e-01 4.682437456148618171e-01
2.018577277915658552e-01 4.851394665255366889e-01
1.874660772329652114e-01 4.996806048610892836e-01
1.853420955177104701e-01 5.029897479396395754e-01
1.823554829269950495e-01 5.129171771752903952e-01
1.786937262417140349e-01 5.192384889535466286e-01
1.687662970060632706e-01 5.293037991508037221e-01
1.522205816133119782e-01 5.339684181442215793e-01
1.389840092991109222e-01 5.349357061210286979e-01
1.257474369849098661e-01 5.376369698740127712e-01
6.618286157100522482e-02 5.376369698740127712e-01
4.963714617825393249e-02 5.345747777714737747e-01
2.316400154985182036e-02 5.345747777714737747e-01
1.654571539275129233e-02 5.357828133656007408e-01
9.927429235650764294e-03 5.388968530989963757e-01
1.206458414054811801e-03 5.460086079607929799e-01
0.000000000000000000e+00 5.484215247889024925e-01
0.000000000000000000e+00 5.529121650729409421e-01
2.579185046517107338e-03 5.559360371964436887e-01
6.618286157100528033e-03 5.572545238918036326e-01
2.316400154985182036e-02 5.576893891261233138e-01
2.978228770695234839e-02 5.587461825091808443e-01
4.963714617825393249e-02 5.656637767635612768e-01
6.287371849245493305e-02 5.732950165661269137e-01
8.272857696375651715e-02 5.828702919259552973e-01
1.058925785136083375e-01 5.918212527121977651e-01
1.389840092991109222e-01 6.096820360305642561e-01
1.533385353560654529e-01 6.155006126103483854e-01
1.560812485382872539e-01 6.188097556888987327e-01
1.569297467635565879e-01 6.221188987674489690e-01
1.577952149533312642e-01 6.485920433958509701e-01
1.611422908937170662e-01 6.552103295529515536e-01
1.720754400846135623e-01 6.644543488049886593e-01
1.835688030985068164e-01 6.783743311028034295e-01
1.903170913051218660e-01 6.883017603384541383e-01
2.084760139486663832e-01 6.985818031808357365e-01
2.150943001057669113e-01 7.006283183060538766e-01
2.184034431843172031e-01 7.026296457955814034e-01
2.250217293414176756e-01 7.103040414458361429e-01
2.283308724199679673e-01 7.123206238502647336e-01
2.481857308912695514e-01 7.185305197306077751e-01
2.746588755196716081e-01 7.234739401809239245e-01
2.978228770695234284e-01 7.291897327711471810e-01
3.077503063051741927e-01 7.300922263380245081e-01
3.176777355408250125e-01 7.324660929637210049e-01
3.375325940121265411e-01 7.341307656723446984e-01
3.540783094048778334e-01 7.390843791208215885e-01
3.640057386405286532e-01 7.400196555736752169e-01
3.772423109547297093e-01 7.427544505489267479e-01
4.202611709758830583e-01 7.427544505489267479e-01
4.301886002115338226e-01 7.420494826845946967e-01
4.434251725257348786e-01 7.433287986522254531e-01
4.484808077846311192e-01 7.445571926738085988e-01
4.765166033112374633e-01 7.451959829516300315e-01
4.845412752767219167e-01 7.445571926738085988e-01
4.963714617825390474e-01 7.407490518294451709e-01
5.162263202538406315e-01 7.390843791208215885e-01
5.261537494894913403e-01 7.367425240190783597e-01
5.625543233535442722e-01 7.357752360422713522e-01
5.791000387462955645e-01 7.313486639450189619e-01
5.857183249033960371e-01 7.279258959945430485e-01
5.956457541390468569e-01 7.247308612980117859e-01
6.022640402961474404e-01 7.213076098374424650e-01
6.121914695317981492e-01 7.181125751409112024e-01
6.188097556888987327e-01 7.145752152983230188e-01
6.419737572387504976e-01 7.049901112087291200e-01
6.485920433958509701e-01 7.013386429841219627e-01
6.585194726315017899e-01 6.977301918082917664e-01
6.750651880242530822e-01 6.953665181807558993e-01
6.849926172599039020e-01 6.920720135181138710e-01
7.081566188097556669e-01 6.821445842824631622e-01
7.346297634381577790e-01 6.682472121986193780e-01
7.445571926738085988e-01 6.641001461283789764e-01
7.511754788309090713e-01 6.598240386528533286e-01
7.842669096164116560e-01 6.273421540188861556e-01
7.941943388520624758e-01 6.197214583738054339e-01
7.975034819306128231e-01 6.191889283333158467e-01
8.008126250091629483e-01 6.208599856397396533e-01
8.160281946546539267e-01 6.386646141602002613e-01
8.239766265590148242e-01 6.464601916048619001e-01
8.471406281088667001e-01 6.580171919856504514e-01
8.570680573445174089e-01 6.650491210275697451e-01
8.769229158158189374e-01 6.695923744712661829e-01
9.133234896798718694e-01 6.705596624480731904e-01
9.232509189155226892e-01 6.729015175498164192e-01
9.563423497010252738e-01 6.738688055266234267e-01
9.662697789366760937e-01 6.762106606283666554e-01
9.761972081723268024e-01 6.765715889779215786e-01
9.828154943294273860e-01 6.753093051366051425e-01
9.894337804865278585e-01 6.710249551957905290e-01
9.931565664498969159e-01 6.651377587886022624e-01
9.993612097221786783e-01 6.494882696462916938e-01
1.000000000000000000e+00 6.188097556888987327e-01
9.993612097221786783e-01 6.107110634177098651e-01
9.959618172869406649e-01 5.989548972175970931e-01
9.937486435203237711e-01 5.956457541390468569e-01
9.828154943294273860e-01 5.864017348870097512e-01
9.678568169437358204e-01 5.691726095106447447e-01
9.596514927795755101e-01 5.612241776062838472e-01
9.364874912297236342e-01 5.439699394570431945e-01
9.199417758369723419e-01 5.365324255085808236e-01
9.018823035040333114e-01 5.195354633323908677e-01
8.966921930006063191e-01 5.129171771752903952e-01
8.950965161101152034e-01 5.062988910181898117e-01
8.955158129436056047e-01 5.029897479396395754e-01
9.020448270204796115e-01 4.864440325468882831e-01
9.071258573039431283e-01 4.765166033112374633e-01
9.069120249651807519e-01 4.732074602326872270e-01
9.041260184762542895e-01 4.698983171541369908e-01
8.934686312085702298e-01 4.666733048318210675e-01
8.802320588943692847e-01 4.606965771900980999e-01
8.769229158158189374e-01 4.579244441725406345e-01
8.736137727372688122e-01 4.523511505665612220e-01
8.703046296587184649e-01 4.498366372404259961e-01
8.669954865801682287e-01 4.495106305600179986e-01
8.570680573445174089e-01 4.519081345445581932e-01
8.239766265590148242e-01 4.523089489443044009e-01
8.140491973233641154e-01 4.564004967021556558e-01
8.107400542448137681e-01 4.567473261264501927e-01
8.074309111662635319e-01 4.552888024988352988e-01
7.941943388520624758e-01 4.378536561179716680e-01
7.842669096164116560e-01 4.317624609440150474e-01
7.776486234593111835e-01 4.238066814171869146e-01
7.703581676143801404e-01 4.202611709758830583e-01
7.664457953288025260e-01 4.169520278973328220e-01
7.656070194790310923e-01 4.136428848187825302e-01
7.665098114895483317e-01 4.103337417402322940e-01
7.744821158582846365e-01 3.970971694260312379e-01
7.847205824578258326e-01 3.706240247976291258e-01
7.903781496566375520e-01 3.474600232477773609e-01
7.941943388520624758e-01 3.372892746681154796e-01
7.975034819306128231e-01 3.337932623333648152e-01
8.008126250091629483e-01 3.330538400178818526e-01
8.107400542448137681e-01 3.352161938571413535e-01
8.173583404019142407e-01 3.345170039486090041e-01
8.239766265590148242e-01 3.311328361715340507e-01
8.272857696375650605e-01 3.278809266996882688e-01
8.408207073113076468e-01 3.011320201480737202e-01
8.418510130363355826e-01 2.945137339909731367e-01
8.401583362131255228e-01 2.878954478338726641e-01
8.330391661264081593e-01 2.812771616767721361e-01
8.314221984857528280e-01 2.779680185982218443e-01
8.314221984857528280e-01 2.680405893625710800e-01
8.301467995908951014e-01 2.647314462840207883e-01
8.272857696375650605e-01 2.619288046970853490e-01
8.239766265590148242e-01 2.607442001156037303e-01
8.206674834804645879e-01 2.609455622534760932e-01
8.173583404019142407e-01 2.627248382470275256e-01
8.107400542448137681e-01 2.725200391396329636e-01
8.074309111662635319e-01 2.744175838368606568e-01
8.041217680877132956e-01 2.738660599904355619e-01
8.011021750285360898e-01 2.713497324411213718e-01
7.959481846836941044e-01 2.614223032054705520e-01
7.941943388520624758e-01 2.594735856147686870e-01
7.908851957735122395e-01 2.577938568474110737e-01
7.875760526949620033e-01 2.579063386845109052e-01
7.842669096164116560e-01 2.601400102625324173e-01
7.809577665378614197e-01 2.640783259395701466e-01
7.776486234593111835e-01 2.658038537631806086e-01
7.743394803807608362e-01 2.655151906973616249e-01
7.710303373022107110e-01 2.637318093123753870e-01
7.644120511451101274e-01 2.571074401716746394e-01
7.611029080665598912e-01 2.549572181168214824e-01
