5.517741164501006601e-01 1.403049233123790374e-01
5.462456183435578927e-01 1.408560865769362125e-01
5.364953580465642302e-01 1.436425814497122588e-01
5.326756684456801505e-01 1.454892285928233719e-01
5.229900269577241190e-01 1.523151553795885071e-01
5.199768758251970269e-01 1.561348449804725869e-01
5.169348508162303624e-01 1.637742241822408018e-01
5.156580961193533152e-01 1.714136033840089612e-01
5.156580961193533152e-01 1.828726721866612559e-01
5.168815550959927618e-01 1.905120513884294708e-01
5.210519578498862270e-01 2.019711201910817655e-01
5.292629949498082187e-01 2.172498785946181399e-01
5.322752171165552326e-01 2.325286369981545143e-01
5.369574172724776995e-01 2.439877058008068089e-01
5.382911822619051989e-01 2.516270850025750239e-01
5.381113805700152852e-01 2.630861538052273185e-01
5.371319729800448917e-01 2.669058434061113982e-01
5.337429346576918476e-01 2.707255330069955335e-01
5.288559788447960708e-01 2.723415555304464775e-01
5.059378412394914815e-01 2.732230223614197095e-01
4.792000140333027569e-01 2.797828272878797873e-01
4.639212556297663825e-01 2.816692468634968138e-01
4.410031180244617932e-01 2.892917291817845848e-01
4.295440492218094986e-01 2.941133045796219259e-01
4.180849804191572039e-01 2.974309899623291953e-01
4.104456012173890445e-01 3.015135483244665293e-01
3.913471532129685349e-01 3.093920629831582447e-01
3.798880844103162402e-01 3.123416672875956590e-01
3.607896364058957861e-01 3.208435570444021501e-01
3.264124299979388466e-01 3.280543830693875007e-01
3.111336715944024722e-01 3.366637339985286137e-01
2.958549131908660978e-01 3.438945051157343835e-01
2.805761547873296680e-01 3.500159229720145593e-01
2.652973963837933491e-01 3.588088923377279471e-01
2.576580171820250786e-01 3.622334416350722619e-01
2.461989483793728395e-01 3.694471469643908490e-01
2.347398795767205448e-01 3.783366063991756567e-01
2.118217419714159555e-01 3.936035832925794953e-01
1.927232939669954459e-01 4.040327000778505262e-01
1.889036043661113662e-01 4.042274293516210926e-01
1.850839147652272865e-01 4.020390084325110025e-01
1.771673000279110899e-01 3.853162210335184246e-01
1.770440842343341536e-01 3.776768418317502096e-01
1.812312968057148699e-01 3.623980834282138352e-01
1.932348595385424139e-01 3.471193250246774609e-01
2.007631244978885787e-01 3.318405666211410310e-01
2.021014870915541772e-01 3.242011874193728715e-01
2.021014870915541772e-01 3.127421186167205769e-01
2.008780281149146751e-01 3.051027394149523619e-01
1.963557438815617395e-01 2.936436706123001228e-01
1.931052629270838539e-01 2.898239810114159876e-01
1.774445355634590715e-01 2.778440454450068486e-01
1.583460875590385619e-01 2.660125289026789019e-01
1.545263979581544822e-01 2.653143060724097446e-01
1.125098123484294388e-01 2.647021763286783180e-01
1.086901227475453036e-01 2.638306695748911523e-01
1.048704331466612238e-01 2.613460729870468180e-01
1.010507435457771441e-01 2.574000249675475471e-01
9.723105394489300890e-02 2.551452201612841031e-01
9.341136434400892918e-02 2.550187059412910573e-01
8.959167474312484947e-02 2.568109494609177590e-01
8.195229554135663452e-02 2.643968316094522653e-01
7.049322673870433986e-02 2.708401236950220281e-01
6.667353713782026015e-02 2.743231476310840633e-01
6.250944929423346563e-02 2.821846018096477726e-01
6.111503361414560853e-02 2.898239810114159876e-01
6.153164729047627679e-02 3.089224290158364417e-01
6.417604778339602856e-02 3.203814978184887918e-01
6.354534306813069966e-02 3.280208770202569513e-01
6.107421942743329613e-02 3.318405666211410310e-01
5.712431313561000534e-02 3.356602562220251662e-01
5.472054295574330096e-02 3.394799458229093014e-01
5.405065665989855495e-02 3.432996354237933812e-01
5.428938725995385850e-02 3.509390146255615406e-01
5.234970113450487794e-02 3.700374626299820502e-01
4.649695093960182213e-02 3.814965314326343448e-01
3.942035498548052130e-02 4.044146690379389342e-01
3.819689600884101921e-02 4.120540482397071491e-01
3.819689600884101921e-02 4.349721858450116829e-01
3.901062885641742861e-02 4.464312546476639776e-01
3.873103859596810361e-02 4.578903234503162722e-01
3.959686649929505808e-02 4.617100130512004075e-01
5.086252690465248305e-02 4.884478402573890765e-01
6.227407322251621302e-02 5.113659778626936658e-01
7.380135076804145156e-02 5.304644258671141754e-01
8.785159392494434893e-02 5.495628738715345740e-01
8.758388918368575915e-02 5.533825634724187648e-01
8.351489583262738936e-02 5.572022530733028445e-01
7.813260594047255481e-02 5.606913926125719483e-01
6.667353713782026015e-02 5.715448130452499553e-01
3.993570993163153560e-02 5.900736203116803136e-01
2.083726192721108150e-02 6.071426628550746774e-01
1.398428940797785680e-02 6.144975970865642623e-01
1.338362593665654021e-03 6.412354242927529313e-01
1.110223024625156540e-16 6.488748034945212018e-01
1.110223024625156540e-16 6.641535618980575206e-01
1.223458976639557605e-03 6.717929410998257911e-01
5.026251694043304408e-03 6.832520099024780302e-01
8.504196351475201698e-03 6.908913891042463007e-01
1.319788272544286656e-02 6.978486808772851324e-01
2.847664112897929645e-02 7.100903552560584586e-01
4.757508913339975054e-02 7.180296676395598876e-01
6.285384753693612492e-02 7.208729209715031283e-01
7.431291633958841958e-02 7.250380970018048821e-01
8.195229554135663452e-02 7.291206553639421051e-01
8.577198514224071424e-02 7.302929564487506964e-01
1.048704331466612238e-01 7.308270990358777253e-01
1.125098123484294388e-01 7.296036400592382787e-01
1.277885707519658132e-01 7.246926105723872080e-01
1.354279499537339726e-01 7.234727712968620494e-01
1.507067083572704025e-01 7.227711061577788421e-01
1.736248459625749918e-01 7.181445712565859285e-01
2.118217419714159555e-01 7.058313040754461420e-01
2.156414315723000352e-01 7.054122725869722554e-01
2.232808107740682502e-01 7.073678467894157773e-01
2.347398795767205448e-01 7.138418969604057862e-01
2.461989483793728395e-01 7.175321055578700591e-01
2.652973963837933491e-01 7.284403020557943531e-01
2.843958443882138032e-01 7.407119957088810214e-01
2.996746027917501776e-01 7.482191033683626147e-01
3.111336715944024722e-01 7.515443634924783289e-01
3.187730507961706872e-01 7.554370698599266465e-01
3.302321195988229818e-01 7.662740868158117724e-01
3.378714988005911968e-01 7.716744735580318704e-01
3.455108780023593562e-01 7.752689585663989913e-01
3.493305676032434359e-01 7.762267272330887202e-01
3.569699468050116509e-01 7.766063639539364516e-01
3.684290156076639455e-01 7.752158925813910084e-01
3.722487052085480252e-01 7.759315694002930641e-01
3.760683948094321605e-01 7.785366580984454110e-01
3.909431475821057989e-01 7.978426979290009768e-01
3.989865324147366943e-01 8.066083958592349390e-01
4.035319630397887769e-01 8.131214563325372957e-01
4.104456012173890445e-01 8.204027396342226108e-01
4.295440492218094986e-01 8.323845461300993787e-01
4.524621868271140879e-01 8.403746384848770345e-01
4.601015660288823028e-01 8.415410871689660288e-01
4.677409452306504622e-01 8.411814837851858684e-01
4.792000140333027569e-01 8.384783188368679641e-01
4.944787724368391868e-01 8.373417608472342177e-01
4.982984620377232665e-01 8.363839921805445998e-01
5.059378412394914815e-01 8.327314699085048844e-01
5.135772204412596409e-01 8.277989672988975700e-01
5.173969100421437206e-01 8.268525818805432248e-01
5.212165996430278003e-01 8.277989672988975700e-01
5.441347372483323896e-01 8.430192085721847084e-01
5.555938060509847398e-01 8.518299179129252829e-01
5.632331852527528993e-01 8.555384932713874235e-01
5.767082013447606403e-01 8.589577315431464744e-01
5.861513228580574886e-01 8.596950766876210182e-01
6.108732027748906557e-01 8.589577315431464744e-01
6.243482188668985078e-01 8.555384932713874235e-01
6.319875980686666672e-01 8.518299179129252829e-01
6.358072876695507469e-01 8.489591322937733997e-01
6.439582324428659854e-01 8.398592835387259647e-01
6.517838739809410642e-01 8.245805251351896459e-01
6.619547992101482148e-01 8.093017667316533270e-01
6.663648044766234957e-01 8.042462952010713817e-01
6.701844940775076864e-01 8.016971119808022905e-01
6.854632524810440053e-01 7.982431492581258947e-01
7.083813900863485946e-01 7.869634034407685386e-01
7.203290238379511656e-01 7.787442499245804672e-01
7.389389068934213434e-01 7.578984971027342699e-01
7.465782860951896138e-01 7.514266484039718863e-01
7.618570444987260437e-01 7.433802903697285247e-01
7.847751821040305220e-01 7.334195402855182566e-01
7.939499267336052046e-01 7.252685955122031292e-01
8.038736301084510316e-01 7.133798116294514102e-01
8.085673164824187520e-01 7.061701475077826196e-01
8.223923037984516293e-01 6.794323203015939505e-01
8.252564022859492088e-01 6.756126307007098708e-01
8.344311469155238914e-01 6.664378860711352992e-01
8.535295949199444010e-01 6.542003322649845298e-01
8.779535716948282387e-01 6.297763554901006922e-01
8.884865756423211414e-01 6.144975970865642623e-01
8.960784323593007361e-01 5.992188386830279434e-01
8.987710004386124663e-01 5.915794594812596729e-01
9.074057006614466570e-01 5.724810114768391633e-01
9.121849799274599491e-01 5.533825634724187648e-01
9.141825693081764292e-01 5.419234946697664146e-01
9.174775649880789752e-01 5.342841154679982552e-01
9.260701912876116992e-01 5.190053570644618253e-01
9.332810173125969389e-01 4.846281506565049413e-01
9.457343971707941055e-01 4.578903234503162722e-01
9.571765690899660672e-01 4.273328066432435235e-01
9.600188445187856079e-01 4.120540482397071491e-01
9.647076094505953048e-01 4.005949794370547989e-01
9.677132668414549777e-01 3.891359106344025598e-01
9.766529766516680588e-01 3.738571522308661299e-01
9.772581557608899239e-01 3.662177730290979705e-01
9.763853009621732415e-01 3.623980834282138352e-01
9.735155945077160755e-01 3.585783938273297555e-01
9.643005933455831569e-01 3.543039792739594573e-01
9.490218349420467270e-01 3.531153493981583624e-01
9.464223239636673224e-01 3.509390146255615406e-01
9.460206502556378627e-01 3.471193250246774609e-01
9.560814398293950855e-01 3.280208770202569513e-01
9.643005933455831569e-01 3.188461323906823797e-01
9.837987763082356452e-01 3.051027394149523619e-01
9.874709746037764191e-01 3.012830498140682822e-01
9.915706723814032841e-01 2.936436706123001228e-01
9.953817772753577042e-01 2.821846018096477726e-01
1.000000000000000000e+00 2.630861538052273185e-01
1.000000000000000000e+00 2.516270850025750239e-01
9.956287492826589869e-01 2.363483265990386495e-01
9.923288562277461367e-01 2.325286369981545143e-01
9.833990413500036665e-01 2.267536301015797839e-01
9.794547966534384864e-01 2.210695681955022196e-01
9.757596621482353960e-01 2.176700444507154719e-01
9.719399725473514273e-01 2.161282237118188898e-01
9.604809037446990772e-01 2.148481040728500990e-01
9.413824557402785675e-01 2.101957744123402749e-01
9.261036973367422487e-01 2.052754548458148309e-01
9.184643181349739782e-01 2.040519958691753843e-01
8.955461805296693889e-01 2.045861384563024687e-01
8.917264909287853092e-01 2.057584395411108380e-01
8.764477325252488793e-01 2.145044766939827041e-01
8.688083533234807199e-01 2.225227109784472246e-01
8.649886637225966401e-01 2.244515850296183168e-01
8.611689741217125604e-01 2.238368943349182683e-01
8.497099053190602103e-01 2.163758818215345547e-01
8.420705261172920508e-01 2.128979371641026574e-01
8.191523885119874615e-01 2.052754548458148309e-01
8.115130093102191911e-01 2.040519958691753843e-01
7.962342509066828722e-01 2.044686095455059971e-01
7.847751821040305220e-01 2.071717744938239569e-01
7.618570444987260437e-01 2.082882991463900768e-01
7.503979756960736935e-01 2.110284144719660193e-01
7.351192172925373747e-01 2.130297376646091423e-01
7.122010796872326743e-01 2.240152610233027142e-01
7.053167554065695732e-01 2.287089473972704345e-01
7.022767075992213393e-01 2.325286369981545143e-01
6.967274391612022777e-01 2.439877058008068089e-01
6.931026316828122757e-01 2.476125132791968664e-01
6.816435628801599256e-01 2.522739679188537032e-01
6.740041836783917661e-01 2.537616174265985292e-01
6.701844940775076864e-01 2.528472636250796990e-01
6.690285353825032866e-01 2.516270850025750239e-01
6.684582882001850468e-01 2.478073954016909441e-01
6.715066943239674790e-01 2.363483265990386495e-01
6.725862685992756163e-01 2.248892577963863548e-01
6.753263839248515588e-01 2.134301889937340602e-01
6.757429976011821715e-01 1.943317409893135506e-01
6.743485819210944809e-01 1.866923617875453356e-01
6.707540969127271380e-01 1.790529825857771762e-01
6.625451148757394160e-01 1.671941788248927918e-01
6.587254252748553363e-01 1.634499109142411588e-01
6.434466668713190174e-01 1.532160255684762440e-01
6.396269772704348267e-01 1.514071963760996176e-01
6.205285292660144281e-01 1.473495588984390925e-01
6.167088396651302373e-01 1.473090470390358564e-01
6.052497708624779982e-01 1.493011815538908826e-01
6.014300812615939185e-01 1.488895607375257946e-01
5.823316332571734089e-01 1.433736092684279595e-01
5.708725644545211697e-01 1.430084513520376022e-01
5.625647395725981159e-01 1.408560865769362125e-01
