7.057971014492753214e-01 2.463768115942028825e-01
6.942028985507247008e-01 2.463768115942028825e-01
6.913043478260869623e-01 2.492753623188405654e-01
6.768115942028984922e-01 2.492753623188405654e-01
6.739130434782608647e-01 2.463768115942028825e-01
6.652173913043477604e-01 2.463768115942028825e-01
6.623188405797101330e-01 2.492753623188405654e-01
6.536231884057971397e-01 2.492753623188405654e-01
6.507246376811594013e-01 2.463768115942028825e-01
6.420289855072464080e-01 2.463768115942028825e-01
6.304347826086956763e-01 2.521739130434782483e-01
6.231884057971014412e-01 2.623188405797101108e-01
6.231884057971014412e-01 2.739130434782608425e-01
6.202898550724638138e-01 2.768115942028985810e-01
6.202898550724638138e-01 2.855072463768115743e-01
6.173913043478260754e-01 2.884057971014493127e-01
6.173913043478260754e-01 2.999999999999999889e-01
6.144927536231884480e-01 3.028985507246376718e-01
6.144927536231884480e-01 3.260869565217391353e-01
6.260869565217390686e-01 3.463768115942028603e-01
6.260869565217390686e-01 3.550724637681159646e-01
6.318840579710145455e-01 3.637681159420289578e-01
6.318840579710145455e-01 3.695652173913043237e-01
6.376811594202898004e-01 3.782608695652173725e-01
6.376811594202898004e-01 3.840579710144927383e-01
6.333333333333333037e-01 3.855072463768116076e-01
6.188405797101449446e-01 3.768115942028985588e-01
6.072463768115942129e-01 3.768115942028985588e-01
6.043478260869564744e-01 3.739130434782608758e-01
5.956521739130434812e-01 3.739130434782608758e-01
5.927536231884058537e-01 3.710144927536231929e-01
5.550724637681159201e-01 3.710144927536231929e-01
5.521739130434782927e-01 3.739130434782608758e-01
5.434782608695651884e-01 3.739130434782608758e-01
5.405797101449275610e-01 3.710144927536231929e-01
5.318840579710144567e-01 3.710144927536231929e-01
5.289855072463768293e-01 3.681159420289855100e-01
5.173913043478260976e-01 3.681159420289855100e-01
5.144927536231883591e-01 3.652173913043478271e-01
5.000000000000000000e-01 3.652173913043478271e-01
4.971014492753623171e-01 3.623188405797101441e-01
4.275362318840579823e-01 3.623188405797101441e-01
4.246376811594202993e-01 3.652173913043478271e-01
4.159420289855072506e-01 3.652173913043478271e-01
3.985507246376811530e-01 3.710144927536231929e-01
3.956521739130434701e-01 3.681159420289855100e-01
3.753623188405796895e-01 3.681159420289855100e-01
3.724637681159420621e-01 3.710144927536231929e-01
3.608695652173913304e-01 3.710144927536231929e-01
3.579710144927535920e-01 3.739130434782608758e-01
3.492753623188405987e-01 3.739130434782608758e-01
3.391304347826087362e-01 3.811594202898550554e-01
3.318840579710145011e-01 3.913043478260869734e-01
3.202898550724637694e-01 3.913043478260869734e-01
3.173913043478260865e-01 3.942028985507246563e-01
3.086956521739130377e-01 3.942028985507246563e-01
2.999999999999999889e-01 3.826086956521739246e-01
2.884057971014493127e-01 3.739130434782608758e-01
2.826086956521739468e-01 3.739130434782608758e-01
2.681159420289854767e-01 3.652173913043478271e-01
2.623188405797101108e-01 3.652173913043478271e-01
2.565217391304347450e-01 3.594202898550724612e-01
2.347826086956521507e-01 3.521739130434782261e-01
2.347826086956521507e-01 3.347826086956521840e-01
2.289855072463767849e-01 3.260869565217391353e-01
2.289855072463767849e-01 3.202898550724637694e-01
2.231884057971014745e-01 3.173913043478260865e-01
2.231884057971014745e-01 3.144927536231884035e-01
2.130434782608695565e-01 3.072463768115941685e-01
2.014492753623188248e-01 3.072463768115941685e-01
1.840579710144927272e-01 2.985507246376811752e-01
1.753623188405797340e-01 2.985507246376811752e-01
1.724637681159420510e-01 3.014492753623188026e-01
1.608695652173913193e-01 3.014492753623188026e-01
1.521739130434782705e-01 3.159420289855072728e-01
1.420289855072463525e-01 3.231884057971014523e-01
1.376811594202898559e-01 3.333333333333333703e-01
1.144927536231883924e-01 3.246376811594202660e-01
9.710144927536229487e-02 3.246376811594202660e-01
9.420289855072461194e-02 3.217391304347826386e-01
7.971014492753625280e-02 3.217391304347826386e-01
7.681159420289856987e-02 3.246376811594202660e-01
6.811594202898552108e-02 3.246376811594202660e-01
6.521739130434783815e-02 3.275362318840580045e-01
4.782608695652174058e-02 3.275362318840580045e-01
4.492753623188405765e-02 3.304347826086956319e-01
3.623188405797100886e-02 3.304347826086956319e-01
3.333333333333332593e-02 3.333333333333333703e-01
1.449275362318813709e-03 3.333333333333333703e-01
0.000000000000000000e+00 3.492753623188405987e-01
1.304347826086954543e-02 3.565217391304347783e-01
5.652173913043478937e-02 3.565217391304347783e-01
5.942028985507247230e-02 3.594202898550724612e-01
7.391304347826088694e-02 3.565217391304347783e-01
7.681159420289856987e-02 3.594202898550724612e-01
8.550724637681161866e-02 3.594202898550724612e-01
1.101449275362318958e-01 3.782608695652173725e-01
1.159420289855072617e-01 3.869565217391304213e-01
1.159420289855072617e-01 3.956521739130434701e-01
1.188405797101449446e-01 3.985507246376811530e-01
1.217391304347826275e-01 4.217391304347826164e-01
1.159420289855072617e-01 4.304347826086956652e-01
1.159420289855072617e-01 4.362318840579710311e-01
1.115942028985507095e-01 4.405797101449275277e-01
1.057971014492753437e-01 4.289855072463767960e-01
9.420289855072461194e-02 4.289855072463767960e-01
8.695652173913043237e-02 4.333333333333333481e-01
8.405797101449274944e-02 4.391304347826087140e-01
8.405797101449274944e-02 4.710144927536231707e-01
8.985507246376811530e-02 4.826086956521739024e-01
8.985507246376811530e-02 4.971014492753623171e-01
9.275362318840579823e-02 5.000000000000000000e-01
9.565217391304348116e-02 5.173913043478260976e-01
1.086956521739130266e-01 5.275362318840579601e-01
1.202898550724637583e-01 5.275362318840579601e-01
1.304347826086956763e-01 5.492753623188405543e-01
1.304347826086956763e-01 5.579710144927536586e-01
1.362318840579710422e-01 5.666666666666666519e-01
1.391304347826086696e-01 5.840579710144927494e-01
1.521739130434782705e-01 5.971014492753623504e-01
1.782608695652174169e-01 6.086956521739130821e-01
1.898550724637680931e-01 6.086956521739130821e-01
2.173913043478261087e-01 6.507246376811594013e-01
2.289855072463767849e-01 6.623188405797101330e-01
2.391304347826087029e-01 6.782608695652173614e-01
2.420289855072463858e-01 6.782608695652173614e-01
2.478260869565217517e-01 6.869565217391304657e-01
2.521739130434782483e-01 6.884057971014492239e-01
2.536231884057971175e-01 6.927536231884058315e-01
2.565217391304347450e-01 6.927536231884058315e-01
2.623188405797101108e-01 7.014492753623188248e-01
2.797101449275362084e-01 7.130434782608695565e-01
2.913043478260869401e-01 7.130434782608695565e-01
2.942028985507246786e-01 7.159420289855071839e-01
3.057971014492753548e-01 7.159420289855071839e-01
3.086956521739130377e-01 7.188405797101449224e-01
3.289855072463768182e-01 7.188405797101449224e-01
3.318840579710145011e-01 7.159420289855071839e-01
3.376811594202898670e-01 7.217391304347826608e-01
3.434782608695652328e-01 7.217391304347826608e-01
3.637681159420289578e-01 7.333333333333333925e-01
3.695652173913043237e-01 7.333333333333333925e-01
3.753623188405796895e-01 7.391304347826086474e-01
3.811594202898550554e-01 7.391304347826086474e-01
3.956521739130434701e-01 7.478260869565217517e-01
4.014492753623188359e-01 7.478260869565217517e-01
4.101449275362318847e-01 7.536231884057971175e-01
4.391304347826087140e-01 7.536231884057971175e-01
4.420289855072463969e-01 7.507246376811593791e-01
4.507246376811594457e-01 7.507246376811593791e-01
4.536231884057970731e-01 7.478260869565217517e-01
4.652173913043478048e-01 7.478260869565217517e-01
4.768115942028985366e-01 7.420289855072463858e-01
4.855072463768115854e-01 7.420289855072463858e-01
5.144927536231883591e-01 7.304347826086956541e-01
5.318840579710144567e-01 7.304347826086956541e-01
5.347826086956521952e-01 7.333333333333333925e-01
5.782608695652173836e-01 7.333333333333333925e-01
5.898550724637681153e-01 7.246376811594202882e-01
5.956521739130434812e-01 7.246376811594202882e-01
6.130434782608695787e-01 7.101449275362319291e-01
6.217391304347825720e-01 7.072463768115941907e-01
6.362318840579710422e-01 6.956521739130434590e-01
6.507246376811594013e-01 6.956521739130434590e-01
6.536231884057971397e-01 6.927536231884058315e-01
6.710144927536232373e-01 6.898550724637680931e-01
6.753623188405797340e-01 6.826086956521739690e-01
6.840579710144927272e-01 6.768115942028984922e-01
6.855072463768115965e-01 6.724637681159419955e-01
6.898550724637680931e-01 6.710144927536232373e-01
6.913043478260869623e-01 6.666666666666666297e-01
6.956521739130434590e-01 6.652173913043477604e-01
6.956521739130434590e-01 6.623188405797101330e-01
7.072463768115941907e-01 6.536231884057971397e-01
7.086956521739130599e-01 6.492753623188405321e-01
7.159420289855071839e-01 6.449275362318840354e-01
7.159420289855071839e-01 6.420289855072464080e-01
7.362318840579710200e-01 6.217391304347825720e-01
7.434782608695652550e-01 6.086956521739130821e-01
7.478260869565217517e-01 6.072463768115942129e-01
7.478260869565217517e-01 6.014492753623188470e-01
7.608695652173913526e-01 5.971014492753623504e-01
7.884057971014493127e-01 5.782608695652173836e-01
7.913043478260869401e-01 5.666666666666666519e-01
7.985507246376811752e-01 5.652173913043477826e-01
8.072463768115942795e-01 5.710144927536231485e-01
8.159420289855072728e-01 5.710144927536231485e-01
8.217391304347825276e-01 5.768115942028985144e-01
8.304347826086956319e-01 5.797101449275362528e-01
8.449275362318839910e-01 5.913043478260869845e-01
8.594202898550724612e-01 5.971014492753623504e-01
8.710144927536231929e-01 6.057971014492753437e-01
8.797101449275361862e-01 6.057971014492753437e-01
8.826086956521739246e-01 6.086956521739130821e-01
9.144927536231883813e-01 6.086956521739130821e-01
9.173913043478261198e-01 6.057971014492753437e-01
9.376811594202898448e-01 6.057971014492753437e-01
9.492753623188405765e-01 5.999999999999999778e-01
9.579710144927535698e-01 5.999999999999999778e-01
9.768115942028985366e-01 5.898550724637681153e-01
9.898550724637681375e-01 5.739130434782608869e-01
9.956521739130435034e-01 5.739130434782608869e-01
1.000000000000000000e+00 5.666666666666666519e-01
1.000000000000000000e+00 5.492753623188405543e-01
9.942028985507246341e-01 5.434782608695651884e-01
9.942028985507246341e-01 5.376811594202898226e-01
9.840579710144927716e-01 5.275362318840579601e-01
9.782608695652174058e-01 5.275362318840579601e-01
9.724637681159420399e-01 5.217391304347825942e-01
9.550724637681159424e-01 5.130434782608696009e-01
9.405797101449275832e-01 5.159420289855072284e-01
9.376811594202898448e-01 5.130434782608696009e-01
9.115942028985506429e-01 5.130434782608696009e-01
9.086956521739131265e-01 5.101449275362318625e-01
8.884057971014492905e-01 5.072463768115942351e-01
8.826086956521739246e-01 5.014492753623188692e-01
8.739130434782609314e-01 4.985507246376811863e-01
8.565217391304347228e-01 4.840579710144927716e-01
8.347826086956522396e-01 4.739130434782608536e-01
8.492753623188405987e-01 4.507246376811594457e-01
8.492753623188405987e-01 4.449275362318840799e-01
8.666666666666666963e-01 4.217391304347826164e-01
8.666666666666666963e-01 4.159420289855072506e-01
8.753623188405796895e-01 4.014492753623188359e-01
8.724637681159419511e-01 3.782608695652173725e-01
8.666666666666666963e-01 3.753623188405796895e-01
8.637681159420289578e-01 3.666666666666666963e-01
8.521739130434782261e-01 3.579710144927535920e-01
8.478260869565217295e-01 3.507246376811594124e-01
8.391304347826087362e-01 3.507246376811594124e-01
8.333333333333332593e-01 3.449275362318840465e-01
8.159420289855072728e-01 3.478260869565217295e-01
8.130434782608695343e-01 3.449275362318840465e-01
8.043478260869565410e-01 3.449275362318840465e-01
7.884057971014493127e-01 3.579710144927535920e-01
7.826086956521738358e-01 3.695652173913043237e-01
7.826086956521738358e-01 3.898550724637681042e-01
7.637681159420289800e-01 4.086956521739130155e-01
7.594202898550724834e-01 4.043478260869565188e-01
7.565217391304348560e-01 3.898550724637681042e-01
7.507246376811593791e-01 3.840579710144927383e-01
7.507246376811593791e-01 3.753623188405796895e-01
7.449275362318841243e-01 3.666666666666666963e-01
7.449275362318841243e-01 3.608695652173913304e-01
7.391304347826086474e-01 3.550724637681159646e-01
7.391304347826086474e-01 3.492753623188405987e-01
7.333333333333333925e-01 3.463768115942028603e-01
7.275362318840579157e-01 3.318840579710145011e-01
7.072463768115941907e-01 3.086956521739130377e-01
7.072463768115941907e-01 2.999999999999999889e-01
7.101449275362319291e-01 2.971014492753623060e-01
7.101449275362319291e-01 2.855072463768115743e-01
7.130434782608695565e-01 2.826086956521739468e-01
7.130434782608695565e-01 2.623188405797101108e-01
7.101449275362319291e-01 2.594202898550724834e-01
7.101449275362319291e-01 2.507246376811593791e-01
