7.619012615282078071e-01 1.734079348719774760e-03
7.580329306733712968e-01 1.388375068301861415e-03
7.502962689636982763e-01 2.279511738392192566e-03
7.386912763991887454e-01 0.000000000000000000e+00
7.348229455443522351e-01 9.992394049285757696e-04
7.232179529798427042e-01 9.288519808149542367e-03
6.922713061411507329e-01 2.220779959448559993e-02
6.884029752863141116e-01 2.470939562000618039e-02
6.684440341735938818e-01 4.165125204905861800e-02
6.653067645942021269e-01 4.551958290389512829e-02
6.589849430596139701e-01 6.099290632324116945e-02
6.583567158017650245e-01 7.259789888775070033e-02
6.570904052586511446e-01 7.646622974258721062e-02
6.535879975927856300e-01 7.934598715674334724e-02
6.419830050282760991e-01 8.125408186619620388e-02
6.187730198992570374e-01 8.754088662538528354e-02
6.032996964799109962e-01 9.528980399156850023e-02
5.940839670904475289e-01 1.035445457264427271e-01
5.847569366214011577e-01 1.151495382909522580e-01
5.684847187863824036e-01 1.292413149764282121e-01
5.486249844869984793e-01 1.538328468393173609e-01
5.367966418671800133e-01 1.770428319683363672e-01
5.348483731501868510e-01 1.847794936780093877e-01
5.350297011590072760e-01 1.886478245328458980e-01
5.390132828669076392e-01 2.041211479521919392e-01
5.385396933297462718e-01 2.079894788070284495e-01
5.298014102380173007e-01 2.218849304303227576e-01
5.259330793831807904e-01 2.254478667439879791e-01
5.220647485283442801e-01 2.262175226836065645e-01
5.181964176735077698e-01 2.221981556007548986e-01
5.151764049885915187e-01 2.157261405167014701e-01
5.077957167902209523e-01 2.041211479521919392e-01
5.022486763191346126e-01 1.925161553876824083e-01
4.965413498488838728e-01 1.847794936780093877e-01
4.833814399799792327e-01 1.726564210882985395e-01
4.756447782703062122e-01 1.687671405493828547e-01
4.640397857057967368e-01 1.651001279799919064e-01
4.601714548509602265e-01 1.646823060337416211e-01
4.485664622864506956e-01 1.667173642250419641e-01
4.369614697219411648e-01 1.669915132717529893e-01
4.330931388671046545e-01 1.681587839881610869e-01
4.176198154477586133e-01 1.765247519431350498e-01
4.137514845929221030e-01 1.796085616169524335e-01
4.060148228832490824e-01 1.885128827588400391e-01
4.021464920284125721e-01 1.912853228429617358e-01
3.905414994639030413e-01 1.955785839810946225e-01
3.828048377542300207e-01 1.999304561927857105e-01
3.750681760445570001e-01 2.068676628591258893e-01
3.711998451897204898e-01 2.091177419730224085e-01
3.634631834800474692e-01 2.118936275401505087e-01
3.595948526252110145e-01 2.145504713353295623e-01
3.490481769926850331e-01 2.273311330812110009e-01
3.473669932281430728e-01 2.311994639360475112e-01
3.436558967881531701e-01 2.466727873553935524e-01
3.445014545576793319e-01 2.505411182102300627e-01
3.477523309731238021e-01 2.582777799199030833e-01
3.551286888200815839e-01 2.698827724844126141e-01
3.595948526252110145e-01 2.749502859042484149e-01
3.634631834800474692e-01 2.777230501991259093e-01
3.789365068993935104e-01 2.855287892454924092e-01
3.905414994639030413e-01 2.903347809854463502e-01
4.021464920284125721e-01 3.006434418781605000e-01
4.137514845929221030e-01 3.061138355801580335e-01
4.172726575505296687e-01 3.085660810327776615e-01
4.250744113659331580e-01 3.163027427424506821e-01
4.296738107007759266e-01 3.240394044521236472e-01
4.298929742508308394e-01 3.279077353069601575e-01
4.282008380801055614e-01 3.317760661617966678e-01
4.249608524109143026e-01 3.356443970166331781e-01
4.158958853928858557e-01 3.433810587263061986e-01
4.083282364336905390e-01 3.511177204359792192e-01
3.937522140734173726e-01 3.704593747101617707e-01
3.835398206166489854e-01 3.820643672746713015e-01
3.757615561034428620e-01 3.936693598391808324e-01
3.679762361440234164e-01 4.091426832585268736e-01
3.571234190235099137e-01 4.246160066778729147e-01
3.542674145181116119e-01 4.323526683875459353e-01
3.446305201078171399e-01 4.516943226617284313e-01
3.320754111929968833e-01 4.710359769359109827e-01
3.265280629141566471e-01 4.826409695004205136e-01
3.080529257723431114e-01 5.058509546294395198e-01
3.058872233460077084e-01 5.097192854842760301e-01
3.022380560412260553e-01 5.213242780487855610e-01
2.980955556089676106e-01 5.290609397584585816e-01
2.950698256613397685e-01 5.367976014681316022e-01
2.841624009558990638e-01 5.561392557423141536e-01
2.812289167243147148e-01 5.677442483068236845e-01
2.739525441095272962e-01 5.832175717261697256e-01
2.701013253089536992e-01 5.948225642906792565e-01
2.673382318412133030e-01 6.102958877100252977e-01
2.529156249991593719e-01 6.528475271132267999e-01
2.512815886897887818e-01 6.558092179239610742e-01
2.474132578349522715e-01 6.587289689231312639e-01
2.435449269801157612e-01 6.586500233954816208e-01
2.261374381333514649e-01 6.489791962583904006e-01
2.228562646404098069e-01 6.451108654035537793e-01
2.154825619191527153e-01 6.296375419842077381e-01
2.154534767247553995e-01 6.102958877100252977e-01
2.099119392700094511e-01 5.909542334358427462e-01
2.009932875769142036e-01 5.796641050106803306e-01
1.932566258672411830e-01 5.719752351793010448e-01
1.855199641575681624e-01 5.671869464040082409e-01
1.777833024478951418e-01 5.658423189698623679e-01
1.390999938995300389e-01 5.691710916549190813e-01
1.313633321898570183e-01 5.727945691450824217e-01
1.120216779156745224e-01 5.887281185099462189e-01
9.654835449632848121e-02 5.995543618541845365e-01
9.268002364149197092e-02 6.008787216125953679e-01
8.494336193181895034e-02 6.010585804101139518e-01
8.107503107698244005e-02 6.020563429892235030e-01
7.724968167608858849e-02 6.064275568551887874e-01
7.455502181358864000e-02 6.219008802745347175e-01
6.990355834965283899e-02 6.335058728390443594e-01
6.969951576657335002e-02 6.412425345487173800e-01
7.113274212551667919e-02 6.451108654035537793e-01
8.881169278665546063e-02 6.676761287234334041e-01
9.949356094262440386e-02 6.760575122422458616e-01
1.020115235106150986e-01 6.799258430970823719e-01
1.027313423380753488e-01 6.837941739519188822e-01
1.024819806380692366e-01 6.915308356615919028e-01
1.036871832557085815e-01 6.953991665164284131e-01
1.122634485941018112e-01 7.070041590809379439e-01
1.218282359599530129e-01 7.224774825002839851e-01
1.230786569424155430e-01 7.302141442099570057e-01
1.339543839888512888e-01 7.572924601938125777e-01
1.530184000144810263e-01 7.805024453228315284e-01
1.700466407382221212e-01 7.986204439184434456e-01
1.816516333027316521e-01 8.041064271129914065e-01
1.971249567220776933e-01 8.141297775784717139e-01
2.396765961252792509e-01 8.298558998124541120e-01
2.628865812542983127e-01 8.352577475418864195e-01
2.668045060944532199e-01 8.385274081453792938e-01
2.671804285031668114e-01 8.423957390002156931e-01
2.642904110000050544e-01 8.540007315647252240e-01
2.632921320697247380e-01 8.656057241292347548e-01
2.542452292640586808e-01 8.965523709679268372e-01
2.538084822320610390e-01 9.081573635324363680e-01
2.512493525993317878e-01 9.197623560969458989e-01
2.498063777705714639e-01 9.352356795162919401e-01
2.589182073601125622e-01 9.661823263549840224e-01
2.663534815487272334e-01 9.777873189194934422e-01
2.701397016071167556e-01 9.816556497743300636e-01
2.822282355284808641e-01 9.899794688458978253e-01
2.977015589478269053e-01 9.975345240091024746e-01
3.170432132220094568e-01 1.000000000000000000e+00
3.247798749316824218e-01 9.988515892774704197e-01
3.441215292058649733e-01 9.932261036704927992e-01
3.557265217703745042e-01 9.853572422302511180e-01
3.673315143348839795e-01 9.814971116245416738e-01
3.750681760445570001e-01 9.802518200286232108e-01
3.828048377542300207e-01 9.766053289360712153e-01
3.951246305853941543e-01 9.661823263549840224e-01
4.078374018437008752e-01 9.507090029356379812e-01
4.159677158118388340e-01 9.391040103711283393e-01
4.253564771574316339e-01 9.307958906942636057e-01
4.435668271250111094e-01 9.081573635324363680e-01
4.640397857057967368e-01 8.750878522002364379e-01
4.679081165606332471e-01 8.720190094938321534e-01
4.756447782703062122e-01 8.690685041686447843e-01
4.872497708348157430e-01 8.679454403720794353e-01
4.988547633993252739e-01 8.633284003195326184e-01
5.104597559638347493e-01 8.606796465562789322e-01
5.375380719476903213e-01 8.572139418715651882e-01
5.568797262218728727e-01 8.526373034765450942e-01
5.723530496412189139e-01 8.458585190396257225e-01
5.800897113508919345e-01 8.449845450338371311e-01
5.916947039154014654e-01 8.467320131036211173e-01
6.032996964799109962e-01 8.461673615836813322e-01
6.110363581895840168e-01 8.432808655517460839e-01
6.187730198992570374e-01 8.390454881705804446e-01
6.303780124637665683e-01 8.281460712594403972e-01
6.342463433186030786e-01 8.261809855003594549e-01
6.381146741734395889e-01 8.258042261931435313e-01
6.613246593024586506e-01 8.311898599366021045e-01
6.729296518669680705e-01 8.321945761814129039e-01
6.845346444314777123e-01 8.354005073710530915e-01
6.922713061411507329e-01 8.362654180692460359e-01
7.154812912701696836e-01 8.323970872144095257e-01
7.309546146895157248e-01 8.263296874660157609e-01
7.386912763991887454e-01 8.241004365146364918e-01
7.425596072540252557e-01 8.221241975013129366e-01
7.495612861012793671e-01 8.153174230163602321e-01
7.548222160638569100e-01 8.075807613066872115e-01
7.699602841424505462e-01 7.921074378873411703e-01
7.739897954495719157e-01 7.843707761776681497e-01
7.773745849475538483e-01 7.749864920668609880e-01
7.812429158023903586e-01 7.708316181857403082e-01
7.967162392217363998e-01 7.674614814561478982e-01
8.160578934959188402e-01 7.659659832823912939e-01
8.276628860604284821e-01 7.661896211599364959e-01
8.315312169152648814e-01 7.653144905731046332e-01
8.547412020442839431e-01 7.522928250323729360e-01
8.717539632527996352e-01 7.379508059196300263e-01
8.827046445796699059e-01 7.186091516454474748e-01
8.855911406116050433e-01 7.108724899357744542e-01
8.861483644609327026e-01 6.992674973712649233e-01
8.855911406116050433e-01 6.953991665164284131e-01
8.818517541185965092e-01 6.837941739519188822e-01
8.800008251635522694e-01 6.644525196777363307e-01
8.808999967593669211e-01 6.528475271132267999e-01
8.829413339760421309e-01 6.489791962583904006e-01
8.898785406423823652e-01 6.412425345487173800e-01
8.943593572159012073e-01 6.335058728390443594e-01
9.039657121720785504e-01 6.102958877100252977e-01
9.062685778840984252e-01 5.716125791616601948e-01
9.078846997404903529e-01 5.638759174519871742e-01
9.106284030786325756e-01 5.561392557423141536e-01
9.207403556640822995e-01 5.367976014681316022e-01
9.258463683505584463e-01 5.251926089036220713e-01
9.278788811725913188e-01 4.942459620649300445e-01
9.258292205997025182e-01 4.826409695004205136e-01
9.209707698250735319e-01 4.671676460810744724e-01
9.195055225279920030e-01 4.594309843714014518e-01
9.190668552743304076e-01 4.516943226617284313e-01
9.202771739433057707e-01 4.400893300972189004e-01
9.282711959161353832e-01 4.130110141133633839e-01
9.284578618021764873e-01 4.014060215488538530e-01
9.302926792783601240e-01 3.859326981295078118e-01
9.303004842334265945e-01 3.781960364198347913e-01
9.283980264359661394e-01 3.665910438553252604e-01
9.183844549179036587e-01 3.279077353069601575e-01
9.154417603747602161e-01 3.201710735972871369e-01
9.005587273331261411e-01 2.892244267585951101e-01
8.967095217154070763e-01 2.776194341940855792e-01
8.934572930575206406e-01 2.621461107747395936e-01
8.857896470633663810e-01 2.466727873553935524e-01
8.806590187716885065e-01 2.389361256457205318e-01
8.769174091000278004e-01 2.311994639360475112e-01
8.706200762790563541e-01 2.041211479521919392e-01
8.657437496395976595e-01 1.925161553876824083e-01
8.590930742559750311e-01 1.731745011134998569e-01
8.509746693698378994e-01 1.577011776941538712e-01
8.483906922242606674e-01 1.499645159844808506e-01
8.426950840314160196e-01 1.383595234199713198e-01
8.417921284200431398e-01 1.344911925651348095e-01
8.412020440523562126e-01 1.228862000006252786e-01
8.398051467992208030e-01 1.190178691457887683e-01
8.353995477701015027e-01 1.140708691102768069e-01
8.315312169152648814e-01 1.120616601524425104e-01
8.276628860604284821e-01 1.116299913656502718e-01
8.199262243507554615e-01 1.134337463795328516e-01
8.160578934959188402e-01 1.152633127278591130e-01
8.083212317862458196e-01 1.221215299479250227e-01
8.044529009314094203e-01 1.236985494801408625e-01
8.005845700765729100e-01 1.221242560443696612e-01
7.986132091601658711e-01 1.190178691457887683e-01
7.945564211611193528e-01 9.967621487160621685e-02
7.938149910806089338e-01 9.193955316193319627e-02
7.942113364550800192e-01 8.807122230709668598e-02
8.009277284588567358e-01 6.486123717807767974e-02
8.013401034466580697e-01 5.712457546840465916e-02
7.997786678151486139e-01 4.938791375873163858e-02
7.968889325634701537e-01 4.165125204905861800e-02
7.874944147731528510e-01 2.230959777487606654e-02
7.773745849475538483e-01 9.821616645675712576e-03
7.735062540927173380e-01 7.171033756429356920e-03
