5.189732142857143016e-01 1.562500000000000000e-01
4.921875000000000000e-01 1.562500000000000000e-01
4.866071428571428492e-01 1.618303571428571508e-01
4.866071428571428492e-01 1.685267857142856984e-01
4.676339285714285476e-01 1.674107142857143016e-01
4.564732142857143016e-01 1.718750000000000000e-01
4.475446428571428492e-01 1.718750000000000000e-01
4.441964285714285476e-01 1.796875000000000000e-01
4.441964285714285476e-01 2.020089285714285476e-01
4.375000000000000000e-01 2.064732142857143016e-01
4.397321428571428492e-01 2.198660714285714524e-01
4.609375000000000000e-01 2.388392857142856984e-01
4.676339285714285476e-01 2.410714285714285476e-01
4.743303571428571508e-01 2.477678571428571508e-01
4.787946428571428492e-01 2.477678571428571508e-01
4.854910714285714524e-01 2.544642857142856984e-01
5.100446428571429047e-01 2.656250000000000000e-01
5.245535714285713969e-01 2.756696428571428492e-01
5.279017857142856984e-01 2.812500000000000000e-01
5.513392857142856984e-01 2.979910714285713969e-01
5.323660714285713969e-01 2.991071428571428492e-01
5.301339285714286031e-01 2.968750000000000000e-01
5.122767857142856984e-01 2.968750000000000000e-01
5.100446428571429047e-01 2.946428571428571508e-01
5.011160714285713969e-01 2.946428571428571508e-01
4.921875000000000000e-01 2.901785714285713969e-01
4.787946428571428492e-01 2.901785714285713969e-01
4.765625000000000000e-01 2.879464285714286031e-01
4.274553571428571508e-01 2.879464285714286031e-01
4.252232142857143016e-01 2.901785714285713969e-01
4.029017857142856984e-01 2.901785714285713969e-01
4.006696428571428492e-01 2.924107142857143016e-01
3.917410714285713969e-01 2.924107142857143016e-01
3.895089285714286031e-01 2.946428571428571508e-01
3.805803571428571508e-01 2.946428571428571508e-01
3.761160714285713969e-01 2.991071428571428492e-01
3.515625000000000000e-01 3.035714285714286031e-01
3.381696428571428492e-01 3.102678571428571508e-01
3.314732142857143016e-01 3.102678571428571508e-01
2.845982142857143016e-01 3.258928571428571508e-01
2.801339285714286031e-01 3.303571428571428492e-01
2.756696428571428492e-01 3.303571428571428492e-01
2.388392857142856984e-01 3.515625000000000000e-01
2.377232142857143016e-01 3.549107142857143016e-01
2.332589285714285476e-01 3.549107142857143016e-01
2.243303571428571508e-01 3.616071428571428492e-01
1.863839285714285476e-01 3.683035714285713969e-01
1.752232142857143016e-01 3.750000000000000000e-01
1.685267857142856984e-01 3.750000000000000000e-01
1.495535714285714524e-01 3.671875000000000000e-01
1.361607142857143016e-01 3.515625000000000000e-01
1.339285714285714524e-01 3.337053571428571508e-01
1.227678571428571508e-01 3.203125000000000000e-01
1.272321428571428492e-01 3.113839285714286031e-01
1.272321428571428492e-01 2.935267857142856984e-01
1.250000000000000000e-01 2.912946428571428492e-01
1.250000000000000000e-01 2.756696428571428492e-01
1.149553571428571508e-01 2.700892857142856984e-01
1.037946428571428492e-01 2.700892857142856984e-01
1.015625000000000000e-01 2.678571428571428492e-01
8.593750000000000000e-02 2.678571428571428492e-01
7.700892857142854764e-02 2.723214285714286031e-01
7.477678571428569843e-02 2.678571428571428492e-01
5.691964285714284921e-02 2.678571428571428492e-01
5.133928571428569843e-02 2.779017857142856984e-01
4.575892857142854764e-02 2.812500000000000000e-01
3.906250000000000000e-02 2.745535714285713969e-01
3.013392857142854764e-02 2.745535714285713969e-01
2.455357142857145236e-02 2.801339285714286031e-01
2.120535714285715079e-02 2.901785714285713969e-01
4.464285714285698425e-03 3.069196428571428492e-01
0.000000000000000000e+00 3.180803571428571508e-01
0.000000000000000000e+00 3.381696428571428492e-01
2.232142857142849213e-03 3.404017857142856984e-01
2.232142857142849213e-03 3.582589285714286031e-01
1.897321428571430157e-02 3.794642857142856984e-01
4.241071428571430157e-02 3.939732142857143016e-01
4.352678571428569843e-02 3.973214285714286031e-01
5.133928571428569843e-02 4.006696428571428492e-01
5.245535714285715079e-02 4.040178571428571508e-01
5.915178571428569843e-02 4.062500000000000000e-01
7.812500000000000000e-02 4.252232142857143016e-01
7.812500000000000000e-02 4.319196428571428492e-01
5.691964285714284921e-02 4.397321428571428492e-01
5.468750000000000000e-02 4.441964285714285476e-01
5.022321428571430157e-02 4.441964285714285476e-01
3.125000000000000000e-02 4.654017857142856984e-01
3.125000000000000000e-02 4.899553571428571508e-01
3.348214285714284921e-02 4.921875000000000000e-01
3.571428571428569843e-02 5.145089285714286031e-01
3.348214285714284921e-02 5.167410714285713969e-01
3.348214285714284921e-02 5.502232142857143016e-01
4.464285714285715079e-02 5.613839285714286031e-01
4.464285714285715079e-02 5.658482142857143016e-01
5.022321428571430157e-02 5.714285714285713969e-01
6.138392857142854764e-02 5.714285714285713969e-01
6.361607142857145236e-02 5.691964285714286031e-01
7.700892857142854764e-02 5.691964285714286031e-01
8.482142857142854764e-02 5.747767857142856984e-01
9.151785714285715079e-02 5.881696428571429047e-01
1.026785714285714524e-01 5.970982142857143016e-01
1.026785714285714524e-01 6.015625000000000000e-01
1.082589285714285476e-01 6.093750000000000000e-01
1.183035714285714524e-01 6.149553571428570953e-01
1.183035714285714524e-01 6.238839285714286031e-01
1.227678571428571508e-01 6.328125000000000000e-01
1.227678571428571508e-01 6.439732142857143016e-01
1.339285714285714524e-01 6.774553571428572063e-01
1.428571428571428492e-01 6.908482142857143016e-01
1.428571428571428492e-01 6.953125000000000000e-01
1.517857142857143016e-01 7.064732142857143016e-01
1.517857142857143016e-01 7.109375000000000000e-01
1.562500000000000000e-01 7.131696428571427937e-01
1.741071428571428492e-01 7.399553571428572063e-01
1.908482142857143016e-01 7.566964285714286031e-01
2.310267857142856984e-01 7.834821428571427937e-01
2.488839285714285476e-01 7.879464285714286031e-01
2.622767857142856984e-01 7.968750000000000000e-01
2.667410714285713969e-01 7.968750000000000000e-01
2.801339285714286031e-01 8.058035714285713969e-01
2.845982142857143016e-01 8.058035714285713969e-01
2.979910714285713969e-01 8.147321428571427937e-01
3.024553571428571508e-01 8.147321428571427937e-01
3.158482142857143016e-01 8.258928571428572063e-01
3.203125000000000000e-01 8.258928571428572063e-01
3.225446428571428492e-01 8.303571428571427937e-01
3.270089285714286031e-01 8.303571428571427937e-01
3.381696428571428492e-01 8.370535714285713969e-01
3.470982142857143016e-01 8.370535714285713969e-01
3.560267857142856984e-01 8.415178571428572063e-01
3.649553571428571508e-01 8.415178571428572063e-01
3.671875000000000000e-01 8.437500000000000000e-01
3.895089285714286031e-01 8.437500000000000000e-01
3.962053571428571508e-01 8.392857142857143016e-01
4.073660714285713969e-01 8.392857142857143016e-01
4.363839285714286031e-01 8.325892857142856984e-01
4.386160714285714524e-01 8.348214285714286031e-01
4.810267857142856984e-01 8.348214285714286031e-01
4.832589285714285476e-01 8.370535714285713969e-01
5.122767857142856984e-01 8.392857142857143016e-01
5.145089285714286031e-01 8.370535714285713969e-01
5.234375000000000000e-01 8.370535714285713969e-01
5.412946428571429047e-01 8.303571428571427937e-01
5.479910714285713969e-01 8.303571428571427937e-01
5.658482142857143016e-01 8.214285714285713969e-01
5.725446428571429047e-01 8.214285714285713969e-01
5.926339285714286031e-01 8.080357142857143016e-01
6.305803571428572063e-01 7.924107142857143016e-01
6.372767857142856984e-01 7.924107142857143016e-01
6.863839285714286031e-01 7.656250000000000000e-01
6.908482142857143016e-01 7.656250000000000000e-01
7.075892857142856984e-01 7.488839285714286031e-01
7.098214285714286031e-01 7.421875000000000000e-01
7.767857142857143016e-01 6.774553571428572063e-01
7.801339285714286031e-01 6.696428571428572063e-01
7.834821428571427937e-01 6.685267857142856984e-01
7.935267857142856984e-01 6.517857142857143016e-01
7.968750000000000000e-01 6.506696428571427937e-01
8.113839285714286031e-01 6.294642857142856984e-01
8.225446428571427937e-01 6.227678571428570953e-01
8.437500000000000000e-01 6.015625000000000000e-01
8.616071428571427937e-01 5.680803571428570953e-01
8.816964285714286031e-01 5.412946428571429047e-01
8.883928571428572063e-01 5.279017857142856984e-01
8.883928571428572063e-01 5.212053571428570953e-01
8.839285714285713969e-01 5.189732142857143016e-01
8.850446428571427937e-01 5.156250000000000000e-01
8.995535714285713969e-01 5.055803571428570953e-01
9.151785714285713969e-01 4.832589285714285476e-01
9.151785714285713969e-01 4.765625000000000000e-01
9.107142857142856984e-01 4.743303571428571508e-01
9.185267857142856984e-01 4.732142857142856984e-01
9.252232142857143016e-01 4.687500000000000000e-01
9.319196428571427937e-01 4.687500000000000000e-01
9.609375000000000000e-01 4.553571428571428492e-01
9.709821428571427937e-01 4.453125000000000000e-01
9.866071428571427937e-01 4.207589285714286031e-01
9.866071428571427937e-01 4.162946428571428492e-01
9.933035714285713969e-01 4.073660714285713969e-01
1.000000000000000000e+00 3.895089285714286031e-01
1.000000000000000000e+00 3.783482142857143016e-01
9.910714285714286031e-01 3.604910714285713969e-01
9.888392857142856984e-01 3.470982142857143016e-01
9.743303571428572063e-01 3.325892857142856984e-01
9.654017857142856984e-01 3.281250000000000000e-01
9.564732142857143016e-01 3.281250000000000000e-01
9.520089285714286031e-01 3.236607142857143016e-01
9.229910714285713969e-01 3.169642857142856984e-01
9.207589285714286031e-01 3.191964285714286031e-01
9.174107142857143016e-01 3.180803571428571508e-01
9.207589285714286031e-01 3.147321428571428492e-01
9.285714285714286031e-01 3.136160714285713969e-01
9.218750000000000000e-01 2.756696428571428492e-01
9.185267857142856984e-01 2.723214285714286031e-01
9.073660714285713969e-01 2.723214285714286031e-01
9.029017857142856984e-01 2.767857142857143016e-01
8.973214285714286031e-01 2.600446428571428492e-01
8.917410714285713969e-01 2.544642857142856984e-01
8.850446428571427937e-01 2.544642857142856984e-01
8.738839285714286031e-01 2.656250000000000000e-01
8.683035714285713969e-01 2.622767857142856984e-01
8.649553571428572063e-01 2.544642857142856984e-01
8.582589285714286031e-01 2.500000000000000000e-01
8.470982142857143016e-01 2.500000000000000000e-01
8.415178571428572063e-01 2.555803571428571508e-01
8.404017857142856984e-01 2.633928571428571508e-01
8.337053571428572063e-01 2.544642857142856984e-01
8.147321428571427937e-01 2.555803571428571508e-01
8.147321428571427937e-01 2.734375000000000000e-01
8.091517857142856984e-01 2.745535714285713969e-01
8.002232142857143016e-01 2.700892857142856984e-01
7.901785714285713969e-01 2.712053571428571508e-01
7.901785714285713969e-01 2.935267857142856984e-01
8.002232142857143016e-01 3.013392857142856984e-01
8.102678571428572063e-01 3.158482142857143016e-01
8.236607142857143016e-01 3.270089285714286031e-01
8.281250000000000000e-01 3.381696428571428492e-01
8.281250000000000000e-01 3.470982142857143016e-01
8.180803571428572063e-01 3.504464285714286031e-01
8.136160714285713969e-01 3.549107142857143016e-01
8.091517857142856984e-01 3.549107142857143016e-01
8.024553571428572063e-01 3.616071428571428492e-01
7.868303571428572063e-01 3.437500000000000000e-01
7.667410714285713969e-01 3.348214285714286031e-01
7.511160714285713969e-01 3.325892857142856984e-01
7.444196428571427937e-01 3.258928571428571508e-01
7.332589285714286031e-01 3.236607142857143016e-01
7.243303571428572063e-01 3.169642857142856984e-01
7.198660714285713969e-01 3.169642857142856984e-01
7.087053571428572063e-01 3.102678571428571508e-01
7.020089285714286031e-01 3.102678571428571508e-01
6.986607142857143016e-01 2.957589285714286031e-01
6.919642857142856984e-01 2.912946428571428492e-01
6.852678571428572063e-01 2.667410714285713969e-01
6.763392857142856984e-01 2.600446428571428492e-01
6.718750000000000000e-01 2.466517857142856984e-01
6.640625000000000000e-01 2.388392857142856984e-01
6.551339285714286031e-01 2.410714285714285476e-01
6.506696428571427937e-01 2.366071428571428492e-01
6.462053571428572063e-01 2.366071428571428492e-01
6.439732142857143016e-01 2.299107142857143016e-01
6.395089285714286031e-01 2.299107142857143016e-01
6.328125000000000000e-01 2.209821428571428492e-01
6.283482142857143016e-01 2.209821428571428492e-01
6.238839285714286031e-01 2.142857142857143016e-01
6.127232142857143016e-01 2.075892857142856984e-01
6.037946428571429047e-01 2.098214285714285476e-01
5.948660714285713969e-01 1.964285714285714524e-01
5.904017857142856984e-01 1.964285714285714524e-01
5.881696428571429047e-01 1.919642857142856984e-01
5.803571428571429047e-01 1.886160714285714524e-01
5.781250000000000000e-01 1.796875000000000000e-01
5.703125000000000000e-01 1.718750000000000000e-01
5.658482142857143016e-01 1.718750000000000000e-01
5.546875000000000000e-01 1.607142857142856984e-01
5.256696428571429047e-01 1.607142857142856984e-01
