7.237936414647501149e-01 1.477868690513839400e-01
7.047251651422183905e-01 1.529297298095528279e-01
7.015470857551298067e-01 1.544133332215443799e-01
6.920128475938639445e-01 1.643655188040933912e-01
6.856566888196867771e-01 1.676707213666654428e-01
6.824786094325981933e-01 1.705686863147526378e-01
6.789097825798838803e-01 1.771096171463186764e-01
6.771061418972816881e-01 1.834657759204958993e-01
6.764043770556626978e-01 1.898219346946731223e-01
6.781026385842223725e-01 2.025342522430275127e-01
6.805550350667287640e-01 2.088904110172047357e-01
6.913360343910580630e-01 2.247808079526477654e-01
6.926640933699066416e-01 2.279588873397364046e-01
6.929662714099905640e-01 2.311369667268249883e-01
6.904238079003196527e-01 2.470273636622680180e-01
6.888347682067753608e-01 2.498346671208629410e-01
6.856566888196867771e-01 2.510992778769752798e-01
6.697662918842437474e-01 2.442054483444222046e-01
6.634101331100665799e-01 2.424832676965185119e-01
6.538758949488007177e-01 2.355573862379573002e-01
6.379854980133576881e-01 2.270471432532764622e-01
6.252731804650032421e-01 2.227048044820496564e-01
6.189170216908259636e-01 2.213603326801032445e-01
6.030266247553829340e-01 2.151141498169198973e-01
5.839581484328513206e-01 2.125477245975845864e-01
5.744239102715855694e-01 2.092405384073077190e-01
5.695215537702253972e-01 2.057123316301161520e-01
5.605685992594535705e-01 1.898219346946731223e-01
5.561355079804302104e-01 1.802876965334072601e-01
5.458211957877880938e-01 1.695005616906930523e-01
5.331088782394336478e-01 1.613028538789569866e-01
5.299307988523450641e-01 1.604759597090564816e-01
5.267527194652563693e-01 1.606630563181351001e-01
5.235746400781677856e-01 1.620442985132927727e-01
5.203965606910792019e-01 1.646501013673917213e-01
5.135001284210969352e-01 1.739315377592300926e-01
5.076842431427247559e-01 1.796957013534594139e-01
4.981500049814589492e-01 1.847081160445395720e-01
4.886157668201931426e-01 1.941350424342933034e-01
4.761747487317121719e-01 2.025342522430275127e-01
4.738141563414378088e-01 2.057123316301161520e-01
4.693649416803695185e-01 2.184246491784705424e-01
4.690176105998133949e-01 2.247808079526477654e-01
4.711079544823924548e-01 2.311369667268249883e-01
4.843489009764168074e-01 2.565616018235338247e-01
4.886441425290064533e-01 2.629177605977111032e-01
4.945462899621709263e-01 2.756300781460654936e-01
5.045061637556361722e-01 2.864172129887797569e-01
5.140404019169020344e-01 2.926437617614277564e-01
5.267527194652563693e-01 2.977321757017272197e-01
5.362869576265222316e-01 3.045564859007701131e-01
5.593847846005411961e-01 3.169451101782173597e-01
5.630478306473478689e-01 3.201231895653059989e-01
5.633351767579394265e-01 3.233012689523946381e-01
5.607800866959808950e-01 3.264793483394832219e-01
5.458211957877880938e-01 3.310380687717824344e-01
5.299307988523450641e-01 3.400126697295021705e-01
5.172184813039906182e-01 3.461895522305615813e-01
4.916247994313727721e-01 3.677943803716350879e-01
4.854376874331045033e-01 3.757395788393566027e-01
4.822596080460159196e-01 3.782820423490275141e-01
4.663692111105728899e-01 3.855751865976739245e-01
4.568349729493070832e-01 3.920556114069990716e-01
4.504788141751298602e-01 3.951312496758294657e-01
4.409445760138640535e-01 4.011916111721610667e-01
4.314103378525981913e-01 4.051956664919093010e-01
4.088857001966076932e-01 4.249998093392300391e-01
3.900953058204463253e-01 4.396127429916276141e-01
3.793081709777320620e-01 4.504244444359388755e-01
3.583145119495602104e-01 4.766797139179094756e-01
3.392460356270285970e-01 4.922089654684561610e-01
3.260425603552150609e-01 5.076298734035338267e-01
3.200405731240190121e-01 5.171641115647995779e-01
3.159971625722496347e-01 5.298764291131540238e-01
3.157017641676804764e-01 5.394106672744198860e-01
3.144859080385291605e-01 5.425887466615084698e-01
3.057172980932437723e-01 5.553010642098629157e-01
3.011090829819653147e-01 5.593747841514946639e-01
2.947529242077880918e-01 5.613185751804978807e-01
2.693282891110792554e-01 5.606549056388814289e-01
2.407255746272817798e-01 5.694742730893790350e-01
2.311913364660159731e-01 5.706965143555133846e-01
2.121228601434843042e-01 5.777941950443434838e-01
2.089447807563957205e-01 5.780478731563397643e-01
2.057667013693071367e-01 5.771757170124833802e-01
1.959611637481679103e-01 5.680133817582173617e-01
1.898763044338640515e-01 5.636923089073512250e-01
1.771639868855096611e-01 5.580212847022014699e-01
1.676297487242438544e-01 5.566378753806223711e-01
1.580955105629779922e-01 5.581925954554927127e-01
1.453831930146236018e-01 5.646983161906506954e-01
1.263147166920919329e-01 5.711635832559455173e-01
1.231366373050033491e-01 5.733843359223971259e-01
1.106229497183419119e-01 5.902599374678375588e-01
1.097937484496868676e-01 5.934380168549261425e-01
1.101936527043602676e-01 6.029722550161920047e-01
1.082803773129780156e-01 6.156845725645464507e-01
1.105037717413261400e-01 6.252188107258123129e-01
1.105613059371268747e-01 6.283968901129008966e-01
1.091057549045589270e-01 6.315749694999894803e-01
1.040681609824716802e-01 6.351503088104641925e-01
9.135584343411723429e-02 6.403411718093755534e-01
7.864352588576284386e-02 6.469829793856065603e-01
6.275312895031981419e-02 6.572975495392379131e-01
5.700080525968942435e-02 6.633557633708755397e-01
5.321889078905395198e-02 6.687747961719369139e-01
3.732849385361092232e-02 6.861698332567616188e-01
2.147340891135779417e-02 7.078488747901160449e-01
5.547699982724862977e-03 7.208030027266185691e-01
6.334475971341291256e-04 7.269173511126476583e-01
0.000000000000000000e+00 7.300954304997362421e-01
7.522051932786211204e-04 7.332735098868249368e-01
2.899300493484358032e-03 7.364515892739135206e-01
8.725779369813502218e-03 7.406611505673378337e-01
1.190385875690208595e-02 7.411930786820698502e-01
1.826001753107930892e-02 7.400204161266277225e-01
3.097233507943369935e-02 7.336991455190242650e-01
4.686273201487678453e-02 7.192214137733252688e-01
5.639697017614259122e-02 7.117165374404408329e-01
6.593120833740839792e-02 7.076349656006004629e-01
7.546544649867420462e-02 6.982852099678586999e-01
8.817776404702865056e-02 6.908196660742995654e-01
9.453392282120587353e-02 6.895997470595681689e-01
1.199585579179147099e-01 6.909447801191361815e-01
1.326708754662691558e-01 6.943704131038027638e-01
1.426746026279003265e-01 7.014927160159387665e-01
1.513420918654146963e-01 7.110269541772046287e-01
1.583653474920704296e-01 7.173831129513819072e-01
1.617238178632374734e-01 7.237392717255590746e-01
1.636932640288727425e-01 7.332735098868249368e-01
1.615791745065174312e-01 7.364515892739135206e-01
1.517393517888007692e-01 7.370927807292033673e-01
1.485612724017121855e-01 7.387002303496836841e-01
1.442738634172435752e-01 7.428077480480906880e-01
1.412367925642813993e-01 7.491639068222679665e-01
1.412367925642813993e-01 7.555200655964451339e-01
1.442138996552230767e-01 7.618762243706223014e-01
1.601385615975349785e-01 7.809447006931540258e-01
1.644516693371552152e-01 7.847523995814582598e-01
1.771639868855096611e-01 7.927447917507699504e-01
1.898763044338640515e-01 8.044441530842226795e-01
2.025886219822184975e-01 8.135055685954164506e-01
2.089447807563957205e-01 8.158770899562362011e-01
2.153009395305729434e-01 8.162819167353059235e-01
2.216570983047501664e-01 8.150825701094641662e-01
2.343694158531045568e-01 8.097818636563267614e-01
2.407255746272817798e-01 8.106862269573249513e-01
2.566159715627248095e-01 8.190532776294039419e-01
2.629721303369020324e-01 8.237570970519149105e-01
2.915748448206995080e-01 8.413003311584771327e-01
2.947529242077880918e-01 8.423305263929963260e-01
3.074652417561425377e-01 8.427749466792733291e-01
3.360679562399400133e-01 8.363088614444198488e-01
3.487802737882944593e-01 8.290816445131081736e-01
3.551364325624716267e-01 8.285894075045907581e-01
3.742049088850032401e-01 8.334574968157508756e-01
3.900953058204463253e-01 8.385858340928498134e-01
4.059857027558893550e-01 8.424597979205130649e-01
4.155199409171551617e-01 8.433572905026710531e-01
4.250541790784210239e-01 8.462971109466983499e-01
4.377664966267754143e-01 8.486980655575515620e-01
4.759034492718386966e-01 8.522131309486160600e-01
4.886157668201931426e-01 8.518647645542620772e-01
5.013280843685475885e-01 8.478213540024926997e-01
5.299307988523450641e-01 8.329632642459722236e-01
5.426431164006993990e-01 8.210679529551476730e-01
5.458211957877880938e-01 8.189446671577393921e-01
5.553554339490538450e-01 8.153234483487236117e-01
5.871362278199399043e-01 8.059848907027149512e-01
5.998485453682943502e-01 8.036200448915084005e-01
6.220951010779146584e-01 7.963481338515431274e-01
6.316293392391804096e-01 7.939902039837032355e-01
6.379854980133576881e-01 7.909528629735471661e-01
6.570539743358893015e-01 7.757235702715084003e-01
6.659464849286084176e-01 7.650543037577108851e-01
6.718137084124642389e-01 7.555200655964451339e-01
6.775868597877656718e-01 7.491639068222679665e-01
6.929601597188616013e-01 7.269173511126476583e-01
7.108495889610870755e-01 6.983146366288501827e-01
7.174374826905728364e-01 6.923080665872527462e-01
7.333278796260158661e-01 6.830538591946228033e-01
7.609288082160570177e-01 6.601776839837869559e-01
7.630887077847693378e-01 6.569996045966983722e-01
7.673384550023591988e-01 6.442872870483439263e-01
7.722593521178513498e-01 6.347530488870780641e-01
7.774365459581085158e-01 6.125064931774578669e-01
7.834091139675538606e-01 5.997941756291034210e-01
7.869579692831361051e-01 5.870818580807489750e-01
7.885753846854937077e-01 5.839037786936603913e-01
8.102785981189484232e-01 5.553010642098629157e-01
8.108995006658703542e-01 5.521229848227743320e-01
8.105701059793959384e-01 5.425887466615084698e-01
8.131643093903788699e-01 5.266983497260654401e-01
8.128059141342727223e-01 5.108079527906224104e-01
8.165786623206103823e-01 4.885613970810021578e-01
8.148263548176440940e-01 4.758490795326477119e-01
8.171858379989674903e-01 4.599586825972046822e-01
8.174046813217555885e-01 4.504244444359388755e-01
8.158297953279369796e-01 4.408902062746730688e-01
8.149896226270660904e-01 4.249998093392300391e-01
8.159310108141579754e-01 4.218217299521413999e-01
8.209334614192862478e-01 4.122874917908755932e-01
8.240544792717119371e-01 3.995751742425211472e-01
8.275169259772305885e-01 3.900409360812553405e-01
8.283316134351319526e-01 3.773286185329008946e-01
8.274857043762138264e-01 3.677943803716350879e-01
8.292516172241171102e-01 3.646163009845464487e-01
8.350264200128512115e-01 3.609879936842869119e-01
8.509168169482943522e-01 3.550026108386034052e-01
8.636291344966486871e-01 3.523012433595781312e-01
8.858756902062689953e-01 3.498260084523264202e-01
9.017660871417120250e-01 3.459322697491626908e-01
9.176564840771550546e-01 3.437570021502426298e-01
9.303688016255095006e-01 3.377497594992511232e-01
9.536005619451272119e-01 3.201231895653059989e-01
9.597991409496946513e-01 3.105889514040401922e-01
9.729612969407066547e-01 2.978766338556857463e-01
9.806260766389793826e-01 2.883423956944198840e-01
9.929338729492962479e-01 2.660958399847996869e-01
9.951282808285688564e-01 2.597396812106224639e-01
9.962891201623864657e-01 2.502054430493566572e-01
9.960572578801794030e-01 2.374931255010022113e-01
9.997209577420618221e-01 2.279588873397364046e-01
1.000000000000000000e+00 2.247808079526477654e-01
9.983002485245284774e-01 2.184246491784705424e-01
9.964541582923226448e-01 2.152465697913819587e-01
9.907523099801930355e-01 2.092545659469752795e-01
9.875742305931044518e-01 2.070783482087770189e-01
9.716838336576614221e-01 2.005342540080494174e-01
9.653276748834842547e-01 1.993826568508312858e-01
9.621495954963955599e-01 1.995415608201857594e-01
9.526153573351296977e-01 2.025077682481351560e-01
9.399030397867753628e-01 2.033417970053205681e-01
9.271907222384209168e-01 2.071159833594136135e-01
9.240126428513322221e-01 2.088021310342300652e-01
9.144784046900664709e-01 2.183934915374207142e-01
9.049441665288007197e-01 2.235743148519938051e-01
8.890537695933575790e-01 2.363297214396572477e-01
8.731633726579145494e-01 2.447610283616393212e-01
8.604510551095601034e-01 2.485419171201774247e-01
8.477387375612057685e-01 2.510744491317636884e-01
8.350264200128512115e-01 2.526138313348846864e-01
8.223141024644968766e-01 2.526256727364472043e-01
8.064237055290538470e-01 2.567439506408258354e-01
8.000675467548765685e-01 2.570355259426611028e-01
7.968894673677879847e-01 2.553201645629523675e-01
7.957201740083874597e-01 2.533835224364452410e-01
7.924042746843966700e-01 2.343150461139136276e-01
7.882884747408259729e-01 2.216027285655591816e-01
7.850599496491803553e-01 1.930000140817617060e-01
7.782638381729654053e-01 1.707534583721414534e-01
7.749666049290748759e-01 1.643972995979642304e-01
7.714648322710790929e-01 1.605649097488280330e-01
7.619305941098133417e-01 1.549547368036335859e-01
7.523963559485475905e-01 1.523261735048996868e-01
7.428621177872817283e-01 1.485863546471983820e-01
