3.493253564013998336e-02 3.211359824473648539e-01
3.041205299815180618e-02 3.204120198162385691e-01
2.589157035616362901e-02 3.204120198162385691e-01
2.137108771417545183e-02 3.212371433912136198e-01
1.685060507218727466e-02 3.233984660712567183e-01
1.459036375119321383e-02 3.250703616088327363e-01
6.918583113588283595e-03 3.327421422464376666e-01
5.246687576012265541e-03 3.350023835674317274e-01
3.052196362570203103e-03 3.395228662094199046e-01
2.465245987307573827e-04 3.508240728143903198e-01
5.551115123125782702e-17 3.530843141353844361e-01
5.551115123125782702e-17 3.643855207403548513e-01
7.239626311263402947e-04 3.689060033823430285e-01
2.974205486739989190e-03 3.756867273453252665e-01
5.003173481309963755e-03 3.802072099873134436e-01
7.506928897006326373e-03 3.847276926293016208e-01
9.178824434582344427e-03 3.869879339502957372e-01
1.459036375119321383e-02 3.925924098788831085e-01
1.911084639318139100e-02 3.963782092566074944e-01
2.589157035616362901e-02 4.006468060711306789e-01
4.171325960312222136e-02 4.069781010433499713e-01
5.301446620809263655e-02 4.121655401407134378e-01
9.821929262797435278e-02 4.302474707086661465e-01
1.163012231959270615e-01 4.363612382162730396e-01
1.276024298008974767e-01 4.415486773136365617e-01
1.389036364058679474e-01 4.454022035002493940e-01
1.456843603688501854e-01 4.483294012766187997e-01
1.592458082948147169e-01 4.528448040531314334e-01
1.660265322577969549e-01 4.545172750570452558e-01
1.728072562207791929e-01 4.572962602877757021e-01
1.886289454677377853e-01 4.612979990200274938e-01
1.954096694307200788e-01 4.640730996477472337e-01
2.021903933937023168e-01 4.652573512098712172e-01
2.134915999986727320e-01 4.680787229830097873e-01
2.202723239616550255e-01 4.708577082137401781e-01
2.270530479246372635e-01 4.725307768488863913e-01
2.428747371715958558e-01 4.777074585840663801e-01
2.496554611345781494e-01 4.793115008118686293e-01
2.926000462334657493e-01 4.935291478310250279e-01
2.993807701964480428e-01 4.951331900588272217e-01
3.219831834063888731e-01 5.025701131150013268e-01
3.287639073693711111e-01 5.041741553428036315e-01
3.445855966163297035e-01 5.093508370779835648e-01
3.604072858632882959e-01 5.132151206267798749e-01
3.694482511472646502e-01 5.161266424410609899e-01
3.762289751102469437e-01 5.172429015927352269e-01
4.191735602091345436e-01 5.279276787465254639e-01
4.259542841721167816e-01 5.290423071324558135e-01
4.372554907770872523e-01 5.324257697204151096e-01
4.440362147400694903e-01 5.330645908396938193e-01
4.530771800240458447e-01 5.355422947726320437e-01
4.553374213450399055e-01 5.369254641897185376e-01
4.581237533183343258e-01 5.406843437778935391e-01
4.602099087829206181e-01 5.452048264198816607e-01
4.618031936485393896e-01 5.497253090618698934e-01
4.640756757378116659e-01 5.542457917038580151e-01
4.657744180331596651e-01 5.565060330248521314e-01
4.711591105919985534e-01 5.618907255836910197e-01
4.734193519129926142e-01 5.635894678790389634e-01
4.802000758759748522e-01 5.674641672864574327e-01
4.824603171969689686e-01 5.691329580969440860e-01
4.982820064439275609e-01 5.845199855514038312e-01
5.028024890859157381e-01 5.878668813536450655e-01
5.077265862495099480e-01 5.926698941607575488e-01
5.118434543698920924e-01 5.954473093433350073e-01
5.299253849378448011e-01 6.042860524252107179e-01
5.367061089008270391e-01 6.065362952808244223e-01
5.412265915428151608e-01 6.072602579119507071e-01
5.683494873947442239e-01 6.072602579119507071e-01
5.728699700367323455e-01 6.065362952808244223e-01
5.886916592836909379e-01 6.013700294042665373e-01
5.909519006046850542e-01 6.008936952748360483e-01
5.954723832466732869e-01 6.006482086744157067e-01
6.022531072096555249e-01 6.011281409791651154e-01
6.067735898516436466e-01 6.004571318369948951e-01
6.090338311726377629e-01 5.997285166468128148e-01
6.135543138146258846e-01 5.974930876939502644e-01
6.248555204195963553e-01 5.886398412393624158e-01
6.271157617405904716e-01 5.875843511885208148e-01
6.293760030615844769e-01 5.871733982210673997e-01
6.338964857035727096e-01 5.870867607484512307e-01
6.384169683455608313e-01 5.878085814783019503e-01
6.451976923085431803e-01 5.900576480438709526e-01
6.519784162715254183e-01 5.929848458202402472e-01
6.587591402345076563e-01 5.952400072757588756e-01
6.745808294814662487e-01 5.991042908245551857e-01
6.836217947654426030e-01 6.020207312387411136e-01
6.904025187284248410e-01 6.036247734665434184e-01
7.062242079753834334e-01 6.088014552017233516e-01
7.401278277902947345e-01 6.171862213925078944e-01
7.491687930742710888e-01 6.201026618066938223e-01
7.604699996792414485e-01 6.228578142282770180e-01
7.672507236422236865e-01 6.239724426142073677e-01
7.762916889262001519e-01 6.268784671697711364e-01
7.853326542101763952e-01 6.284929252561954893e-01
7.943736194941528606e-01 6.314038684116642930e-01
8.192362740250878073e-01 6.376013042918092788e-01
8.237567566670759289e-01 6.397918895582681564e-01
8.305374806300581669e-01 6.449581554348260415e-01
8.350579632720462886e-01 6.474619108505225151e-01
8.395784459140345213e-01 6.494128879692622203e-01
8.440989285560227540e-01 6.502048430108382515e-01
8.667013417659634733e-01 6.503735177362857112e-01
8.712218244079517060e-01 6.511953231199404390e-01
8.757423070499399387e-01 6.533197029407654677e-01
8.802627896919280603e-01 6.562937046789155682e-01
8.847832723339161820e-01 6.585318441290688440e-01
8.983447202598806580e-01 6.629378803900494166e-01
9.006049615808748854e-01 6.632847773065024821e-01
9.073856855438571234e-01 6.634966749303455869e-01
9.119061681858452451e-01 6.649381363978053017e-01
9.186868921488274831e-01 6.694979183484761620e-01
9.345085813957860754e-01 6.737606831934715990e-01
9.412893053587683134e-01 6.766137746970214417e-01
9.480700293217505514e-01 6.788640175526351461e-01
9.525905119637387841e-01 6.795879801837614309e-01
9.638917185687092548e-01 6.795879801837614309e-01
9.684122012106973765e-01 6.787628566087863247e-01
9.729326838526854981e-01 6.766015339287432262e-01
9.751929251736797255e-01 6.749296383911672637e-01
9.828647058112846002e-01 6.672578577535623889e-01
9.845366013488605628e-01 6.649976164325682726e-01
9.906311806251124619e-01 6.536964098275978019e-01
9.936179280849974926e-01 6.491759271856096802e-01
9.960813220485333908e-01 6.446554445436214476e-01
9.980322991672732069e-01 6.401349619016333259e-01
1.000000000000000000e+00 6.310939966176569715e-01
1.000000000000000000e+00 6.288337552966628552e-01
9.989929289342964758e-01 6.220530313336806172e-01
9.988242542088492382e-01 6.084915834077161412e-01
9.981002915777229534e-01 6.039711007657279085e-01
9.958500487221091380e-01 5.971903768027456705e-01
9.935775666328368061e-01 5.926698941607575488e-01
9.919056710952609546e-01 5.904096528397634325e-01
9.842338904576559688e-01 5.828248045606583272e-01
9.819736491366619635e-01 5.813102330388648653e-01
9.751929251736797255e-01 5.788034930406906753e-01
9.548507532847329005e-01 5.737831806982084393e-01
9.480700293217505514e-01 5.731667512470282055e-01
9.435495466797624298e-01 5.721303996168033423e-01
9.412893053587683134e-01 5.719510153849783896e-01
9.390290640377743081e-01 5.724268556630823790e-01
9.345085813957860754e-01 5.746454273552029646e-01
9.322483400747920701e-01 5.753119471409358088e-01
9.299880987537979538e-01 5.755297308098856757e-01
9.277278574328038374e-01 5.753119471409358088e-01
9.254676161118098321e-01 5.745677828667244968e-01
9.186868921488274831e-01 5.697647700596121245e-01
9.141664095068393614e-01 5.672610146439156509e-01
9.096459268648511287e-01 5.653100375251758347e-01
9.051254442228630070e-01 5.645180824835998035e-01
9.006049615808748854e-01 5.645180824835998035e-01
8.938242376178925364e-01 5.655284717406235950e-01
8.915639962968984200e-01 5.654914186042139246e-01
8.847832723339161820e-01 5.637059952973736410e-01
8.780025483709339440e-01 5.611239398617107188e-01
8.757423070499399387e-01 5.596405186303816670e-01
8.689615830869577007e-01 5.533547350292353784e-01
8.667013417659634733e-01 5.516828394916594158e-01
8.621808591239753516e-01 5.495215168116163174e-01
8.576603764819872300e-01 5.486963932366412111e-01
8.373182045930404049e-01 5.485277185111939735e-01
8.350579632720462886e-01 5.482822319107736320e-01
8.237567566670759289e-01 5.454827249429547997e-01
8.169760327040935799e-01 5.426296334394048460e-01
8.101953087411113419e-01 5.403744719838863286e-01
7.943736194941528606e-01 5.364417596589784454e-01
7.875928955311705115e-01 5.336627744282479435e-01
7.808121715681882735e-01 5.319897057931017859e-01
7.649904823212296812e-01 5.268130240579217416e-01
7.582097583582474432e-01 5.252089818301195479e-01
7.423880691112888508e-01 5.200323000949395036e-01
7.265663798643302584e-01 5.161680165461431935e-01
7.039639666543893171e-01 5.087310934899690329e-01
6.836217947654426030e-01 5.037156997473918318e-01
6.791013121234543704e-01 5.030992702962115981e-01
6.678001055184840107e-01 5.003463272991846011e-01
6.610193815555016617e-01 4.980917634748984746e-01
6.564988989135135400e-01 4.957877320836019397e-01
6.542386575925194236e-01 4.940265050802299385e-01
6.516702015459352459e-01 4.909590347160236457e-01
6.494773295638680555e-01 4.864385520740354685e-01
6.476617258797907617e-01 4.773975867900591696e-01
6.455004031997476632e-01 4.728771041480709925e-01
6.438016609043997196e-01 4.706168628270768761e-01
6.406772096665549476e-01 4.675524971899598925e-01
6.384169683455608313e-01 4.660379256681664306e-01
6.316362443825785933e-01 4.635262670700873722e-01
6.248555204195963553e-01 4.615953823820746482e-01
6.225952790986022389e-01 4.601472544439816348e-01
6.056434691911466439e-01 4.434939669751478686e-01
5.995892513670553203e-01 4.367132430121656306e-01
5.977326245676672922e-01 4.352954552744511263e-01
5.886916592836909379e-01 4.302755913925485620e-01
5.864314179626969326e-01 4.284795067714014527e-01
5.796506939997145835e-01 4.200204190894072376e-01
5.773904526787205782e-01 4.182409071251320665e-01
5.751302113577264619e-01 4.174446857506909914e-01
5.728699700367323455e-01 4.175752980565353711e-01
5.706097287157383402e-01 4.184132189834152693e-01
5.660892460737501075e-01 4.209110386041811092e-01
5.638290047527561022e-01 4.216391720483050332e-01
5.480073155057973988e-01 4.223694038597031186e-01
5.412265915428151608e-01 4.239908240614185808e-01
5.344458675798329228e-01 4.246296451806972350e-01
5.231446609748624521e-01 4.280131077686565866e-01
5.186241783328743304e-01 4.287349284985073616e-01
5.073229717279038598e-01 4.285113067034067580e-01
5.005422477649216217e-01 4.272308243451826137e-01
4.982820064439275609e-01 4.275446834600685753e-01
4.937615238019393837e-01 4.293862940632764413e-01
4.892410411599512066e-01 4.318900494789728040e-01
4.869807998389571457e-01 4.335887917743208586e-01
4.839164342018401621e-01 4.367132430121656306e-01
4.802000758759748522e-01 4.422831234103296039e-01
4.779398345549807914e-01 4.439031485936036914e-01
4.756795932339866750e-01 4.444502229186453324e-01
4.688988692710044370e-01 4.443111311450457235e-01
4.575976626660340218e-01 4.415800529533383534e-01
4.485566973820576675e-01 4.386685311390572939e-01
4.417759734190754295e-01 4.375522719873831123e-01
4.259542841721167816e-01 4.336482187965751689e-01
4.214338015301286600e-01 4.330317893453949352e-01
3.965711469991937133e-01 4.268674948335928754e-01
3.897904230362114197e-01 4.257528664476625258e-01
3.807494577522351209e-01 4.228419232921938331e-01
3.694482511472646502e-01 4.200867708706106374e-01
3.626675271842824122e-01 4.189721424846802877e-01
3.536265619003060579e-01 4.160611993292115951e-01
3.378048726533474655e-01 4.121969157804152295e-01
3.287639073693711111e-01 4.092853939661341700e-01
3.219831834063888731e-01 4.081691348144599885e-01
3.106819768014184024e-01 4.054161918174329915e-01
3.016410115174421036e-01 4.024997514032470636e-01
2.948602875544598101e-01 4.008957091754448143e-01
2.790385983075012177e-01 3.957190274402648256e-01
2.632169090605426254e-01 3.917863151153568868e-01
2.564361850975603874e-01 3.890073298846264960e-01
2.315735305666254407e-01 3.828137786074921056e-01
2.225325652826490863e-01 3.798973381933062332e-01
2.157518413196668483e-01 3.782932959655039840e-01
2.067108760356904940e-01 3.753768555513180560e-01
1.999301520727082560e-01 3.737728133235157513e-01
1.908891867887319016e-01 3.708563729093298789e-01
1.660265322577969549e-01 3.644429845027530313e-01
1.615060496158087777e-01 3.621061248318946935e-01
1.547253256528265397e-01 3.601429366214397021e-01
1.479446016898442462e-01 3.572898451178898038e-01
1.411638777268620082e-01 3.550346836623712865e-01
1.253421884799034158e-01 3.511704001135749209e-01
1.027397752699625300e-01 3.437334770574008713e-01
9.595905130698029195e-02 3.420610060534869934e-01
8.917832734399805394e-02 3.392820208227566026e-01
8.239760338101576043e-02 3.376089521876104449e-01
7.561687941803352242e-02 3.353543883633242628e-01
6.883615545505128441e-02 3.324271905869548571e-01
