4.568733153638814271e-01 3.760107816711590334e-01
3.867924528301887044e-01 3.760107816711590334e-01
3.840970350404312450e-01 3.787061994609164373e-01
3.733153638814016295e-01 3.787061994609164373e-01
3.706199460916441701e-01 3.814016172506738411e-01
3.598382749326145547e-01 3.814016172506738411e-01
3.571428571428571508e-01 3.840970350404312450e-01
3.544474393530997469e-01 3.814016172506738411e-01
3.490566037735849392e-01 3.867924528301887044e-01
3.409703504043126721e-01 3.867924528301887044e-01
3.382749326145552682e-01 3.894878706199461083e-01
3.301886792452830566e-01 3.894878706199461083e-01
3.274932614555255972e-01 3.921832884097035121e-01
3.247978436657681933e-01 3.921832884097035121e-01
3.221024258760107895e-01 3.948787061994609160e-01
3.140161725067385223e-01 3.948787061994609160e-01
3.113207547169811185e-01 3.975741239892183199e-01
3.059299191374663107e-01 3.975741239892183199e-01
3.005390835579514475e-01 4.029649595687331276e-01
2.978436657681940991e-01 4.029649595687331276e-01
2.924528301886792359e-01 4.083557951482479909e-01
2.870619946091644281e-01 4.083557951482479909e-01
2.857142857142856984e-01 4.097035040431266650e-01
2.857142857142856984e-01 4.123989218328840689e-01
2.843665768194070242e-01 4.137466307277627986e-01
2.816711590296495649e-01 4.137466307277627986e-01
2.762803234501347571e-01 4.191374663072776618e-01
2.735849056603773533e-01 4.191374663072776618e-01
2.681940700808625455e-01 4.245283018867924696e-01
2.654986522911051416e-01 4.245283018867924696e-01
2.628032345013476823e-01 4.272237196765498735e-01
2.466307277628032590e-01 4.272237196765498735e-01
2.439353099730457997e-01 4.299191374663072773e-01
2.385444743935309919e-01 4.299191374663072773e-01
2.358490566037735880e-01 4.326145552560646812e-01
1.765498652291105364e-01 4.326145552560646812e-01
1.738544474393530770e-01 4.353099730458220851e-01
6.738544474393537431e-03 4.353099730458220851e-01
0.000000000000000000e+00 4.420485175202156225e-01
0.000000000000000000e+00 4.474393530997304858e-01
2.695417789757403870e-03 4.501347708894878896e-01
2.695417789757403870e-03 4.528301886792452935e-01
8.086253369272211611e-03 4.582210242587601012e-01
8.086253369272211611e-03 4.690026954177897722e-01
5.390835579514807741e-03 4.716981132075471761e-01
5.390835579514807741e-03 5.067385444743934819e-01
1.078167115902967099e-02 5.121293800539084007e-01
1.078167115902967099e-02 5.148247978436657490e-01
1.347708894878707486e-02 5.175202156334232084e-01
1.347708894878707486e-02 5.256064690026953645e-01
1.078167115902967099e-02 5.283018867924528239e-01
1.078167115902967099e-02 5.390835579514824394e-01
5.390835579514807741e-03 5.444743935309972471e-01
5.390835579514807741e-03 5.552560646900269736e-01
8.086253369272211611e-03 5.579514824797843220e-01
8.086253369272211611e-03 5.606469002695417814e-01
9.433962264150941301e-03 5.619946091644204555e-01
1.212938005390834517e-02 5.619946091644204555e-01
1.752021563342315291e-02 5.673854447439352633e-01
2.291105121293801616e-02 5.673854447439352633e-01
2.560646900269542003e-02 5.700808625336927227e-01
2.830188679245282390e-02 5.673854447439352633e-01
3.099730458221022777e-02 5.700808625336927227e-01
3.638814016172509103e-02 5.700808625336927227e-01
3.908355795148249490e-02 5.673854447439352633e-01
8.221024258760106784e-02 5.673854447439352633e-01
8.490566037735847171e-02 5.700808625336927227e-01
8.760107816711587558e-02 5.673854447439352633e-01
1.091644204851752176e-01 5.673854447439352633e-01
1.118598382749326214e-01 5.700808625336927227e-01
1.145552560646900253e-01 5.673854447439352633e-01
2.169811320754717054e-01 5.673854447439352633e-01
2.196765498652291093e-01 5.700808625336927227e-01
2.277628032345013209e-01 5.700808625336927227e-01
2.304582210242587803e-01 5.673854447439352633e-01
2.331536388140161842e-01 5.700808625336927227e-01
2.358490566037735880e-01 5.673854447439352633e-01
2.654986522911051416e-01 5.673854447439352633e-01
2.681940700808625455e-01 5.700808625336927227e-01
2.708894878706199494e-01 5.673854447439352633e-01
2.816711590296495649e-01 5.673854447439352633e-01
2.843665768194070242e-01 5.700808625336927227e-01
2.897574123989218320e-01 5.700808625336927227e-01
2.924528301886792359e-01 5.727762803234501821e-01
2.951482479784366397e-01 5.727762803234501821e-01
2.978436657681940991e-01 5.754716981132075304e-01
3.005390835579514475e-01 5.754716981132075304e-01
3.032345013477089068e-01 5.781671159029649898e-01
3.059299191374663107e-01 5.781671159029649898e-01
3.113207547169811185e-01 5.835579514824797975e-01
3.140161725067385223e-01 5.835579514824797975e-01
3.247978436657681933e-01 5.943396226415094130e-01
3.301886792452830566e-01 5.943396226415094130e-01
3.355795148247978643e-01 5.997304582210242208e-01
3.382749326145552682e-01 5.997304582210242208e-01
3.450134770889488056e-01 6.064690026954178137e-01
3.450134770889488056e-01 6.091644204851751621e-01
3.463611859838274798e-01 6.105121293800539473e-01
3.490566037735849392e-01 6.105121293800539473e-01
3.544474393530997469e-01 6.159029649595687550e-01
3.598382749326145547e-01 6.159029649595687550e-01
3.652291105121293624e-01 6.212938005390835627e-01
3.814016172506738411e-01 6.212938005390835627e-01
3.840970350404312450e-01 6.239892183288409111e-01
4.164420485175202025e-01 6.239892183288409111e-01
4.191374663072776618e-01 6.212938005390835627e-01
4.218328840970350102e-01 6.212938005390835627e-01
4.245283018867924696e-01 6.239892183288409111e-01
4.622641509433962348e-01 6.239892183288409111e-01
4.649595687331536387e-01 6.212938005390835627e-01
4.811320754716981174e-01 6.212938005390835627e-01
4.838274932614555213e-01 6.185983827493261034e-01
5.188679245283018826e-01 6.185983827493261034e-01
5.215633423180593420e-01 6.159029649595687550e-01
5.269541778975741497e-01 6.159029649595687550e-01
5.296495956873314981e-01 6.132075471698112956e-01
5.377358490566037652e-01 6.132075471698112956e-01
5.404312668463612246e-01 6.105121293800539473e-01
5.485175202156333807e-01 6.105121293800539473e-01
5.512129380053908401e-01 6.078167115902964879e-01
5.539083557951482994e-01 6.078167115902964879e-01
5.566037735849056478e-01 6.051212938005390285e-01
5.592991913746631072e-01 6.051212938005390285e-01
5.619946091644204555e-01 6.024258760107816801e-01
5.646900269541779149e-01 6.024258760107816801e-01
5.673854447439352633e-01 5.997304582210242208e-01
5.727762803234501821e-01 5.997304582210242208e-01
5.754716981132075304e-01 5.970350404312668724e-01
5.781671159029649898e-01 5.970350404312668724e-01
5.835579514824797975e-01 5.916442048517520647e-01
5.862533692722371459e-01 5.916442048517520647e-01
5.889487870619946053e-01 5.889487870619946053e-01
5.916442048517520647e-01 5.889487870619946053e-01
5.943396226415094130e-01 5.862533692722371459e-01
5.970350404312668724e-01 5.862533692722371459e-01
6.024258760107816801e-01 5.808625336927223382e-01
6.078167115902964879e-01 5.808625336927223382e-01
6.105121293800539473e-01 5.781671159029649898e-01
6.132075471698112956e-01 5.781671159029649898e-01
6.159029649595687550e-01 5.754716981132075304e-01
6.320754716981131782e-01 5.754716981132075304e-01
6.347708894878706376e-01 5.727762803234501821e-01
6.752021563342318622e-01 5.727762803234501821e-01
6.778975741239892105e-01 5.700808625336927227e-01
6.994609164420485525e-01 5.700808625336927227e-01
7.021563342318059009e-01 5.673854447439352633e-01
7.695417789757412752e-01 5.673854447439352633e-01
7.722371967654986236e-01 5.700808625336927227e-01
7.749326145552560829e-01 5.673854447439352633e-01
8.854447439353099192e-01 5.673854447439352633e-01
8.881401617250673786e-01 5.646900269541779149e-01
9.097035040431267205e-01 5.646900269541779149e-01
9.123989218328840689e-01 5.619946091644204555e-01
9.824797843665769026e-01 5.619946091644204555e-01
9.919137466307277329e-01 5.525606469002695142e-01
9.919137466307277329e-01 5.336927223719676316e-01
9.973045822102426516e-01 5.283018867924528239e-01
9.946091644204851923e-01 5.256064690026953645e-01
9.946091644204851923e-01 5.148247978436657490e-01
9.973045822102426516e-01 5.121293800539084007e-01
9.973045822102426516e-01 5.094339622641509413e-01
1.000000000000000000e+00 5.067385444743934819e-01
1.000000000000000000e+00 4.905660377358490587e-01
9.973045822102426516e-01 4.878706199460916548e-01
9.973045822102426516e-01 4.743935309973045800e-01
9.946091644204851923e-01 4.716981132075471761e-01
9.946091644204851923e-01 4.528301886792452935e-01
9.919137466307277329e-01 4.501347708894878896e-01
9.919137466307277329e-01 4.420485175202156225e-01
9.824797843665769026e-01 4.326145552560646812e-01
9.797843665768193322e-01 4.326145552560646812e-01
9.770889487870619838e-01 4.299191374663072773e-01
9.743935309973046355e-01 4.299191374663072773e-01
9.716981132075471761e-01 4.272237196765498735e-01
6.509433962264150608e-01 4.272237196765498735e-01
6.482479784366577125e-01 4.245283018867924696e-01
6.455525606469002531e-01 4.245283018867924696e-01
6.428571428571427937e-01 4.218328840970350102e-01
6.374663072776280970e-01 4.218328840970350102e-01
6.347708894878706376e-01 4.191374663072776618e-01
6.320754716981131782e-01 4.191374663072776618e-01
6.266846361185983705e-01 4.137466307277627986e-01
6.212938005390835627e-01 4.137466307277627986e-01
6.185983827493261034e-01 4.110512129380053947e-01
6.159029649595687550e-01 4.110512129380053947e-01
6.132075471698112956e-01 4.083557951482479909e-01
5.997304582210242208e-01 4.083557951482479909e-01
5.970350404312668724e-01 4.056603773584905870e-01
5.835579514824797975e-01 4.056603773584905870e-01
5.808625336927223382e-01 4.029649595687331276e-01
5.727762803234501821e-01 4.029649595687331276e-01
5.700808625336927227e-01 4.002695417789757237e-01
5.592991913746631072e-01 4.002695417789757237e-01
5.566037735849056478e-01 3.975741239892183199e-01
5.431266846361185729e-01 3.975741239892183199e-01
5.404312668463612246e-01 3.948787061994609160e-01
5.215633423180593420e-01 3.948787061994609160e-01
5.188679245283018826e-01 3.921832884097035121e-01
5.134770889487870749e-01 3.921832884097035121e-01
5.107816711590296155e-01 3.894878706199461083e-01
5.053908355795148077e-01 3.894878706199461083e-01
5.026954177897574594e-01 3.867924528301887044e-01
4.946091644204851923e-01 3.867924528301887044e-01
4.919137466307277884e-01 3.840970350404312450e-01
4.811320754716981174e-01 3.840970350404312450e-01
4.784366576819407135e-01 3.814016172506738411e-01
4.730458221024258503e-01 3.814016172506738411e-01
4.703504043126684464e-01 3.787061994609164373e-01
4.595687331536388309e-01 3.787061994609164373e-01
