4.067308127574603693e-01 3.611197849628167700e-01
4.035117721321617168e-01 3.604117848252877399e-01
4.002927315068630643e-01 3.601879370206112485e-01
3.970736908815644117e-01 3.604117848252877399e-01
3.938546502562658147e-01 3.611197849628167700e-01
3.809784877550712601e-01 3.652136365516982508e-01
3.745404065044739550e-01 3.662416552114713952e-01
3.552261627526820953e-01 3.664818821238071678e-01
3.520071221273834983e-01 3.668329829956824550e-01
3.423500002514875407e-01 3.691422131878401292e-01
3.326928783755915831e-01 3.707319919093530203e-01
3.198167158743970839e-01 3.748785876354642221e-01
3.101595939985011263e-01 3.771700731599503253e-01
3.005024721226051687e-01 3.806846770391590917e-01
2.940643908720079192e-01 3.842367218670749152e-01
2.876263096214106696e-01 3.871227582897563968e-01
2.811882283708133645e-01 3.906748031176721647e-01
2.715311064949174069e-01 3.947089514875123384e-01
2.683120658696187544e-01 3.964875104044259801e-01
2.586549439937228523e-01 4.034978991596777087e-01
2.522168627431256027e-01 4.064370020415482565e-01
2.457787814925282976e-01 4.098766344338348189e-01
2.425597408672296451e-01 4.108595540093822884e-01
2.296835783660350905e-01 4.118995517498634240e-01
2.200264564901391884e-01 4.141776420385362423e-01
2.168074158648405358e-01 4.145272645909510167e-01
1.846170096118541215e-01 4.145272645909510167e-01
1.813979689865554690e-01 4.141776420385362423e-01
1.717408471106595669e-01 4.118995517498634240e-01
1.685218064853609143e-01 4.115484508779880812e-01
1.588646846094649567e-01 4.115484508779880812e-01
1.556456439841663597e-01 4.118995517498634240e-01
1.459885221082704021e-01 4.140290709327532626e-01
1.427694814829717496e-01 4.140290709327532626e-01
1.331123596070758475e-01 4.118676614872584518e-01
1.234552377311799454e-01 4.109897413167225011e-01
1.137981158552839878e-01 4.086805111245647715e-01
1.105790752299853352e-01 4.083294102526894287e-01
8.804579085289487850e-02 4.080891833403537672e-01
8.482675022759622596e-02 4.077395607879389927e-01
7.516962835170032387e-02 4.056100416050490987e-01
7.195058772640167133e-02 4.056100416050490987e-01
6.229346585050571372e-02 4.077395607879389927e-01
5.585538459990846416e-02 4.080411379578866016e-01
5.263634397460981162e-02 4.077395607879389927e-01
4.297922209871390953e-02 4.054295802366611468e-01
3.654114084811660446e-02 4.045516600661251960e-01
3.010305959751929938e-02 4.030756858111632090e-01
2.688401897222070236e-02 4.028202063964569368e-01
2.366497834692204982e-02 4.035509656188667194e-01
2.044593772162339729e-02 4.052003455254656883e-01
1.722689709632474475e-02 4.076152356612247618e-01
1.509181913056550917e-02 4.097947944179373692e-01
1.329544584083708347e-02 4.130138350432359662e-01
1.266658954381838509e-02 4.162328756685346187e-01
1.266658954381838509e-02 4.226709569191319238e-01
1.324267468304529682e-02 4.258899975444305763e-01
1.630291321313720454e-02 4.323280787950278259e-01
1.702204905653303957e-02 4.355471194203264784e-01
1.630291321313720454e-02 4.387661600456251310e-01
1.324267468304529682e-02 4.452042412962223805e-01
1.263856307071259399e-02 4.484232819215210331e-01
1.195262284102777128e-02 4.580804037974169907e-01
1.127422673366929029e-02 4.612994444227156432e-01
8.322615366668006942e-03 4.709565662986115453e-01
7.701703114908309278e-03 4.741756069239101978e-01
7.648931957116467117e-03 4.773946475492087949e-01
9.083204768143948726e-03 4.870517694251047525e-01
9.083204768143948726e-03 5.128040944274938617e-01
8.011095306155291418e-03 5.192421756780911668e-01
5.632894844189828554e-03 5.256802569286884719e-01
1.817230399293323639e-03 5.321183381792857769e-01
4.192833396425288406e-04 5.353373788045843185e-01
0.000000000000000000e+00 5.385564194298829710e-01
4.192833396425288406e-04 5.417754600551816235e-01
1.967406439861041356e-03 5.449945006804802761e-01
4.350734595130190119e-03 5.480172583408217113e-01
7.941202984886375216e-03 5.514325819310775811e-01
1.078881584572749519e-02 5.533809486253372656e-01
1.400785647102609222e-02 5.548890927664391626e-01
1.722689709632474475e-02 5.556173347439657961e-01
2.044593772162339729e-02 5.556173347439657961e-01
3.010305959751929938e-02 5.534878155610759576e-01
3.654114084811660446e-02 5.531862383911283487e-01
4.297922209871390953e-02 5.541662116684343831e-01
5.585538459990846416e-02 5.583049781866754602e-01
6.229346585050571372e-02 5.593360473469227712e-01
9.448387210349212806e-02 5.595762742592584882e-01
9.770291272879078059e-02 5.599258968116732627e-01
1.073600346046867382e-01 5.620554159945631012e-01
1.105790752299853352e-01 5.620554159945631012e-01
1.202361971058812928e-01 5.599435302509959689e-01
1.234552377311799454e-01 5.597204104066598740e-01
1.266742783564785424e-01 5.599435302509959689e-01
1.363314002323745000e-01 5.622358773629509976e-01
1.459885221082704021e-01 5.631137975334870038e-01
1.556456439841663597e-01 5.654230277256446779e-01
1.588646846094649567e-01 5.657741285975200762e-01
1.942741314877500236e-01 5.660143555098556822e-01
1.974931721130486761e-01 5.663639780622704567e-01
2.264645377407364379e-01 5.735764662325271157e-01
2.329026189913337430e-01 5.766963025528409892e-01
2.361216596166323956e-01 5.790373737084026917e-01
2.457787814925282976e-01 5.872354671080102229e-01
2.522168627431256027e-01 5.942780126538025343e-01
2.554359033684242553e-01 5.965838622806611813e-01
2.618739846190215048e-01 5.995239388590305474e-01
2.779691877455147120e-01 6.098639175670788060e-01
2.940643908720079192e-01 6.184863478134144943e-01
3.005024721226051687e-01 6.223902274387381750e-01
3.069405533732024738e-01 6.252762638614196566e-01
3.133786346237997789e-01 6.287168369435440773e-01
3.165976752490984314e-01 6.298392143044230229e-01
3.294738377502929305e-01 6.330547711195211313e-01
3.391309596261888881e-01 6.339326912900571376e-01
3.487880815020848457e-01 6.362419214822148117e-01
3.648832846285779974e-01 6.371828718188405904e-01
3.745404065044739550e-01 6.394609621075134642e-01
3.777594471297726075e-01 6.398120629793887515e-01
3.906356096309671622e-01 6.398120629793887515e-01
3.938546502562658147e-01 6.394609621075134642e-01
4.035117721321617168e-01 6.371828718188405904e-01
4.067308127574603693e-01 6.368332492664259270e-01
4.196069752586549240e-01 6.365930223540900990e-01
4.228260158839535765e-01 6.362419214822148117e-01
4.324831377598494786e-01 6.339326912900571376e-01
4.421402596357454362e-01 6.323429125685442465e-01
4.550164221369399908e-01 6.281963168424330446e-01
4.646735440128358929e-01 6.259118363986727607e-01
4.743306658887318505e-01 6.227000305288777904e-01
4.807687471393291001e-01 6.198103698801296080e-01
4.936449096405236547e-01 6.124001013602251575e-01
5.000829908911209598e-01 6.094600247818556804e-01
5.033020315164196123e-01 6.073783157614993655e-01
5.097401127670169174e-01 6.023812158278496476e-01
5.193972346429127640e-01 5.963048982337318948e-01
5.290543565188087216e-01 5.927946991720181025e-01
5.322733971441073741e-01 5.921163030646596770e-01
5.451495596453019843e-01 5.911753527280338982e-01
5.548066815211978309e-01 5.890458335451440597e-01
5.580257221464964834e-01 5.890458335451440597e-01
5.676828440223924410e-01 5.911753527280338982e-01
5.709018846476910936e-01 5.915264535999091855e-01
6.288446159030666172e-01 5.917666805122449025e-01
6.320636565283652697e-01 5.921163030646596770e-01
6.417207784042611163e-01 5.943943933533325508e-01
6.449398190295598798e-01 5.947454942252078380e-01
6.996635096596367509e-01 5.949857211375435551e-01
7.028825502849354034e-01 5.953353436899583295e-01
7.125396721608312500e-01 5.976134339786312033e-01
7.157587127861299026e-01 5.979645348505064906e-01
7.608252815403109270e-01 5.982047617628422076e-01
7.640443221656095796e-01 5.985543843152569821e-01
7.737014440415055372e-01 6.008324746039297448e-01
7.769204846668040787e-01 6.011835754758050321e-01
8.187680127956864506e-01 6.014238023881408601e-01
8.219870534209851032e-01 6.017734249405555236e-01
8.316441752968810608e-01 6.040515152292283974e-01
8.348632159221796023e-01 6.044026161011036846e-01
8.702726628004646692e-01 6.046428430134394016e-01
8.734917034257634327e-01 6.049924655658541761e-01
8.831488253016592793e-01 6.072705558545270499e-01
8.992440284281524310e-01 6.082115061911528286e-01
9.089011503040483886e-01 6.104895964798257024e-01
9.121201909293470411e-01 6.108406973517009897e-01
9.410915565570348029e-01 6.108406973517009897e-01
9.443105971823334555e-01 6.104895964798257024e-01
9.539677190582294131e-01 6.082115061911528286e-01
9.571867596835279546e-01 6.078618836387380542e-01
9.797200440606185223e-01 6.075736113439351715e-01
9.829390846859171749e-01 6.071015463955675706e-01
9.861581253112158274e-01 6.057874241561723716e-01
9.890083175315323993e-01 6.029372319358557997e-01
9.903224397709274873e-01 5.997181913105571471e-01
9.907672062065298046e-01 5.964991506852586056e-01
9.904914492298870776e-01 5.900610694346613005e-01
9.890396858709589178e-01 5.836229881840639955e-01
9.886981495546154353e-01 5.804039475587653429e-01
9.890396858709589178e-01 5.771849069334666904e-01
9.905233394924920498e-01 5.707468256828693853e-01
9.912061662917976967e-01 5.514325819310775811e-01
9.917914464054884416e-01 5.482135413057789286e-01
9.950700988942184910e-01 5.417754600551816235e-01
9.963249286194507670e-01 5.385564194298829710e-01
9.963249286194507670e-01 5.353373788045843185e-01
9.950700988942184910e-01 5.321183381792857769e-01
9.918310247738323371e-01 5.256802569286884719e-01
9.914142150822111699e-01 5.224612163033898193e-01
9.918310247738323371e-01 5.192421756780911668e-01
9.965680873333508938e-01 5.095850538021952092e-01
9.971565141143194921e-01 5.063660131768965567e-01
9.975208582646953870e-01 4.870517694251047525e-01
9.978704808171099394e-01 4.838327287998060999e-01
1.000000000000000000e+00 4.741756069239101978e-01
1.000000000000000000e+00 4.709565662986115453e-01
9.992717580224732554e-01 4.677375256733128928e-01
9.977409232754599344e-01 4.645184850480142402e-01
9.952787404162285467e-01 4.612994444227156432e-01
9.893771659365144799e-01 4.566720735238488094e-01
9.861581253112158274e-01 4.548896003705858448e-01
9.829390846859171749e-01 4.539811567511382595e-01
9.797200440606185223e-01 4.538956509845287757e-01
9.700629221847225647e-01 4.560251701674186142e-01
9.668438815594240232e-01 4.563747927198333887e-01
9.604058003088267181e-01 4.563267473373662231e-01
9.571867596835279546e-01 4.559261227635632574e-01
9.539677190582294131e-01 4.549432031880157878e-01
9.475296378076321080e-01 4.516150425415205727e-01
9.443105971823334555e-01 4.506270866573024447e-01
9.378725159317362614e-01 4.500808476166375249e-01
8.252060940462837557e-01 4.501769383815718006e-01
8.219870534209851032e-01 4.505280392534470879e-01
8.123299315450891456e-01 4.526575584363369265e-01
8.091108909197906041e-01 4.526575584363369265e-01
7.994537690438945354e-01 4.505280392534470879e-01
7.962347284185959939e-01 4.501769383815718006e-01
7.769204846668040787e-01 4.499367114692360836e-01
7.737014440415055372e-01 4.495870889168213091e-01
7.640443221656095796e-01 4.473089986281484354e-01
7.608252815403109270e-01 4.469578977562731481e-01
7.447300784138176644e-01 4.469578977562731481e-01
7.415110377885190118e-01 4.473089986281484354e-01
7.318539159126231652e-01 4.495694554774986029e-01
7.286348752873245127e-01 4.497925753218346423e-01
7.254158346620258602e-01 4.495694554774986029e-01
7.157587127861299026e-01 4.473089986281484354e-01
7.028825502849354034e-01 4.463680482915226566e-01
6.932254284090394458e-01 4.440899580028498383e-01
6.900063877837407933e-01 4.437388571309744956e-01
6.417207784042611163e-01 4.434986302186388341e-01
6.385017377789625748e-01 4.431490076662240596e-01
6.288446159030666172e-01 4.408709173775511858e-01
6.256255752777679646e-01 4.405198165056758430e-01
6.095303721512748130e-01 4.402795895933401815e-01
6.063113315259761604e-01 4.399299670409254071e-01
5.966542096500802028e-01 4.376518767522525333e-01
5.934351690247815503e-01 4.373007758803772460e-01
5.741209252729897461e-01 4.370605489680415290e-01
5.709018846476910936e-01 4.367109264156267545e-01
5.451495596453019843e-01 4.302586955359072873e-01
5.419305190200033318e-01 4.289542766012052200e-01
5.387114783947046792e-01 4.264600359884938574e-01
5.350168976770323104e-01 4.226709569191319238e-01
5.258353158935100691e-01 4.149270384337436779e-01
5.097401127670169174e-01 4.039127292753462162e-01
5.000829908911209598e-01 3.964211438201057369e-01
4.904258690152250577e-01 3.903417989150550493e-01
4.839877877646277526e-01 3.874557624923735122e-01
4.775497065140304476e-01 3.839037176644577443e-01
4.582354627622386434e-01 3.771630680792245616e-01
4.485783408863426858e-01 3.747811312230906466e-01
4.389212190104467837e-01 3.708288268487981987e-01
4.357021783851481311e-01 3.700520236209811076e-01
4.260450565092522290e-01 3.690286627491162763e-01
4.228260158839535765e-01 3.680291063049524469e-01
4.163879346333562714e-01 3.645894739126658846e-01
