6.099365750528541463e-01 4.101479915433403622e-01
6.078224101479915431e-01 4.122621564482029655e-01
6.035940803382663367e-01 4.122621564482029655e-01
6.014799154334038445e-01 4.143763213530655687e-01
5.993657505285412412e-01 4.143763213530655687e-01
5.972515856236786380e-01 4.164904862579281164e-01
5.909090909090909394e-01 4.164904862579281164e-01
5.887949260042283361e-01 4.186046511627906641e-01
5.866807610993657329e-01 4.186046511627906641e-01
5.845665961945031297e-01 4.207188160676532673e-01
5.803382663847780343e-01 4.207188160676532673e-01
5.782241014799154311e-01 4.228329809725158706e-01
5.761099365750528278e-01 4.228329809725158706e-01
5.739957716701902246e-01 4.249471458773784183e-01
5.718816067653277324e-01 4.249471458773784183e-01
5.676532769556025260e-01 4.291754756871035692e-01
5.655391120507399227e-01 4.291754756871035692e-01
5.507399577167019222e-01 4.439746300211416252e-01
5.486257928118393190e-01 4.439746300211416252e-01
5.465116279069767158e-01 4.460887949260042284e-01
5.380549682875264139e-01 4.460887949260042284e-01
5.359408033826638107e-01 4.439746300211416252e-01
5.253699788583509056e-01 4.439746300211416252e-01
5.232558139534884134e-01 4.460887949260042284e-01
5.211416490486258102e-01 4.460887949260042284e-01
5.169133192389006037e-01 4.503171247357293794e-01
5.147991543340380005e-01 4.503171247357293794e-01
5.126849894291755083e-01 4.524312896405919826e-01
4.915433403805496981e-01 4.524312896405919826e-01
4.894291754756870949e-01 4.545454545454545303e-01
4.577167019027484351e-01 4.545454545454545303e-01
4.556025369978858319e-01 4.566596194503171335e-01
4.260042283298097199e-01 4.566596194503171335e-01
4.238900634249471722e-01 4.587737843551796812e-01
3.794926004228329486e-01 4.587737843551796812e-01
3.773784355179704009e-01 4.608879492600422845e-01
3.266384778012685342e-01 4.608879492600422845e-01
3.245243128964059309e-01 4.630021141649048877e-01
2.801268498942917629e-01 4.630021141649048877e-01
2.780126849894292151e-01 4.651162790697674354e-01
2.124735729386892369e-01 4.651162790697674354e-01
2.103594080338266337e-01 4.672304439746300386e-01
2.061310782241014827e-01 4.672304439746300386e-01
2.040169133192388795e-01 4.651162790697674354e-01
1.321353065539112026e-01 4.651162790697674354e-01
1.300211416490485994e-01 4.672304439746300386e-01
9.830866807610993963e-02 4.672304439746300386e-01
9.619450317124733640e-02 4.693446088794925863e-01
5.813953488372092249e-02 4.693446088794925863e-01
5.602536997885837478e-02 4.714587737843551896e-01
3.065539112050741366e-02 4.714587737843551896e-01
2.854122621564481044e-02 4.735729386892177373e-01
2.219873150105705628e-02 4.735729386892177373e-01
2.008456659619450857e-02 4.756871035940803405e-01
1.797040169133190535e-02 4.756871035940803405e-01
1.479915433403805602e-02 4.788583509513741898e-01
1.479915433403805602e-02 4.809725158562367930e-01
6.342494714587754157e-03 4.894291754756870949e-01
6.342494714587754157e-03 4.915433403805496981e-01
4.228329809725150934e-03 4.936575052854122458e-01
4.228329809725150934e-03 4.957716701902748491e-01
2.114164904862603223e-03 4.978858350951373968e-01
2.114164904862603223e-03 5.042283298097252064e-01
0.000000000000000000e+00 5.063424947145876986e-01
0.000000000000000000e+00 5.211416490486258102e-01
2.114164904862603223e-03 5.232558139534884134e-01
2.114164904862603223e-03 5.274841437632135088e-01
4.228329809725150934e-03 5.295983086680761120e-01
4.228329809725150934e-03 5.317124735729387153e-01
8.456659619450301868e-03 5.359408033826638107e-01
8.456659619450301868e-03 5.380549682875264139e-01
1.585623678646935764e-02 5.454545454545454142e-01
1.797040169133190535e-02 5.454545454545454142e-01
2.008456659619450857e-02 5.475687103594080174e-01
5.813953488372092249e-02 5.475687103594080174e-01
6.025369978858352571e-02 5.454545454545454142e-01
1.025369978858350906e-01 5.454545454545454142e-01
1.046511627906976938e-01 5.433403805496829220e-01
1.490486257928118619e-01 5.433403805496829220e-01
1.511627906976744096e-01 5.412262156448203188e-01
1.934460887949260299e-01 5.412262156448203188e-01
1.955602536997885776e-01 5.391120507399577155e-01
2.167019027484143878e-01 5.391120507399577155e-01
2.188160676532769355e-01 5.412262156448203188e-01
2.737843551797040087e-01 5.412262156448203188e-01
2.758985200845666119e-01 5.433403805496829220e-01
3.054968287526427240e-01 5.433403805496829220e-01
3.076109936575052717e-01 5.454545454545454142e-01
3.477801268498942888e-01 5.454545454545454142e-01
3.498942917547568365e-01 5.475687103594080174e-01
4.048625792811839652e-01 5.475687103594080174e-01
4.069767441860465129e-01 5.496828752642706206e-01
4.640591966173361338e-01 5.496828752642706206e-01
4.661733615221987370e-01 5.517970401691332238e-01
5.147991543340380005e-01 5.517970401691332238e-01
5.179704016913319053e-01 5.549682875264270177e-01
5.179704016913319053e-01 5.570824524312896209e-01
5.190274841437632070e-01 5.581395348837209225e-01
5.211416490486258102e-01 5.581395348837209225e-01
5.253699788583509056e-01 5.623678646934461289e-01
5.507399577167019222e-01 5.623678646934461289e-01
5.528541226215645255e-01 5.644820295983086211e-01
5.549682875264270177e-01 5.644820295983086211e-01
5.623678646934461289e-01 5.718816067653277324e-01
5.623678646934461289e-01 5.739957716701902246e-01
5.655391120507399227e-01 5.771670190274841294e-01
5.676532769556025260e-01 5.771670190274841294e-01
5.697674418604651292e-01 5.792811839323467327e-01
5.718816067653277324e-01 5.792811839323467327e-01
5.739957716701902246e-01 5.813953488372093359e-01
5.761099365750528278e-01 5.813953488372093359e-01
5.782241014799154311e-01 5.835095137420718281e-01
5.803382663847780343e-01 5.835095137420718281e-01
5.824524312896406375e-01 5.856236786469344313e-01
5.866807610993657329e-01 5.856236786469344313e-01
5.887949260042283361e-01 5.877378435517970345e-01
5.909090909090909394e-01 5.877378435517970345e-01
5.930232558139534316e-01 5.898520084566596378e-01
6.268498942917547501e-01 5.898520084566596378e-01
6.289640591966173533e-01 5.877378435517970345e-01
6.331923890063424487e-01 5.877378435517970345e-01
6.353065539112050519e-01 5.856236786469344313e-01
6.395348837209302584e-01 5.856236786469344313e-01
6.416490486257928616e-01 5.835095137420718281e-01
6.458773784355179570e-01 5.835095137420718281e-01
6.501057082452431635e-01 5.792811839323467327e-01
6.522198731501056557e-01 5.792811839323467327e-01
6.606765327695560686e-01 5.708245243128964308e-01
6.627906976744186718e-01 5.708245243128964308e-01
6.712473572938688626e-01 5.623678646934461289e-01
6.733615221987314658e-01 5.623678646934461289e-01
6.754756871035940691e-01 5.602536997885835257e-01
6.923890063424946728e-01 5.602536997885835257e-01
6.945031712473572760e-01 5.581395348837209225e-01
6.966173361522198793e-01 5.581395348837209225e-01
7.008456659619450857e-01 5.539112050739958271e-01
7.029598308668075779e-01 5.539112050739958271e-01
7.050739957716701811e-01 5.517970401691332238e-01
7.262156448202959913e-01 5.517970401691332238e-01
7.283298097251585945e-01 5.496828752642706206e-01
7.600422832980973098e-01 5.496828752642706206e-01
7.621564482029599130e-01 5.475687103594080174e-01
7.917547568710359140e-01 5.475687103594080174e-01
7.938689217758985173e-01 5.454545454545454142e-01
8.382663847780127409e-01 5.454545454545454142e-01
8.403805496828753441e-01 5.433403805496829220e-01
8.911205073995771553e-01 5.433403805496829220e-01
8.932346723044397585e-01 5.412262156448203188e-01
9.376321353065539821e-01 5.412262156448203188e-01
9.397463002114164743e-01 5.391120507399577155e-01
9.862579281183931901e-01 5.391120507399577155e-01
9.883720930232557933e-01 5.369978858350951123e-01
9.904862579281183965e-01 5.369978858350951123e-01
9.957716701902747936e-01 5.317124735729387153e-01
9.957716701902747936e-01 5.295983086680761120e-01
9.978858350951373968e-01 5.274841437632135088e-01
9.978858350951373968e-01 5.253699788583509056e-01
1.000000000000000000e+00 5.232558139534884134e-01
1.000000000000000000e+00 4.809725158562367930e-01
9.978858350951373968e-01 4.788583509513741898e-01
9.978858350951373968e-01 4.725158562367864912e-01
9.957716701902747936e-01 4.704016913319238880e-01
9.957716701902747936e-01 4.661733615221987370e-01
9.947145877378436030e-01 4.651162790697674354e-01
9.926004228329809997e-01 4.651162790697674354e-01
9.904862579281183965e-01 4.630021141649048877e-01
9.439746300211415697e-01 4.630021141649048877e-01
9.418604651162790775e-01 4.608879492600422845e-01
9.122621564482029655e-01 4.608879492600422845e-01
9.101479915433403622e-01 4.587737843551796812e-01
8.699788583509513451e-01 4.587737843551796812e-01
8.678646934460887419e-01 4.566596194503171335e-01
8.128964059196617242e-01 4.566596194503171335e-01
8.107822410147991210e-01 4.545454545454545303e-01
7.536997885835095001e-01 4.545454545454545303e-01
7.515856236786468969e-01 4.524312896405919826e-01
7.029598308668075779e-01 4.524312896405919826e-01
6.923890063424946728e-01 4.418604651162790775e-01
6.712473572938688626e-01 4.418604651162790775e-01
6.691331923890063704e-01 4.397463002114164743e-01
6.670190274841437672e-01 4.397463002114164743e-01
6.627906976744186718e-01 4.355179704016913234e-01
6.606765327695560686e-01 4.355179704016913234e-01
6.501057082452431635e-01 4.249471458773784183e-01
6.479915433403805602e-01 4.249471458773784183e-01
6.458773784355179570e-01 4.228329809725158706e-01
6.437632135306553538e-01 4.228329809725158706e-01
6.416490486257928616e-01 4.207188160676532673e-01
6.374207188160676552e-01 4.207188160676532673e-01
6.353065539112050519e-01 4.186046511627906641e-01
6.310782241014799565e-01 4.186046511627906641e-01
6.289640591966173533e-01 4.164904862579281164e-01
6.226215644820296546e-01 4.164904862579281164e-01
6.205073995771670514e-01 4.143763213530655687e-01
6.183932346723044482e-01 4.143763213530655687e-01
6.162790697674418450e-01 4.122621564482029655e-01
6.120507399577167496e-01 4.122621564482029655e-01
